<<<<<<<<<<< STEP 0 >>>>>>>>>>>> + array([[-0.1180049 ],
       [ 0.01725039],
       [-0.32319345],
       [-0.43649079],
       [-0.27784571],
       [-0.52587377],
       [-0.52226958],
       [-0.52241012],
       [-0.51474917],
       [-0.47152278],
       [-0.51704651],
       [-0.03239088],
       [-0.51749115],
       [-0.51589913],
       [-0.50797051],
       [-0.51621814],
       [-0.51678405],
       [-0.51594365],
       [-0.51192039],
       [-0.51803616],
       [-0.5168648 ],
       [-0.51755701],
       [-0.51776263],
       [-0.51607499],
       [-0.5130929 ],
       [-0.51646329],
       [-0.51761018],
       [-0.51875562],
       [-0.50686896],
       [-0.18834098],
       [-0.00443468]])
array([[-4.16251961],
       [-0.26025336],
       [-5.02078398],
       [-5.62173161],
       [-3.08595842],
       [-7.4676812 ],
       [-8.33474791],
       [-8.11468061],
       [-7.2674442 ],
       [-4.78122429],
       [-7.63768956],
       [-0.7686852 ],
       [-7.67205529],
       [-7.39489388],
       [-6.36502819],
       [-7.50430208],
       [-7.6266569 ],
       [-7.38623588],
       [-7.29699545],
       [-7.63531274],
       [-7.59727319],
       [-6.95721061],
       [-7.7835608 ],
       [-7.45894407],
       [-6.84810319],
       [-7.53769497],
       [-7.58153603],
       [-7.87542305],
       [-6.73572176],
       [-2.5389472 ],
       [-0.06569784]])
<<<<<<<<<<< STEP 1 >>>>>>>>>>>> + array([[-0.07631224],
       [ 0.02215086],
       [-0.34143666],
       [-0.44867355],
       [-0.29321584],
       [-0.51722582],
       [-0.51494942],
       [-0.51508783],
       [-0.50960182],
       [-0.47762298],
       [-0.51157693],
       [-0.02446287],
       [-0.51189159],
       [-0.51074036],
       [-0.50558148],
       [-0.51095755],
       [-0.51135524],
       [-0.5108822 ],
       [-0.50785867],
       [-0.51227933],
       [-0.51128968],
       [-0.51353721],
       [-0.51187081],
       [-0.51075458],
       [-0.50865364],
       [-0.51085946],
       [-0.51169918],
       [-0.51232295],
       [-0.50389362],
       [-0.18970642],
       [-0.00284585]])
array([[-4.23883185],
       [-0.23810251],
       [-5.36222064],
       [-6.07040516],
       [-3.37917426],
       [-7.98490702],
       [-8.84969734],
       [-8.62976844],
       [-7.77704602],
       [-5.25884727],
       [-8.14926649],
       [-0.79314807],
       [-8.18394687],
       [-7.90563424],
       [-6.87060967],
       [-8.01525963],
       [-8.13801214],
       [-7.89711808],
       [-7.80485412],
       [-8.14759207],
       [-8.10856288],
       [-7.47074782],
       [-8.2954316 ],
       [-7.96969865],
       [-7.35675683],
       [-8.04855444],
       [-8.09323521],
       [-8.387746  ],
       [-7.23961538],
       [-2.72865362],
       [-0.06854369]])
<<<<<<<<<<< STEP 2 >>>>>>>>>>>> + array([[-0.03313567],
       [ 0.02564362],
       [-0.36789511],
       [-0.46176611],
       [-0.3159548 ],
       [-0.51148326],
       [-0.51008271],
       [-0.51022168],
       [-0.50620847],
       [-0.48296512],
       [-0.50797103],
       [-0.01773469],
       [-0.50819328],
       [-0.5073584 ],
       [-0.50392597],
       [-0.50743887],
       [-0.50773433],
       [-0.5075057 ],
       [-0.50520607],
       [-0.50837714],
       [-0.50767481],
       [-0.51044173],
       [-0.50804488],
       [-0.50730335],
       [-0.50558671],
       [-0.5071318 ],
       [-0.50776511],
       [-0.50809975],
       [-0.50203272],
       [-0.19747607],
       [-0.00156724]])
array([[-4.27196753],
       [-0.21245888],
       [-5.73011574],
       [-6.53217127],
       [-3.69512905],
       [-8.49639028],
       [-9.35978005],
       [-9.13999012],
       [-8.2832545 ],
       [-5.74181239],
       [-8.65723752],
       [-0.81088276],
       [-8.69214015],
       [-8.41299263],
       [-7.37453564],
       [-8.52269851],
       [-8.64574647],
       [-8.40462378],
       [-8.3100602 ],
       [-8.65596921],
       [-8.61623769],
       [-7.98118955],
       [-8.80347648],
       [-8.47700201],
       [-7.86234354],
       [-8.55568624],
       [-8.60100032],
       [-8.89584575],
       [-7.7416481 ],
       [-2.92612969],
       [-0.07011093]])
<<<<<<<<<<< STEP 3 >>>>>>>>>>>> + array([[ 0.01225857],
       [ 0.02786562],
       [-0.39869787],
       [-0.4738734 ],
       [-0.34374099],
       [-0.50765225],
       [-0.50683062],
       [-0.50697131],
       [-0.50397246],
       [-0.48730198],
       [-0.50557305],
       [-0.01200668],
       [-0.50572858],
       [-0.50512384],
       [-0.50277243],
       [-0.50506927],
       [-0.50530151],
       [-0.50523365],
       [-0.50346479],
       [-0.50571859],
       [-0.50531459],
       [-0.50805269],
       [-0.50554326],
       [-0.50504992],
       [-0.50348608],
       [-0.50464635],
       [-0.50513861],
       [-0.50532093],
       [-0.50088746],
       [-0.21210673],
       [-0.00068155]])
array([[-4.25970896],
       [-0.18459326],
       [-6.12881361],
       [-7.00604468],
       [-4.03887005],
       [-9.00404254],
       [-9.86661067],
       [-9.64696143],
       [-8.78722696],
       [-6.22911437],
       [-9.16281057],
       [-0.82288944],
       [-9.19786873],
       [-8.91811647],
       [-7.87730806],
       [-9.02776777],
       [-9.15104797],
       [-8.90985743],
       [-8.81352499],
       [-9.16168781],
       [-9.12155229],
       [-8.48924224],
       [-9.30901974],
       [-8.98205192],
       [-8.36582962],
       [-9.06033259],
       [-9.10613893],
       [-9.40116668],
       [-8.24253556],
       [-3.13823642],
       [-0.07079248]])
<<<<<<<<<<< STEP 4 >>>>>>>>>>>> + array([[  5.96397990e-02],
       [  2.89119052e-02],
       [ -4.29301870e-01],
       [ -4.83884642e-01],
       [ -3.73720280e-01],
       [ -5.05089498e-01],
       [ -5.04649830e-01],
       [ -5.04792561e-01],
       [ -5.02502206e-01],
       [ -4.90657002e-01],
       [ -5.03964837e-01],
       [ -7.14006800e-03],
       [ -5.04071591e-01],
       [ -5.03635968e-01],
       [ -5.01964614e-01],
       [ -5.03463542e-01],
       [ -5.03656086e-01],
       [ -5.03692081e-01],
       [ -5.02316108e-01],
       [ -5.03899451e-01],
       [ -5.03763411e-01],
       [ -5.06206007e-01],
       [ -5.03897158e-01],
       [ -5.03569405e-01],
       [ -5.02062359e-01],
       [ -5.02987423e-01],
       [ -5.03382056e-01],
       [ -5.03491797e-01],
       [ -5.00199056e-01],
       [ -2.34072425e-01],
       [ -2.81336665e-04]])
array([[ -4.20006916],
       [ -0.15568136],
       [ -6.55811548],
       [ -7.48992932],
       [ -4.41259033],
       [ -9.50913203],
       [-10.3712605 ],
       [-10.15175399],
       [ -9.28972916],
       [ -6.71977137],
       [ -9.66677541],
       [ -0.8300295 ],
       [ -9.70194032],
       [ -9.42175244],
       [ -8.37927268],
       [ -9.53123131],
       [ -9.65470406],
       [ -9.41354951],
       [ -9.31584109],
       [ -9.66558726],
       [ -9.6253157 ],
       [ -8.99544825],
       [ -9.8129169 ],
       [ -9.48562133],
       [ -8.86789198],
       [ -9.56332001],
       [ -9.60952099],
       [ -9.90465848],
       [ -8.74273461],
       [ -3.37230885],
       [ -0.07107382]])
<<<<<<<<<<< STEP 5 >>>>>>>>>>>> + array([[  1.08033767e-01],
       [  2.88854157e-02],
       [ -4.55669004e-01],
       [ -4.91369617e-01],
       [ -4.02893665e-01],
       [ -5.03374803e-01],
       [ -5.03184760e-01],
       [ -5.03329005e-01],
       [ -5.01540476e-01],
       [ -4.93166874e-01],
       [ -5.02876642e-01],
       [ -3.05031861e-03],
       [ -5.02947448e-01],
       [ -5.02636845e-01],
       [ -5.01396718e-01],
       [ -5.02370010e-01],
       [ -5.02536988e-01],
       [ -5.02637765e-01],
       [ -5.01555161e-01],
       [ -5.02651284e-01],
       [ -5.02736214e-01],
       [ -5.04777435e-01],
       [ -5.02806480e-01],
       [ -5.02589688e-01],
       [ -5.01112277e-01],
       [ -5.01881947e-01],
       [ -5.02207964e-01],
       [ -5.02290088e-01],
       [ -4.99801233e-01],
       [ -2.63327861e-01],
       [ -4.39417365e-04]])
array([[ -4.09203539],
       [ -0.12679594],
       [ -7.01378448],
       [ -7.98129894],
       [ -4.81548399],
       [-10.01250684],
       [-10.87444526],
       [-10.655083  ],
       [ -9.79126964],
       [ -7.21293825],
       [-10.16965205],
       [ -0.83307982],
       [-10.20488777],
       [ -9.92438928],
       [ -8.8806694 ],
       [-10.03360133],
       [-10.15724105],
       [ -9.91618728],
       [ -9.81739626],
       [-10.16823854],
       [-10.12805191],
       [ -9.50022568],
       [-10.31572338],
       [ -9.98821102],
       [ -9.36900425],
       [-10.06520196],
       [-10.11172895],
       [-10.40694857],
       [ -9.24253585],
       [ -3.63563671],
       [ -0.07151324]])
<<<<<<<<<<< STEP 6 >>>>>>>>>>>> + array([[  1.55951419e-01],
       [  2.79321227e-02],
       [ -4.75528093e-01],
       [ -4.96432029e-01],
       [ -4.28750566e-01],
       [ -5.02230424e-01],
       [ -5.02199821e-01],
       [ -5.02344141e-01],
       [ -5.00917307e-01],
       [ -4.94995583e-01],
       [ -5.02132273e-01],
       [  3.14527965e-04],
       [ -5.02176611e-01],
       [ -5.01958524e-01],
       [ -5.00996314e-01],
       [ -5.01622877e-01],
       [ -5.01772369e-01],
       [ -5.01910689e-01],
       [ -5.01049372e-01],
       [ -5.01794489e-01],
       [ -5.02048491e-01],
       [ -5.03672504e-01],
       [ -5.02076841e-01],
       [ -5.01934484e-01],
       [ -5.00493102e-01],
       [ -5.01149518e-01],
       [ -5.01425973e-01],
       [ -5.01503842e-01],
       [ -4.99587694e-01],
       [ -2.98630160e-01],
       [ -1.17890394e-03]])
array([[ -3.93608397],
       [ -0.09886382],
       [ -7.48931257],
       [ -8.47773096],
       [ -5.24423456],
       [-10.51473726],
       [-11.37664508],
       [-11.15742714],
       [-10.29218695],
       [ -7.70793383],
       [-10.67178432],
       [ -0.8327653 ],
       [-10.70706438],
       [-10.42634781],
       [ -9.38166571],
       [-10.5352242 ],
       [-10.65901342],
       [-10.41809797],
       [-10.31844563],
       [-10.67003303],
       [-10.6301004 ],
       [-10.00389819],
       [-10.81780022],
       [-10.4901455 ],
       [ -9.86949735],
       [-10.56635148],
       [-10.61315493],
       [-10.90845241],
       [ -9.74212354],
       [ -3.93426687],
       [ -0.07269214]])
<<<<<<<<<<< STEP 7 >>>>>>>>>>>> + array([[ 0.20140192],
       [ 0.02624487],
       [-0.48871407],
       [-0.49950777],
       [-0.44981413],
       [-0.50147054],
       [-0.50153725],
       [-0.5016794 ],
       [-0.5005195 ],
       [-0.49629955],
       [-0.5016156 ],
       [ 0.00299852],
       [-0.50164069],
       [-0.5014908 ],
       [-0.50071323],
       [-0.50111183],
       [-0.50124792],
       [-0.50140445],
       [-0.50071225],
       [-0.50120767],
       [-0.50157999],
       [-0.50281895],
       [-0.50158141],
       [-0.50148886],
       [-0.50010394],
       [-0.50066991],
       [-0.50090884],
       [-0.50099241],
       [-0.49949042],
       [-0.3371811 ],
       [-0.00246153]])
array([[ -3.73468205],
       [ -0.07261895],
       [ -7.97802664],
       [ -8.97723874],
       [ -5.69404868],
       [-11.0162078 ],
       [-11.87818233],
       [-11.65910653],
       [-10.79270645],
       [ -8.20423337],
       [-11.17339992],
       [ -0.82976678],
       [-11.20870507],
       [-10.9278386 ],
       [ -9.88237894],
       [-11.03633603],
       [-11.16026133],
       [-10.91950242],
       [-10.81915788],
       [-11.1712407 ],
       [-11.1316804 ],
       [-10.50671714],
       [-11.31938163],
       [-10.99163436],
       [-10.36960129],
       [-11.06702139],
       [-11.11406376],
       [-11.40944483],
       [-10.24161396],
       [ -4.27144797],
       [ -0.07515367]])
<<<<<<<<<<< STEP 8 >>>>>>>>>>>> + array([[ 0.24181281],
       [ 0.02404101],
       [-0.4964765 ],
       [-0.50114953],
       [-0.46576642],
       [-0.50096954],
       [-0.50109064],
       [-0.50122789],
       [-0.50027109],
       [-0.49721565],
       [-0.50124979],
       [ 0.00505893],
       [-0.50126126],
       [-0.50116118],
       [-0.50051243],
       [-0.50076261],
       [-0.50088685],
       [-0.50104778],
       [-0.50048696],
       [-0.5008078 ],
       [-0.50125236],
       [-0.50216101],
       [-0.50123732],
       [-0.5011779 ],
       [-0.49987296],
       [-0.50036202],
       [-0.50057064],
       [-0.5006619 ],
       [-0.49946556],
       [-0.37508204],
       [-0.00419722]])
array([[ -3.49286925],
       [ -0.04857794],
       [ -8.47450315],
       [ -9.47838827],
       [ -6.1598151 ],
       [-11.51717734],
       [-12.37927297],
       [-12.16033443],
       [-11.29297753],
       [ -8.70144902],
       [-11.67464971],
       [ -0.82470785],
       [-11.70996633],
       [-11.42899978],
       [-10.38289137],
       [-11.53709864],
       [-11.66114818],
       [-11.42055019],
       [-11.31964485],
       [-11.6720485 ],
       [-11.63293275],
       [-11.00887815],
       [-11.82061895],
       [-11.49281226],
       [-10.86947425],
       [-11.56738341],
       [-11.6146344 ],
       [-11.91010672],
       [-10.74107952],
       [ -4.64653   ],
       [ -0.07935089]])
<<<<<<<<<<< STEP 9 >>>>>>>>>>>> + array([[ 0.27427685],
       [ 0.02153481],
       [-0.50050184],
       [-0.50186646],
       [-0.47715072],
       [-0.5006418 ],
       [-0.500788  ],
       [-0.50091757],
       [-0.50012078],
       [-0.49785724],
       [-0.50098413],
       [ 0.0065798 ],
       [-0.50098635],
       [-0.50092213],
       [-0.50036946],
       [-0.50052457],
       [-0.50063713],
       [-0.50079279],
       [-0.50033592],
       [-0.50053738],
       [-0.50101473],
       [-0.50165523],
       [-0.50099055],
       [-0.50095296],
       [-0.49974885],
       [-0.50017026],
       [-0.50035273],
       [-0.50044935],
       [-0.49948441],
       [-0.40861086],
       [-0.00626329]])
array([[ -3.2185924 ],
       [ -0.02704314],
       [ -8.97500499],
       [ -9.98025473],
       [ -6.63696583],
       [-12.01781914],
       [-12.88006097],
       [-12.66125199],
       [-11.79309831],
       [ -9.19930626],
       [-12.17563384],
       [ -0.81812805],
       [-12.21095267],
       [-11.92992191],
       [-10.88326083],
       [-12.03762322],
       [-12.16178532],
       [-11.92134298],
       [-11.81998077],
       [-12.17258589],
       [-12.13394748],
       [-11.51053338],
       [-12.3216095 ],
       [-11.99376522],
       [-11.3692231 ],
       [-12.06755366],
       [-12.11498713],
       [-12.41055608],
       [-11.24056393],
       [ -5.05514086],
       [ -0.08561418]])
<<<<<<<<<<< STEP 10 >>>>>>>>>>>> + array([[ 0.29624113],
       [ 0.01892138],
       [-0.50226528],
       [-0.50204762],
       [-0.48491824],
       [-0.5004287 ],
       [-0.50058057],
       [-0.50069999],
       [-0.50003386],
       [-0.49831332],
       [-0.50078522],
       [ 0.00767189],
       [-0.50078159],
       [-0.50074259],
       [-0.5002673 ],
       [-0.50036274],
       [-0.50046326],
       [-0.50060728],
       [-0.50023419],
       [-0.50035614],
       [-0.50083433],
       [-0.50126751],
       [-0.50080608],
       [-0.50078267],
       [-0.49969506],
       [-0.50005597],
       [-0.50021474],
       [-0.50031255],
       [-0.49952792],
       [-0.43554011],
       [-0.0085207 ]])
array([[ -2.92235127e+00],
       [ -8.12175810e-03],
       [ -9.47727027e+00],
       [ -1.04823023e+01],
       [ -7.12188407e+00],
       [ -1.25182478e+01],
       [ -1.33806415e+01],
       [ -1.31619520e+01],
       [ -1.22931322e+01],
       [ -9.69761959e+00],
       [ -1.26764191e+01],
       [ -8.10456158e-01],
       [ -1.27117343e+01],
       [ -1.24306645e+01],
       [ -1.13835281e+01],
       [ -1.25379860e+01],
       [ -1.26622486e+01],
       [ -1.24219503e+01],
       [ -1.23202150e+01],
       [ -1.26729420e+01],
       [ -1.26347818e+01],
       [ -1.20118009e+01],
       [ -1.28224156e+01],
       [ -1.24945479e+01],
       [ -1.18689182e+01],
       [ -1.25676096e+01],
       [ -1.26152019e+01],
       [ -1.29108686e+01],
       [ -1.17400918e+01],
       [ -5.49068097e+00],
       [ -9.41348770e-02]])
<<<<<<<<<<< STEP 11 >>>>>>>>>>>> + array([[ 0.30626558],
       [ 0.01637585],
       [-0.50280401],
       [-0.50195154],
       [-0.49006124],
       [-0.50029025],
       [-0.50043556],
       [-0.50054289],
       [-0.49998693],
       [-0.49864943],
       [-0.50063125],
       [ 0.00845759],
       [-0.50062434],
       [-0.50060246],
       [-0.50019415],
       [-0.50025279],
       [-0.50034095],
       [-0.50046958],
       [-0.50016519],
       [-0.50023577],
       [-0.50069031],
       [-0.50097104],
       [-0.50066139],
       [-0.50064708],
       [-0.49968588],
       [-0.49999219],
       [-0.50012887],
       [-0.50022337],
       [-0.49958343],
       [-0.45554818],
       [-0.01082103]])
array([[ -2.61608569e+00],
       [  8.25409486e-03],
       [ -9.98007428e+00],
       [ -1.09842539e+01],
       [ -7.61194531e+00],
       [ -1.30185381e+01],
       [ -1.38810771e+01],
       [ -1.36624949e+01],
       [ -1.27931191e+01],
       [ -1.01962690e+01],
       [ -1.31770503e+01],
       [ -8.01998571e-01],
       [ -1.32123586e+01],
       [ -1.29312670e+01],
       [ -1.18837223e+01],
       [ -1.30382387e+01],
       [ -1.31625895e+01],
       [ -1.29224198e+01],
       [ -1.28203802e+01],
       [ -1.31731778e+01],
       [ -1.31354721e+01],
       [ -1.25127719e+01],
       [ -1.33230770e+01],
       [ -1.29951950e+01],
       [ -1.23686040e+01],
       [ -1.30676018e+01],
       [ -1.31153308e+01],
       [ -1.34110920e+01],
       [ -1.22396753e+01],
       [ -5.94622916e+00],
       [ -1.04955904e-01]])
<<<<<<<<<<< STEP 12 >>>>>>>>>>>> + array([[ 0.30445301],
       [ 0.01405848],
       [-0.50274706],
       [-0.5017311 ],
       [-0.49341391],
       [-0.50019962],
       [-0.50033128],
       [-0.50042526],
       [-0.49996446],
       [-0.49890975],
       [-0.5005082 ],
       [ 0.009051  ],
       [-0.50049989],
       [-0.500489  ],
       [-0.50014178],
       [-0.50017794],
       [-0.50025367],
       [-0.50036523],
       [-0.50011793],
       [-0.50015651],
       [-0.50056991],
       [-0.50074481],
       [-0.50054255],
       [-0.50053395],
       [-0.49970346],
       [-0.4999603 ],
       [-0.50007624],
       [-0.50016347],
       [-0.49964271],
       [-0.46963818],
       [-0.01300885]])
array([[ -2.31163267],
       [  0.02231257],
       [-10.48282134],
       [-11.48598498],
       [ -8.10535922],
       [-13.51873772],
       [-14.38140839],
       [-14.16292013],
       [-13.29308356],
       [-10.69517877],
       [-13.6775585 ],
       [ -0.79294757],
       [-13.71285851],
       [-13.43175596],
       [-12.38386405],
       [-13.53841668],
       [-13.6628432 ],
       [-13.42278507],
       [-13.32049809],
       [-13.67333431],
       [-13.63604203],
       [-13.01351673],
       [-13.82361951],
       [-13.49572892],
       [-12.8683075 ],
       [-13.56756213],
       [-13.61540699],
       [-13.91125547],
       [-12.73931798],
       [ -6.41586734],
       [ -0.11796475]])
<<<<<<<<<<< STEP 13 >>>>>>>>>>>> + array([[ 0.29244201],
       [ 0.01210927],
       [-0.50243672],
       [-0.50146893],
       [-0.49559309],
       [-0.50013933],
       [-0.50025386],
       [-0.50033396],
       [-0.49995635],
       [-0.49912093],
       [-0.50040743],
       [ 0.00954448],
       [-0.50039903],
       [-0.50039463],
       [-0.50010434],
       [-0.50012669],
       [-0.50019035],
       [-0.50028464],
       [-0.50008518],
       [-0.5001047 ],
       [-0.50046612],
       [-0.50057238],
       [-0.50044164],
       [-0.50043657],
       [-0.49973558],
       [-0.49994774],
       [-0.50004436],
       [-0.50012146],
       [-0.49970059],
       [-0.4792688 ],
       [-0.01493349]])
array([[ -2.01919066],
       [  0.03442184],
       [-10.98525806],
       [-11.98745392],
       [ -8.60095231],
       [-14.01887704],
       [-14.88166225],
       [-14.66325409],
       [-13.7930399 ],
       [-11.19429969],
       [-14.17796593],
       [ -0.78340309],
       [-14.21325753],
       [-13.93215059],
       [-12.88396839],
       [-14.03854338],
       [-14.16303355],
       [-13.92306972],
       [-13.82058327],
       [-14.17343901],
       [-14.13650815],
       [-13.51408911],
       [-14.32406115],
       [-13.99616549],
       [-13.36804307],
       [-14.06750987],
       [-14.11545135],
       [-14.41137693],
       [-13.23901857],
       [ -6.89513614],
       [ -0.13289824]])
<<<<<<<<<<< STEP 14 >>>>>>>>>>>> + array([[ 0.27300756],
       [ 0.01062544],
       [-0.50204616],
       [-0.50120771],
       [-0.49701841],
       [-0.50009834],
       [-0.50019479],
       [-0.50026129],
       [-0.49995618],
       [-0.49929689],
       [-0.50032396],
       [ 0.01000358],
       [-0.50031626],
       [-0.50031525],
       [-0.50007758],
       [-0.50009131],
       [-0.50014367],
       [-0.50022158],
       [-0.50006217],
       [-0.50007099],
       [-0.50037588],
       [-0.50044096],
       [-0.50035492],
       [-0.50035197],
       [-0.49977385],
       [-0.49994621],
       [-0.50002523],
       [-0.50009067],
       [-0.49975396],
       [-0.48577684],
       [-0.01647749]])
array([[ -1.7461831 ],
       [  0.04504728],
       [-11.48730422],
       [-12.48866163],
       [ -9.09797072],
       [-14.51897538],
       [-15.38185704],
       [-15.16351538],
       [-14.29299608],
       [-11.69359658],
       [-14.6782899 ],
       [ -0.77339951],
       [-14.71357379],
       [-14.43246585],
       [-13.38404598],
       [-14.53863468],
       [-14.66317723],
       [-14.4232913 ],
       [-14.32064544],
       [-14.67351001],
       [-14.63688404],
       [-14.01453007],
       [-14.82441607],
       [-14.49651746],
       [-13.86781693],
       [-14.56745609],
       [-14.61547657],
       [-14.91146761],
       [-13.73877253],
       [ -7.38091299],
       [ -0.14937573]])
<<<<<<<<<<< STEP 15 >>>>>>>>>>>> + array([[ 0.24936717],
       [ 0.00963664],
       [-0.50165911],
       [-0.50096909],
       [-0.49796099],
       [-0.50006991],
       [-0.50014903],
       [-0.50020292],
       [-0.49995998],
       [-0.49944407],
       [-0.500255  ],
       [ 0.01046769],
       [-0.5002484 ],
       [-0.50024882],
       [-0.50005837],
       [-0.5000666 ],
       [-0.50010882],
       [-0.50017195],
       [-0.5000458 ],
       [-0.50004905],
       [-0.50029834],
       [-0.50034062],
       [-0.500281  ],
       [-0.50027929],
       [-0.49981266],
       [-0.4999504 ],
       [-0.50001385],
       [-0.50006744],
       [-0.4998011 ],
       [-0.49017434],
       [-0.01758743]])
array([[ -1.49681593],
       [  0.05468392],
       [-11.98896333],
       [-12.98963072],
       [ -9.59593171],
       [-15.01904529],
       [-15.88200607],
       [-15.66371829],
       [-14.79295607],
       [-12.19304065],
       [-15.1785449 ],
       [ -0.76293182],
       [-15.21382219],
       [-14.93271467],
       [-13.88410435],
       [-15.03870129],
       [-15.16328605],
       [-14.92346325],
       [-14.82069124],
       [-15.17355906],
       [-15.13718238],
       [-14.51487069],
       [-15.32469707],
       [-14.99679675],
       [-14.36762959],
       [-15.06740648],
       [-15.11549042],
       [-15.41153505],
       [-14.23857363],
       [ -7.87108733],
       [ -0.16696316]])
<<<<<<<<<<< STEP 16 >>>>>>>>>>>> + array([[ 0.22443119],
       [ 0.00910163],
       [-0.50131343],
       [-0.5007631 ],
       [-0.49859179],
       [-0.50004989],
       [-0.50011349],
       [-0.50015626],
       [-0.49996539],
       [-0.49956559],
       [-0.50019874],
       [ 0.01095453],
       [-0.50019336],
       [-0.50019412],
       [-0.50004444],
       [-0.50004914],
       [-0.5000826 ],
       [-0.50013295],
       [-0.50003402],
       [-0.50003465],
       [-0.50023329],
       [-0.50026376],
       [-0.50021934],
       [-0.50021835],
       [-0.49984854],
       [-0.499957  ],
       [-0.50000716],
       [-0.50004975],
       [-0.49984131],
       [-0.49316072],
       [-0.01828271]])
array([[ -1.27238474],
       [  0.06378555],
       [-12.49027676],
       [-13.49039382],
       [-10.0945235 ],
       [-15.51909518],
       [-16.38211956],
       [-16.16387455],
       [-15.29292146],
       [-12.69260624],
       [-15.67874364],
       [ -0.75197728],
       [-15.71401555],
       [-15.43290879],
       [-14.38414878],
       [-15.53875043],
       [-15.66336865],
       [-15.4235962 ],
       [-15.32072526],
       [-15.67359371],
       [-15.63741566],
       [-15.01513445],
       [-15.8249164 ],
       [-15.4970151 ],
       [-14.86747813],
       [-15.56736349],
       [-15.61549758],
       [-15.9115848 ],
       [-14.73841494],
       [ -8.36424805],
       [ -0.18524587]])
<<<<<<<<<<< STEP 17 >>>>>>>>>>>> + array([[ 0.2003104 ],
       [ 0.00893143],
       [-0.50102269],
       [-0.50059252],
       [-0.49901849],
       [-0.50003569],
       [-0.50008602],
       [-0.50011943],
       [-0.49997109],
       [-0.49966395],
       [-0.50015362],
       [ 0.01146715],
       [-0.50014938],
       [-0.50014999],
       [-0.50003417],
       [-0.50003662],
       [-0.50006279],
       [-0.50010245],
       [-0.50002544],
       [-0.50002504],
       [-0.50018019],
       [-0.50020466],
       [-0.5001692 ],
       [-0.50016861],
       [-0.49987973],
       [-0.49996415],
       [-0.50000329],
       [-0.50003638],
       [-0.49987467],
       [-0.49520205],
       [-0.01863552]])
array([[ -1.07207434],
       [  0.07271699],
       [-12.99129945],
       [-13.99098634],
       [-10.59354198],
       [-16.01913087],
       [-16.88220558],
       [-16.66399398],
       [-15.79289255],
       [-13.19227019],
       [-16.17889726],
       [ -0.74051013],
       [-16.21416493],
       [-15.93305877],
       [-14.88418296],
       [-16.03878704],
       [-16.16343144],
       [-15.92369865],
       [-15.8207507 ],
       [-16.17361875],
       [-16.13759586],
       [-15.51533911],
       [-16.3250856 ],
       [-15.99718371],
       [-15.36735787],
       [-16.06732763],
       [-16.11550087],
       [-16.41162118],
       [-15.23828961],
       [ -8.8594501 ],
       [ -0.20388139]])
<<<<<<<<<<< STEP 18 >>>>>>>>>>>> + array([[ 0.17821713],
       [ 0.00902236],
       [-0.50078748],
       [-0.50045555],
       [-0.49930983],
       [-0.50002559],
       [-0.50006497],
       [-0.50009077],
       [-0.49997639],
       [-0.49974201],
       [-0.50011802],
       [ 0.01200114],
       [-0.50011476],
       [-0.50011506],
       [-0.50002649],
       [-0.50002752],
       [-0.50004779],
       [-0.50007877],
       [-0.50001914],
       [-0.50001848],
       [-0.50013792],
       [-0.50015903],
       [-0.50012938],
       [-0.50012903],
       [-0.49990572],
       [-0.49997085],
       [-0.50000113],
       [-0.50002639],
       [-0.49990174],
       [-0.49660692],
       [-0.01873843]])
array([[ -0.89385721],
       [  0.08173935],
       [-13.49208693],
       [-14.49144189],
       [-11.09285182],
       [-16.51915646],
       [-17.38227055],
       [-17.16408474],
       [-16.29286893],
       [-13.6920122 ],
       [-16.67901528],
       [ -0.72850899],
       [-16.7142797 ],
       [-16.43317384],
       [-15.38420944],
       [-16.53881457],
       [-16.66347923],
       [-16.42377742],
       [-16.32076984],
       [-16.67363723],
       [-16.63773378],
       [-16.01549815],
       [-16.82521498],
       [-16.49731274],
       [-15.86726358],
       [-16.56729849],
       [-16.615502  ],
       [-16.91164757],
       [-15.73819135],
       [ -9.35605702],
       [ -0.22261982]])
<<<<<<<<<<< STEP 19 >>>>>>>>>>>> + array([[ 0.15864542],
       [ 0.00928073],
       [-0.50060203],
       [-0.50034797],
       [-0.49951047],
       [-0.5000184 ],
       [-0.50004898],
       [-0.50006874],
       [-0.49998101],
       [-0.49980296],
       [-0.50009031],
       [ 0.0125498 ],
       [-0.50008785],
       [-0.50008785],
       [-0.50002064],
       [-0.50002084],
       [-0.50003643],
       [-0.50006047],
       [-0.50001447],
       [-0.50001387],
       [-0.50010492],
       [-0.50012369],
       [-0.50009835],
       [-0.50009812],
       [-0.49992674],
       [-0.4999767 ],
       [-0.49999997],
       [-0.50001903],
       [-0.49992337],
       [-0.49758062],
       [-0.01867868]])
array([[ -0.73521179],
       [  0.09102008],
       [-13.99268897],
       [-14.99178986],
       [-11.59236228],
       [-17.01917486],
       [-17.88231953],
       [-17.66415348],
       [-16.79284995],
       [-14.19181516],
       [-17.17910559],
       [ -0.71595919],
       [-17.21436755],
       [-16.93326169],
       [-15.88423008],
       [-17.0388354 ],
       [-17.16351566],
       [-16.92383789],
       [-16.82078432],
       [-17.17365111],
       [-17.1378387 ],
       [-16.51562184],
       [-17.32531333],
       [-16.99741086],
       [-16.36719032],
       [-17.06727519],
       [-17.11550197],
       [-17.41166659],
       [-16.23811471],
       [ -9.85363764],
       [ -0.2412985 ]])
<<<<<<<<<<< STEP 20 >>>>>>>>>>>> + array([[ 0.14163396],
       [ 0.00963369],
       [-0.50045827],
       [-0.50026474],
       [-0.4996498 ],
       [-0.50001327],
       [-0.5000369 ],
       [-0.50005195],
       [-0.49998489],
       [-0.49984999],
       [-0.50006893],
       [ 0.01310674],
       [-0.5000671 ],
       [-0.50006688],
       [-0.50001614],
       [-0.50001587],
       [-0.50002781],
       [-0.5000464 ],
       [-0.50001099],
       [-0.50001056],
       [-0.50007951],
       [-0.50009626],
       [-0.50007449],
       [-0.50007434],
       [-0.4999434 ],
       [-0.49998159],
       [-0.4999994 ],
       [-0.50001367],
       [-0.49994044],
       [-0.49826064],
       [-0.01852598]])
array([[ -0.59357783],
       [  0.10065376],
       [-14.49314723],
       [-15.4920546 ],
       [-12.09201208],
       [-17.51918813],
       [-18.38235643],
       [-18.16420544],
       [-17.29283484],
       [-14.69166515],
       [-17.67917452],
       [ -0.70285245],
       [-17.71443465],
       [-17.43332857],
       [-16.38424622],
       [-17.53885127],
       [-17.66354347],
       [-17.42388429],
       [-17.32079531],
       [-17.67366167],
       [-17.63791821],
       [-17.0157181 ],
       [-17.82538783],
       [-17.4974852 ],
       [-16.86713372],
       [-17.56725678],
       [-17.61550137],
       [-17.91168026],
       [-16.73805516],
       [-10.35189828],
       [ -0.25982448]])
<<<<<<<<<<< STEP 21 >>>>>>>>>>>> + array([[ 0.12698657],
       [ 0.01002988],
       [-0.500348  ],
       [-0.50020098],
       [-0.49974741],
       [-0.5000096 ],
       [-0.5000278 ],
       [-0.50003924],
       [-0.49998807],
       [-0.49988599],
       [-0.50005256],
       [ 0.01366686],
       [-0.5000512 ],
       [-0.50005084],
       [-0.50001265],
       [-0.50001214],
       [-0.50002126],
       [-0.5000356 ],
       [-0.50000838],
       [-0.50000812],
       [-0.50006013],
       [-0.50007493],
       [-0.50005631],
       [-0.5000562 ],
       [-0.49995644],
       [-0.49998557],
       [-0.49999917],
       [-0.5000098 ],
       [-0.49995382],
       [-0.49873943],
       [-0.01833057]])
array([[ -0.46659126],
       [  0.11068364],
       [-14.99349523],
       [-15.99225558],
       [-12.59175949],
       [-18.01919773],
       [-18.88238423],
       [-18.66424467],
       [-17.79282292],
       [-15.19155114],
       [-18.17922708],
       [ -0.68918559],
       [-18.21448584],
       [-17.93337941],
       [-16.88425887],
       [-18.03886341],
       [-18.16356474],
       [-17.92391989],
       [-17.82080368],
       [-18.17366979],
       [-18.13797833],
       [-17.51579302],
       [-18.32544414],
       [-17.9975414 ],
       [-17.36709017],
       [-18.06724235],
       [-18.11550054],
       [-18.41169006],
       [-17.23800898],
       [-10.85063771],
       [ -0.27815506]])
<<<<<<<<<<< STEP 22 >>>>>>>>>>>> + array([[ 0.11441526],
       [ 0.01043561],
       [-0.50026398],
       [-0.50015242],
       [-0.49981638],
       [-0.50000698],
       [-0.50002096],
       [-0.50002964],
       [-0.49999063],
       [-0.49991341],
       [-0.50004006],
       [ 0.01422624],
       [-0.50003906],
       [-0.50003863],
       [-0.50000992],
       [-0.50000932],
       [-0.50001628],
       [-0.50002732],
       [-0.5000064 ],
       [-0.5000063 ],
       [-0.50004543],
       [-0.50005832],
       [-0.50004253],
       [-0.50004245],
       [-0.49996656],
       [-0.49998875],
       [-0.49999913],
       [-0.50000701],
       [-0.49996425],
       [-0.49907942],
       [-0.01812634]])
array([[ -0.35217599],
       [  0.12111925],
       [-15.49375921],
       [-16.492408  ],
       [-13.09157586],
       [-18.51920471],
       [-19.38240519],
       [-19.16427431],
       [-18.29281355],
       [-15.69146455],
       [-18.67926714],
       [ -0.67495935],
       [-18.7145249 ],
       [-18.43341803],
       [-17.38426879],
       [-18.53887273],
       [-18.66358102],
       [-18.4239472 ],
       [-18.32081009],
       [-18.67367609],
       [-18.63802376],
       [-18.01585135],
       [-18.82548667],
       [-18.49758386],
       [-17.86705673],
       [-18.5672311 ],
       [-18.61549967],
       [-18.91169707],
       [-17.73797323],
       [-11.34971713],
       [ -0.2962814 ]])
<<<<<<<<<<< STEP 23 >>>>>>>>>>>> + array([[ 0.10361862],
       [ 0.01083011],
       [-0.50020019],
       [-0.50011558],
       [-0.49986554],
       [-0.50000509],
       [-0.50001583],
       [-0.5000224 ],
       [-0.49999267],
       [-0.49993424],
       [-0.50003053],
       [ 0.01478195],
       [-0.5000298 ],
       [-0.50002935],
       [-0.50000778],
       [-0.50000717],
       [-0.50001248],
       [-0.50002097],
       [-0.50000491],
       [-0.5000049 ],
       [-0.50003432],
       [-0.5000454 ],
       [-0.50003213],
       [-0.50003206],
       [-0.49997436],
       [-0.49999126],
       [-0.49999917],
       [-0.50000502],
       [-0.49997235],
       [-0.49932294],
       [-0.01793501]])
array([[ -0.24855738],
       [  0.13194936],
       [-15.9939594 ],
       [-16.99252358],
       [-13.59144141],
       [-19.01920979],
       [-19.88242102],
       [-19.66429671],
       [-18.79280622],
       [-16.19139879],
       [-19.17929767],
       [ -0.66017739],
       [-19.2145547 ],
       [-18.93344738],
       [-17.88427657],
       [-19.0388799 ],
       [-19.1635935 ],
       [-18.92396818],
       [-18.82081499],
       [-19.17368099],
       [-19.13805808],
       [-18.51589674],
       [-19.32551879],
       [-18.99761592],
       [-18.36703109],
       [-19.06722236],
       [-19.11549884],
       [-19.41170209],
       [-18.23794558],
       [-11.84904007],
       [ -0.31421641]])
<<<<<<<<<<< STEP 24 >>>>>>>>>>>> + array([[ 0.09431818],
       [ 0.01120137],
       [-0.50015186],
       [-0.50008767],
       [-0.4999009 ],
       [-0.50000372],
       [-0.50001196],
       [-0.50001695],
       [-0.49999428],
       [-0.49995003],
       [-0.50002329],
       [ 0.01533168],
       [-0.50002275],
       [-0.50002231],
       [-0.50000611],
       [-0.50000554],
       [-0.50000958],
       [-0.50001611],
       [-0.50000377],
       [-0.50000383],
       [-0.50002594],
       [-0.50003533],
       [-0.50002428],
       [-0.50002423],
       [-0.49998036],
       [-0.49999323],
       [-0.49999926],
       [-0.50000359],
       [-0.49997862],
       [-0.49949884],
       [-0.01776997]])
array([[ -0.1542392 ],
       [  0.14315073],
       [-16.49411126],
       [-17.49261124],
       [-14.0913423 ],
       [-19.51921352],
       [-20.38243298],
       [-20.16431366],
       [-19.29280051],
       [-16.69134882],
       [-19.67932096],
       [ -0.64484572],
       [-19.71457745],
       [-19.4334697 ],
       [-18.38428268],
       [-19.53888544],
       [-19.66360308],
       [-19.42398429],
       [-19.32081876],
       [-19.67368482],
       [-19.63808402],
       [-19.01593207],
       [-19.82554307],
       [-19.49764015],
       [-18.86701144],
       [-19.56721558],
       [-19.6154981 ],
       [-19.91170568],
       [-18.7379242 ],
       [-12.34853891],
       [ -0.33198639]])
<<<<<<<<<<< STEP 25 >>>>>>>>>>>> + array([[ 0.08627169],
       [ 0.01154321],
       [-0.50011527],
       [-0.50006654],
       [-0.49992652],
       [-0.50000274],
       [-0.50000906],
       [-0.50001284],
       [-0.49999555],
       [-0.49996201],
       [-0.50001777],
       [ 0.01587349],
       [-0.50001738],
       [-0.50001697],
       [-0.50000479],
       [-0.50000428],
       [-0.50000736],
       [-0.50001238],
       [-0.5000029 ],
       [-0.500003  ],
       [-0.50001962],
       [-0.50002749],
       [-0.50001836],
       [-0.50001832],
       [-0.49998495],
       [-0.49999476],
       [-0.49999937],
       [-0.50000257],
       [-0.49998348],
       [-0.49962692],
       [-0.01763915]])
array([[ -0.06796751],
       [  0.15469394],
       [-16.99422654],
       [-17.99267778],
       [-14.59126882],
       [-20.01921625],
       [-20.88244204],
       [-20.6643265 ],
       [-19.79279606],
       [-17.19131083],
       [-20.17933873],
       [ -0.62897223],
       [-20.21459483],
       [-19.93348667],
       [-18.88428746],
       [-20.03888972],
       [-20.16361044],
       [-19.92399667],
       [-19.82082166],
       [-20.17368782],
       [-20.13810364],
       [-19.51595956],
       [-20.32556143],
       [-19.99765847],
       [-19.3669964 ],
       [-20.06721035],
       [-20.11549747],
       [-20.41170825],
       [-19.23790769],
       [-12.84816583],
       [ -0.34962553]])
<<<<<<<<<<< STEP 26 >>>>>>>>>>>> + array([[ 0.07927486],
       [ 0.01185305],
       [-0.50008757],
       [-0.50005054],
       [-0.49994523],
       [-0.50000202],
       [-0.50000687],
       [-0.50000974],
       [-0.49999654],
       [-0.49997109],
       [-0.50001357],
       [ 0.01640569],
       [-0.50001329],
       [-0.50001292],
       [-0.50000375],
       [-0.50000331],
       [-0.50000566],
       [-0.50000952],
       [-0.50000223],
       [-0.50000235],
       [-0.50001485],
       [-0.50002139],
       [-0.5000139 ],
       [-0.50001387],
       [-0.49998847],
       [-0.49999595],
       [-0.49999947],
       [-0.50000184],
       [-0.49998723],
       [-0.49972086],
       [-0.017547  ]])
array([[  1.13073521e-02],
       [  1.66546992e-01],
       [ -1.74943141e+01],
       [ -1.84927283e+01],
       [ -1.50912141e+01],
       [ -2.05192183e+01],
       [ -2.13824489e+01],
       [ -2.11643362e+01],
       [ -2.02927926e+01],
       [ -1.76912819e+01],
       [ -2.06793523e+01],
       [ -6.12566537e-01],
       [ -2.07146081e+01],
       [ -2.04334996e+01],
       [ -1.93842912e+01],
       [ -2.05388930e+01],
       [ -2.06636161e+01],
       [ -2.04240062e+01],
       [ -2.03208239e+01],
       [ -2.06736902e+01],
       [ -2.06381185e+01],
       [ -2.00159809e+01],
       [ -2.08255753e+01],
       [ -2.04976723e+01],
       [ -1.98669849e+01],
       [ -2.05672063e+01],
       [ -2.06154969e+01],
       [ -2.09117101e+01],
       [ -1.97378949e+01],
       [ -1.33478867e+01],
       [ -3.67172529e-01]])
<<<<<<<<<<< STEP 27 >>>>>>>>>>>> + array([[ 0.07315817],
       [ 0.0121306 ],
       [-0.50006658],
       [-0.50003843],
       [-0.49995899],
       [-0.50000149],
       [-0.50000521],
       [-0.50000739],
       [-0.49999731],
       [-0.49997798],
       [-0.50001037],
       [ 0.0169267 ],
       [-0.50001016],
       [-0.50000985],
       [-0.50000294],
       [-0.50000256],
       [-0.50000436],
       [-0.50000733],
       [-0.50000172],
       [-0.50000185],
       [-0.50001126],
       [-0.50001663],
       [-0.50001053],
       [-0.50001051],
       [-0.49999117],
       [-0.49999688],
       [-0.49999956],
       [-0.50000132],
       [-0.49999014],
       [-0.49979024],
       [-0.01749588]])
array([[  0.08446552],
       [  0.1786776 ],
       [-17.99438069],
       [-18.99276675],
       [-15.59117304],
       [-21.01921976],
       [-21.88245412],
       [-21.66434363],
       [-20.79278991],
       [-18.1912599 ],
       [-21.17936268],
       [ -0.59563983],
       [-21.21461828],
       [-20.93350944],
       [-19.88429416],
       [-21.03889559],
       [-21.16362047],
       [-20.92401353],
       [-20.8208256 ],
       [-21.17369203],
       [-21.13812974],
       [-20.51599758],
       [-21.32558586],
       [-20.99768284],
       [-20.36697604],
       [-21.06720318],
       [-21.11549649],
       [-21.41171141],
       [-20.23788506],
       [-13.84767693],
       [ -0.38466841]])
<<<<<<<<<<< STEP 28 >>>>>>>>>>>> + array([[ 0.06778199],
       [ 0.01237691],
       [-0.50005067],
       [-0.50002924],
       [-0.49996917],
       [-0.5000011 ],
       [-0.50000396],
       [-0.50000562],
       [-0.49999791],
       [-0.49998321],
       [-0.50000794],
       [ 0.01743502],
       [-0.50000778],
       [-0.50000751],
       [-0.5000023 ],
       [-0.50000199],
       [-0.50000336],
       [-0.50000564],
       [-0.50000132],
       [-0.50000145],
       [-0.50000854],
       [-0.50001293],
       [-0.50000799],
       [-0.50000797],
       [-0.49999323],
       [-0.49999759],
       [-0.49999964],
       [-0.50000095],
       [-0.49999238],
       [-0.49984178],
       [-0.01748694]])
array([[  0.15224751],
       [  0.1910545 ],
       [-18.49443136],
       [-19.49279599],
       [-16.09114221],
       [-21.51922086],
       [-22.38245808],
       [-22.16434925],
       [-21.29278783],
       [-18.69124311],
       [-21.67937062],
       [ -0.57820481],
       [-21.71462607],
       [-21.43351695],
       [-20.38429646],
       [-21.53889758],
       [-21.66362383],
       [-21.42401917],
       [-21.32082693],
       [-21.67369348],
       [-21.63813828],
       [-21.01601051],
       [-21.82559385],
       [-21.49769081],
       [-20.86696927],
       [-21.56720077],
       [-21.61549614],
       [-21.91171236],
       [-20.73787743],
       [-14.3475187 ],
       [ -0.40215535]])
<<<<<<<<<<< STEP 29 >>>>>>>>>>>> + array([[ 0.06303162],
       [ 0.01259376],
       [-0.5000386 ],
       [-0.50002228],
       [-0.49997674],
       [-0.50000082],
       [-0.50000302],
       [-0.50000428],
       [-0.49999838],
       [-0.49998719],
       [-0.50000608],
       [ 0.01792916],
       [-0.50000596],
       [-0.50000573],
       [-0.5000018 ],
       [-0.50000154],
       [-0.50000259],
       [-0.50000435],
       [-0.50000102],
       [-0.50000114],
       [-0.50000648],
       [-0.50001005],
       [-0.50000607],
       [-0.50000605],
       [-0.49999481],
       [-0.49999814],
       [-0.49999971],
       [-0.50000068],
       [-0.49999411],
       [-0.49988027],
       [-0.01752064]])
array([[  0.21527913],
       [  0.20364826],
       [-18.99446996],
       [-19.99281827],
       [-16.59111895],
       [-22.01922168],
       [-22.8824611 ],
       [-22.66435353],
       [-21.79278621],
       [-19.1912303 ],
       [-22.17937669],
       [ -0.56027565],
       [-22.21463203],
       [-21.93352269],
       [-20.88429826],
       [-22.03889912],
       [-22.16362641],
       [-21.92402352],
       [-21.82082795],
       [-22.17369461],
       [-22.13814477],
       [-21.51602057],
       [-22.32559991],
       [-21.99769686],
       [-21.36696408],
       [-22.06719891],
       [-22.11549585],
       [-22.41171303],
       [-21.23787154],
       [-14.84739897],
       [ -0.41967599]])
<<<<<<<<<<< STEP 30 >>>>>>>>>>>> + array([[ 0.05881275],
       [ 0.01278336],
       [-0.50002943],
       [-0.50001698],
       [-0.4999824 ],
       [-0.50000061],
       [-0.5000023 ],
       [-0.50000326],
       [-0.49999874],
       [-0.49999022],
       [-0.50000465],
       [ 0.01840771],
       [-0.50000457],
       [-0.50000438],
       [-0.50000141],
       [-0.5000012 ],
       [-0.500002  ],
       [-0.50000335],
       [-0.50000079],
       [-0.50000089],
       [-0.50000493],
       [-0.50000781],
       [-0.50000461],
       [-0.5000046 ],
       [-0.49999602],
       [-0.49999857],
       [-0.49999977],
       [-0.50000049],
       [-0.49999544],
       [-0.49990915],
       [-0.01759716]])
array([[  0.27409188],
       [  0.21643163],
       [-19.4944994 ],
       [-20.49283525],
       [-17.09110135],
       [-22.51922229],
       [-23.3824634 ],
       [-23.16435679],
       [-22.29278495],
       [-19.69122052],
       [-22.67938135],
       [ -0.54186794],
       [-22.7146366 ],
       [-22.43352707],
       [-21.38429966],
       [-22.53890031],
       [-22.66362841],
       [-22.42402687],
       [-22.32082874],
       [-22.67369551],
       [-22.6381497 ],
       [-22.01602838],
       [-22.82560452],
       [-22.49770146],
       [-21.8669601 ],
       [-22.56719748],
       [-22.61549561],
       [-22.91171352],
       [-21.73786698],
       [-15.34730812],
       [ -0.43727315]])
<<<<<<<<<<< STEP 31 >>>>>>>>>>>> + array([[ 0.05504763],
       [ 0.01294806],
       [-0.50002246],
       [-0.50001296],
       [-0.49998665],
       [-0.50000046],
       [-0.50000175],
       [-0.50000249],
       [-0.49999903],
       [-0.49999252],
       [-0.50000357],
       [ 0.01886927],
       [-0.50000351],
       [-0.50000335],
       [-0.5000011 ],
       [-0.50000093],
       [-0.50000154],
       [-0.50000258],
       [-0.50000061],
       [-0.5000007 ],
       [-0.50000375],
       [-0.50000607],
       [-0.50000351],
       [-0.5000035 ],
       [-0.49999695],
       [-0.4999989 ],
       [-0.49999981],
       [-0.50000035],
       [-0.49999648],
       [-0.4999309 ],
       [-0.0177166 ]])
array([[  0.32913952],
       [  0.22937968],
       [-19.99452186],
       [-20.99284822],
       [-17.591088  ],
       [-23.01922275],
       [-23.88246515],
       [-23.66435927],
       [-22.79278398],
       [-20.19121304],
       [-23.17938491],
       [ -0.52299867],
       [-23.21464011],
       [-22.93353042],
       [-21.88430076],
       [-23.03890124],
       [-23.16362995],
       [-22.92402945],
       [-22.82082934],
       [-23.17369621],
       [-23.13815345],
       [-22.51603445],
       [-23.32560803],
       [-22.99770496],
       [-22.36695705],
       [-23.06719638],
       [-23.11549543],
       [-23.41171387],
       [-22.23786346],
       [-15.84723901],
       [ -0.45498975]])
<<<<<<<<<<< STEP 32 >>>>>>>>>>>> + array([[ 0.05167195],
       [ 0.01309021],
       [-0.50001716],
       [-0.5000099 ],
       [-0.49998985],
       [-0.50000034],
       [-0.50000134],
       [-0.5000019 ],
       [-0.49999925],
       [-0.49999428],
       [-0.50000274],
       [ 0.01931249],
       [-0.50000269],
       [-0.50000256],
       [-0.50000086],
       [-0.50000072],
       [-0.50000119],
       [-0.50000199],
       [-0.50000047],
       [-0.50000055],
       [-0.50000286],
       [-0.50000472],
       [-0.50000267],
       [-0.50000266],
       [-0.49999765],
       [-0.49999915],
       [-0.49999985],
       [-0.50000025],
       [-0.49999728],
       [-0.49994733],
       [-0.01787917]])
array([[  0.38081146],
       [  0.24246989],
       [-20.49453902],
       [-21.49285812],
       [-18.09107784],
       [-23.51922309],
       [-24.38246649],
       [-24.16436117],
       [-23.29278322],
       [-20.69120731],
       [-23.67938765],
       [ -0.50368618],
       [-23.7146428 ],
       [-23.43353299],
       [-22.38430162],
       [-23.53890196],
       [-23.66363114],
       [-23.42403144],
       [-23.32082981],
       [-23.67369676],
       [-23.63815631],
       [-23.01603917],
       [-23.82561071],
       [-23.49770762],
       [-22.8669547 ],
       [-23.56719552],
       [-23.61549528],
       [-23.91171412],
       [-22.73786074],
       [-16.34718635],
       [ -0.47286892]])
<<<<<<<<<<< STEP 33 >>>>>>>>>>>> + array([[ 0.04863223],
       [ 0.01321213],
       [-0.50001312],
       [-0.50000757],
       [-0.49999226],
       [-0.50000025],
       [-0.50000102],
       [-0.50000145],
       [-0.49999941],
       [-0.49999562],
       [-0.5000021 ],
       [ 0.01973613],
       [-0.50000207],
       [-0.50000196],
       [-0.50000067],
       [-0.50000056],
       [-0.50000092],
       [-0.50000154],
       [-0.50000036],
       [-0.50000043],
       [-0.50000218],
       [-0.50000367],
       [-0.50000204],
       [-0.50000203],
       [-0.4999982 ],
       [-0.49999934],
       [-0.49999988],
       [-0.50000018],
       [-0.49999789],
       [-0.49995979],
       [-0.01808525]])
array([[  0.42944369],
       [  0.25568202],
       [-20.99455213],
       [-21.99286568],
       [-18.59107011],
       [-24.01922335],
       [-24.88246751],
       [-24.66436262],
       [-23.79278264],
       [-21.19120293],
       [-24.17938975],
       [ -0.48395005],
       [-24.21464487],
       [-23.93353495],
       [-22.88430229],
       [-24.03890252],
       [-24.16363206],
       [-23.92403298],
       [-23.82083017],
       [-24.17369719],
       [-24.13815849],
       [-23.51604284],
       [-24.32561275],
       [-23.99770965],
       [-23.3669529 ],
       [-24.06719487],
       [-24.11549516],
       [-24.4117143 ],
       [-23.23785863],
       [-16.84714614],
       [ -0.49095417]])
<<<<<<<<<<< STEP 34 >>>>>>>>>>>> + array([[ 0.04588382],
       [ 0.01331597],
       [-0.50001004],
       [-0.50000579],
       [-0.4999941 ],
       [-0.50000019],
       [-0.50000078],
       [-0.50000111],
       [-0.49999955],
       [-0.49999664],
       [-0.50000161],
       [ 0.02013898],
       [-0.50000159],
       [-0.5000015 ],
       [-0.50000052],
       [-0.50000043],
       [-0.50000071],
       [-0.50000119],
       [-0.50000028],
       [-0.50000034],
       [-0.50000166],
       [-0.50000285],
       [-0.50000156],
       [-0.50000155],
       [-0.49999862],
       [-0.49999949],
       [-0.49999991],
       [-0.50000013],
       [-0.49999837],
       [-0.49996926],
       [-0.01833548]])
array([[  0.47532751],
       [  0.26899799],
       [-21.49456217],
       [-22.49287147],
       [-19.0910642 ],
       [-24.51922354],
       [-25.38246829],
       [-25.16436373],
       [-24.29278218],
       [-21.69119957],
       [-24.67939137],
       [ -0.46381107],
       [-24.71464646],
       [-24.43353645],
       [-23.38430281],
       [-24.53890295],
       [-24.66363276],
       [-24.42403417],
       [-24.32083045],
       [-24.67369752],
       [-24.63816015],
       [-24.01604569],
       [-24.8256143 ],
       [-24.4977112 ],
       [-23.86695152],
       [-24.56719436],
       [-24.61549507],
       [-24.91171443],
       [-23.737857  ],
       [-17.3471154 ],
       [ -0.50928965]])
<<<<<<<<<<< STEP 35 >>>>>>>>>>>> + array([[ 0.04338923],
       [ 0.01340378],
       [-0.50000768],
       [-0.50000443],
       [-0.49999549],
       [-0.50000014],
       [-0.5000006 ],
       [-0.50000085],
       [-0.49999965],
       [-0.49999742],
       [-0.50000124],
       [ 0.02051998],
       [-0.50000122],
       [-0.50000115],
       [-0.50000041],
       [-0.50000034],
       [-0.50000055],
       [-0.50000092],
       [-0.50000022],
       [-0.50000026],
       [-0.50000127],
       [-0.50000221],
       [-0.50000119],
       [-0.50000118],
       [-0.49999894],
       [-0.49999961],
       [-0.49999993],
       [-0.50000009],
       [-0.49999874],
       [-0.49997647],
       [-0.0186308 ]])
array([[  0.51871674],
       [  0.28240177],
       [-21.99456985],
       [-22.99287591],
       [-19.59105969],
       [-25.01922368],
       [-25.88246889],
       [-25.66436457],
       [-24.79278183],
       [-22.191197  ],
       [-25.17939261],
       [ -0.44329108],
       [-25.21464769],
       [-24.93353761],
       [-23.88430322],
       [-25.03890329],
       [-25.16363331],
       [-24.92403508],
       [-24.82083067],
       [-25.17369779],
       [-25.13816142],
       [-24.5160479 ],
       [-25.32561549],
       [-24.99771239],
       [-24.36695045],
       [-25.06719397],
       [-25.115495  ],
       [-25.41171452],
       [-24.23785574],
       [-17.84709188],
       [ -0.52792045]])
<<<<<<<<<<< STEP 36 >>>>>>>>>>>> + array([[ 0.04111686],
       [ 0.01347742],
       [-0.50000589],
       [-0.5000034 ],
       [-0.49999654],
       [-0.50000011],
       [-0.50000046],
       [-0.50000065],
       [-0.49999973],
       [-0.49999802],
       [-0.50000095],
       [ 0.02087816],
       [-0.50000094],
       [-0.50000089],
       [-0.50000032],
       [-0.50000026],
       [-0.50000042],
       [-0.50000071],
       [-0.50000017],
       [-0.50000021],
       [-0.50000097],
       [-0.50000172],
       [-0.50000091],
       [-0.5000009 ],
       [-0.49999918],
       [-0.4999997 ],
       [-0.49999994],
       [-0.50000007],
       [-0.49999902],
       [-0.49998197],
       [-0.01897249]])
array([[  0.5598336 ],
       [  0.29587919],
       [-22.49457574],
       [-23.4928793 ],
       [-20.09105623],
       [-25.51922379],
       [-26.38246935],
       [-26.16436522],
       [-25.29278156],
       [-22.69119502],
       [-25.67939356],
       [ -0.42241292],
       [-25.71464863],
       [-25.43353849],
       [-24.38430354],
       [-25.53890355],
       [-25.66363373],
       [-25.42403579],
       [-25.32083083],
       [-25.67369799],
       [-25.63816239],
       [-25.01604961],
       [-25.8256164 ],
       [-25.49771329],
       [-24.86694963],
       [-25.56719367],
       [-25.61549494],
       [-25.91171459],
       [-24.73785476],
       [-18.34707385],
       [ -0.54689294]])
<<<<<<<<<<< STEP 37 >>>>>>>>>>>> + array([[ 0.0390399 ],
       [ 0.01353858],
       [-0.50000451],
       [-0.5000026 ],
       [-0.49999735],
       [-0.50000008],
       [-0.50000035],
       [-0.5000005 ],
       [-0.49999979],
       [-0.49999848],
       [-0.50000073],
       [ 0.02121268],
       [-0.50000072],
       [-0.50000068],
       [-0.50000025],
       [-0.5000002 ],
       [-0.50000033],
       [-0.50000055],
       [-0.50000013],
       [-0.50000016],
       [-0.50000074],
       [-0.50000133],
       [-0.50000069],
       [-0.50000069],
       [-0.49999937],
       [-0.49999977],
       [-0.49999995],
       [-0.50000005],
       [-0.49999924],
       [-0.49998617],
       [-0.01936221]])
array([[  0.5988735 ],
       [  0.30941777],
       [-22.99458025],
       [-23.99288191],
       [-20.59105358],
       [-26.01922387],
       [-26.8824697 ],
       [-26.66436572],
       [-25.79278135],
       [-23.1911935 ],
       [-26.17939429],
       [ -0.40120024],
       [-26.21464935],
       [-25.93353917],
       [-24.88430378],
       [-26.03890375],
       [-26.16363406],
       [-25.92403633],
       [-25.82083096],
       [-26.17369815],
       [-26.13816313],
       [-25.51605095],
       [-26.32561709],
       [-25.99771398],
       [-25.366949  ],
       [-26.06719343],
       [-26.11549489],
       [-26.41171463],
       [-25.23785401],
       [-18.84706002],
       [ -0.56625515]])
<<<<<<<<<<< STEP 38 >>>>>>>>>>>> + array([[ 0.03713549],
       [ 0.01358881],
       [-0.50000346],
       [-0.500002  ],
       [-0.49999797],
       [-0.50000006],
       [-0.50000027],
       [-0.50000038],
       [-0.49999984],
       [-0.49999883],
       [-0.50000056],
       [ 0.02152285],
       [-0.50000056],
       [-0.50000052],
       [-0.50000019],
       [-0.50000016],
       [-0.50000025],
       [-0.50000042],
       [-0.5000001 ],
       [-0.50000013],
       [-0.50000057],
       [-0.50000103],
       [-0.50000053],
       [-0.50000053],
       [-0.49999951],
       [-0.49999982],
       [-0.49999996],
       [-0.50000003],
       [-0.49999942],
       [-0.49998939],
       [-0.01980207]])
array([[  0.63600899],
       [  0.32300658],
       [-23.49458371],
       [-24.4928839 ],
       [-21.09105155],
       [-26.51922393],
       [-27.38246997],
       [-27.1643661 ],
       [-26.29278118],
       [-23.69119234],
       [-26.67939486],
       [ -0.37967739],
       [-26.71464991],
       [-26.43353969],
       [-25.38430397],
       [-26.53890391],
       [-26.66363431],
       [-26.42403675],
       [-26.32083106],
       [-26.67369828],
       [-26.6381637 ],
       [-26.01605198],
       [-26.82561762],
       [-26.49771451],
       [-25.86694852],
       [-26.56719325],
       [-26.61549486],
       [-26.91171467],
       [-25.73785342],
       [-19.34704941],
       [ -0.58605722]])
<<<<<<<<<<< STEP 39 >>>>>>>>>>>> + array([[ 0.03538411],
       [ 0.01362948],
       [-0.50000266],
       [-0.50000153],
       [-0.49999844],
       [-0.50000005],
       [-0.50000021],
       [-0.50000029],
       [-0.49999987],
       [-0.4999991 ],
       [-0.50000043],
       [ 0.02180811],
       [-0.50000043],
       [-0.5000004 ],
       [-0.50000015],
       [-0.50000012],
       [-0.50000019],
       [-0.50000033],
       [-0.50000008],
       [-0.5000001 ],
       [-0.50000044],
       [-0.5000008 ],
       [-0.50000041],
       [-0.50000041],
       [-0.49999963],
       [-0.49999986],
       [-0.49999997],
       [-0.50000002],
       [-0.49999955],
       [-0.49999185],
       [-0.02029459]])
array([[  0.67139311],
       [  0.33663606],
       [-23.99458637],
       [-24.99288544],
       [-21.59104999],
       [-27.01922397],
       [-27.88247017],
       [-27.6643664 ],
       [-26.79278106],
       [-24.19119144],
       [-27.17939529],
       [ -0.35786928],
       [-27.21465034],
       [-26.93354009],
       [-25.88430412],
       [-27.03890403],
       [-27.16363451],
       [-26.92403708],
       [-26.82083114],
       [-27.17369838],
       [-27.13816414],
       [-26.51605278],
       [-27.32561803],
       [-26.99771492],
       [-26.36694815],
       [-27.06719312],
       [-27.11549483],
       [-27.41171469],
       [-26.23785297],
       [-19.84704125],
       [ -0.6063518 ]])
