<<<<<<<<<<< STEP 0 >>>>>>>>>>>> + array([[-0.50000004],
       [-0.49999995],
       [-0.50000058],
       [-0.50000066],
       [-0.50000062],
       [-0.50000058],
       [-0.50000003],
       [ 0.00556143],
       [-0.50015505],
       [ 0.00273142],
       [-0.50000014],
       [-0.50000183],
       [-0.50000066],
       [-0.49999995],
       [-0.50000007],
       [-0.50160416],
       [-0.50000067],
       [-0.50000066],
       [-0.49999986],
       [-0.49999995],
       [-0.49999991],
       [-0.50000001],
       [-0.50046998],
       [-0.50000213],
       [-0.0026977 ],
       [-0.49999999],
       [-0.50000001],
       [-0.50000003],
       [-0.5000006 ],
       [-0.50173848],
       [-0.5       ],
       [-0.50000003],
       [-0.50000061],
       [-0.50000003],
       [-0.50000061],
       [-0.5       ],
       [-0.50074045],
       [-0.50000095],
       [-0.50027079],
       [-0.50008555]])
array([[-28.67042948],
       [-28.23281601],
       [-28.53336462],
       [-28.29184828],
       [-28.511446  ],
       [-28.68421212],
       [-28.58375648],
       [ -0.38754001],
       [-17.50882715],
       [  0.62378507],
       [-27.15947244],
       [-27.54141679],
       [-28.64021118],
       [-28.07606567],
       [-28.52642074],
       [-12.55977583],
       [-28.47072703],
       [-28.31859894],
       [-27.25176349],
       [-28.37166831],
       [-27.28593668],
       [-28.94988861],
       [-15.22516489],
       [-26.08218941],
       [ -2.03315475],
       [-28.26950718],
       [-27.05977429],
       [-28.29824587],
       [-28.69807592],
       [-12.5761479 ],
       [-28.46433686],
       [-28.48759676],
       [-28.65238374],
       [-26.98139818],
       [-28.70904102],
       [-27.2768555 ],
       [-15.11020579],
       [-27.08371597],
       [-16.07222134],
       [-18.51792936]])
<<<<<<<<<<< STEP 1 >>>>>>>>>>>> + array([[-0.50000003],
       [-0.49999996],
       [-0.50000043],
       [-0.50000049],
       [-0.50000047],
       [-0.50000043],
       [-0.50000002],
       [ 0.00559226],
       [-0.50011617],
       [ 0.00272977],
       [-0.50000008],
       [-0.50000139],
       [-0.5000005 ],
       [-0.49999996],
       [-0.50000005],
       [-0.50120307],
       [-0.5000005 ],
       [-0.50000049],
       [-0.4999999 ],
       [-0.49999996],
       [-0.49999992],
       [-0.5       ],
       [-0.50035202],
       [-0.50000159],
       [-0.00182154],
       [-0.5       ],
       [-0.5       ],
       [-0.50000003],
       [-0.50000045],
       [-0.50130494],
       [-0.5       ],
       [-0.50000002],
       [-0.50000046],
       [-0.5       ],
       [-0.50000046],
       [-0.5       ],
       [-0.50056226],
       [-0.50000078],
       [-0.50020333],
       [-0.50006335]])
array([[-29.17042951],
       [-28.73281597],
       [-29.03336505],
       [-28.79184877],
       [-29.01144647],
       [-29.18421256],
       [-29.0837565 ],
       [ -0.38194775],
       [-18.00894332],
       [  0.62651485],
       [-27.65947252],
       [-28.04141818],
       [-29.14021168],
       [-28.57606563],
       [-29.02642079],
       [-13.0609789 ],
       [-28.97072754],
       [-28.81859943],
       [-27.75176338],
       [-28.87166827],
       [-27.7859366 ],
       [-29.4498886 ],
       [-15.72551691],
       [-26.582191  ],
       [ -2.03497628],
       [-28.76950718],
       [-27.55977429],
       [-28.7982459 ],
       [-29.19807636],
       [-13.07745285],
       [-28.96433686],
       [-28.98759678],
       [-29.1523842 ],
       [-27.48139817],
       [-29.20904148],
       [-27.77685551],
       [-15.61076804],
       [-27.58371675],
       [-16.57242467],
       [-19.01799271]])
<<<<<<<<<<< STEP 2 >>>>>>>>>>>> + array([[-0.50000003],
       [-0.49999997],
       [-0.50000033],
       [-0.50000037],
       [-0.50000036],
       [-0.50000033],
       [-0.50000002],
       [ 0.00560891],
       [-0.50008768],
       [ 0.00272681],
       [-0.50000005],
       [-0.50000106],
       [-0.50000037],
       [-0.49999997],
       [-0.50000004],
       [-0.50090878],
       [-0.50000038],
       [-0.50000037],
       [-0.49999993],
       [-0.49999997],
       [-0.49999994],
       [-0.49999999],
       [-0.50026563],
       [-0.5000012 ],
       [-0.0011382 ],
       [-0.5       ],
       [-0.5       ],
       [-0.50000002],
       [-0.50000034],
       [-0.50098642],
       [-0.5       ],
       [-0.50000002],
       [-0.50000035],
       [-0.49999998],
       [-0.50000034],
       [-0.5       ],
       [-0.50042907],
       [-0.50000063],
       [-0.50015374],
       [-0.50004734]])
array([[-29.67042954],
       [-29.23281594],
       [-29.53336538],
       [-29.29184914],
       [-29.51144682],
       [-29.68421288],
       [-29.58375652],
       [ -0.37633884],
       [-18.509031  ],
       [  0.62924166],
       [-28.15947256],
       [-28.54141924],
       [-29.64021205],
       [-29.0760656 ],
       [-29.52642083],
       [-13.56188768],
       [-29.47072792],
       [-29.3185998 ],
       [-28.25176331],
       [-29.37166824],
       [-28.28593654],
       [-29.9498886 ],
       [-16.22578254],
       [-27.0821922 ],
       [ -2.03611449],
       [-29.26950718],
       [-28.05977429],
       [-29.29824592],
       [-29.6980767 ],
       [-13.57843927],
       [-29.46433685],
       [-29.48759679],
       [-29.65238455],
       [-27.98139815],
       [-29.70904182],
       [-28.27685551],
       [-16.11119712],
       [-28.08371738],
       [-17.07257841],
       [-19.51804005]])
<<<<<<<<<<< STEP 3 >>>>>>>>>>>> + array([[-0.50000002],
       [-0.49999998],
       [-0.50000025],
       [-0.50000028],
       [-0.50000027],
       [-0.50000025],
       [-0.50000002],
       [ 0.00561461],
       [-0.50006659],
       [ 0.00272285],
       [-0.50000003],
       [-0.50000081],
       [-0.50000028],
       [-0.49999998],
       [-0.50000003],
       [-0.50069059],
       [-0.50000029],
       [-0.50000028],
       [-0.49999994],
       [-0.49999998],
       [-0.49999995],
       [-0.49999999],
       [-0.50020168],
       [-0.50000091],
       [-0.0006055 ],
       [-0.5       ],
       [-0.5       ],
       [-0.50000002],
       [-0.50000026],
       [-0.50074999],
       [-0.5       ],
       [-0.50000001],
       [-0.50000026],
       [-0.49999997],
       [-0.50000026],
       [-0.5       ],
       [-0.50032875],
       [-0.50000051],
       [-0.50011692],
       [-0.50003565]])
array([[-30.17042956],
       [-29.73281591],
       [-30.03336562],
       [-29.79184942],
       [-30.0114471 ],
       [-30.18421313],
       [-30.08375653],
       [ -0.37072423],
       [-19.00909758],
       [  0.6319645 ],
       [-28.65947259],
       [-29.04142005],
       [-30.14021234],
       [-29.57606558],
       [-30.02642086],
       [-14.06257827],
       [-29.97072821],
       [-29.81860007],
       [-28.75176325],
       [-29.87166822],
       [-28.78593649],
       [-30.44988859],
       [-16.72598423],
       [-27.58219311],
       [ -2.03671999],
       [-29.76950718],
       [-28.55977429],
       [-29.79824594],
       [-30.19807696],
       [-14.07918925],
       [-29.96433685],
       [-29.98759681],
       [-30.15238481],
       [-28.48139813],
       [-30.20904208],
       [-28.77685551],
       [-16.61152587],
       [-28.58371788],
       [-17.57269533],
       [-20.0180757 ]])
<<<<<<<<<<< STEP 4 >>>>>>>>>>>> + array([[ -5.00000015e-01],
       [ -4.99999981e-01],
       [ -5.00000187e-01],
       [ -5.00000213e-01],
       [ -5.00000210e-01],
       [ -5.00000188e-01],
       [ -5.00000012e-01],
       [  5.61187471e-03],
       [ -5.00050821e-01],
       [  2.71810634e-03],
       [ -5.00000015e-01],
       [ -5.00000625e-01],
       [ -5.00000217e-01],
       [ -4.99999983e-01],
       [ -5.00000024e-01],
       [ -5.00527352e-01],
       [ -5.00000220e-01],
       [ -5.00000211e-01],
       [ -4.99999958e-01],
       [ -4.99999983e-01],
       [ -4.99999960e-01],
       [ -4.99999991e-01],
       [ -5.00153904e-01],
       [ -5.00000691e-01],
       [ -1.90374328e-04],
       [ -5.00000004e-01],
       [ -4.99999999e-01],
       [ -5.00000013e-01],
       [ -5.00000196e-01],
       [ -5.00572936e-01],
       [ -5.00000000e-01],
       [ -5.00000010e-01],
       [ -5.00000201e-01],
       [ -4.99999974e-01],
       [ -5.00000199e-01],
       [ -5.00000002e-01],
       [ -5.00252706e-01],
       [ -5.00000403e-01],
       [ -5.00089342e-01],
       [ -5.00027026e-01]])
array([[-30.67042957],
       [-30.23281589],
       [-30.53336581],
       [-30.29184963],
       [-30.51144731],
       [-30.68421332],
       [-30.58375654],
       [ -0.36511236],
       [-19.5091484 ],
       [  0.63468261],
       [-29.1594726 ],
       [-29.54142068],
       [-30.64021255],
       [-30.07606556],
       [-30.52642089],
       [-14.56310562],
       [-30.47072843],
       [-30.31860028],
       [-29.25176321],
       [-30.3716682 ],
       [-29.28593645],
       [-30.94988858],
       [-17.22613813],
       [-28.0821938 ],
       [ -2.03691036],
       [-30.26950719],
       [-29.05977429],
       [-30.29824595],
       [-30.69807715],
       [-14.57976219],
       [-30.46433685],
       [-30.48759682],
       [-30.65238501],
       [-28.9813981 ],
       [-30.70904228],
       [-29.27685551],
       [-17.11177857],
       [-29.08371829],
       [-18.07278468],
       [-20.51810273]])
<<<<<<<<<<< STEP 5 >>>>>>>>>>>> + array([[ -5.00000012e-01],
       [ -4.99999985e-01],
       [ -5.00000143e-01],
       [ -5.00000163e-01],
       [ -5.00000162e-01],
       [ -5.00000144e-01],
       [ -5.00000010e-01],
       [  5.60267202e-03],
       [ -5.00038947e-01],
       [  2.71277734e-03],
       [ -5.00000008e-01],
       [ -5.00000481e-01],
       [ -5.00000166e-01],
       [ -4.99999987e-01],
       [ -5.00000018e-01],
       [ -5.00404295e-01],
       [ -5.00000169e-01],
       [ -5.00000161e-01],
       [ -4.99999968e-01],
       [ -4.99999987e-01],
       [ -4.99999968e-01],
       [ -4.99999992e-01],
       [ -5.00117926e-01],
       [ -5.00000529e-01],
       [  1.33063826e-04],
       [ -5.00000004e-01],
       [ -4.99999998e-01],
       [ -5.00000010e-01],
       [ -5.00000150e-01],
       [ -5.00439364e-01],
       [ -5.00000000e-01],
       [ -5.00000008e-01],
       [ -5.00000154e-01],
       [ -4.99999977e-01],
       [ -5.00000153e-01],
       [ -5.00000001e-01],
       [ -5.00194752e-01],
       [ -5.00000319e-01],
       [ -5.00068528e-01],
       [ -5.00020595e-01]])
array([[-31.17042958],
       [-30.73281588],
       [-31.03336596],
       [-30.79184979],
       [-31.01144747],
       [-31.18421346],
       [-31.08375655],
       [ -0.35950969],
       [-20.00918735],
       [  0.63739539],
       [-29.65947261],
       [-30.04142116],
       [-31.14021272],
       [-30.57606555],
       [-31.0264209 ],
       [-15.06350992],
       [-30.97072859],
       [-30.81860045],
       [-29.75176318],
       [-30.87166819],
       [-29.78593641],
       [-31.44988857],
       [-17.72625606],
       [-28.58219433],
       [ -2.0367773 ],
       [-30.76950719],
       [-29.55977429],
       [-30.79824596],
       [-31.1980773 ],
       [-15.08020155],
       [-30.96433685],
       [-30.98759682],
       [-31.15238516],
       [-29.48139808],
       [-31.20904243],
       [-29.77685552],
       [-17.61197333],
       [-29.58371861],
       [-18.5728532 ],
       [-21.01812332]])
<<<<<<<<<<< STEP 6 >>>>>>>>>>>> + array([[ -5.00000009e-01],
       [ -4.99999988e-01],
       [ -5.00000110e-01],
       [ -5.00000125e-01],
       [ -5.00000125e-01],
       [ -5.00000111e-01],
       [ -5.00000008e-01],
       [  5.58852092e-03],
       [ -5.00029945e-01],
       [  2.70699888e-03],
       [ -5.00000004e-01],
       [ -5.00000372e-01],
       [ -5.00000128e-01],
       [ -4.99999990e-01],
       [ -5.00000014e-01],
       [ -5.00310939e-01],
       [ -5.00000130e-01],
       [ -5.00000123e-01],
       [ -4.99999976e-01],
       [ -4.99999990e-01],
       [ -4.99999975e-01],
       [ -4.99999993e-01],
       [ -5.00090656e-01],
       [ -5.00000406e-01],
       [  3.85028825e-04],
       [ -5.00000004e-01],
       [ -4.99999999e-01],
       [ -5.00000008e-01],
       [ -5.00000116e-01],
       [ -5.00337972e-01],
       [ -5.00000000e-01],
       [ -5.00000006e-01],
       [ -5.00000118e-01],
       [ -4.99999980e-01],
       [ -5.00000117e-01],
       [ -5.00000001e-01],
       [ -5.00150397e-01],
       [ -5.00000252e-01],
       [ -5.00052724e-01],
       [ -5.00015763e-01]])
array([[-31.67042959],
       [-31.23281587],
       [-31.53336607],
       [-31.29184992],
       [-31.51144759],
       [-31.68421357],
       [-31.58375656],
       [ -0.35392117],
       [-20.5092173 ],
       [  0.64010239],
       [-30.15947262],
       [-30.54142153],
       [-31.64021285],
       [-31.07606554],
       [-31.52642092],
       [-15.56382086],
       [-31.47072872],
       [-31.31860057],
       [-30.25176316],
       [-31.37166818],
       [-30.28593639],
       [-31.94988856],
       [-18.22634671],
       [-29.08219473],
       [ -2.03639227],
       [-31.2695072 ],
       [-30.05977428],
       [-31.29824597],
       [-31.69807742],
       [-15.58053953],
       [-31.46433686],
       [-31.48759683],
       [-31.65238528],
       [-29.98139806],
       [-31.70904255],
       [-30.27685552],
       [-18.11212372],
       [-30.08371886],
       [-19.07290593],
       [-21.51813908]])
<<<<<<<<<<< STEP 7 >>>>>>>>>>>> + array([[-0.50000001],
       [-0.49999999],
       [-0.50000008],
       [-0.5000001 ],
       [-0.5000001 ],
       [-0.50000009],
       [-0.50000001],
       [ 0.0055706 ],
       [-0.50002308],
       [ 0.00270088],
       [-0.5       ],
       [-0.50000029],
       [-0.5000001 ],
       [-0.49999999],
       [-0.50000001],
       [-0.50023975],
       [-0.5000001 ],
       [-0.50000009],
       [-0.49999998],
       [-0.49999999],
       [-0.49999998],
       [-0.49999999],
       [-0.50006988],
       [-0.50000031],
       [ 0.0005813 ],
       [-0.5       ],
       [-0.5       ],
       [-0.50000001],
       [-0.50000009],
       [-0.50026062],
       [-0.5       ],
       [-0.5       ],
       [-0.50000009],
       [-0.49999998],
       [-0.50000009],
       [-0.5       ],
       [-0.50011633],
       [-0.5000002 ],
       [-0.50004066],
       [-0.50001211]])
array([[-32.1704296 ],
       [-31.73281586],
       [-32.03336615],
       [-31.79185001],
       [-32.01144769],
       [-32.18421366],
       [-32.08375657],
       [ -0.34835056],
       [-21.00924038],
       [  0.64280327],
       [-30.65947262],
       [-31.04142182],
       [-32.14021295],
       [-31.57606553],
       [-32.02642093],
       [-16.0640606 ],
       [-31.97072882],
       [-31.81860066],
       [-30.75176314],
       [-31.87166817],
       [-30.78593637],
       [-32.44988856],
       [-18.72641659],
       [-29.58219505],
       [ -2.03581097],
       [-31.7695072 ],
       [-30.55977428],
       [-31.79824597],
       [-32.19807751],
       [-16.08080014],
       [-31.96433686],
       [-31.98759683],
       [-32.15238537],
       [-30.48139804],
       [-32.20904264],
       [-30.77685552],
       [-18.61224006],
       [-30.58371906],
       [-19.57294659],
       [-22.01815119]])
<<<<<<<<<<< STEP 8 >>>>>>>>>>>> + array([[-0.50000001],
       [-0.49999999],
       [-0.50000007],
       [-0.50000007],
       [-0.50000007],
       [-0.50000007],
       [-0.5       ],
       [ 0.00554984],
       [-0.50001783],
       [ 0.0026945 ],
       [-0.5       ],
       [-0.50000022],
       [-0.50000008],
       [-0.49999999],
       [-0.50000001],
       [-0.50018523],
       [-0.50000008],
       [-0.50000007],
       [-0.49999999],
       [-0.49999999],
       [-0.49999998],
       [-0.5       ],
       [-0.50005397],
       [-0.50000024],
       [ 0.00073418],
       [-0.5       ],
       [-0.5       ],
       [-0.5       ],
       [-0.50000007],
       [-0.50020136],
       [-0.5       ],
       [-0.5       ],
       [-0.50000007],
       [-0.49999999],
       [-0.50000007],
       [-0.5       ],
       [-0.5000901 ],
       [-0.50000016],
       [-0.50003142],
       [-0.50000932]])
array([[-32.67042961],
       [-32.23281585],
       [-32.53336621],
       [-32.29185009],
       [-32.51144776],
       [-32.68421372],
       [-32.58375657],
       [ -0.34280072],
       [-21.50925821],
       [  0.64549777],
       [-31.15947262],
       [-31.54142204],
       [-32.64021302],
       [-32.07606552],
       [-32.52642094],
       [-16.56424583],
       [-32.4707289 ],
       [-32.31860074],
       [-31.25176312],
       [-32.37166817],
       [-31.28593635],
       [-32.94988855],
       [-19.22647056],
       [-30.08219529],
       [ -2.03507679],
       [-32.2695072 ],
       [-31.05977428],
       [-32.29824598],
       [-32.69807758],
       [-16.58100151],
       [-32.46433686],
       [-32.48759684],
       [-32.65238544],
       [-30.98139802],
       [-32.70904271],
       [-31.27685552],
       [-19.11233016],
       [-31.08371921],
       [-20.07297802],
       [-22.51816052]])
<<<<<<<<<<< STEP 9 >>>>>>>>>>>> + array([[-0.5       ],
       [-0.49999999],
       [-0.50000005],
       [-0.50000006],
       [-0.50000006],
       [-0.50000005],
       [-0.5       ],
       [ 0.00552693],
       [-0.5000138 ],
       [ 0.00268794],
       [-0.5       ],
       [-0.50000017],
       [-0.50000006],
       [-0.5       ],
       [-0.50000001],
       [-0.50014333],
       [-0.50000006],
       [-0.50000006],
       [-0.49999999],
       [-0.5       ],
       [-0.49999999],
       [-0.5       ],
       [-0.50004176],
       [-0.50000019],
       [ 0.00085327],
       [-0.5       ],
       [-0.5       ],
       [-0.5       ],
       [-0.50000005],
       [-0.50015582],
       [-0.5       ],
       [-0.5       ],
       [-0.50000005],
       [-0.49999999],
       [-0.50000005],
       [-0.5       ],
       [-0.50006985],
       [-0.50000012],
       [-0.50002432],
       [-0.5000072 ]])
array([[-33.17042961],
       [-32.73281584],
       [-33.03336626],
       [-32.79185014],
       [-33.01144782],
       [-33.18421377],
       [-33.08375658],
       [ -0.33727379],
       [-22.00927201],
       [  0.64818571],
       [-31.65947262],
       [-32.04142221],
       [-33.14021308],
       [-32.57606552],
       [-33.02642094],
       [-17.06438916],
       [-32.97072896],
       [-32.81860079],
       [-31.75176311],
       [-32.87166816],
       [-31.78593634],
       [-33.44988855],
       [-19.72651232],
       [-30.58219547],
       [ -2.03422351],
       [-32.76950721],
       [-31.55977428],
       [-32.79824598],
       [-33.19807763],
       [-17.08115732],
       [-32.96433686],
       [-32.98759684],
       [-33.1523855 ],
       [-31.48139801],
       [-33.20904277],
       [-31.77685552],
       [-19.61240001],
       [-31.58371933],
       [-20.57300234],
       [-23.01816771]])
<<<<<<<<<<< STEP 10 >>>>>>>>>>>> + array([[-0.5       ],
       [-0.5       ],
       [-0.50000004],
       [-0.50000004],
       [-0.50000004],
       [-0.50000004],
       [-0.5       ],
       [ 0.00550245],
       [-0.50001069],
       [ 0.00268123],
       [-0.5       ],
       [-0.50000013],
       [-0.50000005],
       [-0.5       ],
       [-0.50000001],
       [-0.50011105],
       [-0.50000005],
       [-0.50000004],
       [-0.49999999],
       [-0.5       ],
       [-0.49999999],
       [-0.5       ],
       [-0.50003235],
       [-0.50000014],
       [ 0.00094604],
       [-0.5       ],
       [-0.5       ],
       [-0.5       ],
       [-0.50000004],
       [-0.50012072],
       [-0.5       ],
       [-0.5       ],
       [-0.50000004],
       [-0.49999999],
       [-0.50000004],
       [-0.5       ],
       [-0.5000542 ],
       [-0.5000001 ],
       [-0.50001885],
       [-0.50000557]])
array([[-33.67042961],
       [-33.23281584],
       [-33.5333663 ],
       [-33.29185019],
       [-33.51144787],
       [-33.68421381],
       [-33.58375658],
       [ -0.33177134],
       [-22.5092827 ],
       [  0.65086694],
       [-32.15947262],
       [-32.54142235],
       [-33.64021313],
       [-33.07606552],
       [-33.52642095],
       [-17.56450022],
       [-33.47072901],
       [-33.31860084],
       [-32.25176311],
       [-33.37166816],
       [-32.28593633],
       [-33.94988854],
       [-20.22654466],
       [-31.08219562],
       [ -2.03327747],
       [-33.26950721],
       [-32.05977428],
       [-33.29824598],
       [-33.69807767],
       [-17.58127805],
       [-33.46433686],
       [-33.48759684],
       [-33.65238554],
       [-31.981398  ],
       [-33.70904281],
       [-32.27685552],
       [-20.11245421],
       [-32.08371943],
       [-21.07302118],
       [-23.51817328]])
<<<<<<<<<<< STEP 11 >>>>>>>>>>>> + array([[-0.5       ],
       [-0.5       ],
       [-0.50000003],
       [-0.50000003],
       [-0.50000003],
       [-0.50000003],
       [-0.5       ],
       [ 0.0054768 ],
       [-0.50000829],
       [ 0.00267443],
       [-0.5       ],
       [-0.5000001 ],
       [-0.50000004],
       [-0.5       ],
       [-0.5       ],
       [-0.50008613],
       [-0.50000004],
       [-0.50000003],
       [-0.49999999],
       [-0.5       ],
       [-0.49999999],
       [-0.5       ],
       [-0.50002508],
       [-0.50000011],
       [ 0.00101832],
       [-0.5       ],
       [-0.5       ],
       [-0.5       ],
       [-0.50000003],
       [-0.50009362],
       [-0.5       ],
       [-0.5       ],
       [-0.50000003],
       [-0.49999999],
       [-0.50000003],
       [-0.5       ],
       [-0.50004208],
       [-0.50000007],
       [-0.50001462],
       [-0.50000431]])
array([[-34.17042962],
       [-33.73281584],
       [-34.03336633],
       [-33.79185022],
       [-34.0114479 ],
       [-34.18421384],
       [-34.08375658],
       [ -0.32629455],
       [-23.00929099],
       [  0.65354137],
       [-32.65947262],
       [-33.04142245],
       [-34.14021316],
       [-33.57606551],
       [-34.02642095],
       [-18.06458635],
       [-33.97072904],
       [-33.81860087],
       [-32.7517631 ],
       [-33.87166815],
       [-32.78593632],
       [-34.44988854],
       [-20.72656975],
       [-31.58219573],
       [ -2.03225915],
       [-33.76950721],
       [-32.55977428],
       [-33.79824599],
       [-34.1980777 ],
       [-18.08137167],
       [-33.96433686],
       [-33.98759685],
       [-34.15238557],
       [-32.481398  ],
       [-34.20904284],
       [-32.77685552],
       [-20.61249628],
       [-32.5837195 ],
       [-21.5730358 ],
       [-24.01817759]])
<<<<<<<<<<< STEP 12 >>>>>>>>>>>> + array([[-0.5       ],
       [-0.5       ],
       [-0.50000002],
       [-0.50000003],
       [-0.50000003],
       [-0.50000002],
       [-0.5       ],
       [ 0.00545032],
       [-0.50000644],
       [ 0.00266755],
       [-0.5       ],
       [-0.50000008],
       [-0.50000003],
       [-0.5       ],
       [-0.5       ],
       [-0.50006685],
       [-0.50000003],
       [-0.50000003],
       [-0.49999999],
       [-0.5       ],
       [-0.49999999],
       [-0.5       ],
       [-0.50001947],
       [-0.50000009],
       [ 0.00107464],
       [-0.5       ],
       [-0.5       ],
       [-0.5       ],
       [-0.50000002],
       [-0.50007266],
       [-0.5       ],
       [-0.5       ],
       [-0.50000003],
       [-0.49999999],
       [-0.50000003],
       [-0.5       ],
       [-0.50003268],
       [-0.50000006],
       [-0.50001135],
       [-0.50000334]])
array([[-34.67042962],
       [-34.23281583],
       [-34.53336636],
       [-34.29185025],
       [-34.51144793],
       [-34.68421387],
       [-34.58375658],
       [ -0.32084423],
       [-23.50929743],
       [  0.65620892],
       [-33.15947262],
       [-33.54142253],
       [-34.64021319],
       [-34.07606551],
       [-34.52642096],
       [-18.5646532 ],
       [-34.47072907],
       [-34.3186009 ],
       [-33.25176309],
       [-34.37166815],
       [-33.28593632],
       [-34.94988854],
       [-21.22658922],
       [-32.08219582],
       [ -2.03118451],
       [-34.26950721],
       [-33.05977428],
       [-34.29824599],
       [-34.69807773],
       [-18.58144432],
       [-34.46433686],
       [-34.48759685],
       [-34.6523856 ],
       [-32.98139799],
       [-34.70904286],
       [-33.27685552],
       [-21.11252897],
       [-33.08371956],
       [-22.07304715],
       [-24.51818093]])
<<<<<<<<<<< STEP 13 >>>>>>>>>>>> + array([[-0.5       ],
       [-0.5       ],
       [-0.50000002],
       [-0.50000002],
       [-0.50000002],
       [-0.50000002],
       [-0.5       ],
       [ 0.00542327],
       [-0.500005  ],
       [ 0.00266063],
       [-0.5       ],
       [-0.50000006],
       [-0.50000002],
       [-0.5       ],
       [-0.5       ],
       [-0.50005192],
       [-0.50000002],
       [-0.50000002],
       [-0.5       ],
       [-0.5       ],
       [-0.5       ],
       [-0.5       ],
       [-0.50001512],
       [-0.50000007],
       [ 0.00111852],
       [-0.5       ],
       [-0.5       ],
       [-0.5       ],
       [-0.50000002],
       [-0.50005642],
       [-0.5       ],
       [-0.5       ],
       [-0.50000002],
       [-0.5       ],
       [-0.50000002],
       [-0.5       ],
       [-0.5000254 ],
       [-0.50000005],
       [-0.50000881],
       [-0.50000259]])
array([[-35.17042962],
       [-34.73281583],
       [-35.03336638],
       [-34.79185027],
       [-35.01144795],
       [-35.18421389],
       [-35.08375658],
       [ -0.31542095],
       [-24.00930243],
       [  0.65886955],
       [-33.65947262],
       [-34.04142259],
       [-35.14021321],
       [-34.57606551],
       [-35.02642096],
       [-19.06470511],
       [-34.97072909],
       [-34.81860092],
       [-33.75176309],
       [-34.87166815],
       [-33.78593631],
       [-35.44988854],
       [-21.72660434],
       [-32.58219589],
       [ -2.03006599],
       [-34.76950721],
       [-33.55977428],
       [-34.79824599],
       [-35.19807775],
       [-19.08150075],
       [-34.96433686],
       [-34.98759685],
       [-35.15238562],
       [-33.48139799],
       [-35.20904288],
       [-33.77685552],
       [-21.61255437],
       [-33.58371961],
       [-22.57305596],
       [-25.01818352]])
<<<<<<<<<<< STEP 14 >>>>>>>>>>>> + array([[-0.5       ],
       [-0.5       ],
       [-0.50000001],
       [-0.50000002],
       [-0.50000002],
       [-0.50000001],
       [-0.5       ],
       [ 0.00539585],
       [-0.50000388],
       [ 0.00265368],
       [-0.5       ],
       [-0.50000005],
       [-0.50000002],
       [-0.5       ],
       [-0.5       ],
       [-0.50004034],
       [-0.50000002],
       [-0.50000002],
       [-0.5       ],
       [-0.5       ],
       [-0.5       ],
       [-0.5       ],
       [-0.50001175],
       [-0.50000005],
       [ 0.00115273],
       [-0.5       ],
       [-0.5       ],
       [-0.5       ],
       [-0.50000002],
       [-0.50004383],
       [-0.5       ],
       [-0.5       ],
       [-0.50000002],
       [-0.5       ],
       [-0.50000002],
       [-0.5       ],
       [-0.50001974],
       [-0.50000004],
       [-0.50000685],
       [-0.50000201]])
array([[-35.67042962],
       [-35.23281583],
       [-35.53336639],
       [-35.29185029],
       [-35.51144797],
       [-35.6842139 ],
       [-35.58375659],
       [ -0.31002511],
       [-24.50930631],
       [  0.66152323],
       [-34.15947262],
       [-34.54142264],
       [-35.64021323],
       [-35.07606551],
       [-35.52642096],
       [-19.56474546],
       [-35.47072911],
       [-35.31860093],
       [-34.25176309],
       [-35.37166815],
       [-34.28593631],
       [-35.94988854],
       [-22.22661608],
       [-33.08219594],
       [ -2.02891326],
       [-35.26950721],
       [-34.05977428],
       [-35.29824599],
       [-35.69807776],
       [-19.58154458],
       [-35.46433686],
       [-35.48759685],
       [-35.65238563],
       [-33.98139798],
       [-35.7090429 ],
       [-34.27685552],
       [-22.11257411],
       [-34.08371964],
       [-23.07306281],
       [-25.51818554]])
<<<<<<<<<<< STEP 15 >>>>>>>>>>>> + array([[-0.5       ],
       [-0.5       ],
       [-0.50000001],
       [-0.50000001],
       [-0.50000001],
       [-0.50000001],
       [-0.5       ],
       [ 0.0053682 ],
       [-0.50000302],
       [ 0.00264672],
       [-0.5       ],
       [-0.50000004],
       [-0.50000001],
       [-0.5       ],
       [-0.5       ],
       [-0.50003136],
       [-0.50000001],
       [-0.50000001],
       [-0.5       ],
       [-0.5       ],
       [-0.5       ],
       [-0.5       ],
       [-0.50000913],
       [-0.50000004],
       [ 0.00117941],
       [-0.5       ],
       [-0.5       ],
       [-0.5       ],
       [-0.50000001],
       [-0.50003407],
       [-0.5       ],
       [-0.5       ],
       [-0.50000001],
       [-0.5       ],
       [-0.50000001],
       [-0.5       ],
       [-0.50001535],
       [-0.50000003],
       [-0.50000532],
       [-0.50000156]])
array([[-36.17042962],
       [-35.73281583],
       [-36.0333664 ],
       [-35.7918503 ],
       [-36.01144798],
       [-36.18421391],
       [-36.08375659],
       [ -0.30465691],
       [-25.00930933],
       [  0.66416994],
       [-34.65947262],
       [-35.04142268],
       [-36.14021324],
       [-35.57606551],
       [-36.02642096],
       [-20.06477681],
       [-35.97072912],
       [-35.81860094],
       [-34.75176308],
       [-35.87166815],
       [-34.78593631],
       [-36.44988854],
       [-22.72662521],
       [-33.58219598],
       [ -2.02773385],
       [-35.76950721],
       [-34.55977428],
       [-35.79824599],
       [-36.19807778],
       [-20.08157865],
       [-35.96433686],
       [-35.98759685],
       [-36.15238564],
       [-34.48139798],
       [-36.20904291],
       [-34.77685552],
       [-22.61258945],
       [-34.58371967],
       [-23.57306813],
       [-26.0181871 ]])
<<<<<<<<<<< STEP 16 >>>>>>>>>>>> + array([[-0.5       ],
       [-0.5       ],
       [-0.50000001],
       [-0.50000001],
       [-0.50000001],
       [-0.50000001],
       [-0.5       ],
       [ 0.00534044],
       [-0.50000235],
       [ 0.00263975],
       [-0.5       ],
       [-0.50000003],
       [-0.50000001],
       [-0.5       ],
       [-0.5       ],
       [-0.50002438],
       [-0.50000001],
       [-0.50000001],
       [-0.5       ],
       [-0.5       ],
       [-0.5       ],
       [-0.5       ],
       [-0.5000071 ],
       [-0.50000003],
       [ 0.00120021],
       [-0.5       ],
       [-0.5       ],
       [-0.5       ],
       [-0.50000001],
       [-0.50002648],
       [-0.5       ],
       [-0.5       ],
       [-0.50000001],
       [-0.5       ],
       [-0.50000001],
       [-0.5       ],
       [-0.50001193],
       [-0.50000002],
       [-0.50000414],
       [-0.50000122]])
array([[-36.67042962],
       [-36.23281583],
       [-36.53336641],
       [-36.29185031],
       [-36.51144799],
       [-36.68421392],
       [-36.58375659],
       [ -0.29931647],
       [-25.50931168],
       [  0.66680969],
       [-35.15947262],
       [-35.54142271],
       [-36.64021325],
       [-36.07606551],
       [-36.52642096],
       [-20.56480119],
       [-36.47072913],
       [-36.31860095],
       [-35.25176308],
       [-36.37166815],
       [-35.28593631],
       [-36.94988854],
       [-23.22663231],
       [-34.08219601],
       [ -2.02653364],
       [-36.26950721],
       [-35.05977428],
       [-36.29824599],
       [-36.69807778],
       [-20.58160513],
       [-36.46433686],
       [-36.48759685],
       [-36.65238565],
       [-34.98139798],
       [-36.70904292],
       [-35.27685552],
       [-23.11260139],
       [-35.08371969],
       [-24.07307227],
       [-26.51818831]])
<<<<<<<<<<< STEP 17 >>>>>>>>>>>> + array([[-0.5       ],
       [-0.5       ],
       [-0.50000001],
       [-0.50000001],
       [-0.50000001],
       [-0.50000001],
       [-0.5       ],
       [ 0.00531267],
       [-0.50000183],
       [ 0.00263279],
       [-0.5       ],
       [-0.50000002],
       [-0.50000001],
       [-0.5       ],
       [-0.5       ],
       [-0.50001896],
       [-0.50000001],
       [-0.50000001],
       [-0.5       ],
       [-0.5       ],
       [-0.5       ],
       [-0.5       ],
       [-0.50000552],
       [-0.50000002],
       [ 0.00121644],
       [-0.5       ],
       [-0.5       ],
       [-0.5       ],
       [-0.50000001],
       [-0.50002059],
       [-0.5       ],
       [-0.5       ],
       [-0.50000001],
       [-0.5       ],
       [-0.50000001],
       [-0.5       ],
       [-0.50000928],
       [-0.50000002],
       [-0.50000322],
       [-0.50000094]])
array([[-37.17042962],
       [-36.73281583],
       [-37.03336642],
       [-36.79185032],
       [-37.011448  ],
       [-37.18421393],
       [-37.08375659],
       [ -0.29400379],
       [-26.0093135 ],
       [  0.66944249],
       [-35.65947262],
       [-36.04142273],
       [-37.14021326],
       [-36.5760655 ],
       [-37.02642096],
       [-21.06482015],
       [-36.97072914],
       [-36.81860096],
       [-35.75176308],
       [-36.87166814],
       [-35.7859363 ],
       [-37.44988853],
       [-23.72663783],
       [-34.58219603],
       [ -2.0253172 ],
       [-36.76950721],
       [-35.55977428],
       [-36.79824599],
       [-37.19807779],
       [-21.08162573],
       [-36.96433686],
       [-36.98759685],
       [-37.15238566],
       [-35.48139798],
       [-37.20904293],
       [-35.77685552],
       [-23.61261067],
       [-35.58371971],
       [-24.57307549],
       [-27.01818926]])
<<<<<<<<<<< STEP 18 >>>>>>>>>>>> + array([[-0.5       ],
       [-0.5       ],
       [-0.50000001],
       [-0.50000001],
       [-0.50000001],
       [-0.50000001],
       [-0.5       ],
       [ 0.00528495],
       [-0.50000142],
       [ 0.00262585],
       [-0.5       ],
       [-0.50000002],
       [-0.50000001],
       [-0.5       ],
       [-0.5       ],
       [-0.50001475],
       [-0.50000001],
       [-0.50000001],
       [-0.5       ],
       [-0.5       ],
       [-0.5       ],
       [-0.5       ],
       [-0.50000429],
       [-0.50000002],
       [ 0.00122912],
       [-0.5       ],
       [-0.5       ],
       [-0.5       ],
       [-0.50000001],
       [-0.50001602],
       [-0.5       ],
       [-0.5       ],
       [-0.50000001],
       [-0.5       ],
       [-0.50000001],
       [-0.5       ],
       [-0.50000722],
       [-0.50000001],
       [-0.5000025 ],
       [-0.50000073]])
array([[-37.67042962],
       [-37.23281583],
       [-37.53336642],
       [-37.29185032],
       [-37.511448  ],
       [-37.68421393],
       [-37.58375659],
       [ -0.28871884],
       [-26.50931492],
       [  0.67206834],
       [-36.15947262],
       [-36.54142275],
       [-37.64021326],
       [-37.0760655 ],
       [-37.52642097],
       [-21.5648349 ],
       [-37.47072914],
       [-37.31860097],
       [-36.25176308],
       [-37.37166814],
       [-36.2859363 ],
       [-37.94988853],
       [-24.22664213],
       [-35.08219605],
       [ -2.02408808],
       [-37.26950721],
       [-36.05977428],
       [-37.29824599],
       [-37.6980778 ],
       [-21.58164174],
       [-37.46433686],
       [-37.48759685],
       [-37.65238567],
       [-35.98139797],
       [-37.70904293],
       [-36.27685552],
       [-24.11261789],
       [-36.08371972],
       [-25.07307799],
       [-27.51818999]])
<<<<<<<<<<< STEP 19 >>>>>>>>>>>> + array([[-0.5       ],
       [-0.5       ],
       [-0.5       ],
       [-0.5       ],
       [-0.5       ],
       [-0.5       ],
       [-0.5       ],
       [ 0.00525734],
       [-0.50000111],
       [ 0.00261892],
       [-0.5       ],
       [-0.50000001],
       [-0.5       ],
       [-0.5       ],
       [-0.5       ],
       [-0.50001147],
       [-0.5       ],
       [-0.5       ],
       [-0.5       ],
       [-0.5       ],
       [-0.5       ],
       [-0.5       ],
       [-0.50000334],
       [-0.50000001],
       [ 0.00123901],
       [-0.5       ],
       [-0.5       ],
       [-0.5       ],
       [-0.5       ],
       [-0.50001246],
       [-0.5       ],
       [-0.5       ],
       [-0.5       ],
       [-0.5       ],
       [-0.5       ],
       [-0.5       ],
       [-0.50000562],
       [-0.50000001],
       [-0.50000195],
       [-0.50000057]])
array([[-38.17042962],
       [-37.73281582],
       [-38.03336642],
       [-37.79185033],
       [-38.01144801],
       [-38.18421394],
       [-38.08375659],
       [ -0.28346151],
       [-27.00931603],
       [  0.67468726],
       [-36.65947262],
       [-37.04142276],
       [-38.14021327],
       [-37.5760655 ],
       [-38.02642097],
       [-22.06484637],
       [-37.97072915],
       [-37.81860097],
       [-36.75176308],
       [-37.87166814],
       [-36.7859363 ],
       [-38.44988853],
       [-24.72664547],
       [-35.58219607],
       [ -2.02284907],
       [-37.76950721],
       [-36.55977428],
       [-37.79824599],
       [-38.1980778 ],
       [-22.0816542 ],
       [-37.96433686],
       [-37.98759685],
       [-38.15238567],
       [-36.48139797],
       [-38.20904294],
       [-36.77685552],
       [-24.61262351],
       [-36.58371973],
       [-25.57307994],
       [-28.01819056]])
<<<<<<<<<<< STEP 20 >>>>>>>>>>>> + array([[-0.5       ],
       [-0.5       ],
       [-0.5       ],
       [-0.5       ],
       [-0.5       ],
       [-0.5       ],
       [-0.5       ],
       [ 0.00522986],
       [-0.50000086],
       [ 0.00261202],
       [-0.5       ],
       [-0.50000001],
       [-0.5       ],
       [-0.5       ],
       [-0.5       ],
       [-0.50000893],
       [-0.5       ],
       [-0.5       ],
       [-0.5       ],
       [-0.5       ],
       [-0.5       ],
       [-0.5       ],
       [-0.5000026 ],
       [-0.50000001],
       [ 0.00124675],
       [-0.5       ],
       [-0.5       ],
       [-0.5       ],
       [-0.5       ],
       [-0.50000969],
       [-0.5       ],
       [-0.5       ],
       [-0.5       ],
       [-0.5       ],
       [-0.5       ],
       [-0.5       ],
       [-0.50000437],
       [-0.50000001],
       [-0.50000151],
       [-0.50000044]])
array([[-38.67042962],
       [-38.23281582],
       [-38.53336643],
       [-38.29185033],
       [-38.51144801],
       [-38.68421394],
       [-38.58375659],
       [ -0.27823164],
       [-27.50931689],
       [  0.67729927],
       [-37.15947262],
       [-37.54142277],
       [-38.64021327],
       [-38.0760655 ],
       [-38.52642097],
       [-22.5648553 ],
       [-38.47072915],
       [-38.31860097],
       [-37.25176308],
       [-38.37166814],
       [-37.2859363 ],
       [-38.94988853],
       [-25.22664807],
       [-36.08219608],
       [ -2.02160232],
       [-38.26950721],
       [-37.05977428],
       [-38.29824599],
       [-38.6980778 ],
       [-22.58166389],
       [-38.46433686],
       [-38.48759685],
       [-38.65238567],
       [-36.98139797],
       [-38.70904294],
       [-37.27685552],
       [-25.11262787],
       [-37.08371974],
       [-26.07308145],
       [-28.51819101]])
<<<<<<<<<<< STEP 21 >>>>>>>>>>>> + array([[-0.5       ],
       [-0.5       ],
       [-0.5       ],
       [-0.5       ],
       [-0.5       ],
       [-0.5       ],
       [-0.5       ],
       [ 0.00520257],
       [-0.50000067],
       [ 0.00260514],
       [-0.5       ],
       [-0.50000001],
       [-0.5       ],
       [-0.5       ],
       [-0.5       ],
       [-0.50000695],
       [-0.5       ],
       [-0.5       ],
       [-0.5       ],
       [-0.5       ],
       [-0.5       ],
       [-0.5       ],
       [-0.50000202],
       [-0.50000001],
       [ 0.0012528 ],
       [-0.5       ],
       [-0.5       ],
       [-0.5       ],
       [-0.5       ],
       [-0.50000754],
       [-0.5       ],
       [-0.5       ],
       [-0.5       ],
       [-0.5       ],
       [-0.5       ],
       [-0.5       ],
       [-0.5000034 ],
       [-0.50000001],
       [-0.50000118],
       [-0.50000035]])
array([[-39.17042962],
       [-38.73281582],
       [-39.03336643],
       [-38.79185033],
       [-39.01144801],
       [-39.18421394],
       [-39.08375659],
       [ -0.27302908],
       [-28.00931756],
       [  0.67990441],
       [-37.65947262],
       [-38.04142278],
       [-39.14021327],
       [-38.5760655 ],
       [-39.02642097],
       [-23.06486225],
       [-38.97072916],
       [-38.81860098],
       [-37.75176308],
       [-38.87166814],
       [-37.7859363 ],
       [-39.44988853],
       [-25.72665009],
       [-36.58219609],
       [ -2.02034952],
       [-38.76950721],
       [-37.55977428],
       [-38.79824599],
       [-39.19807781],
       [-23.08167143],
       [-38.96433686],
       [-38.98759685],
       [-39.15238568],
       [-37.48139797],
       [-39.20904294],
       [-37.77685552],
       [-25.61263127],
       [-37.58371974],
       [-26.57308263],
       [-29.01819135]])
<<<<<<<<<<< STEP 22 >>>>>>>>>>>> + array([[-0.5       ],
       [-0.5       ],
       [-0.5       ],
       [-0.5       ],
       [-0.5       ],
       [-0.5       ],
       [-0.5       ],
       [ 0.00517547],
       [-0.50000052],
       [ 0.00259828],
       [-0.5       ],
       [-0.50000001],
       [-0.5       ],
       [-0.5       ],
       [-0.5       ],
       [-0.5000054 ],
       [-0.5       ],
       [-0.5       ],
       [-0.5       ],
       [-0.5       ],
       [-0.5       ],
       [-0.5       ],
       [-0.50000157],
       [-0.50000001],
       [ 0.00125753],
       [-0.5       ],
       [-0.5       ],
       [-0.5       ],
       [-0.5       ],
       [-0.50000587],
       [-0.5       ],
       [-0.5       ],
       [-0.5       ],
       [-0.5       ],
       [-0.5       ],
       [-0.5       ],
       [-0.50000264],
       [-0.5       ],
       [-0.50000092],
       [-0.50000027]])
array([[-39.67042962],
       [-39.23281582],
       [-39.53336643],
       [-39.29185034],
       [-39.51144802],
       [-39.68421394],
       [-39.58375659],
       [ -0.26785361],
       [-28.50931808],
       [  0.68250269],
       [-38.15947262],
       [-38.54142279],
       [-39.64021328],
       [-39.0760655 ],
       [-39.52642097],
       [-23.56486765],
       [-39.47072916],
       [-39.31860098],
       [-38.25176308],
       [-39.37166814],
       [-38.2859363 ],
       [-39.94988853],
       [-26.22665166],
       [-37.0821961 ],
       [ -2.01909198],
       [-39.26950721],
       [-38.05977428],
       [-39.29824599],
       [-39.69807781],
       [-23.5816773 ],
       [-39.46433686],
       [-39.48759685],
       [-39.65238568],
       [-37.98139797],
       [-39.70904295],
       [-38.27685552],
       [-26.11263392],
       [-38.08371975],
       [-27.07308355],
       [-29.51819162]])
<<<<<<<<<<< STEP 23 >>>>>>>>>>>> + array([[-0.5       ],
       [-0.5       ],
       [-0.5       ],
       [-0.5       ],
       [-0.5       ],
       [-0.5       ],
       [-0.5       ],
       [ 0.00514858],
       [-0.50000041],
       [ 0.00259146],
       [-0.5       ],
       [-0.50000001],
       [-0.5       ],
       [-0.5       ],
       [-0.5       ],
       [-0.50000421],
       [-0.5       ],
       [-0.5       ],
       [-0.5       ],
       [-0.5       ],
       [-0.5       ],
       [-0.5       ],
       [-0.50000122],
       [-0.50000001],
       [ 0.00126124],
       [-0.5       ],
       [-0.5       ],
       [-0.5       ],
       [-0.5       ],
       [-0.50000456],
       [-0.5       ],
       [-0.5       ],
       [-0.5       ],
       [-0.5       ],
       [-0.5       ],
       [-0.5       ],
       [-0.50000206],
       [-0.5       ],
       [-0.50000071],
       [-0.50000021]])
array([[-40.17042962],
       [-39.73281582],
       [-40.03336643],
       [-39.79185034],
       [-40.01144802],
       [-40.18421395],
       [-40.08375659],
       [ -0.26270503],
       [-29.00931848],
       [  0.68509415],
       [-38.65947262],
       [-39.04142279],
       [-40.14021328],
       [-39.5760655 ],
       [-40.02642097],
       [-24.06487186],
       [-39.97072916],
       [-39.81860098],
       [-38.75176308],
       [-39.87166814],
       [-38.7859363 ],
       [-40.44988853],
       [-26.72665289],
       [-37.5821961 ],
       [ -2.01783074],
       [-39.76950721],
       [-38.55977428],
       [-39.79824599],
       [-40.19807781],
       [-24.08168186],
       [-39.96433686],
       [-39.98759685],
       [-40.15238568],
       [-38.48139797],
       [-40.20904295],
       [-38.77685552],
       [-26.61263597],
       [-38.58371975],
       [-27.57308426],
       [-30.01819183]])
<<<<<<<<<<< STEP 24 >>>>>>>>>>>> + array([[-0.5       ],
       [-0.5       ],
       [-0.5       ],
       [-0.5       ],
       [-0.5       ],
       [-0.5       ],
       [-0.5       ],
       [ 0.00512191],
       [-0.50000032],
       [ 0.00258466],
       [-0.5       ],
       [-0.5       ],
       [-0.5       ],
       [-0.5       ],
       [-0.5       ],
       [-0.50000327],
       [-0.5       ],
       [-0.5       ],
       [-0.5       ],
       [-0.5       ],
       [-0.5       ],
       [-0.5       ],
       [-0.50000095],
       [-0.5       ],
       [ 0.00126415],
       [-0.5       ],
       [-0.5       ],
       [-0.5       ],
       [-0.5       ],
       [-0.50000355],
       [-0.5       ],
       [-0.5       ],
       [-0.5       ],
       [-0.5       ],
       [-0.5       ],
       [-0.5       ],
       [-0.5000016 ],
       [-0.5       ],
       [-0.50000056],
       [-0.50000016]])
array([[-40.67042962],
       [-40.23281582],
       [-40.53336643],
       [-40.29185034],
       [-40.51144802],
       [-40.68421395],
       [-40.58375659],
       [ -0.25758312],
       [-29.5093188 ],
       [  0.68767881],
       [-39.15947262],
       [-39.5414228 ],
       [-40.64021328],
       [-40.0760655 ],
       [-40.52642097],
       [-24.56487513],
       [-40.47072916],
       [-40.31860098],
       [-39.25176308],
       [-40.37166814],
       [-39.2859363 ],
       [-40.94988853],
       [-27.22665384],
       [-38.08219611],
       [ -2.01656659],
       [-40.26950721],
       [-39.05977428],
       [-40.29824599],
       [-40.69807781],
       [-24.58168541],
       [-40.46433686],
       [-40.48759685],
       [-40.65238568],
       [-38.98139797],
       [-40.70904295],
       [-39.27685552],
       [-27.11263758],
       [-39.08371975],
       [-28.07308482],
       [-30.51819199]])
<<<<<<<<<<< STEP 25 >>>>>>>>>>>> + array([[-0.5       ],
       [-0.5       ],
       [-0.5       ],
       [-0.5       ],
       [-0.5       ],
       [-0.5       ],
       [-0.5       ],
       [ 0.00509548],
       [-0.50000025],
       [ 0.0025779 ],
       [-0.5       ],
       [-0.5       ],
       [-0.5       ],
       [-0.5       ],
       [-0.5       ],
       [-0.50000255],
       [-0.5       ],
       [-0.5       ],
       [-0.5       ],
       [-0.5       ],
       [-0.5       ],
       [-0.5       ],
       [-0.50000074],
       [-0.5       ],
       [ 0.00126644],
       [-0.5       ],
       [-0.5       ],
       [-0.5       ],
       [-0.5       ],
       [-0.50000276],
       [-0.5       ],
       [-0.5       ],
       [-0.5       ],
       [-0.5       ],
       [-0.5       ],
       [-0.5       ],
       [-0.50000125],
       [-0.5       ],
       [-0.50000043],
       [-0.50000013]])
array([[-41.17042962],
       [-40.73281582],
       [-41.03336644],
       [-40.79185034],
       [-41.01144802],
       [-41.18421395],
       [-41.08375659],
       [ -0.25248764],
       [-30.00931904],
       [  0.69025671],
       [-39.65947262],
       [-40.0414228 ],
       [-41.14021328],
       [-40.5760655 ],
       [-41.02642097],
       [-25.06487768],
       [-40.97072916],
       [-40.81860098],
       [-39.75176308],
       [-40.87166814],
       [-39.7859363 ],
       [-41.44988853],
       [-27.72665458],
       [-38.58219611],
       [ -2.01530015],
       [-40.76950721],
       [-39.55977428],
       [-40.79824599],
       [-41.19807781],
       [-25.08168817],
       [-40.96433686],
       [-40.98759685],
       [-41.15238568],
       [-39.48139797],
       [-41.20904295],
       [-39.77685552],
       [-27.61263882],
       [-39.58371976],
       [-28.57308525],
       [-31.01819212]])
<<<<<<<<<<< STEP 26 >>>>>>>>>>>> + array([[-0.5       ],
       [-0.5       ],
       [-0.5       ],
       [-0.5       ],
       [-0.5       ],
       [-0.5       ],
       [-0.5       ],
       [ 0.00506929],
       [-0.50000019],
       [ 0.00257117],
       [-0.5       ],
       [-0.5       ],
       [-0.5       ],
       [-0.5       ],
       [-0.5       ],
       [-0.50000198],
       [-0.5       ],
       [-0.5       ],
       [-0.5       ],
       [-0.5       ],
       [-0.5       ],
       [-0.5       ],
       [-0.50000058],
       [-0.5       ],
       [ 0.00126823],
       [-0.5       ],
       [-0.5       ],
       [-0.5       ],
       [-0.5       ],
       [-0.50000215],
       [-0.5       ],
       [-0.5       ],
       [-0.5       ],
       [-0.5       ],
       [-0.5       ],
       [-0.5       ],
       [-0.50000097],
       [-0.5       ],
       [-0.50000034],
       [-0.5000001 ]])
array([[-41.67042962],
       [-41.23281582],
       [-41.53336644],
       [-41.29185034],
       [-41.51144802],
       [-41.68421395],
       [-41.58375659],
       [ -0.24741835],
       [-30.50931924],
       [  0.69282787],
       [-40.15947262],
       [-40.5414228 ],
       [-41.64021328],
       [-41.0760655 ],
       [-41.52642097],
       [-25.56487966],
       [-41.47072916],
       [-41.31860098],
       [-40.25176308],
       [-41.37166814],
       [-40.2859363 ],
       [-41.94988853],
       [-28.22665516],
       [-39.08219611],
       [ -2.01403192],
       [-41.26950721],
       [-40.05977428],
       [-41.29824599],
       [-41.69807781],
       [-25.58169032],
       [-41.46433686],
       [-41.48759685],
       [-41.65238568],
       [-39.98139797],
       [-41.70904295],
       [-40.27685552],
       [-28.11263979],
       [-40.08371976],
       [-29.07308559],
       [-31.51819222]])
<<<<<<<<<<< STEP 27 >>>>>>>>>>>> + array([[-0.5       ],
       [-0.5       ],
       [-0.5       ],
       [-0.5       ],
       [-0.5       ],
       [-0.5       ],
       [-0.5       ],
       [ 0.00504334],
       [-0.50000015],
       [ 0.00256447],
       [-0.5       ],
       [-0.5       ],
       [-0.5       ],
       [-0.5       ],
       [-0.5       ],
       [-0.50000154],
       [-0.5       ],
       [-0.5       ],
       [-0.5       ],
       [-0.5       ],
       [-0.5       ],
       [-0.5       ],
       [-0.50000045],
       [-0.5       ],
       [ 0.00126964],
       [-0.5       ],
       [-0.5       ],
       [-0.5       ],
       [-0.5       ],
       [-0.50000167],
       [-0.5       ],
       [-0.5       ],
       [-0.5       ],
       [-0.5       ],
       [-0.5       ],
       [-0.5       ],
       [-0.50000075],
       [-0.5       ],
       [-0.50000026],
       [-0.50000008]])
array([[-42.17042962],
       [-41.73281582],
       [-42.03336644],
       [-41.79185034],
       [-42.01144802],
       [-42.18421395],
       [-42.08375659],
       [ -0.24237501],
       [-31.00931938],
       [  0.69539234],
       [-40.65947262],
       [-41.0414228 ],
       [-42.14021328],
       [-41.5760655 ],
       [-42.02642097],
       [-26.0648812 ],
       [-41.97072916],
       [-41.81860098],
       [-40.75176308],
       [-41.87166814],
       [-40.7859363 ],
       [-42.44988853],
       [-28.72665561],
       [-39.58219611],
       [ -2.01276227],
       [-41.76950721],
       [-40.55977428],
       [-41.79824599],
       [-42.19807781],
       [-26.081692  ],
       [-41.96433686],
       [-41.98759685],
       [-42.15238568],
       [-40.48139797],
       [-42.20904295],
       [-40.77685552],
       [-28.61264054],
       [-40.58371976],
       [-29.57308585],
       [-32.0181923 ]])
<<<<<<<<<<< STEP 28 >>>>>>>>>>>> + array([[-0.5       ],
       [-0.5       ],
       [-0.5       ],
       [-0.5       ],
       [-0.5       ],
       [-0.5       ],
       [-0.5       ],
       [ 0.00501763],
       [-0.50000012],
       [ 0.0025578 ],
       [-0.5       ],
       [-0.5       ],
       [-0.5       ],
       [-0.5       ],
       [-0.5       ],
       [-0.5000012 ],
       [-0.5       ],
       [-0.5       ],
       [-0.5       ],
       [-0.5       ],
       [-0.5       ],
       [-0.5       ],
       [-0.50000035],
       [-0.5       ],
       [ 0.00127075],
       [-0.5       ],
       [-0.5       ],
       [-0.5       ],
       [-0.5       ],
       [-0.5000013 ],
       [-0.5       ],
       [-0.5       ],
       [-0.5       ],
       [-0.5       ],
       [-0.5       ],
       [-0.5       ],
       [-0.50000059],
       [-0.5       ],
       [-0.5000002 ],
       [-0.50000006]])
array([[-42.67042962],
       [-42.23281582],
       [-42.53336644],
       [-42.29185034],
       [-42.51144802],
       [-42.68421395],
       [-42.58375659],
       [ -0.23735738],
       [-31.5093195 ],
       [  0.69795014],
       [-41.15947262],
       [-41.5414228 ],
       [-42.64021328],
       [-42.0760655 ],
       [-42.52642097],
       [-26.5648824 ],
       [-42.47072916],
       [-42.31860098],
       [-41.25176308],
       [-42.37166814],
       [-41.2859363 ],
       [-42.94988853],
       [-29.22665596],
       [-40.08219612],
       [ -2.01149152],
       [-42.26950721],
       [-41.05977428],
       [-42.29824599],
       [-42.69807781],
       [-26.5816933 ],
       [-42.46433686],
       [-42.48759685],
       [-42.65238568],
       [-40.98139797],
       [-42.70904295],
       [-41.27685552],
       [-29.11264113],
       [-41.08371976],
       [-30.07308605],
       [-32.51819236]])
<<<<<<<<<<< STEP 29 >>>>>>>>>>>> + array([[-0.5       ],
       [-0.5       ],
       [-0.5       ],
       [-0.5       ],
       [-0.5       ],
       [-0.5       ],
       [-0.5       ],
       [ 0.00499216],
       [-0.50000009],
       [ 0.00255116],
       [-0.5       ],
       [-0.5       ],
       [-0.5       ],
       [-0.5       ],
       [-0.5       ],
       [-0.50000093],
       [-0.5       ],
       [-0.5       ],
       [-0.5       ],
       [-0.5       ],
       [-0.5       ],
       [-0.5       ],
       [-0.50000027],
       [-0.5       ],
       [ 0.00127163],
       [-0.5       ],
       [-0.5       ],
       [-0.5       ],
       [-0.5       ],
       [-0.50000101],
       [-0.5       ],
       [-0.5       ],
       [-0.5       ],
       [-0.5       ],
       [-0.5       ],
       [-0.5       ],
       [-0.50000046],
       [-0.5       ],
       [-0.50000016],
       [-0.50000005]])
array([[-43.17042962],
       [-42.73281582],
       [-43.03336644],
       [-42.79185034],
       [-43.01144802],
       [-43.18421395],
       [-43.08375659],
       [ -0.23236522],
       [-32.00931959],
       [  0.7005013 ],
       [-41.65947262],
       [-42.04142281],
       [-43.14021328],
       [-42.5760655 ],
       [-43.02642097],
       [-27.06488334],
       [-42.97072916],
       [-42.81860099],
       [-41.75176308],
       [-42.87166814],
       [-41.7859363 ],
       [-43.44988853],
       [-29.72665623],
       [-40.58219612],
       [ -2.0102199 ],
       [-42.76950721],
       [-41.55977428],
       [-42.79824599],
       [-43.19807782],
       [-27.08169431],
       [-42.96433686],
       [-42.98759685],
       [-43.15238569],
       [-41.48139797],
       [-43.20904295],
       [-41.77685552],
       [-29.61264159],
       [-41.58371976],
       [-30.57308621],
       [-33.0181924 ]])
<<<<<<<<<<< STEP 30 >>>>>>>>>>>> + array([[-0.5       ],
       [-0.5       ],
       [-0.5       ],
       [-0.5       ],
       [-0.5       ],
       [-0.5       ],
       [-0.5       ],
       [ 0.00496694],
       [-0.50000007],
       [ 0.00254456],
       [-0.5       ],
       [-0.5       ],
       [-0.5       ],
       [-0.5       ],
       [-0.5       ],
       [-0.50000073],
       [-0.5       ],
       [-0.5       ],
       [-0.5       ],
       [-0.5       ],
       [-0.5       ],
       [-0.5       ],
       [-0.50000021],
       [-0.5       ],
       [ 0.00127231],
       [-0.5       ],
       [-0.5       ],
       [-0.5       ],
       [-0.5       ],
       [-0.50000079],
       [-0.5       ],
       [-0.5       ],
       [-0.5       ],
       [-0.5       ],
       [-0.5       ],
       [-0.5       ],
       [-0.50000036],
       [-0.5       ],
       [-0.50000012],
       [-0.50000004]])
array([[-43.67042962],
       [-43.23281582],
       [-43.53336644],
       [-43.29185034],
       [-43.51144802],
       [-43.68421395],
       [-43.58375659],
       [ -0.22739827],
       [-32.50931966],
       [  0.70304586],
       [-42.15947262],
       [-42.54142281],
       [-43.64021328],
       [-43.0760655 ],
       [-43.52642097],
       [-27.56488406],
       [-43.47072916],
       [-43.31860099],
       [-42.25176308],
       [-43.37166814],
       [-42.2859363 ],
       [-43.94988853],
       [-30.22665644],
       [-41.08219612],
       [ -2.00894758],
       [-43.26950721],
       [-42.05977428],
       [-43.29824599],
       [-43.69807782],
       [-27.5816951 ],
       [-43.46433686],
       [-43.48759685],
       [-43.65238569],
       [-41.98139797],
       [-43.70904295],
       [-42.27685552],
       [-30.11264194],
       [-42.08371976],
       [-31.07308633],
       [-33.51819244]])
<<<<<<<<<<< STEP 31 >>>>>>>>>>>> + array([[-0.5       ],
       [-0.5       ],
       [-0.5       ],
       [-0.5       ],
       [-0.5       ],
       [-0.5       ],
       [-0.5       ],
       [ 0.00494197],
       [-0.50000005],
       [ 0.00253799],
       [-0.5       ],
       [-0.5       ],
       [-0.5       ],
       [-0.5       ],
       [-0.5       ],
       [-0.50000057],
       [-0.5       ],
       [-0.5       ],
       [-0.5       ],
       [-0.5       ],
       [-0.5       ],
       [-0.5       ],
       [-0.50000016],
       [-0.5       ],
       [ 0.00127285],
       [-0.5       ],
       [-0.5       ],
       [-0.5       ],
       [-0.5       ],
       [-0.50000061],
       [-0.5       ],
       [-0.5       ],
       [-0.5       ],
       [-0.5       ],
       [-0.5       ],
       [-0.5       ],
       [-0.50000028],
       [-0.5       ],
       [-0.5000001 ],
       [-0.50000003]])
array([[-44.17042962],
       [-43.73281582],
       [-44.03336644],
       [-43.79185034],
       [-44.01144802],
       [-44.18421395],
       [-44.08375659],
       [ -0.2224563 ],
       [-33.00931971],
       [  0.70558385],
       [-42.65947262],
       [-43.04142281],
       [-44.14021328],
       [-43.5760655 ],
       [-44.02642097],
       [-28.06488463],
       [-43.97072917],
       [-43.81860099],
       [-42.75176308],
       [-43.87166814],
       [-42.7859363 ],
       [-44.44988853],
       [-30.72665661],
       [-41.58219612],
       [ -2.00767473],
       [-43.76950721],
       [-42.55977428],
       [-43.79824599],
       [-44.19807782],
       [-28.08169571],
       [-43.96433686],
       [-43.98759685],
       [-44.15238569],
       [-42.48139797],
       [-44.20904295],
       [-42.77685552],
       [-30.61264222],
       [-42.58371976],
       [-31.57308643],
       [-34.01819247]])
<<<<<<<<<<< STEP 32 >>>>>>>>>>>> + array([[-0.5       ],
       [-0.5       ],
       [-0.5       ],
       [-0.5       ],
       [-0.5       ],
       [-0.5       ],
       [-0.5       ],
       [ 0.00491723],
       [-0.50000004],
       [ 0.00253145],
       [-0.5       ],
       [-0.5       ],
       [-0.5       ],
       [-0.5       ],
       [-0.5       ],
       [-0.50000044],
       [-0.5       ],
       [-0.5       ],
       [-0.5       ],
       [-0.5       ],
       [-0.5       ],
       [-0.5       ],
       [-0.50000013],
       [-0.5       ],
       [ 0.00127328],
       [-0.5       ],
       [-0.5       ],
       [-0.5       ],
       [-0.5       ],
       [-0.50000048],
       [-0.5       ],
       [-0.5       ],
       [-0.5       ],
       [-0.5       ],
       [-0.5       ],
       [-0.5       ],
       [-0.50000022],
       [-0.5       ],
       [-0.50000007],
       [-0.50000002]])
array([[-44.67042962],
       [-44.23281582],
       [-44.53336644],
       [-44.29185034],
       [-44.51144802],
       [-44.68421395],
       [-44.58375659],
       [ -0.21753907],
       [-33.50931976],
       [  0.70811531],
       [-43.15947262],
       [-43.54142281],
       [-44.64021328],
       [-44.0760655 ],
       [-44.52642097],
       [-28.56488507],
       [-44.47072917],
       [-44.31860099],
       [-43.25176308],
       [-44.37166814],
       [-43.2859363 ],
       [-44.94988853],
       [-31.22665674],
       [-42.08219612],
       [ -2.00640145],
       [-44.26950721],
       [-43.05977428],
       [-44.29824599],
       [-44.69807782],
       [-28.58169619],
       [-44.46433686],
       [-44.48759685],
       [-44.65238569],
       [-42.98139797],
       [-44.70904295],
       [-43.27685552],
       [-31.11264243],
       [-43.08371976],
       [-32.0730865 ],
       [-34.51819249]])
<<<<<<<<<<< STEP 33 >>>>>>>>>>>> + array([[-0.5       ],
       [-0.5       ],
       [-0.5       ],
       [-0.5       ],
       [-0.5       ],
       [-0.5       ],
       [-0.5       ],
       [ 0.00489273],
       [-0.50000003],
       [ 0.00252495],
       [-0.5       ],
       [-0.5       ],
       [-0.5       ],
       [-0.5       ],
       [-0.5       ],
       [-0.50000034],
       [-0.5       ],
       [-0.5       ],
       [-0.5       ],
       [-0.5       ],
       [-0.5       ],
       [-0.5       ],
       [-0.5000001 ],
       [-0.5       ],
       [ 0.00127361],
       [-0.5       ],
       [-0.5       ],
       [-0.5       ],
       [-0.5       ],
       [-0.50000037],
       [-0.5       ],
       [-0.5       ],
       [-0.5       ],
       [-0.5       ],
       [-0.5       ],
       [-0.5       ],
       [-0.50000017],
       [-0.5       ],
       [-0.50000006],
       [-0.50000002]])
array([[-45.17042962],
       [-44.73281582],
       [-45.03336644],
       [-44.79185034],
       [-45.01144802],
       [-45.18421395],
       [-45.08375659],
       [ -0.21264634],
       [-34.00931979],
       [  0.71064026],
       [-43.65947262],
       [-44.04142281],
       [-45.14021328],
       [-44.5760655 ],
       [-45.02642097],
       [-29.06488541],
       [-44.97072917],
       [-44.81860099],
       [-43.75176308],
       [-44.87166814],
       [-43.7859363 ],
       [-45.44988853],
       [-31.72665684],
       [-42.58219612],
       [ -2.00512784],
       [-44.76950721],
       [-43.55977428],
       [-44.79824599],
       [-45.19807782],
       [-29.08169656],
       [-44.96433686],
       [-44.98759685],
       [-45.15238569],
       [-43.48139797],
       [-45.20904295],
       [-43.77685552],
       [-31.6126426 ],
       [-43.58371976],
       [-32.57308656],
       [-35.01819251]])
<<<<<<<<<<< STEP 34 >>>>>>>>>>>> + array([[-0.5       ],
       [-0.5       ],
       [-0.5       ],
       [-0.5       ],
       [-0.5       ],
       [-0.5       ],
       [-0.5       ],
       [ 0.00486847],
       [-0.50000003],
       [ 0.00251848],
       [-0.5       ],
       [-0.5       ],
       [-0.5       ],
       [-0.5       ],
       [-0.5       ],
       [-0.50000027],
       [-0.5       ],
       [-0.5       ],
       [-0.5       ],
       [-0.5       ],
       [-0.5       ],
       [-0.5       ],
       [-0.50000008],
       [-0.5       ],
       [ 0.00127386],
       [-0.5       ],
       [-0.5       ],
       [-0.5       ],
       [-0.5       ],
       [-0.50000029],
       [-0.5       ],
       [-0.5       ],
       [-0.5       ],
       [-0.5       ],
       [-0.5       ],
       [-0.5       ],
       [-0.50000013],
       [-0.5       ],
       [-0.50000005],
       [-0.50000001]])
array([[-45.67042962],
       [-45.23281582],
       [-45.53336644],
       [-45.29185034],
       [-45.51144802],
       [-45.68421395],
       [-45.58375659],
       [ -0.20777787],
       [-34.50931982],
       [  0.71315873],
       [-44.15947262],
       [-44.54142281],
       [-45.64021328],
       [-45.0760655 ],
       [-45.52642097],
       [-29.56488568],
       [-45.47072917],
       [-45.31860099],
       [-44.25176308],
       [-45.37166814],
       [-44.2859363 ],
       [-45.94988853],
       [-32.22665692],
       [-43.08219612],
       [ -2.00385398],
       [-45.26950721],
       [-44.05977428],
       [-45.29824599],
       [-45.69807782],
       [-29.58169685],
       [-45.46433686],
       [-45.48759685],
       [-45.65238569],
       [-43.98139797],
       [-45.70904295],
       [-44.27685552],
       [-32.11264273],
       [-44.08371976],
       [-33.07308661],
       [-35.51819252]])
<<<<<<<<<<< STEP 35 >>>>>>>>>>>> + array([[-0.5       ],
       [-0.5       ],
       [-0.5       ],
       [-0.5       ],
       [-0.5       ],
       [-0.5       ],
       [-0.5       ],
       [ 0.00484445],
       [-0.50000002],
       [ 0.00251204],
       [-0.5       ],
       [-0.5       ],
       [-0.5       ],
       [-0.5       ],
       [-0.5       ],
       [-0.50000021],
       [-0.5       ],
       [-0.5       ],
       [-0.5       ],
       [-0.5       ],
       [-0.5       ],
       [-0.5       ],
       [-0.50000006],
       [-0.5       ],
       [ 0.00127406],
       [-0.5       ],
       [-0.5       ],
       [-0.5       ],
       [-0.5       ],
       [-0.50000022],
       [-0.5       ],
       [-0.5       ],
       [-0.5       ],
       [-0.5       ],
       [-0.5       ],
       [-0.5       ],
       [-0.5000001 ],
       [-0.5       ],
       [-0.50000004],
       [-0.50000001]])
array([[-46.17042962],
       [-45.73281582],
       [-46.03336644],
       [-45.79185034],
       [-46.01144802],
       [-46.18421395],
       [-46.08375659],
       [ -0.20293342],
       [-35.00931984],
       [  0.71567077],
       [-44.65947262],
       [-45.04142281],
       [-46.14021328],
       [-45.5760655 ],
       [-46.02642097],
       [-30.06488589],
       [-45.97072917],
       [-45.81860099],
       [-44.75176308],
       [-45.87166814],
       [-44.7859363 ],
       [-46.44988853],
       [-32.72665698],
       [-43.58219612],
       [ -2.00257991],
       [-45.76950721],
       [-44.55977428],
       [-45.79824599],
       [-46.19807782],
       [-30.08169708],
       [-45.96433686],
       [-45.98759685],
       [-46.15238569],
       [-44.48139797],
       [-46.20904295],
       [-44.77685552],
       [-32.61264283],
       [-44.58371976],
       [-33.57308664],
       [-36.01819253]])
<<<<<<<<<<< STEP 36 >>>>>>>>>>>> + array([[-0.5       ],
       [-0.5       ],
       [-0.5       ],
       [-0.5       ],
       [-0.5       ],
       [-0.5       ],
       [-0.5       ],
       [ 0.00482065],
       [-0.50000002],
       [ 0.00250563],
       [-0.5       ],
       [-0.5       ],
       [-0.5       ],
       [-0.5       ],
       [-0.5       ],
       [-0.50000016],
       [-0.5       ],
       [-0.5       ],
       [-0.5       ],
       [-0.5       ],
       [-0.5       ],
       [-0.5       ],
       [-0.50000005],
       [-0.5       ],
       [ 0.00127421],
       [-0.5       ],
       [-0.5       ],
       [-0.5       ],
       [-0.5       ],
       [-0.50000018],
       [-0.5       ],
       [-0.5       ],
       [-0.5       ],
       [-0.5       ],
       [-0.5       ],
       [-0.5       ],
       [-0.50000008],
       [-0.5       ],
       [-0.50000003],
       [-0.50000001]])
array([[-46.67042962],
       [-46.23281582],
       [-46.53336644],
       [-46.29185034],
       [-46.51144802],
       [-46.68421395],
       [-46.58375659],
       [ -0.19811277],
       [-35.50931985],
       [  0.7181764 ],
       [-45.15947262],
       [-45.54142281],
       [-46.64021328],
       [-46.0760655 ],
       [-46.52642097],
       [-30.56488605],
       [-46.47072917],
       [-46.31860099],
       [-45.25176308],
       [-46.37166814],
       [-45.2859363 ],
       [-46.94988853],
       [-33.22665702],
       [-44.08219612],
       [ -2.00130571],
       [-46.26950721],
       [-45.05977428],
       [-46.29824599],
       [-46.69807782],
       [-30.58169725],
       [-46.46433686],
       [-46.48759685],
       [-46.65238569],
       [-44.98139797],
       [-46.70904295],
       [-45.27685552],
       [-33.11264291],
       [-45.08371976],
       [-34.07308667],
       [-36.51819254]])
<<<<<<<<<<< STEP 37 >>>>>>>>>>>> + array([[-0.5       ],
       [-0.5       ],
       [-0.5       ],
       [-0.5       ],
       [-0.5       ],
       [-0.5       ],
       [-0.5       ],
       [ 0.00479708],
       [-0.50000001],
       [ 0.00249925],
       [-0.5       ],
       [-0.5       ],
       [-0.5       ],
       [-0.5       ],
       [-0.5       ],
       [-0.50000013],
       [-0.5       ],
       [-0.5       ],
       [-0.5       ],
       [-0.5       ],
       [-0.5       ],
       [-0.5       ],
       [-0.50000004],
       [-0.5       ],
       [ 0.00127431],
       [-0.5       ],
       [-0.5       ],
       [-0.5       ],
       [-0.5       ],
       [-0.50000014],
       [-0.5       ],
       [-0.5       ],
       [-0.5       ],
       [-0.5       ],
       [-0.5       ],
       [-0.5       ],
       [-0.50000006],
       [-0.5       ],
       [-0.50000002],
       [-0.50000001]])
array([[-47.17042962],
       [-46.73281582],
       [-47.03336644],
       [-46.79185034],
       [-47.01144802],
       [-47.18421395],
       [-47.08375659],
       [ -0.19331569],
       [-36.00931986],
       [  0.72067565],
       [-45.65947262],
       [-46.04142281],
       [-47.14021328],
       [-46.5760655 ],
       [-47.02642097],
       [-31.06488618],
       [-46.97072917],
       [-46.81860099],
       [-45.75176308],
       [-46.87166814],
       [-45.7859363 ],
       [-47.44988853],
       [-33.72665706],
       [-44.58219612],
       [ -2.00003139],
       [-46.76950721],
       [-45.55977428],
       [-46.79824599],
       [-47.19807782],
       [-31.08169739],
       [-46.96433686],
       [-46.98759685],
       [-47.15238569],
       [-45.48139797],
       [-47.20904295],
       [-45.77685552],
       [-33.61264297],
       [-45.58371976],
       [-34.57308669],
       [-37.01819254]])
<<<<<<<<<<< STEP 38 >>>>>>>>>>>> + array([[-0.5       ],
       [-0.5       ],
       [-0.5       ],
       [-0.5       ],
       [-0.5       ],
       [-0.5       ],
       [-0.5       ],
       [ 0.00477374],
       [-0.50000001],
       [ 0.00249291],
       [-0.5       ],
       [-0.5       ],
       [-0.5       ],
       [-0.5       ],
       [-0.5       ],
       [-0.5000001 ],
       [-0.5       ],
       [-0.5       ],
       [-0.5       ],
       [-0.5       ],
       [-0.5       ],
       [-0.5       ],
       [-0.50000003],
       [-0.5       ],
       [ 0.00127439],
       [-0.5       ],
       [-0.5       ],
       [-0.5       ],
       [-0.5       ],
       [-0.50000011],
       [-0.5       ],
       [-0.5       ],
       [-0.5       ],
       [-0.5       ],
       [-0.5       ],
       [-0.5       ],
       [-0.50000005],
       [-0.5       ],
       [-0.50000002],
       [-0.5       ]])
array([[-47.67042962],
       [-47.23281582],
       [-47.53336644],
       [-47.29185034],
       [-47.51144802],
       [-47.68421395],
       [-47.58375659],
       [ -0.18854195],
       [-36.50931987],
       [  0.72316856],
       [-46.15947262],
       [-46.54142281],
       [-47.64021328],
       [-47.0760655 ],
       [-47.52642097],
       [-31.56488627],
       [-47.47072917],
       [-47.31860099],
       [-46.25176308],
       [-47.37166814],
       [-46.2859363 ],
       [-47.94988853],
       [-34.22665709],
       [-45.08219612],
       [ -1.99875701],
       [-47.26950721],
       [-46.05977428],
       [-47.29824599],
       [-47.69807782],
       [-31.58169749],
       [-47.46433686],
       [-47.48759685],
       [-47.65238569],
       [-45.98139797],
       [-47.70904295],
       [-46.27685552],
       [-34.11264302],
       [-46.08371976],
       [-35.07308671],
       [-37.51819255]])
<<<<<<<<<<< STEP 39 >>>>>>>>>>>> + array([[-0.5       ],
       [-0.5       ],
       [-0.5       ],
       [-0.5       ],
       [-0.5       ],
       [-0.5       ],
       [-0.5       ],
       [ 0.00475063],
       [-0.50000001],
       [ 0.0024866 ],
       [-0.5       ],
       [-0.5       ],
       [-0.5       ],
       [-0.5       ],
       [-0.5       ],
       [-0.50000008],
       [-0.5       ],
       [-0.5       ],
       [-0.5       ],
       [-0.5       ],
       [-0.5       ],
       [-0.5       ],
       [-0.50000002],
       [-0.5       ],
       [ 0.00127443],
       [-0.5       ],
       [-0.5       ],
       [-0.5       ],
       [-0.5       ],
       [-0.50000008],
       [-0.5       ],
       [-0.5       ],
       [-0.5       ],
       [-0.5       ],
       [-0.5       ],
       [-0.5       ],
       [-0.50000004],
       [-0.5       ],
       [-0.50000001],
       [-0.5       ]])
array([[-48.17042962],
       [-47.73281582],
       [-48.03336644],
       [-47.79185034],
       [-48.01144802],
       [-48.18421395],
       [-48.08375659],
       [ -0.18379132],
       [-37.00931988],
       [  0.72565515],
       [-46.65947262],
       [-47.04142281],
       [-48.14021328],
       [-47.5760655 ],
       [-48.02642097],
       [-32.06488635],
       [-47.97072917],
       [-47.81860099],
       [-46.75176308],
       [-47.87166814],
       [-46.7859363 ],
       [-48.44988853],
       [-34.72665711],
       [-45.58219612],
       [ -1.99748257],
       [-47.76950721],
       [-46.55977428],
       [-47.79824599],
       [-48.19807782],
       [-32.08169758],
       [-47.96433686],
       [-47.98759685],
       [-48.15238569],
       [-46.48139797],
       [-48.20904295],
       [-46.77685552],
       [-34.61264306],
       [-46.58371976],
       [-35.57308672],
       [-38.01819255]])
<<<<<<<<<<< STEP 40 >>>>>>>>>>>> + array([[-0.5       ],
       [-0.5       ],
       [-0.5       ],
       [-0.5       ],
       [-0.5       ],
       [-0.5       ],
       [-0.5       ],
       [ 0.00472773],
       [-0.50000001],
       [ 0.00248031],
       [-0.5       ],
       [-0.5       ],
       [-0.5       ],
       [-0.5       ],
       [-0.5       ],
       [-0.50000006],
       [-0.5       ],
       [-0.5       ],
       [-0.5       ],
       [-0.5       ],
       [-0.5       ],
       [-0.5       ],
       [-0.50000002],
       [-0.5       ],
       [ 0.00127445],
       [-0.5       ],
       [-0.5       ],
       [-0.5       ],
       [-0.5       ],
       [-0.50000006],
       [-0.5       ],
       [-0.5       ],
       [-0.5       ],
       [-0.5       ],
       [-0.5       ],
       [-0.5       ],
       [-0.50000003],
       [-0.5       ],
       [-0.50000001],
       [-0.5       ]])
array([[-48.67042962],
       [-48.23281582],
       [-48.53336644],
       [-48.29185034],
       [-48.51144802],
       [-48.68421395],
       [-48.58375659],
       [ -0.17906359],
       [-37.50931989],
       [  0.72813547],
       [-47.15947262],
       [-47.54142281],
       [-48.64021328],
       [-48.0760655 ],
       [-48.52642097],
       [-32.56488641],
       [-48.47072917],
       [-48.31860099],
       [-47.25176308],
       [-48.37166814],
       [-47.2859363 ],
       [-48.94988853],
       [-35.22665713],
       [-46.08219612],
       [ -1.99620812],
       [-48.26950721],
       [-47.05977428],
       [-48.29824599],
       [-48.69807782],
       [-32.58169764],
       [-48.46433686],
       [-48.48759685],
       [-48.65238569],
       [-46.98139797],
       [-48.70904295],
       [-47.27685552],
       [-35.11264309],
       [-47.08371976],
       [-36.07308673],
       [-38.51819256]])
<<<<<<<<<<< STEP 41 >>>>>>>>>>>> + array([[-0.5       ],
       [-0.5       ],
       [-0.5       ],
       [-0.5       ],
       [-0.5       ],
       [-0.5       ],
       [-0.5       ],
       [ 0.00470505],
       [-0.5       ],
       [ 0.00247406],
       [-0.5       ],
       [-0.5       ],
       [-0.5       ],
       [-0.5       ],
       [-0.5       ],
       [-0.50000005],
       [-0.5       ],
       [-0.5       ],
       [-0.5       ],
       [-0.5       ],
       [-0.5       ],
       [-0.5       ],
       [-0.50000001],
       [-0.5       ],
       [ 0.00127446],
       [-0.5       ],
       [-0.5       ],
       [-0.5       ],
       [-0.5       ],
       [-0.50000005],
       [-0.5       ],
       [-0.5       ],
       [-0.5       ],
       [-0.5       ],
       [-0.5       ],
       [-0.5       ],
       [-0.50000002],
       [-0.5       ],
       [-0.50000001],
       [-0.5       ]])
array([[-49.17042962],
       [-48.73281582],
       [-49.03336644],
       [-48.79185034],
       [-49.01144802],
       [-49.18421395],
       [-49.08375659],
       [ -0.17435854],
       [-38.00931989],
       [  0.73060953],
       [-47.65947262],
       [-48.04142281],
       [-49.14021328],
       [-48.5760655 ],
       [-49.02642097],
       [-33.06488646],
       [-48.97072917],
       [-48.81860099],
       [-47.75176308],
       [-48.87166814],
       [-47.7859363 ],
       [-49.44988853],
       [-35.72665714],
       [-46.58219612],
       [ -1.99493366],
       [-48.76950721],
       [-47.55977428],
       [-48.79824599],
       [-49.19807782],
       [-33.08169769],
       [-48.96433686],
       [-48.98759685],
       [-49.15238569],
       [-47.48139797],
       [-49.20904295],
       [-47.77685552],
       [-35.61264311],
       [-47.58371976],
       [-36.57308674],
       [-39.01819256]])
<<<<<<<<<<< STEP 42 >>>>>>>>>>>> + array([[-0.5       ],
       [-0.5       ],
       [-0.5       ],
       [-0.5       ],
       [-0.5       ],
       [-0.5       ],
       [-0.5       ],
       [ 0.00468259],
       [-0.5       ],
       [ 0.00246784],
       [-0.5       ],
       [-0.5       ],
       [-0.5       ],
       [-0.5       ],
       [-0.5       ],
       [-0.50000004],
       [-0.5       ],
       [-0.5       ],
       [-0.5       ],
       [-0.5       ],
       [-0.5       ],
       [-0.5       ],
       [-0.50000001],
       [-0.5       ],
       [ 0.00127444],
       [-0.5       ],
       [-0.5       ],
       [-0.5       ],
       [-0.5       ],
       [-0.50000004],
       [-0.5       ],
       [-0.5       ],
       [-0.5       ],
       [-0.5       ],
       [-0.5       ],
       [-0.5       ],
       [-0.50000002],
       [-0.5       ],
       [-0.50000001],
       [-0.5       ]])
array([[-49.67042962],
       [-49.23281582],
       [-49.53336644],
       [-49.29185034],
       [-49.51144802],
       [-49.68421395],
       [-49.58375659],
       [ -0.16967595],
       [-38.50931989],
       [  0.73307738],
       [-48.15947262],
       [-48.54142281],
       [-49.64021328],
       [-49.0760655 ],
       [-49.52642097],
       [-33.56488649],
       [-49.47072917],
       [-49.31860099],
       [-48.25176308],
       [-49.37166814],
       [-48.2859363 ],
       [-49.94988853],
       [-36.22665715],
       [-47.08219612],
       [ -1.99365923],
       [-49.26950721],
       [-48.05977428],
       [-49.29824599],
       [-49.69807782],
       [-33.58169773],
       [-49.46433686],
       [-49.48759685],
       [-49.65238569],
       [-47.98139797],
       [-49.70904295],
       [-48.27685552],
       [-36.11264313],
       [-48.08371976],
       [-37.07308674],
       [-39.51819256]])
<<<<<<<<<<< STEP 43 >>>>>>>>>>>> + array([[-0.5       ],
       [-0.5       ],
       [-0.5       ],
       [-0.5       ],
       [-0.5       ],
       [-0.5       ],
       [-0.5       ],
       [ 0.00466033],
       [-0.5       ],
       [ 0.00246166],
       [-0.5       ],
       [-0.5       ],
       [-0.5       ],
       [-0.5       ],
       [-0.5       ],
       [-0.50000003],
       [-0.5       ],
       [-0.5       ],
       [-0.5       ],
       [-0.5       ],
       [-0.5       ],
       [-0.5       ],
       [-0.50000001],
       [-0.5       ],
       [ 0.00127441],
       [-0.5       ],
       [-0.5       ],
       [-0.5       ],
       [-0.5       ],
       [-0.50000003],
       [-0.5       ],
       [-0.5       ],
       [-0.5       ],
       [-0.5       ],
       [-0.5       ],
       [-0.5       ],
       [-0.50000001],
       [-0.5       ],
       [-0.5       ],
       [-0.5       ]])
array([[-50.17042962],
       [-49.73281582],
       [-50.03336644],
       [-49.79185034],
       [-50.01144802],
       [-50.18421395],
       [-50.08375659],
       [ -0.16501562],
       [-39.0093199 ],
       [  0.73553903],
       [-48.65947262],
       [-49.04142281],
       [-50.14021328],
       [-49.5760655 ],
       [-50.02642097],
       [-34.06488652],
       [-49.97072917],
       [-49.81860099],
       [-48.75176308],
       [-49.87166814],
       [-48.7859363 ],
       [-50.44988853],
       [-36.72665716],
       [-47.58219612],
       [ -1.99238482],
       [-49.76950721],
       [-48.55977428],
       [-49.79824599],
       [-50.19807782],
       [-34.08169776],
       [-49.96433686],
       [-49.98759685],
       [-50.15238569],
       [-48.48139797],
       [-50.20904295],
       [-48.77685552],
       [-36.61264314],
       [-48.58371977],
       [-37.57308675],
       [-40.01819256]])
<<<<<<<<<<< STEP 44 >>>>>>>>>>>> + array([[-0.5       ],
       [-0.5       ],
       [-0.5       ],
       [-0.5       ],
       [-0.5       ],
       [-0.5       ],
       [-0.5       ],
       [ 0.00463829],
       [-0.5       ],
       [ 0.0024555 ],
       [-0.5       ],
       [-0.5       ],
       [-0.5       ],
       [-0.5       ],
       [-0.5       ],
       [-0.50000002],
       [-0.5       ],
       [-0.5       ],
       [-0.5       ],
       [-0.5       ],
       [-0.5       ],
       [-0.5       ],
       [-0.50000001],
       [-0.5       ],
       [ 0.00127436],
       [-0.5       ],
       [-0.5       ],
       [-0.5       ],
       [-0.5       ],
       [-0.50000002],
       [-0.5       ],
       [-0.5       ],
       [-0.5       ],
       [-0.5       ],
       [-0.5       ],
       [-0.5       ],
       [-0.50000001],
       [-0.5       ],
       [-0.5       ],
       [-0.5       ]])
array([[-50.67042962],
       [-50.23281582],
       [-50.53336644],
       [-50.29185034],
       [-50.51144802],
       [-50.68421395],
       [-50.58375659],
       [ -0.16037733],
       [-39.5093199 ],
       [  0.73799453],
       [-49.15947262],
       [-49.54142281],
       [-50.64021328],
       [-50.0760655 ],
       [-50.52642097],
       [-34.56488654],
       [-50.47072917],
       [-50.31860099],
       [-49.25176308],
       [-50.37166814],
       [-49.2859363 ],
       [-50.94988853],
       [-37.22665717],
       [-48.08219612],
       [ -1.99111046],
       [-50.26950721],
       [-49.05977428],
       [-50.29824599],
       [-50.69807782],
       [-34.58169778],
       [-50.46433686],
       [-50.48759685],
       [-50.65238569],
       [-48.98139797],
       [-50.70904295],
       [-49.27685552],
       [-37.11264315],
       [-49.08371977],
       [-38.07308675],
       [-40.51819256]])
<<<<<<<<<<< STEP 45 >>>>>>>>>>>> + array([[-0.5       ],
       [-0.5       ],
       [-0.5       ],
       [-0.5       ],
       [-0.5       ],
       [-0.5       ],
       [-0.5       ],
       [ 0.00461645],
       [-0.5       ],
       [ 0.00244937],
       [-0.5       ],
       [-0.5       ],
       [-0.5       ],
       [-0.5       ],
       [-0.5       ],
       [-0.50000002],
       [-0.5       ],
       [-0.5       ],
       [-0.5       ],
       [-0.5       ],
       [-0.5       ],
       [-0.5       ],
       [-0.5       ],
       [-0.5       ],
       [ 0.0012743 ],
       [-0.5       ],
       [-0.5       ],
       [-0.5       ],
       [-0.5       ],
       [-0.50000002],
       [-0.5       ],
       [-0.5       ],
       [-0.5       ],
       [-0.5       ],
       [-0.5       ],
       [-0.5       ],
       [-0.50000001],
       [-0.5       ],
       [-0.5       ],
       [-0.5       ]])
array([[-51.17042962],
       [-50.73281582],
       [-51.03336644],
       [-50.79185034],
       [-51.01144802],
       [-51.18421395],
       [-51.08375659],
       [ -0.15576088],
       [-40.0093199 ],
       [  0.7404439 ],
       [-49.65947262],
       [-50.04142281],
       [-51.14021328],
       [-50.5760655 ],
       [-51.02642097],
       [-35.06488656],
       [-50.97072917],
       [-50.81860099],
       [-49.75176308],
       [-50.87166814],
       [-49.7859363 ],
       [-51.44988853],
       [-37.72665717],
       [-48.58219612],
       [ -1.98983617],
       [-50.76950721],
       [-49.55977428],
       [-50.79824599],
       [-51.19807782],
       [-35.0816978 ],
       [-50.96433686],
       [-50.98759685],
       [-51.15238569],
       [-49.48139797],
       [-51.20904295],
       [-49.77685552],
       [-37.61264316],
       [-49.58371977],
       [-38.57308676],
       [-41.01819256]])
<<<<<<<<<<< STEP 46 >>>>>>>>>>>> + array([[-0.5       ],
       [-0.5       ],
       [-0.5       ],
       [-0.5       ],
       [-0.5       ],
       [-0.5       ],
       [-0.5       ],
       [ 0.00459481],
       [-0.5       ],
       [ 0.00244327],
       [-0.5       ],
       [-0.5       ],
       [-0.5       ],
       [-0.5       ],
       [-0.5       ],
       [-0.50000001],
       [-0.5       ],
       [-0.5       ],
       [-0.5       ],
       [-0.5       ],
       [-0.5       ],
       [-0.5       ],
       [-0.5       ],
       [-0.5       ],
       [ 0.00127423],
       [-0.5       ],
       [-0.5       ],
       [-0.5       ],
       [-0.5       ],
       [-0.50000001],
       [-0.5       ],
       [-0.5       ],
       [-0.5       ],
       [-0.5       ],
       [-0.5       ],
       [-0.5       ],
       [-0.50000001],
       [-0.5       ],
       [-0.5       ],
       [-0.5       ]])
array([[-51.67042962],
       [-51.23281582],
       [-51.53336644],
       [-51.29185034],
       [-51.51144802],
       [-51.68421395],
       [-51.58375659],
       [ -0.15116607],
       [-40.5093199 ],
       [  0.74288717],
       [-50.15947262],
       [-50.54142281],
       [-51.64021328],
       [-51.0760655 ],
       [-51.52642097],
       [-35.56488657],
       [-51.47072917],
       [-51.31860099],
       [-50.25176308],
       [-51.37166814],
       [-50.2859363 ],
       [-51.94988853],
       [-38.22665717],
       [-49.08219612],
       [ -1.98856194],
       [-51.26950721],
       [-50.05977428],
       [-51.29824599],
       [-51.69807782],
       [-35.58169781],
       [-51.46433686],
       [-51.48759685],
       [-51.65238569],
       [-49.98139797],
       [-51.70904295],
       [-50.27685552],
       [-38.11264317],
       [-50.08371977],
       [-39.07308676],
       [-41.51819256]])
<<<<<<<<<<< STEP 47 >>>>>>>>>>>> + array([[-0.5       ],
       [-0.5       ],
       [-0.5       ],
       [-0.5       ],
       [-0.5       ],
       [-0.5       ],
       [-0.5       ],
       [ 0.00457338],
       [-0.5       ],
       [ 0.0024372 ],
       [-0.5       ],
       [-0.5       ],
       [-0.5       ],
       [-0.5       ],
       [-0.5       ],
       [-0.50000001],
       [-0.5       ],
       [-0.5       ],
       [-0.5       ],
       [-0.5       ],
       [-0.5       ],
       [-0.5       ],
       [-0.5       ],
       [-0.5       ],
       [ 0.00127414],
       [-0.5       ],
       [-0.5       ],
       [-0.5       ],
       [-0.5       ],
       [-0.50000001],
       [-0.5       ],
       [-0.5       ],
       [-0.5       ],
       [-0.5       ],
       [-0.5       ],
       [-0.5       ],
       [-0.5       ],
       [-0.5       ],
       [-0.5       ],
       [-0.5       ]])
array([[-52.17042962],
       [-51.73281582],
       [-52.03336644],
       [-51.79185034],
       [-52.01144802],
       [-52.18421395],
       [-52.08375659],
       [ -0.14659269],
       [-41.0093199 ],
       [  0.74532438],
       [-50.65947262],
       [-51.04142281],
       [-52.14021328],
       [-51.5760655 ],
       [-52.02642097],
       [-36.06488658],
       [-51.97072917],
       [-51.81860099],
       [-50.75176308],
       [-51.87166814],
       [-50.7859363 ],
       [-52.44988853],
       [-38.72665718],
       [-49.58219612],
       [ -1.9872878 ],
       [-51.76950721],
       [-50.55977428],
       [-51.79824599],
       [-52.19807782],
       [-36.08169783],
       [-51.96433686],
       [-51.98759685],
       [-52.15238569],
       [-50.48139797],
       [-52.20904295],
       [-50.77685552],
       [-38.61264317],
       [-50.58371977],
       [-39.57308676],
       [-42.01819256]])
<<<<<<<<<<< STEP 48 >>>>>>>>>>>> + array([[-0.5       ],
       [-0.5       ],
       [-0.5       ],
       [-0.5       ],
       [-0.5       ],
       [-0.5       ],
       [-0.5       ],
       [ 0.00455214],
       [-0.5       ],
       [ 0.00243117],
       [-0.5       ],
       [-0.5       ],
       [-0.5       ],
       [-0.5       ],
       [-0.5       ],
       [-0.50000001],
       [-0.5       ],
       [-0.5       ],
       [-0.5       ],
       [-0.5       ],
       [-0.5       ],
       [-0.5       ],
       [-0.5       ],
       [-0.5       ],
       [ 0.00127405],
       [-0.5       ],
       [-0.5       ],
       [-0.5       ],
       [-0.5       ],
       [-0.50000001],
       [-0.5       ],
       [-0.5       ],
       [-0.5       ],
       [-0.5       ],
       [-0.5       ],
       [-0.5       ],
       [-0.5       ],
       [-0.5       ],
       [-0.5       ],
       [-0.5       ]])
array([[-52.67042962],
       [-52.23281582],
       [-52.53336644],
       [-52.29185034],
       [-52.51144802],
       [-52.68421395],
       [-52.58375659],
       [ -0.14204055],
       [-41.5093199 ],
       [  0.74775554],
       [-51.15947262],
       [-51.54142281],
       [-52.64021328],
       [-52.0760655 ],
       [-52.52642097],
       [-36.56488659],
       [-52.47072917],
       [-52.31860099],
       [-51.25176308],
       [-52.37166814],
       [-51.2859363 ],
       [-52.94988853],
       [-39.22665718],
       [-50.08219612],
       [ -1.98601375],
       [-52.26950721],
       [-51.05977428],
       [-52.29824599],
       [-52.69807782],
       [-36.58169783],
       [-52.46433686],
       [-52.48759685],
       [-52.65238569],
       [-50.98139797],
       [-52.70904295],
       [-51.27685552],
       [-39.11264317],
       [-51.08371977],
       [-40.07308676],
       [-42.51819256]])
<<<<<<<<<<< STEP 49 >>>>>>>>>>>> + array([[-0.5       ],
       [-0.5       ],
       [-0.5       ],
       [-0.5       ],
       [-0.5       ],
       [-0.5       ],
       [-0.5       ],
       [ 0.0045311 ],
       [-0.5       ],
       [ 0.00242516],
       [-0.5       ],
       [-0.5       ],
       [-0.5       ],
       [-0.5       ],
       [-0.5       ],
       [-0.50000001],
       [-0.5       ],
       [-0.5       ],
       [-0.5       ],
       [-0.5       ],
       [-0.5       ],
       [-0.5       ],
       [-0.5       ],
       [-0.5       ],
       [ 0.00127394],
       [-0.5       ],
       [-0.5       ],
       [-0.5       ],
       [-0.5       ],
       [-0.50000001],
       [-0.5       ],
       [-0.5       ],
       [-0.5       ],
       [-0.5       ],
       [-0.5       ],
       [-0.5       ],
       [-0.5       ],
       [-0.5       ],
       [-0.5       ],
       [-0.5       ]])
array([[-53.17042962],
       [-52.73281582],
       [-53.03336644],
       [-52.79185034],
       [-53.01144802],
       [-53.18421395],
       [-53.08375659],
       [ -0.13750946],
       [-42.0093199 ],
       [  0.7501807 ],
       [-51.65947262],
       [-52.04142281],
       [-53.14021328],
       [-52.5760655 ],
       [-53.02642097],
       [-37.0648866 ],
       [-52.97072917],
       [-52.81860099],
       [-51.75176308],
       [-52.87166814],
       [-51.7859363 ],
       [-53.44988853],
       [-39.72665718],
       [-50.58219612],
       [ -1.9847398 ],
       [-52.76950721],
       [-51.55977428],
       [-52.79824599],
       [-53.19807782],
       [-37.08169784],
       [-52.96433686],
       [-52.98759685],
       [-53.15238569],
       [-51.48139797],
       [-53.20904295],
       [-51.77685552],
       [-39.61264318],
       [-51.58371977],
       [-40.57308676],
       [-43.01819257]])
