<<<<<<<<<<< STEP 0 >>>>>>>>>>>> + array([[-0.88670329],
       [-0.09234054],
       [-0.05933619],
       [-0.89681477],
       [-0.18152873],
       [-1.10914243],
       [-1.16423578],
       [-1.07840246],
       [-0.27743158],
       [-0.34289862],
       [-0.99026671],
       [-0.12230233],
       [-1.01162464],
       [-0.88867524],
       [-0.73452947],
       [-0.94931215],
       [-0.98251999],
       [-0.92285925],
       [-0.20599539],
       [-1.05405431],
       [-0.96876249],
       [-0.96361998],
       [-1.00131002],
       [-0.93370068],
       [-0.88431215],
       [-0.97265883],
       [-0.94473813],
       [-1.02651525],
       [-0.23663222],
       [-0.29477441],
       [ 0.00300682]])
array([[-0.88670329],
       [-0.09234054],
       [-0.05933619],
       [-0.89681477],
       [-0.18152873],
       [-1.10914243],
       [-1.16423578],
       [-1.07840246],
       [-0.27743158],
       [-0.34289862],
       [-0.99026671],
       [-0.12230233],
       [-1.01162464],
       [-0.88867524],
       [-0.73452947],
       [-0.94931215],
       [-0.98251999],
       [-0.92285925],
       [-0.20599539],
       [-1.05405431],
       [-0.96876249],
       [-0.96361998],
       [-1.00131002],
       [-0.93370068],
       [-0.88431215],
       [-0.97265883],
       [-0.94473813],
       [-1.02651525],
       [-0.23663222],
       [-0.29477441],
       [ 0.00300682]])
<<<<<<<<<<< STEP 1 >>>>>>>>>>>> + array([[-0.84965151],
       [-0.14791406],
       [-0.23592947],
       [-0.85364803],
       [-0.2967116 ],
       [-1.05600589],
       [-1.0981206 ],
       [-1.03113332],
       [-0.37318023],
       [-0.46777247],
       [-0.92800692],
       [-0.16558237],
       [-0.96745686],
       [-0.85776237],
       [-0.69325047],
       [-0.91300311],
       [-0.93906902],
       [-0.88325399],
       [-0.24575856],
       [-0.9543154 ],
       [-0.90888219],
       [-0.82555099],
       [-0.95229229],
       [-0.88177632],
       [-0.79663885],
       [-0.93554164],
       [-0.93495873],
       [-0.99331323],
       [-0.26762919],
       [-0.40078704],
       [ 0.00651443]])
array([[-1.7363548 ],
       [-0.24025461],
       [-0.29526566],
       [-1.7504628 ],
       [-0.47824033],
       [-2.16514833],
       [-2.26235638],
       [-2.10953578],
       [-0.6506118 ],
       [-0.81067109],
       [-1.91827363],
       [-0.28788469],
       [-1.97908149],
       [-1.74643761],
       [-1.42777994],
       [-1.86231526],
       [-1.92158901],
       [-1.80611323],
       [-0.45175395],
       [-2.00836971],
       [-1.87764468],
       [-1.78917098],
       [-1.95360232],
       [-1.815477  ],
       [-1.680951  ],
       [-1.90820048],
       [-1.87969686],
       [-2.01982848],
       [-0.50426141],
       [-0.69556145],
       [ 0.00952124]])
<<<<<<<<<<< STEP 2 >>>>>>>>>>>> + array([[-0.79874306],
       [-0.16494641],
       [-0.36794457],
       [-0.79878669],
       [-0.39999613],
       [-0.94930117],
       [-0.9745538 ],
       [-0.9359739 ],
       [-0.4731332 ],
       [-0.56209065],
       [-0.84579812],
       [-0.19012543],
       [-0.87991159],
       [-0.7981807 ],
       [-0.65060512],
       [-0.83803158],
       [-0.85748727],
       [-0.81998231],
       [-0.29319707],
       [-0.85422198],
       [-0.83064806],
       [-0.7153889 ],
       [-0.86674095],
       [-0.81004136],
       [-0.72595163],
       [-0.85912041],
       [-0.86724899],
       [-0.90721057],
       [-0.30820518],
       [-0.48154815],
       [ 0.00731329]])
array([[-2.53509786],
       [-0.40520101],
       [-0.66321023],
       [-2.54924949],
       [-0.87823646],
       [-3.11444949],
       [-3.23691018],
       [-3.04550968],
       [-1.12374501],
       [-1.37276174],
       [-2.76407175],
       [-0.47801012],
       [-2.85899308],
       [-2.54461831],
       [-2.07838506],
       [-2.70034684],
       [-2.77907628],
       [-2.62609554],
       [-0.74495102],
       [-2.8625917 ],
       [-2.70829274],
       [-2.50455987],
       [-2.82034327],
       [-2.62551836],
       [-2.40690263],
       [-2.76732089],
       [-2.74694586],
       [-2.92703905],
       [-0.81246659],
       [-1.1771096 ],
       [ 0.01683453]])
<<<<<<<<<<< STEP 3 >>>>>>>>>>>> + array([[-0.73760304],
       [-0.16270064],
       [-0.41373784],
       [-0.73560198],
       [-0.46487674],
       [-0.83289575],
       [-0.84783685],
       [-0.83030499],
       [-0.54811673],
       [-0.60145643],
       [-0.75722297],
       [-0.20516653],
       [-0.78001729],
       [-0.72630013],
       [-0.61081997],
       [-0.75150121],
       [-0.76379808],
       [-0.74230659],
       [-0.33603639],
       [-0.76178323],
       [-0.74986733],
       [-0.64225399],
       [-0.77430579],
       [-0.73452406],
       [-0.67016117],
       [-0.76815369],
       [-0.77598395],
       [-0.80564502],
       [-0.35038547],
       [-0.52013857],
       [ 0.00639522]])
array([[-3.2727009 ],
       [-0.56790165],
       [-1.07694807],
       [-3.28485147],
       [-1.3431132 ],
       [-3.94734524],
       [-4.08474703],
       [-3.87581468],
       [-1.67186174],
       [-1.97421817],
       [-3.52129472],
       [-0.68317665],
       [-3.63901037],
       [-3.27091843],
       [-2.68920503],
       [-3.45184805],
       [-3.54287436],
       [-3.36840214],
       [-1.08098741],
       [-3.62437492],
       [-3.45816007],
       [-3.14681386],
       [-3.59464906],
       [-3.36004242],
       [-3.0770638 ],
       [-3.53547458],
       [-3.52292981],
       [-3.73268407],
       [-1.16285205],
       [-1.69724817],
       [ 0.02322975]])
<<<<<<<<<<< STEP 4 >>>>>>>>>>>> + array([[-0.67628796],
       [-0.15443564],
       [-0.39994819],
       [-0.6737543 ],
       [-0.48920792],
       [-0.73508607],
       [-0.74449934],
       [-0.7375394 ],
       [-0.5846708 ],
       [-0.59917694],
       [-0.68115   ],
       [-0.21600995],
       [-0.69528904],
       [-0.66104279],
       [-0.57834042],
       [-0.67773306],
       [-0.68524073],
       [-0.67315673],
       [-0.36809942],
       [-0.6855184 ],
       [-0.67846593],
       [-0.59595916],
       [-0.69392714],
       [-0.66738362],
       [-0.62506438],
       [-0.68943202],
       [-0.69537598],
       [-0.71717545],
       [-0.38479229],
       [-0.52795392],
       [ 0.0058319 ]])
array([[-3.94898887],
       [-0.72233729],
       [-1.47689626],
       [-3.95860577],
       [-1.83232112],
       [-4.68243132],
       [-4.82924637],
       [-4.61335408],
       [-2.25653254],
       [-2.57339511],
       [-4.20244472],
       [-0.8991866 ],
       [-4.33429941],
       [-3.93196122],
       [-3.26754545],
       [-4.12958111],
       [-4.22811509],
       [-4.04155886],
       [-1.44908684],
       [-4.30989332],
       [-4.136626  ],
       [-3.74277302],
       [-4.28857619],
       [-4.02742605],
       [-3.70212818],
       [-4.2249066 ],
       [-4.21830579],
       [-4.44985952],
       [-1.54764435],
       [-2.22520209],
       [ 0.02906165]])
<<<<<<<<<<< STEP 5 >>>>>>>>>>>> + array([[-0.62381612],
       [-0.1482161 ],
       [-0.36763666],
       [-0.62152185],
       [-0.4880794 ],
       [-0.66064377],
       [-0.66677631],
       [-0.66413689],
       [-0.58738696],
       [-0.57806199],
       [-0.62332139],
       [-0.22619939],
       [-0.63206158],
       [-0.60992082],
       [-0.55428105],
       [-0.62227909],
       [-0.6269565 ],
       [-0.62004931],
       [-0.3887828 ],
       [-0.62778901],
       [-0.62192668],
       [-0.56679387],
       [-0.63159054],
       [-0.61416833],
       [-0.58817623],
       [-0.62930592],
       [-0.63346768],
       [-0.64840922],
       [-0.4065714 ],
       [-0.52158054],
       [ 0.00619228]])
array([[-4.57280499],
       [-0.87055339],
       [-1.84453291],
       [-4.58012762],
       [-2.32040052],
       [-5.34307509],
       [-5.49602268],
       [-5.27749096],
       [-2.84391951],
       [-3.1514571 ],
       [-4.82576611],
       [-1.12538599],
       [-4.966361  ],
       [-4.54188205],
       [-3.82182649],
       [-4.7518602 ],
       [-4.85507159],
       [-4.66160817],
       [-1.83786964],
       [-4.93768233],
       [-4.75855268],
       [-4.30956689],
       [-4.92016673],
       [-4.64159437],
       [-4.29030441],
       [-4.85421252],
       [-4.85177347],
       [-5.09826874],
       [-1.95421575],
       [-2.74678263],
       [ 0.03525393]])
<<<<<<<<<<< STEP 6 >>>>>>>>>>>> + array([[-0.58428636],
       [-0.14778252],
       [-0.34214122],
       [-0.58243296],
       [-0.47901998],
       [-0.60686622],
       [-0.61107338],
       [-0.61014429],
       [-0.57146246],
       [-0.55352203],
       [-0.58226619],
       [-0.2378932 ],
       [-0.5877461 ],
       [-0.5731964 ],
       [-0.53708774],
       [-0.58248933],
       [-0.58550725],
       [-0.5816146 ],
       [-0.40130951],
       [-0.58600728],
       [-0.58108694],
       [-0.54807284],
       [-0.58709703],
       [-0.57575642],
       [-0.55905045],
       [-0.58577977],
       [-0.58864688],
       [-0.59833039],
       [-0.41831416],
       [-0.51140542],
       [ 0.00691088]])
array([[-5.15709135],
       [-1.0183359 ],
       [-2.18667413],
       [-5.16256058],
       [-2.7994205 ],
       [-5.94994131],
       [-6.10709606],
       [-5.88763526],
       [-3.41538196],
       [-3.70497914],
       [-5.4080323 ],
       [-1.36327919],
       [-5.55410709],
       [-5.11507844],
       [-4.35891423],
       [-5.33434953],
       [-5.44057884],
       [-5.24322277],
       [-2.23917915],
       [-5.52368961],
       [-5.33963962],
       [-4.85763973],
       [-5.50726376],
       [-5.21735079],
       [-4.84935486],
       [-5.43999229],
       [-5.44042035],
       [-5.69659913],
       [-2.37252991],
       [-3.25818805],
       [ 0.04216482]])
<<<<<<<<<<< STEP 7 >>>>>>>>>>>> + array([[-0.55674505],
       [-0.15349271],
       [-0.3320765 ],
       [-0.55530573],
       [-0.47235236],
       [-0.56957462],
       [-0.57269126],
       [-0.57251857],
       [-0.55090876],
       [-0.53295549],
       [-0.55432375],
       [-0.25256172],
       [-0.55780578],
       [-0.54818143],
       [-0.52500649],
       [-0.5547083 ],
       [-0.55674204],
       [-0.55469188],
       [-0.41102475],
       [-0.55673078],
       [-0.55336585],
       [-0.53556273],
       [-0.5570534 ],
       [-0.5497301 ],
       [-0.53754927],
       [-0.55548354],
       [-0.55752573],
       [-0.56363716],
       [-0.42603332],
       [-0.50272045],
       [ 0.00779299]])
array([[-5.7138364 ],
       [-1.17182861],
       [-2.51875064],
       [-5.71786631],
       [-3.27177286],
       [-6.51951592],
       [-6.67978732],
       [-6.46015383],
       [-3.96629072],
       [-4.23793462],
       [-5.96235605],
       [-1.61584091],
       [-6.11191287],
       [-5.66325987],
       [-4.88392072],
       [-5.88905783],
       [-5.99732087],
       [-5.79791465],
       [-2.65020389],
       [-6.08042039],
       [-5.89300547],
       [-5.39320246],
       [-6.06431716],
       [-5.76708089],
       [-5.38690413],
       [-5.99547583],
       [-5.99794608],
       [-6.26023629],
       [-2.79856323],
       [-3.7609085 ],
       [ 0.04995781]])
<<<<<<<<<<< STEP 8 >>>>>>>>>>>> + array([[-0.53817472],
       [-0.16418245],
       [-0.33709756],
       [-0.53707655],
       [-0.4707695 ],
       [-0.54452123],
       [-0.5469712 ],
       [-0.54716267],
       [-0.53303821],
       [-0.51833896],
       [-0.53569739],
       [-0.27114502],
       [-0.53793127],
       [-0.53157402],
       [-0.51664514],
       [-0.53575398],
       [-0.53717131],
       [-0.53622514],
       [-0.4217688 ],
       [-0.53677985],
       [-0.5350859 ],
       [-0.52677714],
       [-0.53729946],
       [-0.53261318],
       [-0.52273634],
       [-0.53511388],
       [-0.5366303 ],
       [-0.5404483 ],
       [-0.43409791],
       [-0.49722418],
       [ 0.0093325 ]])
array([[-6.25201112],
       [-1.33601106],
       [-2.8558482 ],
       [-6.25494287],
       [-3.74254236],
       [-7.06403715],
       [-7.22675852],
       [-7.0073165 ],
       [-4.49932893],
       [-4.75627358],
       [-6.49805344],
       [-1.88698593],
       [-6.64984414],
       [-6.19483389],
       [-5.40056586],
       [-6.42481181],
       [-6.53449218],
       [-6.3341398 ],
       [-3.07197269],
       [-6.61720024],
       [-6.42809137],
       [-5.9199796 ],
       [-6.60161662],
       [-6.29969407],
       [-5.90964047],
       [-6.53058971],
       [-6.53457638],
       [-6.8006846 ],
       [-3.23266114],
       [-4.25813268],
       [ 0.0592903 ]])
<<<<<<<<<<< STEP 9 >>>>>>>>>>>> + array([[-0.52571831],
       [-0.17864466],
       [-0.35369809],
       [-0.52489336],
       [-0.4731235 ],
       [-0.528079  ],
       [-0.53004458],
       [-0.5303936 ],
       [-0.51991955],
       [-0.50902944],
       [-0.52336584],
       [-0.29402382],
       [-0.52480902],
       [-0.52063462],
       [-0.51094027],
       [-0.52307294],
       [-0.52407032],
       [-0.52373417],
       [-0.43443095],
       [-0.52349367],
       [-0.5231079 ],
       [-0.52031607],
       [-0.52440043],
       [-0.52143151],
       [-0.51312407],
       [-0.52181618],
       [-0.52296437],
       [-0.52532695],
       [-0.44378706],
       [-0.49464083],
       [ 0.01225523]])
array([[-6.77772943],
       [-1.51465572],
       [-3.20954629],
       [-6.77983623],
       [-4.21566586],
       [-7.59211615],
       [-7.7568031 ],
       [-7.5377101 ],
       [-5.01924848],
       [-5.26530303],
       [-7.02141928],
       [-2.18100974],
       [-7.17465317],
       [-6.71546851],
       [-5.91150613],
       [-6.94788475],
       [-7.0585625 ],
       [-6.85787397],
       [-3.50640364],
       [-7.14069392],
       [-6.95119927],
       [-6.44029567],
       [-7.12601705],
       [-6.82112558],
       [-6.42276454],
       [-7.05240589],
       [-7.05754075],
       [-7.32601155],
       [-3.6764482 ],
       [-4.75277351],
       [ 0.07154553]])
