<<<<<<<<<<< STEP 0 >>>>>>>>>>>> + array([[-0.53503718],
       [-0.02068589],
       [-0.50913971],
       [-0.53670502],
       [-0.06909528],
       [-0.49351646],
       [-0.45600542],
       [-0.51586998],
       [-0.55487824],
       [-0.00935795],
       [-0.10719851],
       [-0.53805828],
       [-0.53608204],
       [-0.50889277],
       [-0.54994408],
       [-0.52026063],
       [-0.09644734],
       [-0.5201047 ],
       [-0.49178267],
       [-0.53303473],
       [-0.48842012],
       [-0.51492308],
       [-0.03952794],
       [-0.09210575],
       [-0.53577021],
       [-0.5500433 ],
       [-0.53583974],
       [-0.51747619],
       [-0.48898976],
       [-0.53875866],
       [-0.10644789],
       [-0.55842727],
       [-0.54860486],
       [-0.51994145],
       [-0.54221455],
       [-0.5134377 ],
       [-0.53608317],
       [-0.06628094],
       [-0.51462699],
       [-0.54037198]])
array([[-8.40145911],
       [-0.53562693],
       [-7.74845593],
       [-7.16502025],
       [-0.17246858],
       [-6.58818208],
       [-3.21990497],
       [-7.98650232],
       [-6.79052292],
       [-0.25170656],
       [-1.31325583],
       [-8.67274225],
       [-8.60837894],
       [-6.67199186],
       [-7.80358902],
       [-7.96758792],
       [-1.31971491],
       [-7.82144714],
       [-6.63072759],
       [-8.31527802],
       [-6.44090388],
       [-7.89528811],
       [-0.62246374],
       [-1.26327648],
       [-8.41356742],
       [-7.85682211],
       [-8.38162891],
       [-8.08342224],
       [-6.57159332],
       [-8.51426263],
       [-1.40101881],
       [-7.88178671],
       [-7.79697985],
       [-8.28250198],
       [-7.57089604],
       [-7.90110522],
       [-8.46000251],
       [-1.70759378],
       [-7.91416198],
       [-8.34740183]])
<<<<<<<<<<< STEP 1 >>>>>>>>>>>> + array([[-0.52573422],
       [-0.01616723],
       [-0.50429442],
       [-0.52807592],
       [-0.07427317],
       [-0.49473419],
       [-0.4914356 ],
       [-0.50948993],
       [-0.5431439 ],
       [-0.00796841],
       [-0.10432144],
       [-0.52710545],
       [-0.52571204],
       [-0.50697241],
       [-0.53895702],
       [-0.51329618],
       [-0.09035175],
       [-0.51360322],
       [-0.4930701 ],
       [-0.5238628 ],
       [-0.49125171],
       [-0.50907884],
       [-0.03429974],
       [-0.08619904],
       [-0.52616838],
       [-0.53896304],
       [-0.52576968],
       [-0.51032624],
       [-0.49075095],
       [-0.52842399],
       [-0.09977485],
       [-0.54512437],
       [-0.53783587],
       [-0.51214633],
       [-0.53320926],
       [-0.50802964],
       [-0.52608583],
       [-0.05442497],
       [-0.50823205],
       [-0.53005019]])
array([[-8.92719333],
       [-0.55179416],
       [-8.25275035],
       [-7.69309617],
       [-0.24674176],
       [-7.08291626],
       [-3.71134057],
       [-8.49599225],
       [-7.33366683],
       [-0.25967497],
       [-1.41757728],
       [-9.1998477 ],
       [-9.13409098],
       [-7.17896427],
       [-8.34254604],
       [-8.4808841 ],
       [-1.41006667],
       [-8.33505036],
       [-7.12379769],
       [-8.83914083],
       [-6.9321556 ],
       [-8.40436695],
       [-0.65676348],
       [-1.34947552],
       [-8.9397358 ],
       [-8.39578514],
       [-8.90739859],
       [-8.59374848],
       [-7.06234427],
       [-9.04268662],
       [-1.50079367],
       [-8.42691108],
       [-8.33481572],
       [-8.79464832],
       [-8.10410531],
       [-8.40913486],
       [-8.98608834],
       [-1.76201876],
       [-8.42239403],
       [-8.87745202]])
<<<<<<<<<<< STEP 2 >>>>>>>>>>>> + array([[-0.51902181],
       [-0.01292636],
       [-0.50154208],
       [-0.52137364],
       [-0.07295103],
       [-0.4963918 ],
       [-0.52411714],
       [-0.50579331],
       [-0.53341084],
       [-0.00687049],
       [-0.10097931],
       [-0.51954403],
       [-0.51850525],
       [-0.50569385],
       [-0.53012038],
       [-0.50886029],
       [-0.08469523],
       [-0.50929976],
       [-0.49488181],
       [-0.51722458],
       [-0.49416583],
       [-0.5055338 ],
       [-0.02945448],
       [-0.08031701],
       [-0.51920752],
       [-0.5300953 ],
       [-0.5186407 ],
       [-0.50612667],
       [-0.49297731],
       [-0.52094151],
       [-0.0931716 ],
       [-0.53454147],
       [-0.52920238],
       [-0.50754771],
       [-0.52593657],
       [-0.50488935],
       [-0.51905342],
       [-0.04486521],
       [-0.50451365],
       [-0.52235727]])
array([[-9.44621514],
       [-0.56472052],
       [-8.75429243],
       [-8.21446981],
       [-0.31969279],
       [-7.57930807],
       [-4.23545771],
       [-9.00178557],
       [-7.86707767],
       [-0.26654546],
       [-1.51855659],
       [-9.71939173],
       [-9.65259623],
       [-7.68465812],
       [-8.87266642],
       [-8.98974438],
       [-1.4947619 ],
       [-8.84435012],
       [-7.6186795 ],
       [-9.3563654 ],
       [-7.42632142],
       [-8.90990075],
       [-0.68621796],
       [-1.42979253],
       [-9.45894332],
       [-8.92588045],
       [-9.4260393 ],
       [-9.09987515],
       [-7.55532157],
       [-9.56362812],
       [-1.59396527],
       [-8.96145254],
       [-8.86401811],
       [-9.30219602],
       [-8.63004188],
       [-8.9140242 ],
       [-9.50514176],
       [-1.80688396],
       [-8.92690768],
       [-9.3998093 ]])
<<<<<<<<<<< STEP 3 >>>>>>>>>>>> + array([[-0.51410336],
       [-0.01074955],
       [-0.50003203],
       [-0.51619934],
       [-0.0664573 ],
       [-0.49802236],
       [-0.54802705],
       [-0.5036514 ],
       [-0.52553483],
       [-0.00599179],
       [-0.09713112],
       [-0.51421546],
       [-0.51339884],
       [-0.50479714],
       [-0.52310453],
       [-0.5059964 ],
       [-0.07932138],
       [-0.50639523],
       [-0.49671124],
       [-0.51237396],
       [-0.49674305],
       [-0.50338168],
       [-0.02489087],
       [-0.07438477],
       [-0.51410261],
       [-0.52307234],
       [-0.51352026],
       [-0.50366214],
       [-0.49515626],
       [-0.51545398],
       [-0.08656978],
       [-0.5262233 ],
       [-0.52236035],
       [-0.50482654],
       [-0.52012557],
       [-0.50306908],
       [-0.51400673],
       [-0.03726815],
       [-0.50238319],
       [-0.51657517]])
array([[ -9.9603185 ],
       [ -0.57547007],
       [ -9.25432446],
       [ -8.73066915],
       [ -0.38615009],
       [ -8.07733042],
       [ -4.78348476],
       [ -9.50543697],
       [ -8.3926125 ],
       [ -0.27253725],
       [ -1.61568771],
       [-10.2336072 ],
       [-10.16599507],
       [ -8.18945526],
       [ -9.39577096],
       [ -9.49574079],
       [ -1.57408328],
       [ -9.35074535],
       [ -8.11539074],
       [ -9.86873937],
       [ -7.92306448],
       [ -9.41328242],
       [ -0.71110883],
       [ -1.5041773 ],
       [ -9.97304593],
       [ -9.44895279],
       [ -9.93955956],
       [ -9.60353728],
       [ -8.05047783],
       [-10.0790821 ],
       [ -1.68053504],
       [ -9.48767584],
       [ -9.38637845],
       [ -9.80702256],
       [ -9.15016745],
       [ -9.41709328],
       [-10.01914849],
       [ -1.84415211],
       [ -9.42929088],
       [ -9.91638446]])
<<<<<<<<<<< STEP 4 >>>>>>>>>>>> + array([[-0.51048879],
       [-0.00937133],
       [-0.49926384],
       [-0.51225219],
       [-0.05707881],
       [-0.49932174],
       [-0.56028154],
       [-0.50238979],
       [-0.51935997],
       [-0.00528521],
       [-0.09314994],
       [-0.51042048],
       [-0.50975663],
       [-0.50409078],
       [-0.51764176],
       [-0.50412221],
       [-0.07435746],
       [-0.50441809],
       [-0.4982221 ],
       [-0.50886134],
       [-0.4987185 ],
       [-0.5020735 ],
       [-0.02068134],
       [-0.06866872],
       [-0.51036804],
       [-0.51761001],
       [-0.50983878],
       [-0.50221099],
       [-0.49695365],
       [-0.51142987],
       [-0.0802663 ],
       [-0.51981589],
       [-0.51704163],
       [-0.50319004],
       [-0.51555591],
       [-0.50199756],
       [-0.51035542],
       [-0.03129202],
       [-0.5011835 ],
       [-0.51226378]])
array([[-10.47080729],
       [ -0.5848414 ],
       [ -9.75358831],
       [ -9.24292134],
       [ -0.4432289 ],
       [ -8.57665216],
       [ -5.34376629],
       [-10.00782675],
       [ -8.91197247],
       [ -0.27782246],
       [ -1.70883764],
       [-10.74402767],
       [-10.6757517 ],
       [ -8.69354604],
       [ -9.91341272],
       [ -9.99986299],
       [ -1.64844074],
       [ -9.85516344],
       [ -8.61361283],
       [-10.37760071],
       [ -8.42178297],
       [ -9.91535593],
       [ -0.73179017],
       [ -1.57284602],
       [-10.48341397],
       [ -9.9665628 ],
       [-10.44939834],
       [-10.10574827],
       [ -8.54743148],
       [-10.59051197],
       [ -1.76080134],
       [-10.00749174],
       [ -9.90342008],
       [-10.3102126 ],
       [ -9.66572336],
       [ -9.91909085],
       [-10.52950392],
       [ -1.87544413],
       [ -9.93047438],
       [-10.42864824]])
<<<<<<<<<<< STEP 5 >>>>>>>>>>>> + array([[-0.50784016],
       [-0.00853083],
       [-0.49893412],
       [-0.5092768 ],
       [-0.0470656 ],
       [-0.50018853],
       [-0.56234347],
       [-0.50162128],
       [-0.5146547 ],
       [-0.00471965],
       [-0.08955927],
       [-0.50770506],
       [-0.50715965],
       [-0.50347161],
       [-0.51346533],
       [-0.50287848],
       [-0.07006033],
       [-0.50307167],
       [-0.4992896 ],
       [-0.50635962],
       [-0.50003773],
       [-0.50127601],
       [-0.01695917],
       [-0.06355839],
       [-0.50765764],
       [-0.5134357 ],
       [-0.50720549],
       [-0.5013501 ],
       [-0.49825233],
       [-0.508495  ],
       [-0.07468748],
       [-0.51497582],
       [-0.51298342],
       [-0.5021761 ],
       [-0.51201578],
       [-0.50134494],
       [-0.50770968],
       [-0.02661971],
       [-0.50052187],
       [-0.50909334]])
array([[-10.97864744],
       [ -0.59337223],
       [-10.25252243],
       [ -9.75219814],
       [ -0.49029449],
       [ -9.07684069],
       [ -5.90610976],
       [-10.50944803],
       [ -9.42662717],
       [ -0.28254211],
       [ -1.79839691],
       [-11.25173273],
       [-11.18291135],
       [ -9.19701765],
       [-10.42687805],
       [-10.50274147],
       [ -1.71850107],
       [-10.35823511],
       [ -9.11290243],
       [-10.88396033],
       [ -8.9218207 ],
       [-10.41663194],
       [ -0.74874934],
       [ -1.63640441],
       [-10.99107161],
       [-10.4799985 ],
       [-10.95660383],
       [-10.60709838],
       [ -9.04568381],
       [-11.09900697],
       [ -1.83548881],
       [-10.52246756],
       [-10.4164035 ],
       [-10.8123887 ],
       [-10.17773914],
       [-10.42043578],
       [-11.0372136 ],
       [ -1.90206384],
       [-10.43099624],
       [-10.93774158]])
<<<<<<<<<<< STEP 6 >>>>>>>>>>>> + array([[-0.50590213],
       [-0.00802545],
       [-0.49885387],
       [-0.50704898],
       [-0.03786962],
       [-0.500672  ],
       [-0.55794982],
       [-0.50113321],
       [-0.5111322 ],
       [-0.0042715 ],
       [-0.08676076],
       [-0.50575324],
       [-0.50530713],
       [-0.50290663],
       [-0.51030759],
       [-0.50204087],
       [-0.06663203],
       [-0.50215556],
       [-0.49994992],
       [-0.50460026],
       [-0.50080335],
       [-0.50078765],
       [-0.01380832],
       [-0.05933872],
       [-0.50570006],
       [-0.51028021],
       [-0.50532732],
       [-0.50083458],
       [-0.49909835],
       [-0.50636093],
       [-0.07014253],
       [-0.51136284],
       [-0.50992227],
       [-0.5015248 ],
       [-0.50929852],
       [-0.50093006],
       [-0.50578927],
       [-0.02298084],
       [-0.50016751],
       [-0.50678437]])
array([[-11.48454957],
       [ -0.60139769],
       [-10.7513763 ],
       [-10.25924713],
       [ -0.52816411],
       [ -9.57751269],
       [ -6.46405959],
       [-11.01058124],
       [ -9.93775937],
       [ -0.28681362],
       [ -1.88515768],
       [-11.75748597],
       [-11.68821848],
       [ -9.69992428],
       [-10.93718564],
       [-11.00478234],
       [ -1.7851331 ],
       [-10.86039067],
       [ -9.61285236],
       [-11.38856059],
       [ -9.42262405],
       [-10.91741959],
       [ -0.76255766],
       [ -1.69574313],
       [-11.49677167],
       [-10.99027871],
       [-11.46193114],
       [-11.10793296],
       [ -9.54478216],
       [-11.6053679 ],
       [ -1.90563134],
       [-11.0338304 ],
       [-10.92632577],
       [-11.3139135 ],
       [-10.68703767],
       [-10.92136584],
       [-11.54300286],
       [ -1.92504468],
       [-10.93116376],
       [-11.44452595]])
<<<<<<<<<<< STEP 7 >>>>>>>>>>>> + array([[-0.50447945],
       [-0.00772429],
       [-0.49890564],
       [-0.50538178],
       [-0.03009171],
       [-0.5008811 ],
       [-0.55060467],
       [-0.50081088],
       [-0.50851056],
       [-0.00392039],
       [-0.08494657],
       [-0.50433977],
       [-0.50397881],
       [-0.50239654],
       [-0.50792716],
       [-0.50146797],
       [-0.06414852],
       [-0.50153054],
       [-0.50030755],
       [-0.50336705],
       [-0.50117436],
       [-0.50048701],
       [-0.01123176],
       [-0.05611754],
       [-0.50428362],
       [-0.50790195],
       [-0.50398322],
       [-0.50052304],
       [-0.49960559],
       [-0.50480495],
       [-0.06674703],
       [-0.50867343],
       [-0.50762037],
       [-0.50109189],
       [-0.50721881],
       [-0.50065569],
       [-0.50438784],
       [-0.02015717],
       [-0.4999867 ],
       [-0.50510538]])
array([[-11.98902902],
       [ -0.60912198],
       [-11.25028194],
       [-10.76462891],
       [ -0.55825582],
       [-10.07839379],
       [ -7.01466425],
       [-11.51139212],
       [-10.44626993],
       [ -0.29073401],
       [ -1.97010425],
       [-12.26182574],
       [-12.19219729],
       [-10.20232082],
       [-11.44511281],
       [-11.50625031],
       [ -1.84928162],
       [-11.36192121],
       [-10.11315991],
       [-11.89192764],
       [ -9.9237984 ],
       [-11.4179066 ],
       [ -0.77378942],
       [ -1.75186066],
       [-12.00105529],
       [-11.49818066],
       [-11.96591437],
       [-11.60845599],
       [-10.04438775],
       [-12.11017286],
       [ -1.97237837],
       [-11.54250383],
       [-11.43394615],
       [-11.81500539],
       [-11.19425648],
       [-11.42202153],
       [-12.0473907 ],
       [ -1.94520185],
       [-11.43115045],
       [-11.94963134]])
<<<<<<<<<<< STEP 8 >>>>>>>>>>>> + array([[-0.50342749],
       [-0.00755156],
       [-0.49901881],
       [-0.50412934],
       [-0.02380028],
       [-0.50092073],
       [-0.54257966],
       [-0.50059108],
       [-0.50655415],
       [-0.00364824],
       [-0.08415191],
       [-0.50330565],
       [-0.50301706],
       [-0.50194875],
       [-0.50612781],
       [-0.50106985],
       [-0.06258643],
       [-0.50110092],
       [-0.50046821],
       [-0.50249789],
       [-0.50129584],
       [-0.50030098],
       [-0.00917595],
       [-0.05387171],
       [-0.50325107],
       [-0.50610475],
       [-0.50301273],
       [-0.50033319],
       [-0.49988755],
       [-0.50366197],
       [-0.06447458],
       [-0.50666403],
       [-0.50588448],
       [-0.50079574],
       [-0.50562453],
       [-0.50046857],
       [-0.5033561 ],
       [-0.01797656],
       [-0.49990253],
       [-0.50387792]])
array([[-12.49245651],
       [ -0.61667354],
       [-11.74930075],
       [-11.26875825],
       [ -0.5820561 ],
       [-10.57931452],
       [ -7.55724391],
       [-12.01198319],
       [-10.95282408],
       [ -0.29438225],
       [ -2.05425616],
       [-12.76513139],
       [-12.69521435],
       [-10.70426956],
       [-11.95124062],
       [-12.00732016],
       [ -1.91186805],
       [-11.86302213],
       [-10.61362812],
       [-12.39442554],
       [-10.42509424],
       [-11.91820758],
       [ -0.78296537],
       [ -1.80573237],
       [-12.50430635],
       [-12.00428541],
       [-12.4689271 ],
       [-12.10878918],
       [-10.54427531],
       [-12.61383482],
       [ -2.03685295],
       [-12.04916786],
       [-11.93983062],
       [-12.31580112],
       [-11.69988101],
       [-11.9224901 ],
       [-12.5507468 ],
       [ -1.96317841],
       [-11.93105298],
       [-12.45350925]])
<<<<<<<<<<< STEP 9 >>>>>>>>>>>> + array([[-0.50264235],
       [-0.00746508],
       [-0.49915293],
       [-0.50318292],
       [-0.01883056],
       [-0.5008683 ],
       [-0.53503751],
       [-0.50043737],
       [-0.50508362],
       [-0.00343954],
       [-0.08433442],
       [-0.50254027],
       [-0.50231208],
       [-0.50156661],
       [-0.50476014],
       [-0.50078885],
       [-0.06187384],
       [-0.5008023 ],
       [-0.50051261],
       [-0.50187834],
       [-0.50127437],
       [-0.50018531],
       [-0.00756407],
       [-0.05251548],
       [-0.50249036],
       [-0.50473927],
       [-0.50230346],
       [-0.50021652],
       [-0.50003097],
       [-0.50281395],
       [-0.06323192],
       [-0.50515214],
       [-0.50456778],
       [-0.50058834],
       [-0.50439773],
       [-0.50033806],
       [-0.50258847],
       [-0.01630386],
       [-0.49987094],
       [-0.50297212]])
array([[-12.99509886],
       [ -0.62413862],
       [-12.24845368],
       [-11.77194117],
       [ -0.60088666],
       [-11.08018282],
       [ -8.09228142],
       [-12.51242056],
       [-11.4579077 ],
       [ -0.29782179],
       [ -2.13859057],
       [-13.26767166],
       [-13.19752643],
       [-11.20583617],
       [-12.45600076],
       [-12.50810901],
       [ -1.97374189],
       [-12.36382443],
       [-11.11414073],
       [-12.89630388],
       [-10.92636861],
       [-12.41839289],
       [ -0.79052944],
       [ -1.85824785],
       [-13.00679671],
       [-12.50902468],
       [-12.97123056],
       [-12.60900571],
       [-11.04430628],
       [-13.11664877],
       [ -2.10008487],
       [-12.55432   ],
       [-12.4443984 ],
       [-12.81638946],
       [-12.20427874],
       [-12.42282816],
       [-13.05333527],
       [ -1.97948227],
       [-12.43092392],
       [-12.95648137]])
