<<<<<<<<<<< STEP 0 >>>>>>>>>>>> + array([[-0.11391694],
       [-0.51075542],
       [-0.02578393],
       [-0.0180487 ],
       [-0.52056319],
       [-0.00810641],
       [-0.53663386],
       [-0.54468624],
       [-0.0008006 ],
       [-0.51249624],
       [-0.51187575],
       [-0.05412259],
       [-0.53149368],
       [-0.53728181],
       [-0.08477746],
       [-0.51312526],
       [-0.5416516 ],
       [-0.12933191],
       [-0.53105776],
       [-0.51391864],
       [-0.54335803],
       [-0.53154668],
       [-0.5192607 ],
       [-0.53212755],
       [-0.49115085],
       [-0.10980048],
       [-0.51302947],
       [-0.50038757],
       [-0.4979186 ],
       [-0.51371808],
       [-0.54264324],
       [-0.48097636],
       [-0.00658632],
       [-0.54143791],
       [-0.51455406],
       [-0.53071037],
       [-0.50343039],
       [-0.53295224],
       [-0.53237106],
       [-0.54316326]])
array([[-1.40404221],
       [-8.01826881],
       [-0.67667632],
       [-0.41840667],
       [-7.77870441],
       [-0.12234669],
       [-8.41660283],
       [-6.98221917],
       [ 0.05567668],
       [-7.80857154],
       [-7.66919459],
       [-0.75182151],
       [-8.31428259],
       [-8.20530799],
       [-1.15415286],
       [-7.7324962 ],
       [-7.8946706 ],
       [-1.60984691],
       [-8.45876251],
       [-7.78948033],
       [-7.93347787],
       [-8.46255103],
       [-7.44841142],
       [-8.33363993],
       [-6.3454972 ],
       [-1.65763798],
       [-7.56039463],
       [-6.51477983],
       [-6.16549784],
       [-7.6226142 ],
       [-7.79815762],
       [-6.17038274],
       [-0.3106951 ],
       [-7.86539525],
       [-7.77555165],
       [-8.39821061],
       [-6.4204629 ],
       [-8.31110531],
       [-8.46549018],
       [-7.98755776]])
<<<<<<<<<<< STEP 1 >>>>>>>>>>>> + array([[-0.10678748],
       [-0.50647498],
       [-0.01898775],
       [-0.01336774],
       [-0.51392176],
       [-0.00615714],
       [-0.52648775],
       [-0.53363207],
       [-0.00093851],
       [-0.50735365],
       [-0.50742878],
       [-0.05066048],
       [-0.5226719 ],
       [-0.52722314],
       [-0.07946546],
       [-0.50694434],
       [-0.53145076],
       [-0.12548433],
       [-0.52130091],
       [-0.50884141],
       [-0.53274431],
       [-0.52254573],
       [-0.51329317],
       [-0.52290564],
       [-0.49440557],
       [-0.09803843],
       [-0.5083057 ],
       [-0.50167853],
       [-0.50059959],
       [-0.50845017],
       [-0.53212671],
       [-0.48599794],
       [-0.00157717],
       [-0.53140314],
       [-0.50903791],
       [-0.52167637],
       [-0.50433849],
       [-0.5237585 ],
       [-0.52298608],
       [-0.53265809]])
array([[-1.51082968],
       [-8.52474379],
       [-0.69566406],
       [-0.4317744 ],
       [-8.29262617],
       [-0.12850383],
       [-8.94309058],
       [-7.51585124],
       [ 0.05473817],
       [-8.31592519],
       [-8.17662337],
       [-0.80248199],
       [-8.83695449],
       [-8.73253113],
       [-1.23361831],
       [-8.23944054],
       [-8.42612137],
       [-1.73533124],
       [-8.98006342],
       [-8.29832173],
       [-8.46622218],
       [-8.98509676],
       [-7.96170459],
       [-8.85654557],
       [-6.83990277],
       [-1.75567641],
       [-8.06870033],
       [-7.01645836],
       [-6.66609743],
       [-8.13106437],
       [-8.33028434],
       [-6.65638068],
       [-0.31227227],
       [-8.39679839],
       [-8.28458956],
       [-8.91988698],
       [-6.92480139],
       [-8.83486382],
       [-8.98847626],
       [-8.52021584]])
<<<<<<<<<<< STEP 2 >>>>>>>>>>>> + array([[-0.10163018],
       [-0.50394773],
       [-0.01353396],
       [-0.00965144],
       [-0.50958504],
       [-0.00458175],
       [-0.51946927],
       [-0.5255954 ],
       [-0.00107727],
       [-0.50427123],
       [-0.50467415],
       [-0.04821886],
       [-0.51659763],
       [-0.52019998],
       [-0.07558123],
       [-0.50342269],
       [-0.52397108],
       [-0.12382604],
       [-0.51492602],
       [-0.5056888 ],
       [-0.5249519 ],
       [-0.51641212],
       [-0.50935088],
       [-0.51662087],
       [-0.49651996],
       [-0.08861795],
       [-0.50536739],
       [-0.50227687],
       [-0.50198595],
       [-0.50521151],
       [-0.52442922],
       [-0.48959392],
       [ 0.00239264],
       [-0.52400813],
       [-0.50565748],
       [-0.51558819],
       [-0.50441646],
       [-0.51743585],
       [-0.51663359],
       [-0.52491753]])
array([[-1.61245986],
       [-9.02869152],
       [-0.70919803],
       [-0.44142585],
       [-8.80221121],
       [-0.13308558],
       [-9.46255985],
       [-8.04144664],
       [ 0.05366089],
       [-8.82019642],
       [-8.68129752],
       [-0.85070085],
       [-9.35355212],
       [-9.25273111],
       [-1.30919954],
       [-8.74286323],
       [-8.95009245],
       [-1.85915728],
       [-9.49498943],
       [-8.80401054],
       [-8.99117407],
       [-9.50150887],
       [-8.47105547],
       [-9.37316644],
       [-7.33642273],
       [-1.84429437],
       [-8.57406772],
       [-7.51873523],
       [-7.16808337],
       [-8.63627588],
       [-8.85471355],
       [-7.14597459],
       [-0.30987963],
       [-8.92080652],
       [-8.79024705],
       [-9.43547518],
       [-7.42921785],
       [-9.35229967],
       [-9.50510985],
       [-9.04513337]])
<<<<<<<<<<< STEP 3 >>>>>>>>>>>> + array([[-0.09827038],
       [-0.50245399],
       [-0.00916263],
       [-0.00673541],
       [-0.5067101 ],
       [-0.00333045],
       [-0.51452149],
       [-0.51967164],
       [-0.00122623],
       [-0.5024268 ],
       [-0.50295233],
       [-0.04667782],
       [-0.51233242],
       [-0.51520808],
       [-0.07298086],
       [-0.50146328],
       [-0.51841793],
       [-0.12427513],
       [-0.51068177],
       [-0.50370837],
       [-0.51916144],
       [-0.51214462],
       [-0.5067095 ],
       [-0.51225723],
       [-0.49786507],
       [-0.08132117],
       [-0.50352408],
       [-0.5024521 ],
       [-0.50258231],
       [-0.50321621],
       [-0.51872641],
       [-0.49216545],
       [ 0.00549684],
       [-0.5184942 ],
       [-0.50357266],
       [-0.51140327],
       [-0.5040717 ],
       [-0.5130019 ],
       [-0.51224562],
       [-0.51914899]])
array([[ -1.71073024],
       [ -9.53114551],
       [ -0.71836066],
       [ -0.44816125],
       [ -9.30892131],
       [ -0.13641603],
       [ -9.97708134],
       [ -8.56111828],
       [  0.05243466],
       [ -9.32262322],
       [ -9.18424985],
       [ -0.89737868],
       [ -9.86588454],
       [ -9.76793919],
       [ -1.3821804 ],
       [ -9.24432652],
       [ -9.46851038],
       [ -1.98343241],
       [-10.0056712 ],
       [ -9.30771891],
       [ -9.51033551],
       [-10.0136535 ],
       [ -8.97776497],
       [ -9.88542367],
       [ -7.83428779],
       [ -1.92561553],
       [ -9.07759181],
       [ -8.02118733],
       [ -7.67066569],
       [ -9.13949209],
       [ -9.37343996],
       [ -7.63814005],
       [ -0.30438279],
       [ -9.43930072],
       [ -9.29381971],
       [ -9.94687845],
       [ -7.93328955],
       [ -9.86530157],
       [-10.01735547],
       [ -9.56428236]])
<<<<<<<<<<< STEP 4 >>>>>>>>>>>> + array([[-0.09652536],
       [-0.50156996],
       [-0.00565276],
       [-0.00446912],
       [-0.50477273],
       [-0.00234719],
       [-0.51096912],
       [-0.51524643],
       [-0.00138973],
       [-0.50132838],
       [-0.50186763],
       [-0.04591874],
       [-0.50928171],
       [-0.51159562],
       [-0.07151568],
       [-0.50041206],
       [-0.51424747],
       [-0.12676364],
       [-0.5077985 ],
       [-0.50245026],
       [-0.51481072],
       [-0.50911651],
       [-0.50490833],
       [-0.50917024],
       [-0.49871095],
       [-0.07589568],
       [-0.5023557 ],
       [-0.50238941],
       [-0.50272658],
       [-0.50198371],
       [-0.51445328],
       [-0.49401989],
       [ 0.00789963],
       [-0.51433809],
       [-0.50227848],
       [-0.50847019],
       [-0.50355288],
       [-0.50983219],
       [-0.50915388],
       [-0.51480521]])
array([[ -1.8072556 ],
       [-10.03271547],
       [ -0.72401341],
       [ -0.45263038],
       [ -9.81369405],
       [ -0.13876322],
       [-10.48805046],
       [ -9.07636471],
       [  0.05104493],
       [ -9.8239516 ],
       [ -9.68611748],
       [ -0.94329742],
       [-10.37516625],
       [-10.27953481],
       [ -1.45369608],
       [ -9.74473858],
       [ -9.98275785],
       [ -2.11019604],
       [-10.51346971],
       [ -9.81016917],
       [-10.02514623],
       [-10.52277001],
       [ -9.4826733 ],
       [-10.39459392],
       [ -8.33299875],
       [ -2.00151121],
       [ -9.57994751],
       [ -8.52357674],
       [ -8.17339226],
       [ -9.6414758 ],
       [ -9.88789324],
       [ -8.13215993],
       [ -0.29648316],
       [ -9.95363881],
       [ -9.79609819],
       [-10.45534864],
       [ -8.43684243],
       [-10.37513376],
       [-10.52650935],
       [-10.07908757]])
<<<<<<<<<<< STEP 5 >>>>>>>>>>>> + array([[-0.09622887],
       [-0.50104506],
       [-0.00282133],
       [-0.00272411],
       [-0.50344492],
       [-0.00158008],
       [-0.50837528],
       [-0.51190054],
       [-0.00157007],
       [-0.50067991],
       [-0.50117962],
       [-0.04583615],
       [-0.5070626 ],
       [-0.50893689],
       [-0.07105223],
       [-0.49988104],
       [-0.51108389],
       [-0.13127101],
       [-0.50579861],
       [-0.50164194],
       [-0.51151016],
       [-0.50692849],
       [-0.50365584],
       [-0.50694699],
       [-0.49923945],
       [-0.07209309],
       [-0.50160578],
       [-0.50220492],
       [-0.50262929],
       [-0.50122026],
       [-0.51121942],
       [-0.49537528],
       [ 0.00974287],
       [-0.51117568],
       [-0.50146952],
       [-0.50637614],
       [-0.50299758],
       [-0.50752494],
       [-0.50693423],
       [-0.51150473]])
array([[ -1.90348446],
       [-10.53376053],
       [ -0.72683474],
       [ -0.45535449],
       [-10.31713897],
       [ -0.1403433 ],
       [-10.99642575],
       [ -9.58826525],
       [  0.04947486],
       [-10.3246315 ],
       [-10.1872971 ],
       [ -0.98913357],
       [-10.88222885],
       [-10.78847169],
       [ -1.52474831],
       [-10.24461962],
       [-10.49384174],
       [ -2.24146705],
       [-11.01926832],
       [-10.3118111 ],
       [-10.53665639],
       [-11.0296985 ],
       [ -9.98632914],
       [-10.90154091],
       [ -8.8322382 ],
       [ -2.07360431],
       [-10.08155329],
       [ -9.02578166],
       [ -8.67602156],
       [-10.14269606],
       [-10.39911266],
       [ -8.62753521],
       [ -0.2867403 ],
       [-10.46481449],
       [-10.29756772],
       [-10.96172478],
       [ -8.93984001],
       [-10.8826587 ],
       [-11.03344359],
       [-10.5905923 ]])
<<<<<<<<<<< STEP 6 >>>>>>>>>>>> + array([[-0.09724101],
       [-0.50073097],
       [-0.00051893],
       [-0.00139476],
       [-0.50251944],
       [-0.00098478],
       [-0.50645266],
       [-0.50934411],
       [-0.0017688 ],
       [-0.50030255],
       [-0.50074072],
       [-0.04634043],
       [-0.50542397],
       [-0.50695006],
       [-0.07147967],
       [-0.4996416 ],
       [-0.50866365],
       [-0.13784403],
       [-0.50438231],
       [-0.50111651],
       [-0.50898583],
       [-0.50532141],
       [-0.50276699],
       [-0.50531917],
       [-0.49956839],
       [-0.06968807],
       [-0.5011171 ],
       [-0.50196745],
       [-0.50241565],
       [-0.50074605],
       [-0.5087512 ],
       [-0.49638149],
       [ 0.01114364],
       [-0.50875003],
       [-0.50096005],
       [-0.50485531],
       [-0.50247466],
       [-0.50581753],
       [-0.505313  ],
       [-0.50897783]])
array([[ -2.00072547],
       [-11.0344915 ],
       [ -0.72735366],
       [ -0.45674925],
       [-10.81965841],
       [ -0.14132808],
       [-11.50287841],
       [-10.09760936],
       [  0.04770606],
       [-10.82493405],
       [-10.68803782],
       [ -1.035474  ],
       [-11.38765282],
       [-11.29542175],
       [ -1.59622798],
       [-10.74426123],
       [-11.00250539],
       [ -2.37931108],
       [-11.52365063],
       [-10.81292761],
       [-11.04564223],
       [-11.53501991],
       [-10.48909613],
       [-11.40686008],
       [ -9.33180659],
       [ -2.14329237],
       [-10.58267039],
       [ -9.52774911],
       [ -9.1784372 ],
       [-10.64344211],
       [-10.90786386],
       [ -9.1239167 ],
       [ -0.27559666],
       [-10.97356452],
       [-10.79852777],
       [-11.46658009],
       [ -9.44231467],
       [-11.38847623],
       [-11.53875659],
       [-11.09957013]])
<<<<<<<<<<< STEP 7 >>>>>>>>>>>> + array([[ -9.94505316e-02],
       [ -5.00540082e-01],
       [  1.37541188e-03],
       [ -3.96236838e-04],
       [ -5.01863819e-01],
       [ -5.24919380e-04],
       [ -5.05008749e-01],
       [ -5.07373385e-01],
       [ -1.98741676e-03],
       [ -5.00088077e-01],
       [ -5.00459500e-01],
       [ -4.73560243e-02],
       [ -5.04197987e-01],
       [ -5.05445344e-01],
       [ -7.27110860e-02],
       [ -4.99560331e-01],
       [ -5.06798854e-01],
       [ -1.46611169e-01],
       [ -5.03358933e-01],
       [ -5.00770829e-01],
       [ -5.07042008e-01],
       [ -5.04123803e-01],
       [ -5.02123351e-01],
       [ -5.04109518e-01],
       [ -4.99772655e-01],
       [ -6.84859351e-02],
       [ -5.00792890e-01],
       [ -5.01715849e-01],
       [ -5.02157163e-01],
       [ -5.00450819e-01],
       [ -5.06853830e-01],
       [ -4.97140485e-01],
       [  1.21959924e-02],
       [ -5.06876910e-01],
       [ -5.00636584e-01],
       [ -5.03733556e-01],
       [ -5.02013612e-01],
       [ -5.04535298e-01],
       [ -5.04110438e-01],
       [ -5.07030865e-01]])
array([[ -2.100176  ],
       [-11.53503158],
       [ -0.72597825],
       [ -0.45714549],
       [-11.32152223],
       [ -0.141853  ],
       [-12.00788716],
       [-10.60498274],
       [  0.04571864],
       [-11.32502213],
       [-11.18849732],
       [ -1.08283002],
       [-11.89185081],
       [-11.80086709],
       [ -1.66893907],
       [-11.24382156],
       [-11.50930425],
       [ -2.52592225],
       [-12.02700956],
       [-11.31369844],
       [-11.55268423],
       [-12.03914372],
       [-10.99121948],
       [-11.9109696 ],
       [ -9.83157925],
       [ -2.21177831],
       [-11.08346328],
       [-10.02946496],
       [ -9.68059437],
       [-11.14389293],
       [-11.41471769],
       [ -9.62105719],
       [ -0.26340066],
       [-11.48044143],
       [-11.29916435],
       [-11.97031364],
       [ -9.94432828],
       [-11.89301153],
       [-12.04286703],
       [-11.60660099]])
<<<<<<<<<<< STEP 8 >>>>>>>>>>>> + array([[ -1.02772767e-01],
       [ -5.00420819e-01],
       [  2.95923728e-03],
       [  3.38482937e-04],
       [ -5.01392232e-01],
       [ -1.71369399e-04],
       [ -5.03912030e-01],
       [ -5.05842641e-01],
       [ -2.22754072e-03],
       [ -4.99970956e-01],
       [ -5.00278894e-01],
       [ -4.88175376e-02],
       [ -5.03270284e-01],
       [ -5.04292516e-01],
       [ -7.46818335e-02],
       [ -4.99560414e-01],
       [ -5.05353433e-01],
       [ -1.57795003e-01],
       [ -5.02605349e-01],
       [ -5.00540617e-01],
       [ -5.05536633e-01],
       [ -5.03220021e-01],
       [ -5.01648224e-01],
       [ -5.03198797e-01],
       [ -4.99899364e-01],
       [ -6.83235686e-02],
       [ -5.00573260e-01],
       [ -5.01470801e-01],
       [ -5.01892878e-01],
       [ -5.00266733e-01],
       [ -5.05386459e-01],
       [ -4.97721802e-01],
       [  1.29740849e-02],
       [ -5.05422246e-01],
       [ -5.00429420e-01],
       [ -5.02894725e-01],
       [ -5.01622669e-01],
       [ -5.03559839e-01],
       [ -5.03206220e-01],
       [ -5.05522739e-01]])
array([[ -2.20294877],
       [-12.0354524 ],
       [ -0.72301901],
       [ -0.45680701],
       [-11.82291446],
       [ -0.14202437],
       [-12.51179919],
       [-11.11082538],
       [  0.0434911 ],
       [-11.82499309],
       [-11.68877621],
       [ -1.13164756],
       [-12.39512109],
       [-12.30515961],
       [ -1.7436209 ],
       [-11.74338197],
       [-12.01465768],
       [ -2.68371725],
       [-12.52961491],
       [-11.81423906],
       [-12.05822087],
       [-12.54236374],
       [-11.4928677 ],
       [-12.4141684 ],
       [-10.33147861],
       [ -2.28010188],
       [-11.58403654],
       [-10.53093576],
       [-10.18248725],
       [-11.64415966],
       [-11.92010415],
       [-10.11877899],
       [ -0.25042658],
       [-11.98586367],
       [-11.79959377],
       [-12.47320837],
       [-10.44595095],
       [-12.39657137],
       [-12.54607325],
       [-12.11212373]])
<<<<<<<<<<< STEP 9 >>>>>>>>>>>> + array([[ -1.07144618e-01],
       [ -5.00343006e-01],
       [  4.31114699e-03],
       [  8.61616197e-04],
       [ -5.01048235e-01],
       [  9.88787828e-05],
       [ -5.03070927e-01],
       [ -5.04645934e-01],
       [ -2.49107396e-03],
       [ -4.99911536e-01],
       [ -5.00162984e-01],
       [ -5.06641209e-02],
       [ -5.02561443e-01],
       [ -5.03400468e-01],
       [ -7.73461541e-02],
       [ -4.99598495e-01],
       [ -5.04227393e-01],
       [ -1.71722903e-01],
       [ -5.02040721e-01],
       [ -5.00385463e-01],
       [ -5.04365174e-01],
       [ -5.02530535e-01],
       [ -5.01291188e-01],
       [ -5.02505309e-01],
       [ -4.99978041e-01],
       [ -6.90660764e-02],
       [ -5.00420950e-01],
       [ -5.01242356e-01],
       [ -5.01642703e-01],
       [ -5.00151957e-01],
       [ -5.04245787e-01],
       [ -4.98173321e-01],
       [  1.35354766e-02],
       [ -5.04287083e-01],
       [ -5.00295551e-01],
       [ -5.02259893e-01],
       [ -5.01299464e-01],
       [ -5.02809360e-01],
       [ -5.02518268e-01],
       [ -5.04349265e-01]])
array([[ -2.31009339],
       [-12.5357954 ],
       [ -0.71870787],
       [ -0.45594539],
       [-12.3239627 ],
       [ -0.14192549],
       [-13.01487012],
       [-11.61547132],
       [  0.04100003],
       [-12.32490462],
       [-12.1889392 ],
       [ -1.18231168],
       [-12.89768253],
       [-12.80856008],
       [ -1.82096706],
       [-12.24298047],
       [-12.51888507],
       [ -2.85544015],
       [-13.03165563],
       [-12.31462452],
       [-12.56258604],
       [-13.04489427],
       [-11.99415889],
       [-12.9166737 ],
       [-10.83145665],
       [ -2.34916795],
       [-12.08445749],
       [-11.03217812],
       [-10.68412995],
       [-12.14431162],
       [-12.42434994],
       [-10.61695231],
       [ -0.2368911 ],
       [-12.49015076],
       [-12.29988932],
       [-12.97546826],
       [-10.94725041],
       [-12.89938072],
       [-13.04859152],
       [-12.61647299]])
