<<<<<<<<<<< STEP 0 >>>>>>>>>>>> + array([[-0.51846043],
       [-0.00220122],
       [ 0.10105593],
       [-0.51790258],
       [-0.51703614],
       [-0.52184814],
       [-0.52183804],
       [-0.52137746],
       [-0.52463495],
       [-0.46558186],
       [-0.51637835],
       [ 0.02190465],
       [-0.51700531],
       [-0.51540131],
       [-0.50852094],
       [-0.518942  ],
       [-0.52961989],
       [-0.51583911],
       [-0.51945191],
       [-0.51874743],
       [-0.51677599],
       [-0.51811242],
       [-0.51802347],
       [-0.51548387],
       [-0.51077162],
       [-0.51906099],
       [-0.52728282],
       [-0.51953771],
       [ 0.04528859],
       [-0.45723876],
       [ 0.00928484]])
array([[-7.24665449],
       [-0.36680965],
       [-0.76386527],
       [-7.2545939 ],
       [-7.53547948],
       [-8.11123744],
       [-8.03877796],
       [-7.99648909],
       [-5.35344087],
       [-4.60709617],
       [-7.61829168],
       [-0.50949653],
       [-7.61416771],
       [-7.38828311],
       [-6.54403562],
       [-7.50096057],
       [-5.59087792],
       [-7.25256092],
       [-7.3396319 ],
       [-7.70078711],
       [-7.40591123],
       [-6.94108095],
       [-7.5937467 ],
       [-7.27204494],
       [-6.97016324],
       [-7.51395281],
       [-6.50285142],
       [-7.82694389],
       [-1.04825953],
       [-4.33435059],
       [ 0.1166749 ]])
<<<<<<<<<<< STEP 1 >>>>>>>>>>>> + array([[-0.51335713],
       [ 0.00065858],
       [ 0.11129551],
       [-0.51291979],
       [-0.51108834],
       [-0.51464858],
       [-0.51482469],
       [-0.51462402],
       [-0.51913257],
       [-0.47646771],
       [-0.51126029],
       [ 0.03216473],
       [-0.51170879],
       [-0.51064502],
       [-0.50548894],
       [-0.51281985],
       [-0.52176375],
       [-0.51058198],
       [-0.51376762],
       [-0.51243488],
       [-0.51195392],
       [-0.51404937],
       [-0.51272715],
       [-0.51101245],
       [-0.50668216],
       [-0.51277658],
       [-0.51868895],
       [-0.51312338],
       [ 0.08084047],
       [-0.47110435],
       [ 0.00778421]])
array([[-7.76001162],
       [-0.36615107],
       [-0.65256977],
       [-7.76751369],
       [-8.04656781],
       [-8.62588603],
       [-8.55360266],
       [-8.51111311],
       [-5.87257344],
       [-5.08356388],
       [-8.12955197],
       [-0.47733181],
       [-8.1258765 ],
       [-7.89892813],
       [-7.04952456],
       [-8.01378042],
       [-6.11264166],
       [-7.7631429 ],
       [-7.85339952],
       [-8.213222  ],
       [-7.91786514],
       [-7.45513032],
       [-8.10647385],
       [-7.78305739],
       [-7.4768454 ],
       [-8.02672939],
       [-7.02154037],
       [-8.34006727],
       [-0.96741906],
       [-4.80545494],
       [ 0.12445911]])
<<<<<<<<<<< STEP 2 >>>>>>>>>>>> + array([[-0.50977824],
       [ 0.00290664],
       [ 0.11560353],
       [-0.50943439],
       [-0.50727167],
       [-0.50994232],
       [-0.51019595],
       [-0.51013768],
       [-0.51498403],
       [-0.48538916],
       [-0.50784184],
       [ 0.03990447],
       [-0.50816584],
       [-0.50745332],
       [-0.50354648],
       [-0.50878262],
       [-0.5160223 ],
       [-0.50714441],
       [-0.50989705],
       [-0.50832529],
       [-0.50863277],
       [-0.51090602],
       [-0.50911134],
       [-0.50793723],
       [-0.50413314],
       [-0.5086689 ],
       [-0.51298287],
       [-0.50893073],
       [ 0.10976815],
       [-0.48214716],
       [ 0.00658301]])
array([[-8.26978986],
       [-0.36324443],
       [-0.53696624],
       [-8.27694808],
       [-8.55383948],
       [-9.13582835],
       [-9.06379861],
       [-9.02125079],
       [-6.38755748],
       [-5.56895304],
       [-8.63739381],
       [-0.43742734],
       [-8.63404234],
       [-8.40638145],
       [-7.55307104],
       [-8.52256303],
       [-6.62866397],
       [-8.27028731],
       [-8.36329657],
       [-8.72154728],
       [-8.42649791],
       [-7.96603634],
       [-8.61558519],
       [-8.29099462],
       [-7.98097854],
       [-8.53539829],
       [-7.53452324],
       [-8.848998  ],
       [-0.85765091],
       [-5.2876021 ],
       [ 0.13104212]])
<<<<<<<<<<< STEP 3 >>>>>>>>>>>> + array([[-0.50721877],
       [ 0.00475122],
       [ 0.11597727],
       [-0.50694896],
       [-0.5048255 ],
       [-0.506848  ],
       [-0.50711255],
       [-0.50712391],
       [-0.51178366],
       [-0.49176912],
       [-0.50552506],
       [ 0.0456215 ],
       [-0.50576246],
       [-0.50527839],
       [-0.50230275],
       [-0.50610417],
       [-0.51186056],
       [-0.50487953],
       [-0.50722653],
       [-0.50564447],
       [-0.50630055],
       [-0.50847325],
       [-0.50659838],
       [-0.50578118],
       [-0.50256795],
       [-0.50597731],
       [-0.50916707],
       [-0.50617008],
       [ 0.13190272],
       [-0.4899403 ],
       [ 0.0056954 ]])
array([[-8.77700863],
       [-0.35849321],
       [-0.42098897],
       [-8.78389704],
       [-9.05866498],
       [-9.64267635],
       [-9.57091116],
       [-9.5283747 ],
       [-6.89934114],
       [-6.06072216],
       [-9.14291887],
       [-0.39180584],
       [-9.1398048 ],
       [-8.91165984],
       [-8.05537379],
       [-9.02866721],
       [-7.14052453],
       [-8.77516685],
       [-8.87052309],
       [-9.22719175],
       [-8.93279846],
       [-8.47450959],
       [-9.12218357],
       [-8.7967758 ],
       [-8.48354648],
       [-9.04137559],
       [-8.0436903 ],
       [-9.35516808],
       [-0.72574819],
       [-5.77754241],
       [ 0.13673753]])
<<<<<<<<<<< STEP 4 >>>>>>>>>>>> + array([[-0.50536129],
       [ 0.00632751],
       [ 0.11382569],
       [-0.50515049],
       [-0.50324978],
       [-0.50479083],
       [-0.50503208],
       [-0.50507165],
       [-0.50926991],
       [-0.49589228],
       [-0.5039333 ],
       [ 0.04971153],
       [-0.50410984],
       [-0.50377539],
       [-0.50150493],
       [-0.50430709],
       [-0.50883743],
       [-0.50337244],
       [-0.5053498 ],
       [-0.50388264],
       [-0.50463622],
       [-0.5065878 ],
       [-0.50482377],
       [-0.50424539],
       [-0.50161365],
       [-0.50419545],
       [-0.50657915],
       [-0.50432982],
       [ 0.14747776],
       [-0.49494614],
       [ 0.00508453]])
array([[ -9.28236993],
       [ -0.35216569],
       [ -0.30716328],
       [ -9.28904753],
       [ -9.56191475],
       [-10.14746718],
       [-10.07594324],
       [-10.03344635],
       [ -7.40861105],
       [ -6.55661444],
       [ -9.64685218],
       [ -0.34209431],
       [ -9.64391463],
       [ -9.41543523],
       [ -8.55687872],
       [ -9.5329743 ],
       [ -7.64936196],
       [ -9.27853929],
       [ -9.37587289],
       [ -9.73107439],
       [ -9.43743467],
       [ -8.98109739],
       [ -9.62700733],
       [ -9.30102119],
       [ -8.98516014],
       [ -9.54557104],
       [ -8.55026946],
       [ -9.8594979 ],
       [ -0.57827043],
       [ -6.27248855],
       [  0.14182206]])
<<<<<<<<<<< STEP 5 >>>>>>>>>>>> + array([[-0.50399937],
       [ 0.00771795],
       [ 0.11010585],
       [-0.50383548],
       [-0.50222367],
       [-0.50340212],
       [-0.50360684],
       [-0.50365314],
       [-0.5072749 ],
       [-0.49834474],
       [-0.50282615],
       [ 0.05247864],
       [-0.50295911],
       [-0.50272396],
       [-0.50099138],
       [-0.50308294],
       [-0.50662476],
       [-0.50235819],
       [-0.50400346],
       [-0.50271076],
       [-0.50343334],
       [-0.50512387],
       [-0.50355339],
       [-0.50313772],
       [-0.50103074],
       [-0.50299586],
       [-0.50479095],
       [-0.50308317],
       [ 0.15701953],
       [-0.49791848],
       [ 0.00468815]])
array([[ -9.78636929],
       [ -0.34444774],
       [ -0.19705743],
       [ -9.79288301],
       [-10.06413842],
       [-10.65086929],
       [-10.57955008],
       [-10.53709949],
       [ -7.91588595],
       [ -7.05495919],
       [-10.14967833],
       [ -0.28961567],
       [-10.14687374],
       [ -9.91815919],
       [ -9.0578701 ],
       [-10.03605724],
       [ -8.15598672],
       [ -9.78089747],
       [ -9.87987635],
       [-10.23378515],
       [ -9.94086801],
       [ -9.48622126],
       [-10.13056072],
       [ -9.80415891],
       [ -9.48619087],
       [-10.0485669 ],
       [ -9.05506041],
       [-10.36258107],
       [ -0.4212509 ],
       [ -6.77040703],
       [  0.14651021]])
<<<<<<<<<<< STEP 6 >>>>>>>>>>>> + array([[-0.50299367],
       [ 0.00897116],
       [ 0.10545832],
       [-0.50286685],
       [-0.50154516],
       [-0.50244795],
       [-0.50261463],
       [-0.50265785],
       [-0.50568565],
       [-0.49968982],
       [-0.5020476 ],
       [ 0.05416024],
       [-0.50214866],
       [-0.50198058],
       [-0.50065923],
       [-0.50223464],
       [-0.50499005],
       [-0.50166735],
       [-0.50301846],
       [-0.50191936],
       [-0.50255535],
       [-0.50398535],
       [-0.50263363],
       [-0.50233105],
       [-0.50067088],
       [-0.50217133],
       [-0.50353001],
       [-0.50222328],
       [ 0.16129962],
       [-0.49955246],
       [ 0.00443879]])
array([[-10.28936296],
       [ -0.33547658],
       [ -0.09159911],
       [-10.29574986],
       [-10.56568358],
       [-11.15331725],
       [-11.08216471],
       [-11.03975734],
       [ -8.4215716 ],
       [ -7.55464901],
       [-10.65172593],
       [ -0.23545542],
       [-10.6490224 ],
       [-10.42013977],
       [ -9.55852933],
       [-10.53829188],
       [ -8.66097677],
       [-10.28256483],
       [-10.38289481],
       [-10.7357045 ],
       [-10.44342336],
       [ -9.99020662],
       [-10.63319434],
       [-10.30648995],
       [ -9.98686175],
       [-10.55073823],
       [ -9.55859042],
       [-10.86480435],
       [ -0.25995128],
       [ -7.26995949],
       [  0.15094901]])
<<<<<<<<<<< STEP 7 >>>>>>>>>>>> + array([[-0.50224721],
       [ 0.01011676],
       [ 0.10031372],
       [-0.50214947],
       [-0.50108854],
       [-0.50178059],
       [-0.50191311],
       [-0.50194968],
       [-0.50442122],
       [-0.50035527],
       [-0.50149468],
       [ 0.05495113],
       [-0.50157192],
       [-0.50145005],
       [-0.50044308],
       [-0.50163663],
       [-0.50377165],
       [-0.50119104],
       [-0.50228609],
       [-0.50137603],
       [-0.50190958],
       [-0.50309895],
       [-0.50196154],
       [-0.5017391 ],
       [-0.50044483],
       [-0.50159238],
       [-0.5026238 ],
       [-0.50161956],
       [ 0.16127822],
       [-0.50036763],
       [ 0.0042774 ]])
array([[ -1.07916102e+01],
       [ -3.25359828e-01],
       [  8.71460353e-03],
       [ -1.07978993e+01],
       [ -1.10667721e+01],
       [ -1.16550978e+01],
       [ -1.15840778e+01],
       [ -1.15417070e+01],
       [ -8.92599282e+00],
       [ -8.05500428e+00],
       [ -1.11532206e+01],
       [ -1.80504294e-01],
       [ -1.11505943e+01],
       [ -1.09215898e+01],
       [ -1.00589724e+01],
       [ -1.10399285e+01],
       [ -9.16474843e+00],
       [ -1.07837559e+01],
       [ -1.08851809e+01],
       [ -1.12370805e+01],
       [ -1.09453329e+01],
       [ -1.04933056e+01],
       [ -1.11351559e+01],
       [ -1.08082291e+01],
       [ -1.04873066e+01],
       [ -1.10523306e+01],
       [ -1.00612142e+01],
       [ -1.13664239e+01],
       [ -9.86730589e-02],
       [ -7.77032712e+00],
       [  1.55226406e-01]])
<<<<<<<<<<< STEP 8 >>>>>>>>>>>> + array([[-0.50169097],
       [ 0.01117494],
       [ 0.09496546],
       [-0.5016159 ],
       [-0.50077576],
       [-0.50130623],
       [-0.50141027],
       [-0.50143963],
       [-0.50341994],
       [-0.50062945],
       [-0.50109841],
       [ 0.05502026],
       [-0.50115762],
       [-0.5010682 ],
       [-0.50030134],
       [-0.50120851],
       [-0.50285716],
       [-0.50085871],
       [-0.50173529],
       [-0.50099695],
       [-0.50143171],
       [-0.50240853],
       [-0.50146677],
       [-0.50130207],
       [-0.50029982],
       [-0.50117805],
       [-0.50196221],
       [-0.50118899],
       [ 0.15800165],
       [-0.50071139],
       [ 0.00416006]])
array([[-11.29330114],
       [ -0.31418488],
       [  0.10368007],
       [-11.29951522],
       [-11.56754788],
       [-12.15640407],
       [-12.08548809],
       [-12.04314665],
       [ -9.42941276],
       [ -8.55563373],
       [-11.65431902],
       [ -0.12548404],
       [-11.65175194],
       [-11.42265802],
       [-10.55927375],
       [-11.54113703],
       [ -9.66760559],
       [-11.28461458],
       [-11.3869162 ],
       [-11.73807748],
       [-11.44676466],
       [-10.9957141 ],
       [-11.63662266],
       [-11.30953112],
       [-10.9876064 ],
       [-11.55350866],
       [-10.56317643],
       [-11.8676129 ],
       [  0.05932859],
       [ -8.27103852],
       [  0.15938646]])
<<<<<<<<<<< STEP 9 >>>>>>>>>>>> + array([[-0.50127513],
       [ 0.01216144],
       [ 0.08961513],
       [-0.50121762],
       [-0.50055807],
       [-0.50096453],
       [-0.50104571],
       [-0.50106857],
       [-0.50263233],
       [-0.50069294],
       [-0.50081203],
       [ 0.05451868],
       [-0.50085744],
       [-0.50079122],
       [-0.5002075 ],
       [-0.50089806],
       [-0.50216742],
       [-0.5006242 ],
       [-0.50131821],
       [-0.50072862],
       [-0.50107639],
       [-0.50187087],
       [-0.50110035],
       [-0.50097779],
       [-0.50020482],
       [-0.50087698],
       [-0.50147354],
       [-0.50087801],
       [ 0.15247825],
       [-0.50080039],
       [ 0.0040589 ]])
array([[-11.79457626],
       [ -0.30202344],
       [  0.1932952 ],
       [-11.80073284],
       [-12.06810595],
       [-12.6573686 ],
       [-12.58653381],
       [-12.54421523],
       [ -9.93204509],
       [ -9.05632667],
       [-12.15513105],
       [ -0.07096536],
       [-12.15260938],
       [-11.92344924],
       [-11.05948126],
       [-12.04203509],
       [-10.16977301],
       [-11.78523878],
       [-11.8882344 ],
       [-12.2388061 ],
       [-11.94784105],
       [-11.49758497],
       [-12.13772301],
       [-11.81050891],
       [-11.48781122],
       [-12.05438565],
       [-11.06464997],
       [-12.36849091],
       [  0.21180684],
       [ -8.77183891],
       [  0.16344537]])
<<<<<<<<<<< STEP 10 >>>>>>>>>>>> + array([[-0.50096337],
       [ 0.01308928],
       [ 0.08439955],
       [-0.5009194 ],
       [-0.5004045 ],
       [-0.5007158 ],
       [-0.500779  ],
       [-0.50079646],
       [-0.50201735],
       [-0.50065282],
       [-0.50060345],
       [ 0.05358119],
       [-0.50063828],
       [-0.50058888],
       [-0.50014469],
       [-0.50067064],
       [-0.50164559],
       [-0.50045698],
       [-0.50100132],
       [-0.50053632],
       [-0.50081115],
       [-0.50145239],
       [-0.50082769],
       [-0.50073616],
       [-0.50014143],
       [-0.50065578],
       [-0.5011097 ],
       [-0.50065123],
       [ 0.14557847],
       [-0.50076287],
       [ 0.00395932]])
array([[-12.29553963],
       [ -0.28893417],
       [  0.27769475],
       [-12.30165224],
       [-12.56851045],
       [-13.1580844 ],
       [-13.08731281],
       [-13.04501169],
       [-10.43406244],
       [ -9.55697949],
       [-12.6557345 ],
       [ -0.01738417],
       [-12.65324766],
       [-12.42403813],
       [-11.55962594],
       [-12.54270573],
       [-10.6714186 ],
       [-12.28569577],
       [-12.38923572],
       [-12.73934242],
       [-12.44865219],
       [-11.99903736],
       [-12.63855071],
       [-12.31124508],
       [-11.98795265],
       [-12.55504143],
       [-11.56575967],
       [-12.86914214],
       [  0.35738531],
       [ -9.27260178],
       [  0.16740468]])
<<<<<<<<<<< STEP 11 >>>>>>>>>>>> + array([[-0.50072906],
       [ 0.01396904],
       [ 0.07940785],
       [-0.5006955 ],
       [-0.50029498],
       [-0.50053332],
       [-0.50058248],
       [-0.50059566],
       [-0.50154058],
       [-0.50056943],
       [-0.50045048],
       [ 0.05232507],
       [-0.50047717],
       [-0.50044011],
       [-0.50010212],
       [-0.50050275],
       [-0.50125012],
       [-0.50033662],
       [-0.50076034],
       [-0.50039708],
       [-0.5006125 ],
       [-0.50112692],
       [-0.50062402],
       [-0.50055549],
       [-0.50009848],
       [-0.50049199],
       [-0.50083739],
       [-0.50048469],
       [ 0.13798488],
       [-0.50067117],
       [ 0.00385566]])
array([[-12.79626869],
       [ -0.27496513],
       [  0.3571026 ],
       [-12.80234775],
       [-13.06880544],
       [-13.65861772],
       [-13.58789528],
       [-13.54560734],
       [-10.93560302],
       [-10.05754892],
       [-13.15618498],
       [  0.0349409 ],
       [-13.15372483],
       [-12.92447824],
       [-12.05972806],
       [-13.04320848],
       [-11.17266873],
       [-12.78603239],
       [-12.88999606],
       [-13.2397395 ],
       [-12.9492647 ],
       [-12.50016428],
       [-13.13917473],
       [-12.81180057],
       [-12.48805114],
       [-13.05553342],
       [-12.06659706],
       [-13.36962683],
       [  0.49537019],
       [ -9.77327295],
       [  0.17126034]])
<<<<<<<<<<< STEP 12 >>>>>>>>>>>> + array([[-0.50055258],
       [ 0.01480879],
       [ 0.07469343],
       [-0.50052699],
       [-0.5002162 ],
       [-0.50039863],
       [-0.50043688],
       [-0.50044674],
       [-0.50117327],
       [-0.50047486],
       [-0.50033759],
       [ 0.05084892],
       [-0.50035802],
       [-0.50033011],
       [-0.50007288],
       [-0.50037807],
       [-0.50095013],
       [-0.50024927],
       [-0.50057712],
       [-0.50029542],
       [-0.50046333],
       [-0.500874  ],
       [-0.5004714 ],
       [-0.50041999],
       [-0.50006905],
       [-0.50037006],
       [-0.50063289],
       [-0.50036174],
       [ 0.13018929],
       [-0.50056395],
       [ 0.00374743]])
array([[-13.29682126],
       [ -0.26015633],
       [  0.43179603],
       [-13.30287474],
       [-13.56902164],
       [-14.15901635],
       [-14.08833216],
       [-14.04605408],
       [-11.43677629],
       [-10.55802377],
       [-13.65652257],
       [  0.08578982],
       [-13.65408285],
       [-13.42480835],
       [-12.55980094],
       [-13.54358655],
       [-11.67361886],
       [-13.28628166],
       [-13.39057318],
       [-13.74003492],
       [-13.44972803],
       [-13.00103828],
       [-13.63964613],
       [-13.31222056],
       [-12.98812019],
       [-13.55590349],
       [-12.56722995],
       [-13.86998857],
       [  0.62555948],
       [-10.2738369 ],
       [  0.17500777]])
<<<<<<<<<<< STEP 13 >>>>>>>>>>>> + array([[-0.50041939],
       [ 0.01561413],
       [ 0.07028338],
       [-0.50039989],
       [-0.50015913],
       [-0.50029876],
       [-0.50032853],
       [-0.50033585],
       [-0.50089176],
       [-0.5003848 ],
       [-0.50025382],
       [ 0.04923274],
       [-0.50026946],
       [-0.50024837],
       [-0.50005255],
       [-0.50028505],
       [-0.50072244],
       [-0.50018541],
       [-0.50043792],
       [-0.50022068],
       [-0.50035105],
       [-0.50067758],
       [-0.50035673],
       [-0.5003181 ],
       [-0.50004869],
       [-0.50027895],
       [-0.50047898],
       [-0.50027063],
       [ 0.1225192 ],
       [-0.50046032],
       [ 0.00363644]])
array([[-13.79724065],
       [ -0.2445422 ],
       [  0.50207941],
       [-13.80327463],
       [-14.06918077],
       [-14.65931511],
       [-14.58866069],
       [-14.54638993],
       [-11.93766805],
       [-11.05840857],
       [-14.15677639],
       [  0.13502256],
       [-14.15435231],
       [-13.92505672],
       [-13.05985349],
       [-14.0438716 ],
       [-12.1743413 ],
       [-13.78646707],
       [-13.8910111 ],
       [-14.2402556 ],
       [-13.95007909],
       [-13.50171586],
       [-14.14000286],
       [-13.81253867],
       [-13.48816888],
       [-14.05618244],
       [-13.06770893],
       [-14.37025919],
       [  0.74807867],
       [-10.77429722],
       [  0.17864421]])
<<<<<<<<<<< STEP 14 >>>>>>>>>>>> + array([[-0.5003187 ],
       [ 0.01638845],
       [ 0.066186  ],
       [-0.50030385],
       [-0.50011755],
       [-0.50022443],
       [-0.50024761],
       [-0.50025302],
       [-0.50067687],
       [-0.50030587],
       [-0.50019138],
       [ 0.04753931],
       [-0.50020334],
       [-0.50018736],
       [-0.50003823],
       [-0.50021539],
       [-0.50054957],
       [-0.50013843],
       [-0.50033226],
       [-0.50016542],
       [-0.50026636],
       [-0.50052515],
       [-0.50027037],
       [-0.50024131],
       [-0.50003451],
       [-0.50021066],
       [-0.50036294],
       [-0.50020289],
       [ 0.11517507],
       [-0.50036858],
       [ 0.00352514]])
array([[-14.29755936],
       [ -0.22815375],
       [  0.56826542],
       [-14.30357848],
       [-14.56929831],
       [-15.15953954],
       [-15.0889083 ],
       [-15.04664296],
       [-12.43834491],
       [-11.55871444],
       [-14.65696777],
       [  0.18256187],
       [-14.65455564],
       [-14.42524408],
       [-13.55989172],
       [-14.54408699],
       [-12.67489087],
       [-14.2866055 ],
       [-14.39134336],
       [-14.74042102],
       [-14.45034545],
       [-14.00224101],
       [-14.64027323],
       [-14.31277998],
       [-13.98820339],
       [-14.5563931 ],
       [-13.56807187],
       [-14.87046208],
       [  0.86325374],
       [-11.2746658 ],
       [  0.18216934]])
<<<<<<<<<<< STEP 15 >>>>>>>>>>>> + array([[-0.50024247],
       [ 0.01713339],
       [ 0.0623969 ],
       [-0.50023116],
       [-0.50008711],
       [-0.50016894],
       [-0.50018698],
       [-0.50019097],
       [-0.50051332],
       [-0.50023989],
       [-0.50014464],
       [ 0.04581642],
       [-0.50015378],
       [-0.50014166],
       [-0.50002802],
       [-0.50016306],
       [-0.50041826],
       [-0.50010369],
       [-0.50025211],
       [-0.50012436],
       [-0.50020237],
       [-0.50040692],
       [-0.50020521],
       [-0.50018332],
       [-0.50002457],
       [-0.50015936],
       [-0.50027533],
       [-0.50015239],
       [ 0.10826655],
       [-0.50029124],
       [ 0.00341579]])
array([[-14.79780182],
       [ -0.21102036],
       [  0.63066231],
       [-14.80380964],
       [-15.06938542],
       [-15.65970848],
       [-15.58909528],
       [-15.54683393],
       [-12.93885823],
       [-12.05895433],
       [-15.15711241],
       [  0.22837829],
       [-15.15470943],
       [-14.92538573],
       [-14.05991974],
       [-15.04425005],
       [-13.17530913],
       [-14.78670918],
       [-14.89159548],
       [-15.24054538],
       [-14.95054782],
       [-14.50264793],
       [-15.14047844],
       [-14.8129633 ],
       [-14.48822795],
       [-15.05655245],
       [-14.0683472 ],
       [-15.37061447],
       [  0.97152029],
       [-11.77495704],
       [  0.18558513]])
<<<<<<<<<<< STEP 16 >>>>>>>>>>>> + array([[-0.50018466],
       [ 0.01784931],
       [ 0.05890354],
       [-0.50017605],
       [-0.50006473],
       [-0.50012741],
       [-0.50014145],
       [-0.50014438],
       [-0.50038912],
       [-0.50018637],
       [-0.50010954],
       [ 0.04409941],
       [-0.50011653],
       [-0.50010731],
       [-0.50002067],
       [-0.50012366],
       [-0.5003185 ],
       [-0.50007788],
       [-0.50019134],
       [-0.50009374],
       [-0.50015394],
       [-0.50031524],
       [-0.50015595],
       [-0.50013944],
       [-0.50001756],
       [-0.50012073],
       [-0.5002091 ],
       [-0.50011466],
       [ 0.10184216],
       [-0.500228  ],
       [ 0.00331014]])
array([[-15.29798648],
       [ -0.19317105],
       [  0.68956585],
       [-15.30398568],
       [-15.56945015],
       [-16.15983589],
       [-16.08923674],
       [-16.04697831],
       [-13.43924735],
       [-12.5591407 ],
       [-15.65722196],
       [  0.27247769],
       [-15.65482596],
       [-15.42549305],
       [-14.55994041],
       [-15.54437371],
       [-13.67562763],
       [-15.28678706],
       [-15.39178681],
       [-15.74063912],
       [-15.45070176],
       [-15.00296317],
       [-15.64063439],
       [-15.31310274],
       [-14.98824551],
       [-15.55667319],
       [-14.5685563 ],
       [-15.87072913],
       [  1.07336245],
       [-12.27518504],
       [  0.18889528]])
<<<<<<<<<<< STEP 17 >>>>>>>>>>>> + array([[-0.50014077],
       [ 0.01853569],
       [ 0.05568867],
       [-0.50013421],
       [-0.50004822],
       [-0.50009624],
       [-0.50010718],
       [-0.50010932],
       [-0.50029492],
       [-0.5001438 ],
       [-0.50008311],
       [ 0.04241364],
       [-0.50008845],
       [-0.50008143],
       [-0.50001533],
       [-0.50009391],
       [-0.50024267],
       [-0.50005863],
       [-0.50014526],
       [-0.50007081],
       [-0.50011723],
       [-0.50024419],
       [-0.50011866],
       [-0.50010619],
       [-0.5000126 ],
       [-0.5000916 ],
       [-0.50015897],
       [-0.50008641],
       [ 0.09591153],
       [-0.50017731],
       [ 0.00320939]])
array([[-15.79812725],
       [ -0.17463536],
       [  0.74525452],
       [-15.80411989],
       [-16.06949838],
       [-16.65993214],
       [-16.58934391],
       [-16.54708763],
       [-13.93954227],
       [-13.0592845 ],
       [-16.15730507],
       [  0.31489133],
       [-16.15491441],
       [-15.92557448],
       [-15.05995574],
       [-16.04446762],
       [-14.1758703 ],
       [-15.78684569],
       [-15.89193207],
       [-16.24070993],
       [-15.95081899],
       [-15.50320735],
       [-16.14075305],
       [-15.81320892],
       [-15.48825811],
       [-16.05676479],
       [-15.06871527],
       [-16.37081554],
       [  1.16927398],
       [-12.77536235],
       [  0.19210467]])
<<<<<<<<<<< STEP 18 >>>>>>>>>>>> + array([[-0.50010741],
       [ 0.01919146],
       [ 0.05273266],
       [-0.50010241],
       [-0.500036  ],
       [-0.50007281],
       [-0.50008132],
       [-0.50008288],
       [-0.50022355],
       [-0.50011041],
       [-0.50006315],
       [ 0.0407767 ],
       [-0.50006724],
       [-0.50006189],
       [-0.50001143],
       [-0.50007142],
       [-0.50018499],
       [-0.50004423],
       [-0.50011033],
       [-0.50005359],
       [-0.50008936],
       [-0.50018912],
       [-0.50009038],
       [-0.50008095],
       [-0.50000907],
       [-0.50006959],
       [-0.50012097],
       [-0.50006522],
       [ 0.09046094],
       [-0.50013724],
       [ 0.00311423]])
array([[-16.29823466],
       [ -0.1554439 ],
       [  0.79798719],
       [-16.30422231],
       [-16.56953438],
       [-17.16000495],
       [-17.08942523],
       [-17.04717051],
       [-14.43976583],
       [-13.55939491],
       [-16.65736822],
       [  0.35566803],
       [-16.65498165],
       [-16.42563637],
       [-15.55996717],
       [-16.54453904],
       [-14.67605529],
       [-16.28688992],
       [-16.3920424 ],
       [-16.74076352],
       [-16.45090835],
       [-16.00339648],
       [-16.64084343],
       [-16.31328988],
       [-15.98826717],
       [-16.55683438],
       [-15.56883624],
       [-16.87088076],
       [  1.25973492],
       [-13.27549959],
       [  0.19521889]])
<<<<<<<<<<< STEP 19 >>>>>>>>>>>> + array([[-0.50008203],
       [ 0.01981531],
       [ 0.05001509],
       [-0.50007822],
       [-0.50002693],
       [-0.50005516],
       [-0.50006178],
       [-0.50006292],
       [-0.5001695 ],
       [-0.50008446],
       [-0.50004805],
       [ 0.03920021],
       [-0.50005118],
       [-0.5000471 ],
       [-0.50000855],
       [-0.50005438],
       [-0.50014111],
       [-0.50003342],
       [-0.50008384],
       [-0.50004063],
       [-0.50006818],
       [-0.50014646],
       [-0.50006891],
       [-0.50006177],
       [-0.50000655],
       [-0.50005293],
       [-0.50009215],
       [-0.50004929],
       [ 0.08546362],
       [-0.50010587],
       [ 0.00302498]])
array([[-16.79831669],
       [ -0.1356286 ],
       [  0.84800228],
       [-16.80430052],
       [-17.06956131],
       [-17.66006011],
       [-17.58948701],
       [-17.54723342],
       [-14.93993533],
       [-14.05947937],
       [-17.15741627],
       [  0.39486824],
       [-17.15503283],
       [-16.92568346],
       [-16.05997571],
       [-17.04459342],
       [-15.1761964 ],
       [-16.78692334],
       [-16.89212625],
       [-17.24080415],
       [-16.95097653],
       [-16.50354294],
       [-17.14091234],
       [-16.81335165],
       [-16.48827372],
       [-17.05688731],
       [-16.06892839],
       [-17.37093005],
       [  1.34519853],
       [-13.77560546],
       [  0.19824387]])
<<<<<<<<<<< STEP 20 >>>>>>>>>>>> + array([[-0.50006269],
       [ 0.02040581],
       [ 0.04751579],
       [-0.50005978],
       [-0.50002019],
       [-0.50004184],
       [-0.50004699],
       [-0.50004781],
       [-0.50012857],
       [-0.50006445],
       [-0.50003661],
       [ 0.03769134],
       [-0.500039  ],
       [-0.50003588],
       [-0.50000641],
       [-0.50004145],
       [-0.5001077 ],
       [-0.5000253 ],
       [-0.50006375],
       [-0.50003085],
       [-0.50005207],
       [-0.50011342],
       [-0.50005259],
       [-0.50004718],
       [-0.50000474],
       [-0.5000403 ],
       [-0.50007026],
       [-0.5000373 ],
       [ 0.08088649],
       [-0.50008147],
       [ 0.0029417 ]])
array([[-17.29837938],
       [ -0.11522278],
       [  0.89551807],
       [-17.3043603 ],
       [-17.5695815 ],
       [-18.16010195],
       [-18.08953399],
       [-18.04728124],
       [-15.44006389],
       [-14.55954383],
       [-17.65745288],
       [  0.43255957],
       [-17.65507182],
       [-17.42571934],
       [-16.55998212],
       [-17.54463487],
       [-15.6763041 ],
       [-17.28694863],
       [-17.39218999],
       [-17.740835  ],
       [-17.4510286 ],
       [-17.00365636],
       [-17.64096493],
       [-17.31339883],
       [-16.98827846],
       [-17.55692761],
       [-16.56899865],
       [-17.87096734],
       [  1.42608503],
       [-14.27568693],
       [  0.20118556]])
<<<<<<<<<<< STEP 21 >>>>>>>>>>>> + array([[-0.50004795],
       [ 0.02096163],
       [ 0.04521546],
       [-0.50004573],
       [-0.50001515],
       [-0.50003178],
       [-0.50003578],
       [-0.50003638],
       [-0.50009757],
       [-0.50004909],
       [-0.50002792],
       [ 0.03625395],
       [-0.50002974],
       [-0.50002737],
       [-0.50000482],
       [-0.50003162],
       [-0.50008225],
       [-0.50001917],
       [-0.5000485 ],
       [-0.50002346],
       [-0.5000398 ],
       [-0.50008782],
       [-0.50004016],
       [-0.50003607],
       [-0.50000344],
       [-0.50003072],
       [-0.50005361],
       [-0.50002826],
       [ 0.07669429],
       [-0.50006258],
       [ 0.00286426]])
array([[-17.79842732],
       [ -0.09426115],
       [  0.94073354],
       [-17.80440603],
       [-18.06959665],
       [-18.66013373],
       [-18.58956977],
       [-18.54731761],
       [-15.94016146],
       [-15.05959292],
       [-18.15748079],
       [  0.46881353],
       [-18.15510157],
       [-17.92574671],
       [-17.05998695],
       [-18.04466649],
       [-16.17638635],
       [-17.7869678 ],
       [-17.89223849],
       [-18.24085846],
       [-17.9510684 ],
       [-17.50374417],
       [-18.14100509],
       [-17.8134349 ],
       [-17.48828189],
       [-18.05695833],
       [-17.06905225],
       [-18.3709956 ],
       [  1.50277932],
       [-14.77574951],
       [  0.20404982]])
<<<<<<<<<<< STEP 22 >>>>>>>>>>>> + array([[-0.5000367 ],
       [ 0.02148153],
       [ 0.04309602],
       [-0.500035  ],
       [-0.50001139],
       [-0.50002416],
       [-0.50002727],
       [-0.5000277 ],
       [-0.50007408],
       [-0.50003734],
       [-0.50002131],
       [ 0.03488953],
       [-0.50002271],
       [-0.50002089],
       [-0.50000363],
       [-0.50002415],
       [-0.50006284],
       [-0.50001455],
       [-0.50003692],
       [-0.50001786],
       [-0.50003044],
       [-0.50006799],
       [-0.5000307 ],
       [-0.50002759],
       [-0.5000025 ],
       [-0.50002344],
       [-0.50004094],
       [-0.50002143],
       [ 0.072852  ],
       [-0.50004802],
       [ 0.00279241]])
array([[-18.29846402],
       [ -0.07277962],
       [  0.98382955],
       [-18.30444104],
       [-18.56960805],
       [-19.16015788],
       [-19.08959704],
       [-19.04734531],
       [-16.44023554],
       [-15.55963026],
       [-18.6575021 ],
       [  0.50370305],
       [-18.65512428],
       [-18.4257676 ],
       [-17.55999058],
       [-18.54469063],
       [-16.67644919],
       [-18.28698235],
       [-18.39227541],
       [-18.74087631],
       [-18.45109884],
       [-18.00381217],
       [-18.64103579],
       [-18.31346249],
       [-17.98828439],
       [-18.55698177],
       [-17.56909319],
       [-18.87101704],
       [  1.57563132],
       [-15.27579753],
       [  0.20684224]])
<<<<<<<<<<< STEP 23 >>>>>>>>>>>> + array([[-0.5000281 ],
       [ 0.02196451],
       [ 0.04114074],
       [-0.50002681],
       [-0.50000858],
       [-0.50001838],
       [-0.5000208 ],
       [-0.50002111],
       [-0.50005628],
       [-0.50002838],
       [-0.50001628],
       [ 0.03359782],
       [-0.50001735],
       [-0.50001596],
       [-0.50000274],
       [-0.50001845],
       [-0.50004805],
       [-0.50001105],
       [-0.50002812],
       [-0.50001361],
       [-0.5000233 ],
       [-0.50005264],
       [-0.50002348],
       [-0.50002112],
       [-0.50000182],
       [-0.5000179 ],
       [-0.50003129],
       [-0.50001627],
       [ 0.06932631],
       [-0.50003682],
       [ 0.00272585]])
array([[-18.79849212],
       [ -0.05081512],
       [  1.0249703 ],
       [-18.80446785],
       [-19.06961662],
       [-19.66017627],
       [-19.58961783],
       [-19.54736642],
       [-16.94029182],
       [-16.05965864],
       [-19.15751838],
       [  0.53730088],
       [-19.15514163],
       [-18.92578356],
       [-18.05999332],
       [-19.04470909],
       [-17.17649724],
       [-18.7869934 ],
       [-18.89230354],
       [-19.24088992],
       [-18.95112214],
       [-18.50386481],
       [-19.14105927],
       [-18.81348361],
       [-18.48828621],
       [-19.05699967],
       [-18.06912448],
       [-19.37103331],
       [  1.64495762],
       [-15.77583435],
       [  0.20956809]])
<<<<<<<<<<< STEP 24 >>>>>>>>>>>> + array([[-0.50002154],
       [ 0.02240978],
       [ 0.03933437],
       [-0.50002055],
       [-0.50000647],
       [-0.500014  ],
       [-0.50001588],
       [-0.5000161 ],
       [-0.50004278],
       [-0.50002156],
       [-0.50001245],
       [ 0.03237741],
       [-0.50001327],
       [-0.50001221],
       [-0.50000208],
       [-0.50001411],
       [-0.50003675],
       [-0.5000084 ],
       [-0.50002144],
       [-0.50001038],
       [-0.50001784],
       [-0.50004075],
       [-0.50001798],
       [-0.50001618],
       [-0.50000133],
       [-0.50001368],
       [-0.50002393],
       [-0.50001237],
       [ 0.06608625],
       [-0.50002821],
       [ 0.00266423]])
array([[-19.29851366],
       [ -0.02840534],
       [  1.06430467],
       [-19.30448839],
       [-19.56962309],
       [-20.16019026],
       [-20.08963371],
       [-20.04738253],
       [-17.4403346 ],
       [-16.55968021],
       [-19.65753083],
       [  0.56967828],
       [-19.6551549 ],
       [-19.42579577],
       [-18.5599954 ],
       [-19.5447232 ],
       [-17.67653399],
       [-19.2870018 ],
       [-19.39232497],
       [-19.7409003 ],
       [-19.45113998],
       [-19.00390556],
       [-19.64107725],
       [-19.3134998 ],
       [-18.98828754],
       [-19.55701334],
       [-18.56914841],
       [-19.87104567],
       [  1.71104388],
       [-16.27586256],
       [  0.21223232]])
<<<<<<<<<<< STEP 25 >>>>>>>>>>>> + array([[-0.50001651],
       [ 0.02281682],
       [ 0.03766302],
       [-0.50001576],
       [-0.50000488],
       [-0.50001067],
       [-0.50001213],
       [-0.50001229],
       [-0.50003254],
       [-0.50001638],
       [-0.50000953],
       [ 0.03122603],
       [-0.50001015],
       [-0.50000934],
       [-0.50000157],
       [-0.5000108 ],
       [-0.50002813],
       [-0.50000639],
       [-0.50001635],
       [-0.50000792],
       [-0.50001367],
       [-0.50003155],
       [-0.50001377],
       [-0.5000124 ],
       [-0.50000097],
       [-0.50001046],
       [-0.50001831],
       [-0.50000941],
       [ 0.06310355],
       [-0.50002161],
       [ 0.0026072 ]])
array([[ -1.97985302e+01],
       [ -5.58851374e-03],
       [  1.10196769e+00],
       [ -1.98045042e+01],
       [ -2.00696280e+01],
       [ -2.06602009e+01],
       [ -2.05896458e+01],
       [ -2.05473948e+01],
       [ -1.79403671e+01],
       [ -1.70596966e+01],
       [ -2.01575404e+01],
       [  6.00904315e-01],
       [ -2.01551651e+01],
       [ -1.99258051e+01],
       [ -1.90599970e+01],
       [ -2.00447340e+01],
       [ -1.81765621e+01],
       [ -1.97870082e+01],
       [ -1.98923413e+01],
       [ -2.02409082e+01],
       [ -1.99511537e+01],
       [ -1.95039371e+01],
       [ -2.01410910e+01],
       [ -1.98135122e+01],
       [ -1.94882885e+01],
       [ -2.00570238e+01],
       [ -1.90691667e+01],
       [ -2.03710551e+01],
       [  1.77414743e+00],
       [ -1.67758842e+01],
       [  2.14839523e-01]])
<<<<<<<<<<< STEP 26 >>>>>>>>>>>> + array([[-0.50001267],
       [ 0.02318538],
       [ 0.03611416],
       [-0.50001209],
       [-0.50000369],
       [-0.50000814],
       [-0.50000927],
       [-0.50000939],
       [-0.50002477],
       [-0.50001244],
       [-0.50000729],
       [ 0.03014093],
       [-0.50000778],
       [-0.50000715],
       [-0.50000119],
       [-0.50000827],
       [-0.50002154],
       [-0.50000487],
       [-0.50001248],
       [-0.50000605],
       [-0.50001049],
       [-0.50002442],
       [-0.50001055],
       [-0.50000951],
       [-0.50000071],
       [-0.500008  ],
       [-0.50001402],
       [-0.50000716],
       [ 0.06035264],
       [-0.50001656],
       [ 0.00255441]])
array([[ -2.02985428e+01],
       [  1.75968693e-02],
       [  1.13808184e+00],
       [ -2.03045162e+01],
       [ -2.05696317e+01],
       [ -2.11602091e+01],
       [ -2.10896551e+01],
       [ -2.10474042e+01],
       [ -1.84403919e+01],
       [ -1.75597090e+01],
       [ -2.06575477e+01],
       [  6.31045243e-01],
       [ -2.06551728e+01],
       [ -2.04258123e+01],
       [ -1.95599982e+01],
       [ -2.05447423e+01],
       [ -1.86765837e+01],
       [ -2.02870131e+01],
       [ -2.03923538e+01],
       [ -2.07409143e+01],
       [ -2.04511641e+01],
       [ -2.00039615e+01],
       [ -2.06411016e+01],
       [ -2.03135217e+01],
       [ -1.99882892e+01],
       [ -2.05570318e+01],
       [ -1.95691807e+01],
       [ -2.08710622e+01],
       [  1.83450006e+00],
       [ -1.72759007e+01],
       [  2.17393935e-01]])
<<<<<<<<<<< STEP 27 >>>>>>>>>>>> + array([[-0.50000972],
       [ 0.02351546],
       [ 0.03467647],
       [-0.50000928],
       [-0.50000279],
       [-0.50000621],
       [-0.50000709],
       [-0.50000718],
       [-0.50001886],
       [-0.50000945],
       [-0.50000559],
       [ 0.02911901],
       [-0.50000596],
       [-0.50000548],
       [-0.5000009 ],
       [-0.50000634],
       [-0.5000165 ],
       [-0.50000371],
       [-0.50000953],
       [-0.50000463],
       [-0.50000804],
       [-0.5000189 ],
       [-0.50000809],
       [-0.5000073 ],
       [-0.50000052],
       [-0.50000613],
       [-0.50001074],
       [-0.50000545],
       [ 0.05781054],
       [-0.50001268],
       [ 0.00250553]])
array([[-20.79855256],
       [  0.04111233],
       [  1.17275831],
       [-20.80452552],
       [-21.06963444],
       [-21.66021529],
       [-21.58966221],
       [-21.54741139],
       [-18.94041078],
       [-18.05971847],
       [-21.15755324],
       [  0.66016425],
       [-21.15517879],
       [-20.92581774],
       [-20.05999907],
       [-21.04474861],
       [-19.17660015],
       [-20.78701678],
       [-20.89236332],
       [-21.2409189 ],
       [-20.95117219],
       [-20.50398042],
       [-21.14110966],
       [-20.81352901],
       [-20.48828973],
       [-21.05703794],
       [-20.06919148],
       [-21.37106769],
       [  1.89231061],
       [-17.77591341],
       [  0.21989947]])
<<<<<<<<<<< STEP 28 >>>>>>>>>>>> + array([[-0.50000747],
       [ 0.02380731],
       [ 0.03333981],
       [-0.50000713],
       [-0.50000211],
       [-0.50000475],
       [-0.50000543],
       [-0.50000549],
       [-0.50001438],
       [-0.50000718],
       [-0.50000428],
       [ 0.02815701],
       [-0.50000457],
       [-0.5000042 ],
       [-0.50000069],
       [-0.50000486],
       [-0.50001265],
       [-0.50000283],
       [-0.50000728],
       [-0.50000354],
       [-0.50000617],
       [-0.50001463],
       [-0.50000621],
       [-0.5000056 ],
       [-0.50000038],
       [-0.5000047 ],
       [-0.50000823],
       [-0.50000416],
       [ 0.05545674],
       [-0.50000972],
       [ 0.00246026]])
array([[-21.29856002],
       [  0.06491964],
       [  1.20609812],
       [-21.30453265],
       [-21.56963655],
       [-22.16022004],
       [-22.08966764],
       [-22.04741688],
       [-19.44042515],
       [-18.55972565],
       [-21.65755752],
       [  0.68832126],
       [-21.65518335],
       [-21.42582194],
       [-20.55999975],
       [-21.54475347],
       [-19.6766128 ],
       [-21.28701961],
       [-21.3923706 ],
       [-21.74092244],
       [-21.45117836],
       [-21.00399505],
       [-21.64111587],
       [-21.31353461],
       [-20.9882901 ],
       [-21.55704263],
       [-20.56919971],
       [-21.87107185],
       [  1.94776734],
       [-18.27592313],
       [  0.22235973]])
<<<<<<<<<<< STEP 29 >>>>>>>>>>>> + array([[-0.50000574],
       [ 0.02406142],
       [ 0.03209503],
       [-0.50000548],
       [-0.5000016 ],
       [-0.50000363],
       [-0.50000416],
       [-0.5000042 ],
       [-0.50001096],
       [-0.50000545],
       [-0.50000329],
       [ 0.02725163],
       [-0.5000035 ],
       [-0.50000322],
       [-0.50000052],
       [-0.50000373],
       [-0.5000097 ],
       [-0.50000216],
       [-0.50000556],
       [-0.50000271],
       [-0.50000474],
       [-0.50001132],
       [-0.50000476],
       [-0.5000043 ],
       [-0.50000028],
       [-0.5000036 ],
       [-0.50000631],
       [-0.50000317],
       [ 0.05327293],
       [-0.50000744],
       [ 0.00241829]])
array([[-21.79856576],
       [  0.08898106],
       [  1.23819315],
       [-21.80453813],
       [-22.06963815],
       [-22.66022367],
       [-22.58967179],
       [-22.54742109],
       [-19.94043611],
       [-19.0597311 ],
       [-22.15756081],
       [  0.71557289],
       [-22.15518686],
       [-21.92582516],
       [-21.06000028],
       [-22.0447572 ],
       [-20.17662249],
       [-21.78702178],
       [-21.89237616],
       [-22.24092516],
       [-21.9511831 ],
       [-21.50400637],
       [-22.14112063],
       [-21.81353892],
       [-21.48829038],
       [-22.05704623],
       [-21.06920602],
       [-22.37107502],
       [  2.00104027],
       [-18.77593057],
       [  0.22477801]])
<<<<<<<<<<< STEP 30 >>>>>>>>>>>> + array([[-0.50000441],
       [ 0.02427851],
       [ 0.03093395],
       [-0.50000421],
       [-0.50000121],
       [-0.50000277],
       [-0.50000319],
       [-0.50000322],
       [-0.50000836],
       [-0.50000415],
       [-0.50000252],
       [ 0.02639955],
       [-0.50000269],
       [-0.50000247],
       [-0.5000004 ],
       [-0.50000286],
       [-0.50000744],
       [-0.50000165],
       [-0.50000426],
       [-0.50000208],
       [-0.50000364],
       [-0.50000876],
       [-0.50000366],
       [-0.50000331],
       [-0.5000002 ],
       [-0.50000276],
       [-0.50000484],
       [-0.50000242],
       [ 0.05124281],
       [-0.50000571],
       [ 0.00237937]])
array([[-22.29857017],
       [  0.11325957],
       [  1.2691271 ],
       [-22.30454234],
       [-22.56963937],
       [-23.16022644],
       [-23.08967498],
       [-23.04742431],
       [-20.44044448],
       [-19.55973524],
       [-22.65756333],
       [  0.74197244],
       [-22.65518954],
       [-22.42582764],
       [-21.56000067],
       [-22.54476006],
       [-20.67662993],
       [-22.28702343],
       [-22.39238042],
       [-22.74092723],
       [-22.45118675],
       [-22.00401513],
       [-22.64112429],
       [-22.31354222],
       [-21.98829058],
       [-22.55704899],
       [-21.56921087],
       [-22.87107745],
       [  2.05228308],
       [-19.27593628],
       [  0.22715738]])
<<<<<<<<<<< STEP 31 >>>>>>>>>>>> + array([[-0.50000339],
       [ 0.0244595 ],
       [ 0.0298492 ],
       [-0.50000324],
       [-0.50000092],
       [-0.50000212],
       [-0.50000244],
       [-0.50000247],
       [-0.50000638],
       [-0.50000315],
       [-0.50000194],
       [ 0.02559755],
       [-0.50000206],
       [-0.5000019 ],
       [-0.5000003 ],
       [-0.5000022 ],
       [-0.50000571],
       [-0.50000126],
       [-0.50000326],
       [-0.50000159],
       [-0.5000028 ],
       [-0.50000678],
       [-0.50000281],
       [-0.50000254],
       [-0.50000015],
       [-0.50000212],
       [-0.50000372],
       [-0.50000185],
       [ 0.04935189],
       [-0.50000437],
       [ 0.00234325]])
array([[-22.79857356],
       [  0.13771907],
       [  1.2989763 ],
       [-22.80454557],
       [-23.06964029],
       [-23.66022856],
       [-23.58967742],
       [-23.54742677],
       [-20.94045086],
       [-20.0597384 ],
       [-23.15756527],
       [  0.76757   ],
       [-23.15519161],
       [-22.92582954],
       [-22.06000098],
       [-23.04476225],
       [-21.17663564],
       [-22.78702469],
       [-22.89238368],
       [-23.24092882],
       [-22.95118954],
       [-22.50402191],
       [-23.1411271 ],
       [-22.81354477],
       [-22.48829073],
       [-23.05705111],
       [-22.06921458],
       [-23.37107929],
       [  2.10163496],
       [-19.77594065],
       [  0.22950063]])
<<<<<<<<<<< STEP 32 >>>>>>>>>>>> + array([[-0.50000261],
       [ 0.02460548],
       [ 0.02883418],
       [-0.50000249],
       [-0.5000007 ],
       [-0.50000163],
       [-0.50000187],
       [-0.50000189],
       [-0.50000488],
       [-0.5000024 ],
       [-0.50000149],
       [ 0.0248425 ],
       [-0.50000159],
       [-0.50000146],
       [-0.50000023],
       [-0.50000169],
       [-0.50000438],
       [-0.50000097],
       [-0.50000249],
       [-0.50000122],
       [-0.50000215],
       [-0.50000525],
       [-0.50000216],
       [-0.50000195],
       [-0.50000011],
       [-0.50000163],
       [-0.50000285],
       [-0.50000141],
       [ 0.04758726],
       [-0.50000335],
       [ 0.00230971]])
array([[-23.29857616],
       [  0.16232456],
       [  1.32781048],
       [-23.30454806],
       [-23.56964099],
       [-24.16023019],
       [-24.0896793 ],
       [-24.04742866],
       [-21.44045574],
       [-20.5597408 ],
       [-23.65756675],
       [  0.7924125 ],
       [-23.6551932 ],
       [-23.42583099],
       [-22.56000121],
       [-23.54476394],
       [-21.67664002],
       [-23.28702566],
       [-23.39238617],
       [-23.74093005],
       [-23.4511917 ],
       [-23.00402716],
       [-23.64112926],
       [-23.31354672],
       [-22.98829084],
       [-23.55705273],
       [-22.56921744],
       [-23.87108071],
       [  2.14922222],
       [-20.27594401],
       [  0.23181034]])
<<<<<<<<<<< STEP 33 >>>>>>>>>>>> + array([[-0.50000201],
       [ 0.02471771],
       [ 0.02788293],
       [-0.50000192],
       [-0.50000053],
       [-0.50000125],
       [-0.50000144],
       [-0.50000145],
       [-0.50000373],
       [-0.50000183],
       [-0.50000114],
       [ 0.0241314 ],
       [-0.50000122],
       [-0.50000112],
       [-0.50000018],
       [-0.5000013 ],
       [-0.50000337],
       [-0.50000074],
       [-0.50000191],
       [-0.50000094],
       [-0.50000166],
       [-0.50000406],
       [-0.50000166],
       [-0.5000015 ],
       [-0.50000008],
       [-0.50000125],
       [-0.50000219],
       [-0.50000108],
       [ 0.04593743],
       [-0.50000257],
       [ 0.00227855]])
array([[-23.79857817],
       [  0.18704226],
       [  1.3556934 ],
       [-23.80454998],
       [-24.06964152],
       [-24.66023143],
       [-24.58968074],
       [-24.54743011],
       [-21.94045946],
       [-21.05974262],
       [-24.1575679 ],
       [  0.8165439 ],
       [-24.15519441],
       [-23.92583212],
       [-23.06000138],
       [-24.04476524],
       [-22.17664339],
       [-23.7870264 ],
       [-23.89238808],
       [-24.24093098],
       [-23.95119335],
       [-23.50403122],
       [-24.14113092],
       [-23.81354823],
       [-23.48829091],
       [-24.05705398],
       [-23.06921963],
       [-24.37108179],
       [  2.19515965],
       [-20.77594658],
       [  0.23408889]])
<<<<<<<<<<< STEP 34 >>>>>>>>>>>> + array([[-0.50000154],
       [ 0.02479755],
       [ 0.0269901 ],
       [-0.50000148],
       [-0.5000004 ],
       [-0.50000095],
       [-0.5000011 ],
       [-0.50000111],
       [-0.50000285],
       [-0.50000139],
       [-0.50000088],
       [ 0.02346139],
       [-0.50000094],
       [-0.50000086],
       [-0.50000013],
       [-0.500001  ],
       [-0.50000259],
       [-0.50000057],
       [-0.50000146],
       [-0.50000072],
       [-0.50000127],
       [-0.50000314],
       [-0.50000128],
       [-0.50000116],
       [-0.50000006],
       [-0.50000096],
       [-0.50000169],
       [-0.50000083],
       [ 0.04439216],
       [-0.50000197],
       [ 0.00224959]])
array([[-24.29857971],
       [  0.21183981],
       [  1.3826835 ],
       [-24.30455145],
       [-24.56964192],
       [-25.16023239],
       [-25.08968184],
       [-25.04743123],
       [-22.44046231],
       [-21.55974401],
       [-24.65756878],
       [  0.84000529],
       [-24.65519535],
       [-24.42583298],
       [-23.56000152],
       [-24.54476623],
       [-22.67664597],
       [-24.28702696],
       [-24.39238955],
       [-24.7409317 ],
       [-24.45119463],
       [-24.00403436],
       [-24.64113219],
       [-24.31354938],
       [-23.98829097],
       [-24.55705494],
       [-23.56922132],
       [-24.87108262],
       [  2.23955181],
       [-21.27594855],
       [  0.23633848]])
<<<<<<<<<<< STEP 35 >>>>>>>>>>>> + array([[-0.50000119],
       [ 0.02484651],
       [ 0.02615088],
       [-0.50000114],
       [-0.50000031],
       [-0.50000073],
       [-0.50000085],
       [-0.50000085],
       [-0.50000218],
       [-0.50000106],
       [-0.50000068],
       [ 0.02282976],
       [-0.50000072],
       [-0.50000066],
       [-0.5000001 ],
       [-0.50000077],
       [-0.50000199],
       [-0.50000043],
       [-0.50000112],
       [-0.50000055],
       [-0.50000098],
       [-0.50000243],
       [-0.50000098],
       [-0.50000089],
       [-0.50000004],
       [-0.50000074],
       [-0.5000013 ],
       [-0.50000063],
       [ 0.04294231],
       [-0.50000151],
       [ 0.00222267]])
array([[-24.7985809 ],
       [  0.23668632],
       [  1.40883439],
       [-24.80455259],
       [-25.06964223],
       [-25.66023312],
       [-25.58968269],
       [-25.54743208],
       [-22.94046449],
       [-22.05974507],
       [-25.15756945],
       [  0.86283505],
       [-25.15519607],
       [-24.92583364],
       [-24.06000162],
       [-25.044767  ],
       [-23.17664796],
       [-24.7870274 ],
       [-24.89239067],
       [-25.24093225],
       [-24.95119561],
       [-24.50403678],
       [-25.14113318],
       [-24.81355027],
       [-24.48829101],
       [-25.05705568],
       [-24.06922261],
       [-25.37108325],
       [  2.28249411],
       [-21.77595006],
       [  0.23856115]])
<<<<<<<<<<< STEP 36 >>>>>>>>>>>> + array([[-0.50000092],
       [ 0.02486615],
       [ 0.02536093],
       [-0.50000087],
       [-0.50000023],
       [-0.50000056],
       [-0.50000065],
       [-0.50000066],
       [-0.50000167],
       [-0.50000081],
       [-0.50000052],
       [ 0.02223395],
       [-0.50000055],
       [-0.50000051],
       [-0.50000008],
       [-0.50000059],
       [-0.50000153],
       [-0.50000033],
       [-0.50000086],
       [-0.50000042],
       [-0.50000075],
       [-0.50000188],
       [-0.50000076],
       [-0.50000069],
       [-0.50000003],
       [-0.50000057],
       [-0.500001  ],
       [-0.50000048],
       [ 0.0415797 ],
       [-0.50000116],
       [ 0.00219763]])
array([[-25.29858182],
       [  0.26155247],
       [  1.43419532],
       [-25.30455347],
       [-25.56964246],
       [-26.16023368],
       [-26.08968334],
       [-26.04743274],
       [-23.44046616],
       [-22.55974588],
       [-25.65756997],
       [  0.885069  ],
       [-25.65519663],
       [-25.42583415],
       [-24.5600017 ],
       [-25.54476759],
       [-23.67664949],
       [-25.28702773],
       [-25.39239153],
       [-25.74093268],
       [-25.45119636],
       [-25.00403866],
       [-25.64113393],
       [-25.31355096],
       [-24.98829104],
       [-25.55705624],
       [-24.56922361],
       [-25.87108373],
       [  2.32407381],
       [-22.27595123],
       [  0.24075878]])
<<<<<<<<<<< STEP 37 >>>>>>>>>>>> + array([[-0.50000071],
       [ 0.02485812],
       [ 0.0246163 ],
       [-0.50000067],
       [-0.50000018],
       [-0.50000043],
       [-0.5000005 ],
       [-0.5000005 ],
       [-0.50000128],
       [-0.50000062],
       [-0.5000004 ],
       [ 0.02167156],
       [-0.50000043],
       [-0.50000039],
       [-0.50000006],
       [-0.50000045],
       [-0.50000117],
       [-0.50000025],
       [-0.50000066],
       [-0.50000033],
       [-0.50000058],
       [-0.50000145],
       [-0.50000058],
       [-0.50000053],
       [-0.50000002],
       [-0.50000044],
       [-0.50000077],
       [-0.50000037],
       [ 0.04029703],
       [-0.50000089],
       [ 0.00217434]])
array([[-25.79858252],
       [  0.28641059],
       [  1.45881162],
       [-25.80455414],
       [-26.06964264],
       [-26.66023411],
       [-26.58968384],
       [-26.54743324],
       [-23.94046744],
       [-23.05974649],
       [-26.15757037],
       [  0.90674056],
       [-26.15519705],
       [-25.92583454],
       [-25.06000176],
       [-26.04476804],
       [-24.17665066],
       [-25.78702798],
       [-25.89239219],
       [-26.240933  ],
       [-25.95119694],
       [-25.50404012],
       [-26.14113451],
       [-25.81355149],
       [-25.48829107],
       [-26.05705668],
       [-25.06922437],
       [-26.3710841 ],
       [  2.36437084],
       [-22.77595212],
       [  0.24293312]])
<<<<<<<<<<< STEP 38 >>>>>>>>>>>> + array([[-0.50000054],
       [ 0.02482409],
       [ 0.02391345],
       [-0.50000052],
       [-0.50000014],
       [-0.50000033],
       [-0.50000038],
       [-0.50000039],
       [-0.50000098],
       [-0.50000047],
       [-0.50000031],
       [ 0.02114032],
       [-0.50000033],
       [-0.5000003 ],
       [-0.50000005],
       [-0.50000035],
       [-0.5000009 ],
       [-0.5000002 ],
       [-0.50000051],
       [-0.50000025],
       [-0.50000045],
       [-0.50000112],
       [-0.50000045],
       [-0.50000041],
       [-0.50000002],
       [-0.50000033],
       [-0.50000059],
       [-0.50000028],
       [ 0.03908772],
       [-0.50000069],
       [ 0.00215268]])
array([[-26.29858307],
       [  0.31123468],
       [  1.48272507],
       [-26.30455466],
       [-26.56964278],
       [-27.16023444],
       [-27.08968422],
       [-27.04743363],
       [-24.44046842],
       [-23.55974696],
       [-26.65757068],
       [  0.92788088],
       [-26.65519738],
       [-26.42583485],
       [-25.5600018 ],
       [-26.54476839],
       [-24.67665157],
       [-26.28702818],
       [-26.3923927 ],
       [-26.74093325],
       [-26.45119739],
       [-26.00404124],
       [-26.64113496],
       [-26.31355189],
       [-25.98829108],
       [-26.55705701],
       [-25.56922496],
       [-26.87108439],
       [  2.40345856],
       [-23.2759528 ],
       [  0.2450858 ]])
<<<<<<<<<<< STEP 39 >>>>>>>>>>>> + array([[-0.50000042],
       [ 0.02476576],
       [ 0.02324917],
       [-0.5000004 ],
       [-0.5000001 ],
       [-0.50000025],
       [-0.5000003 ],
       [-0.5000003 ],
       [-0.50000075],
       [-0.50000036],
       [-0.50000024],
       [ 0.0206381 ],
       [-0.50000025],
       [-0.50000023],
       [-0.50000003],
       [-0.50000027],
       [-0.5000007 ],
       [-0.50000015],
       [-0.50000039],
       [-0.50000019],
       [-0.50000034],
       [-0.50000087],
       [-0.50000035],
       [-0.50000031],
       [-0.50000001],
       [-0.50000026],
       [-0.50000045],
       [-0.50000022],
       [ 0.03794589],
       [-0.50000053],
       [ 0.00213254]])
array([[-26.79858349],
       [  0.33600044],
       [  1.50597424],
       [-26.80455506],
       [-27.06964288],
       [-27.6602347 ],
       [-27.58968452],
       [-27.54743392],
       [-24.94046917],
       [-24.05974732],
       [-27.15757092],
       [  0.94851898],
       [-27.15519763],
       [-26.92583508],
       [-26.06000184],
       [-27.04476866],
       [-25.17665226],
       [-26.78702833],
       [-26.89239309],
       [-27.24093345],
       [-26.95119774],
       [-26.50404211],
       [-27.14113531],
       [-26.81355221],
       [-26.48829109],
       [-27.05705727],
       [-26.06922542],
       [-27.37108461],
       [  2.44140445],
       [-23.77595333],
       [  0.24721835]])
