<<<<<<<<<<< STEP 0 >>>>>>>>>>>> + array([[-0.60128216],
       [-0.19329272],
       [-0.53295166],
       [-0.54353709],
       [-0.22225427],
       [-0.61043225],
       [-1.11109148],
       [-1.09319703],
       [-0.92784884],
       [-0.34562863],
       [-1.0101425 ],
       [ 0.01235527],
       [-0.99192472],
       [-0.93673804],
       [-0.77193094],
       [-0.96668087],
       [-1.01142179],
       [-0.88833737],
       [-0.34248962],
       [-1.03892448],
       [-0.95946769],
       [-0.93684238],
       [-1.01044364],
       [-0.91982937],
       [-0.8804449 ],
       [-0.98798495],
       [-0.93039903],
       [-1.07002547],
       [-0.82029468],
       [-0.37664593],
       [-0.8719768 ]])
array([[-0.60128216],
       [-0.19329272],
       [-0.53295166],
       [-0.54353709],
       [-0.22225427],
       [-0.61043225],
       [-1.11109148],
       [-1.09319703],
       [-0.92784884],
       [-0.34562863],
       [-1.0101425 ],
       [ 0.01235527],
       [-0.99192472],
       [-0.93673804],
       [-0.77193094],
       [-0.96668087],
       [-1.01142179],
       [-0.88833737],
       [-0.34248962],
       [-1.03892448],
       [-0.95946769],
       [-0.93684238],
       [-1.01044364],
       [-0.91982937],
       [-0.8804449 ],
       [-0.98798495],
       [-0.93039903],
       [-1.07002547],
       [-0.82029468],
       [-0.37664593],
       [-0.8719768 ]])
<<<<<<<<<<< STEP 1 >>>>>>>>>>>> + array([[-0.65317355],
       [-0.24843745],
       [-0.57790673],
       [-0.59902527],
       [-0.32358989],
       [-0.82076602],
       [-1.03939855],
       [-1.0273931 ],
       [-0.86618235],
       [-0.43354476],
       [-0.94796408],
       [-0.02694139],
       [-0.94953499],
       [-0.89746525],
       [-0.71849857],
       [-0.91617957],
       [-0.95443255],
       [-0.86277879],
       [-0.42885032],
       [-0.94173152],
       [-0.91886991],
       [-0.80357998],
       [-0.96636898],
       [-0.88597229],
       [-0.78838687],
       [-0.93799976],
       [-0.91630738],
       [-1.02344856],
       [-0.75148997],
       [-0.48523719],
       [-0.77166018]])
array([[-1.25445571],
       [-0.44173017],
       [-1.11085839],
       [-1.14256236],
       [-0.54584416],
       [-1.43119828],
       [-2.15049003],
       [-2.12059013],
       [-1.79403119],
       [-0.77917338],
       [-1.95810657],
       [-0.01458612],
       [-1.94145971],
       [-1.83420329],
       [-1.49042951],
       [-1.88286044],
       [-1.96585434],
       [-1.75111616],
       [-0.77133994],
       [-1.980656  ],
       [-1.8783376 ],
       [-1.74042236],
       [-1.97681262],
       [-1.80580166],
       [-1.66883177],
       [-1.92598471],
       [-1.84670641],
       [-2.09347403],
       [-1.57178465],
       [-0.86188312],
       [-1.64363698]])
<<<<<<<<<<< STEP 2 >>>>>>>>>>>> + array([[-0.67871603],
       [-0.27460017],
       [-0.5950223 ],
       [-0.62788993],
       [-0.40399179],
       [-0.93124411],
       [-0.94787017],
       [-0.94589555],
       [-0.80904991],
       [-0.49875998],
       [-0.87209418],
       [-0.0471796 ],
       [-0.88011161],
       [-0.83850503],
       [-0.6691509 ],
       [-0.8464887 ],
       [-0.8716146 ],
       [-0.81470755],
       [-0.51667658],
       [-0.8521348 ],
       [-0.86103022],
       [-0.69867251],
       [-0.89848141],
       [-0.83462922],
       [-0.71575093],
       [-0.86938001],
       [-0.85934091],
       [-0.9366687 ],
       [-0.70237084],
       [-0.56485933],
       [-0.67640996]])
array([[-1.93317174],
       [-0.71633035],
       [-1.7058807 ],
       [-1.77045229],
       [-0.94983595],
       [-2.36244239],
       [-3.0983602 ],
       [-3.06648568],
       [-2.6030811 ],
       [-1.27793336],
       [-2.83020076],
       [-0.06176571],
       [-2.82157132],
       [-2.67270832],
       [-2.15958041],
       [-2.72934914],
       [-2.83746895],
       [-2.5658237 ],
       [-1.28801652],
       [-2.8327908 ],
       [-2.73936782],
       [-2.43909487],
       [-2.87529403],
       [-2.64043088],
       [-2.3845827 ],
       [-2.79536472],
       [-2.70604732],
       [-3.03014273],
       [-2.27415548],
       [-1.42674245],
       [-2.32004694]])
<<<<<<<<<<< STEP 3 >>>>>>>>>>>> + array([[-0.65424834],
       [-0.28619296],
       [-0.55669952],
       [-0.60349425],
       [-0.43933065],
       [-0.90064152],
       [-0.8470512 ],
       [-0.85185107],
       [-0.74926902],
       [-0.52018369],
       [-0.79050435],
       [-0.05811377],
       [-0.7971829 ],
       [-0.76927838],
       [-0.62852591],
       [-0.76758332],
       [-0.78310262],
       [-0.74948521],
       [-0.58598444],
       [-0.76945071],
       [-0.79031764],
       [-0.62944301],
       [-0.81553667],
       [-0.77076621],
       [-0.66269157],
       [-0.78555641],
       [-0.78130876],
       [-0.83671636],
       [-0.66234512],
       [-0.59846622],
       [-0.60852982]])
array([[-2.58742007],
       [-1.0025233 ],
       [-2.26258022],
       [-2.37394654],
       [-1.38916661],
       [-3.26308391],
       [-3.9454114 ],
       [-3.91833675],
       [-3.35235011],
       [-1.79811705],
       [-3.62070511],
       [-0.11987949],
       [-3.61875421],
       [-3.4419867 ],
       [-2.78810633],
       [-3.49693246],
       [-3.62057157],
       [-3.31530891],
       [-1.87400096],
       [-3.60224152],
       [-3.52968546],
       [-3.06853788],
       [-3.69083071],
       [-3.41119709],
       [-3.04727427],
       [-3.58092113],
       [-3.48735608],
       [-3.86685909],
       [-2.9365006 ],
       [-2.02520868],
       [-2.92857675]])
<<<<<<<<<<< STEP 4 >>>>>>>>>>>> + array([[-0.58941618],
       [-0.29288024],
       [-0.46802798],
       [-0.53320487],
       [-0.41570779],
       [-0.80053115],
       [-0.7492806 ],
       [-0.75577452],
       [-0.68590518],
       [-0.50194337],
       [-0.71154854],
       [-0.06013554],
       [-0.71539721],
       [-0.69826701],
       [-0.59530267],
       [-0.69175896],
       [-0.70194333],
       [-0.68260501],
       [-0.61454296],
       [-0.69398564],
       [-0.71369641],
       [-0.58673122],
       [-0.72905028],
       [-0.70055401],
       [-0.62017829],
       [-0.7026183 ],
       [-0.70207259],
       [-0.74015011],
       [-0.62238433],
       [-0.5902532 ],
       [-0.56582973]])
array([[-3.17683625],
       [-1.29540354],
       [-2.7306082 ],
       [-2.90715141],
       [-1.8048744 ],
       [-4.06361506],
       [-4.694692  ],
       [-4.67411126],
       [-4.0382553 ],
       [-2.30006042],
       [-4.33225365],
       [-0.18001503],
       [-4.33415142],
       [-4.14025371],
       [-3.383409  ],
       [-4.18869142],
       [-4.3225149 ],
       [-3.99791392],
       [-2.48854392],
       [-4.29622716],
       [-4.24338188],
       [-3.6552691 ],
       [-4.41988098],
       [-4.1117511 ],
       [-3.66745256],
       [-4.28353943],
       [-4.18942867],
       [-4.6070092 ],
       [-3.55888493],
       [-2.61546188],
       [-3.49440648]])
<<<<<<<<<<< STEP 5 >>>>>>>>>>>> + array([[-0.51853341],
       [-0.30244315],
       [-0.36221264],
       [-0.45223169],
       [-0.35498893],
       [-0.70309646],
       [-0.66869094],
       [-0.67413216],
       [-0.62886606],
       [-0.4700479 ],
       [-0.64498952],
       [-0.05092713],
       [-0.64700854],
       [-0.63654008],
       [-0.56826128],
       [-0.62992532],
       [-0.63682515],
       [-0.62590344],
       [-0.60574896],
       [-0.63237061],
       [-0.64592215],
       [-0.56083953],
       [-0.65502805],
       [-0.63763067],
       [-0.5848392 ],
       [-0.63514852],
       [-0.63622134],
       [-0.66101365],
       [-0.58497351],
       [-0.5644098 ],
       [-0.53973685]])
array([[-3.69536966],
       [-1.59784669],
       [-3.09282084],
       [-3.3593831 ],
       [-2.15986332],
       [-4.76671152],
       [-5.36338294],
       [-5.34824342],
       [-4.66712136],
       [-2.77010832],
       [-4.97724317],
       [-0.23094216],
       [-4.98115995],
       [-4.77679379],
       [-3.95167028],
       [-4.81861674],
       [-4.95934005],
       [-4.62381736],
       [-3.09429287],
       [-4.92859777],
       [-4.88930402],
       [-4.21610863],
       [-5.07490903],
       [-4.74938177],
       [-4.25229176],
       [-4.91868795],
       [-4.82565001],
       [-5.26802284],
       [-4.14385844],
       [-3.17987168],
       [-4.03414333]])
<<<<<<<<<<< STEP 6 >>>>>>>>>>>> + array([[-0.4659162 ],
       [-0.31886385],
       [-0.26376174],
       [-0.38731269],
       [-0.28737704],
       [-0.6314024 ],
       [-0.61056966],
       [-0.61455193],
       [-0.58514875],
       [-0.44512368],
       [-0.59615263],
       [-0.03285185],
       [-0.59722251],
       [-0.59068016],
       [-0.54745302],
       [-0.58523446],
       [-0.5899992 ],
       [-0.58393354],
       [-0.58142784],
       [-0.58738166],
       [-0.59585674],
       [-0.54427394],
       [-0.60129796],
       [-0.59073176],
       [-0.55729902],
       [-0.58692017],
       [-0.58851653],
       [-0.60428017],
       [-0.5551367 ],
       [-0.53948835],
       [-0.52410156]])
array([[-4.16128586],
       [-1.91671054],
       [-3.35658258],
       [-3.74669579],
       [-2.44724036],
       [-5.39811391],
       [-5.9739526 ],
       [-5.96279534],
       [-5.25227011],
       [-3.215232  ],
       [-5.5733958 ],
       [-0.263794  ],
       [-5.57838246],
       [-5.36747395],
       [-4.4991233 ],
       [-5.4038512 ],
       [-5.54933924],
       [-5.20775091],
       [-3.67572071],
       [-5.51597943],
       [-5.48516077],
       [-4.76038257],
       [-5.67620699],
       [-5.34011353],
       [-4.80959078],
       [-5.50560812],
       [-5.41416654],
       [-5.87230302],
       [-4.69899515],
       [-3.71936003],
       [-4.55824489]])
<<<<<<<<<<< STEP 7 >>>>>>>>>>>> + array([[-0.43654767],
       [-0.34205434],
       [-0.17621655],
       [-0.34586258],
       [-0.22781651],
       [-0.58391297],
       [-0.57175909],
       [-0.57462843],
       [-0.55495609],
       [-0.43392005],
       [-0.56323075],
       [-0.01092109],
       [-0.56379837],
       [-0.55961966],
       [-0.53248123],
       [-0.55517787],
       [-0.55856597],
       [-0.55531803],
       [-0.55761625],
       [-0.55685241],
       [-0.56233253],
       [-0.53262394],
       [-0.56561936],
       [-0.55914539],
       [-0.53752843],
       [-0.55487472],
       [-0.55656939],
       [-0.566668  ],
       [-0.53417129],
       [-0.52181125],
       [-0.51483112]])
array([[-4.59783353],
       [-2.25876488],
       [-3.53279913],
       [-4.09255837],
       [-2.67505687],
       [-5.98202688],
       [-6.54571169],
       [-6.53742377],
       [-5.8072262 ],
       [-3.64915206],
       [-6.13662655],
       [-0.2747151 ],
       [-6.14218083],
       [-5.92709361],
       [-5.03160454],
       [-5.95902907],
       [-6.10790521],
       [-5.76306894],
       [-4.23333696],
       [-6.07283184],
       [-6.0474933 ],
       [-5.29300652],
       [-6.24182635],
       [-5.89925892],
       [-5.34711921],
       [-6.06048284],
       [-5.97073593],
       [-6.43897102],
       [-5.23316644],
       [-4.24117128],
       [-5.07307601]])
<<<<<<<<<<< STEP 8 >>>>>>>>>>>> + array([[-0.42688057],
       [-0.37000653],
       [-0.0933838 ],
       [-0.32720519],
       [-0.17894685],
       [-0.55364352],
       [-0.54667178],
       [-0.54878521],
       [-0.53519857],
       [-0.43464082],
       [-0.54178614],
       [ 0.01107171],
       [-0.54207124],
       [-0.53935172],
       [-0.52216892],
       [-0.53565006],
       [-0.53813348],
       [-0.53653133],
       [-0.53946952],
       [-0.53689193],
       [-0.54069205],
       [-0.52389816],
       [-0.54269167],
       [-0.53867551],
       [-0.52415338],
       [-0.53434609],
       [-0.53596146],
       [-0.54258793],
       [-0.52052871],
       [-0.51102156],
       [-0.5092944 ]])
array([[-5.0247141 ],
       [-2.62877141],
       [-3.62618292],
       [-4.41976357],
       [-2.85400372],
       [-6.5356704 ],
       [-7.09238347],
       [-7.08620898],
       [-6.34242477],
       [-4.08379287],
       [-6.67841269],
       [-0.26364339],
       [-6.68425207],
       [-6.46644533],
       [-5.55377345],
       [-6.49467913],
       [-6.64603869],
       [-6.29960027],
       [-4.77280648],
       [-6.60972377],
       [-6.58818535],
       [-5.81690468],
       [-6.78451802],
       [-6.43793443],
       [-5.8712726 ],
       [-6.59482893],
       [-6.50669739],
       [-6.98155894],
       [-5.75369515],
       [-4.75219284],
       [-5.58237041]])
<<<<<<<<<<< STEP 9 >>>>>>>>>>>> + array([[-0.4319511 ],
       [-0.39985362],
       [-0.00818571],
       [-0.33016328],
       [-0.13913206],
       [-0.53455711],
       [-0.5306018 ],
       [-0.53220233],
       [-0.52257801],
       [-0.44282481],
       [-0.52792128],
       [ 0.03096874],
       [-0.52804222],
       [-0.5262421 ],
       [-0.51520644],
       [-0.5231274 ],
       [-0.5249918 ],
       [-0.52434423],
       [-0.52689211],
       [-0.5240373 ],
       [-0.52682818],
       [-0.5172496 ],
       [-0.52804892],
       [-0.5255247 ],
       [-0.51541763],
       [-0.52141698],
       [-0.5228724 ],
       [-0.52735566],
       [-0.51203478],
       [-0.50499205],
       [-0.50593444]])
array([[-5.45666521],
       [-3.02862503],
       [-3.63436863],
       [-4.74992684],
       [-2.99313578],
       [-7.07022751],
       [-7.62298527],
       [-7.61841131],
       [-6.86500278],
       [-4.52661768],
       [-7.20633397],
       [-0.23267465],
       [-7.21229429],
       [-6.99268744],
       [-6.06897989],
       [-7.01780653],
       [-7.17103049],
       [-6.8239445 ],
       [-5.29969859],
       [-7.13376107],
       [-7.11501353],
       [-6.33415428],
       [-7.31256694],
       [-6.96345913],
       [-6.38669023],
       [-7.11624591],
       [-7.02956979],
       [-7.5089146 ],
       [-6.26572993],
       [-5.25718489],
       [-6.08830485]])
