<<<<<<<<<<< STEP 0 >>>>>>>>>>>> + array([[-0.94262459],
       [-0.96224045],
       [-1.02896176],
       [-1.02592604],
       [-0.94557771],
       [-1.01344456],
       [-0.03764762],
       [-1.06698879],
       [-1.1731132 ],
       [-1.02522474],
       [ 0.04434795],
       [-0.92030456],
       [-0.95781076],
       [-0.95744629],
       [-0.84969861],
       [-0.94037722],
       [-0.8661319 ],
       [-1.01575202],
       [-0.9335136 ],
       [-1.03066827],
       [-0.94898019],
       [-0.13361897],
       [-0.06029971],
       [-0.12385703],
       [-0.94304916],
       [-1.04595292],
       [-0.97474583],
       [-0.05472055],
       [-1.01132669],
       [-0.58499486],
       [-0.97427505],
       [ 0.05055306],
       [-0.94975298],
       [-0.05047492],
       [-0.93455886],
       [-0.96081855],
       [-0.97427547],
       [-1.03033939],
       [-0.03817058],
       [ 0.02005319]])
array([[-0.94262459],
       [-0.96224045],
       [-1.02896176],
       [-1.02592604],
       [-0.94557771],
       [-1.01344456],
       [-0.03764762],
       [-1.06698879],
       [-1.1731132 ],
       [-1.02522474],
       [ 0.04434795],
       [-0.92030456],
       [-0.95781076],
       [-0.95744629],
       [-0.84969861],
       [-0.94037722],
       [-0.8661319 ],
       [-1.01575202],
       [-0.9335136 ],
       [-1.03066827],
       [-0.94898019],
       [-0.13361897],
       [-0.06029971],
       [-0.12385703],
       [-0.94304916],
       [-1.04595292],
       [-0.97474583],
       [-0.05472055],
       [-1.01132669],
       [-0.58499486],
       [-0.97427505],
       [ 0.05055306],
       [-0.94975298],
       [-0.05047492],
       [-0.93455886],
       [-0.96081855],
       [-0.97427547],
       [-1.03033939],
       [-0.03817058],
       [ 0.02005319]])
<<<<<<<<<<< STEP 1 >>>>>>>>>>>> + array([[-0.96237676],
       [-0.97056267],
       [-0.99443007],
       [-0.97988545],
       [-0.83781529],
       [-0.9589813 ],
       [-0.09083327],
       [-1.02818   ],
       [-1.11352665],
       [-0.86796084],
       [ 0.02854883],
       [-0.94268687],
       [-0.83865189],
       [-0.83568684],
       [-0.91550707],
       [-0.94200191],
       [-0.81317067],
       [-0.95807907],
       [-0.94309341],
       [-0.98328946],
       [-0.96016689],
       [-0.20642261],
       [-0.10846434],
       [-0.17344165],
       [-0.93721036],
       [-0.99558818],
       [-0.96721592],
       [-0.11738795],
       [-0.97689596],
       [-0.55377849],
       [-0.97999193],
       [-0.03639732],
       [-0.96594488],
       [-0.04728808],
       [-0.82386223],
       [-0.84821043],
       [-0.87670034],
       [-0.98559631],
       [-0.09190653],
       [-0.07753016]])
array([[-1.90500135],
       [-1.93280313],
       [-2.02339184],
       [-2.00581148],
       [-1.783393  ],
       [-1.97242586],
       [-0.12848089],
       [-2.09516878],
       [-2.28663985],
       [-1.89318558],
       [ 0.07289678],
       [-1.86299143],
       [-1.79646265],
       [-1.79313312],
       [-1.76520569],
       [-1.88237913],
       [-1.67930256],
       [-1.97383109],
       [-1.87660701],
       [-2.01395772],
       [-1.90914708],
       [-0.34004158],
       [-0.16876405],
       [-0.29729868],
       [-1.88025952],
       [-2.0415411 ],
       [-1.94196175],
       [-0.1721085 ],
       [-1.98822264],
       [-1.13877335],
       [-1.95426698],
       [ 0.01415574],
       [-1.91569786],
       [-0.097763  ],
       [-1.7584211 ],
       [-1.80902898],
       [-1.85097582],
       [-2.0159357 ],
       [-0.13007711],
       [-0.05747697]])
<<<<<<<<<<< STEP 2 >>>>>>>>>>>> + array([[-0.94357673],
       [-0.94987799],
       [-0.95761048],
       [-0.927669  ],
       [-0.74107819],
       [-0.888411  ],
       [-0.09627962],
       [-0.98137667],
       [-1.02593459],
       [-0.75040095],
       [ 0.02100901],
       [-0.93445837],
       [-0.73067456],
       [-0.73239092],
       [-0.951772  ],
       [-0.89168086],
       [-0.73897024],
       [-0.88788686],
       [-0.91303089],
       [-0.94395802],
       [-0.92761037],
       [-0.25855063],
       [-0.12405566],
       [-0.19011038],
       [-0.88151442],
       [-0.93742091],
       [-0.96795406],
       [-0.14023729],
       [-0.93905482],
       [-0.54143148],
       [-0.95256135],
       [-0.07448041],
       [-0.93646553],
       [-0.05483673],
       [-0.72763897],
       [-0.74738433],
       [-0.78641473],
       [-0.93953227],
       [-0.1004281 ],
       [-0.09583467]])
array([[-2.84857808],
       [-2.88268112],
       [-2.98100232],
       [-2.93348049],
       [-2.52447119],
       [-2.86083686],
       [-0.22476051],
       [-3.07654545],
       [-3.31257444],
       [-2.64358653],
       [ 0.0939058 ],
       [-2.7974498 ],
       [-2.52713721],
       [-2.52552404],
       [-2.71697769],
       [-2.77405999],
       [-2.4182728 ],
       [-2.86171795],
       [-2.78963789],
       [-2.95791574],
       [-2.83675745],
       [-0.59859221],
       [-0.29281971],
       [-0.48740906],
       [-2.76177394],
       [-2.97896201],
       [-2.90991581],
       [-0.31234579],
       [-2.92727747],
       [-1.68020482],
       [-2.90682833],
       [-0.06032467],
       [-2.8521634 ],
       [-0.15259973],
       [-2.48606007],
       [-2.55641331],
       [-2.63739055],
       [-2.95546798],
       [-0.23050521],
       [-0.15331163]])
<<<<<<<<<<< STEP 3 >>>>>>>>>>>> + array([[-0.88912671],
       [-0.89130083],
       [-0.90302309],
       [-0.8535114 ],
       [-0.66096333],
       [-0.79525359],
       [-0.08795479],
       [-0.91559415],
       [-0.93311449],
       [-0.68630675],
       [ 0.03504958],
       [-0.88412945],
       [-0.64363297],
       [-0.64961529],
       [-0.93987252],
       [-0.79597305],
       [-0.66286832],
       [-0.80018449],
       [-0.8393522 ],
       [-0.89542859],
       [-0.84644214],
       [-0.3112107 ],
       [-0.13173473],
       [-0.19660041],
       [-0.77972196],
       [-0.86069641],
       [-0.94993358],
       [-0.14832631],
       [-0.88699984],
       [-0.55501083],
       [-0.88783739],
       [-0.08205248],
       [-0.8593739 ],
       [-0.08621929],
       [-0.6507081 ],
       [-0.6643249 ],
       [-0.71073281],
       [-0.87151567],
       [-0.09112102],
       [-0.0828218 ]])
array([[-3.73770479],
       [-3.77398195],
       [-3.88402541],
       [-3.78699188],
       [-3.18543452],
       [-3.65609045],
       [-0.3127153 ],
       [-3.9921396 ],
       [-4.24568893],
       [-3.32989328],
       [ 0.12895538],
       [-3.68157925],
       [-3.17077019],
       [-3.17513933],
       [-3.65685021],
       [-3.57003303],
       [-3.08114112],
       [-3.66190244],
       [-3.62899009],
       [-3.85334433],
       [-3.68319958],
       [-0.90980292],
       [-0.42455443],
       [-0.68400947],
       [-3.54149591],
       [-3.83965843],
       [-3.85984939],
       [-0.4606721 ],
       [-3.8142773 ],
       [-2.23521565],
       [-3.79466572],
       [-0.14237716],
       [-3.71153729],
       [-0.23881902],
       [-3.13676817],
       [-3.22073821],
       [-3.34812336],
       [-3.82698365],
       [-0.32162623],
       [-0.23613344]])
<<<<<<<<<<< STEP 4 >>>>>>>>>>>> + array([[-0.80758104],
       [-0.80080468],
       [-0.81833227],
       [-0.75856716],
       [-0.60386736],
       [-0.69952525],
       [-0.07875906],
       [-0.82438187],
       [-0.8373574 ],
       [-0.649342  ],
       [ 0.0586926 ],
       [-0.79978804],
       [-0.58234093],
       [-0.5902068 ],
       [-0.87483051],
       [-0.69690699],
       [-0.602226  ],
       [-0.71302471],
       [-0.74279522],
       [-0.82222317],
       [-0.74155281],
       [-0.37212387],
       [-0.13567433],
       [-0.20561185],
       [-0.67377866],
       [-0.76692195],
       [-0.88592501],
       [-0.14796764],
       [-0.81331416],
       [-0.57376015],
       [-0.80126439],
       [-0.07817902],
       [-0.75483835],
       [-0.12564042],
       [-0.59548845],
       [-0.60361969],
       [-0.65565325],
       [-0.77689167],
       [-0.0764362 ],
       [-0.06313378]])
array([[-4.54528583],
       [-4.57478663],
       [-4.70235767],
       [-4.54555905],
       [-3.78930188],
       [-4.3556157 ],
       [-0.39147435],
       [-4.81652147],
       [-5.08304633],
       [-3.97923529],
       [ 0.18764798],
       [-4.48136729],
       [-3.75311112],
       [-3.76534613],
       [-4.53168072],
       [-4.26694003],
       [-3.68336712],
       [-4.37492715],
       [-4.37178531],
       [-4.6755675 ],
       [-4.42475239],
       [-1.28192679],
       [-0.56022876],
       [-0.88962131],
       [-4.21527457],
       [-4.60658038],
       [-4.7457744 ],
       [-0.60863973],
       [-4.62759146],
       [-2.80897581],
       [-4.59593011],
       [-0.22055617],
       [-4.46637565],
       [-0.36445944],
       [-3.73225662],
       [-3.8243579 ],
       [-4.00377661],
       [-4.60387532],
       [-0.39806244],
       [-0.29926722]])
<<<<<<<<<<< STEP 5 >>>>>>>>>>>> + array([[-0.71635612],
       [-0.70406775],
       [-0.72361824],
       [-0.67273905],
       [-0.56966917],
       [-0.63019107],
       [-0.07135682],
       [-0.72943762],
       [-0.74011433],
       [-0.62169257],
       [ 0.07215203],
       [-0.70885818],
       [-0.54565504],
       [-0.55301909],
       [-0.7759073 ],
       [-0.62342382],
       [-0.56172713],
       [-0.64621551],
       [-0.65626233],
       [-0.73444696],
       [-0.65101678],
       [-0.44419978],
       [-0.13255094],
       [-0.22332572],
       [-0.60034432],
       [-0.68122442],
       [-0.78777496],
       [-0.14069799],
       [-0.73103238],
       [-0.58100401],
       [-0.71344995],
       [-0.07190952],
       [-0.65904514],
       [-0.14996347],
       [-0.56031615],
       [-0.56562741],
       [-0.62207059],
       [-0.68445241],
       [-0.06263834],
       [-0.04681919]])
array([[-5.26164195],
       [-5.27885438],
       [-5.42597592],
       [-5.2182981 ],
       [-4.35897105],
       [-4.98580677],
       [-0.46283117],
       [-5.5459591 ],
       [-5.82316067],
       [-4.60092786],
       [ 0.25980001],
       [-5.19022547],
       [-4.29876616],
       [-4.31836522],
       [-5.30758802],
       [-4.89036385],
       [-4.24509424],
       [-5.02114267],
       [-5.02804764],
       [-5.41001446],
       [-5.07576917],
       [-1.72612657],
       [-0.6927797 ],
       [-1.11294703],
       [-4.81561889],
       [-5.2878048 ],
       [-5.53354936],
       [-0.74933772],
       [-5.35862384],
       [-3.38997981],
       [-5.30938007],
       [-0.29246569],
       [-5.12542079],
       [-0.51442291],
       [-4.29257276],
       [-4.38998531],
       [-4.6258472 ],
       [-5.28832773],
       [-0.46070078],
       [-0.3460864 ]])
<<<<<<<<<<< STEP 6 >>>>>>>>>>>> + array([[-0.63956194],
       [-0.62793752],
       [-0.64744534],
       [-0.61347078],
       [-0.55068449],
       [-0.59006239],
       [-0.06569508],
       [-0.65480073],
       [-0.65744999],
       [-0.59872354],
       [ 0.07312575],
       [-0.63672458],
       [-0.52507099],
       [-0.53074392],
       [-0.68281269],
       [-0.57400784],
       [-0.53636743],
       [-0.59912059],
       [-0.59579732],
       [-0.65823624],
       [-0.59075133],
       [-0.5310515 ],
       [-0.12341794],
       [-0.25172362],
       [-0.56055408],
       [-0.619822  ],
       [-0.69522816],
       [-0.13001313],
       [-0.66061689],
       [-0.577955  ],
       [-0.64196376],
       [-0.06582068],
       [-0.59252278],
       [-0.15568488],
       [-0.53845381],
       [-0.54293978],
       [-0.60376904],
       [-0.61755661],
       [-0.05250291],
       [-0.03566413]])
array([[-5.90120389],
       [-5.9067919 ],
       [-6.07342125],
       [-5.83176888],
       [-4.90965554],
       [-5.57586916],
       [-0.52852625],
       [-6.20075983],
       [-6.48061065],
       [-5.19965139],
       [ 0.33292576],
       [-5.82695004],
       [-4.82383715],
       [-4.84910914],
       [-5.99040071],
       [-5.46437169],
       [-4.78146167],
       [-5.62026325],
       [-5.62384495],
       [-6.0682507 ],
       [-5.6665205 ],
       [-2.25717808],
       [-0.81619764],
       [-1.36467065],
       [-5.37617297],
       [-5.9076268 ],
       [-6.22877752],
       [-0.87935086],
       [-6.01924072],
       [-3.96793481],
       [-5.95134383],
       [-0.35828637],
       [-5.71794357],
       [-0.67010779],
       [-4.83102657],
       [-4.93292509],
       [-5.22961624],
       [-5.90588435],
       [-0.51320368],
       [-0.38175053]])
<<<<<<<<<<< STEP 7 >>>>>>>>>>>> + array([[-0.58683799],
       [-0.57781985],
       [-0.59643526],
       [-0.57665712],
       [-0.54014742],
       [-0.56792485],
       [-0.06137257],
       [-0.60491122],
       [-0.59962064],
       [-0.57978967],
       [ 0.0689583 ],
       [-0.58875573],
       [-0.51299563],
       [-0.5170382 ],
       [-0.61661481],
       [-0.54166697],
       [-0.52055332],
       [-0.56677095],
       [-0.5575796 ],
       [-0.60490374],
       [-0.55472754],
       [-0.63010483],
       [-0.11167543],
       [-0.29207329],
       [-0.54082897],
       [-0.57995455],
       [-0.62908137],
       [-0.119046  ],
       [-0.61065818],
       [-0.57038134],
       [-0.59267875],
       [-0.06081768],
       [-0.55173143],
       [-0.15167071],
       [-0.52417337],
       [-0.52854424],
       [-0.59408388],
       [-0.57513273],
       [-0.04607364],
       [-0.02819559]])
array([[-6.48804188],
       [-6.48461175],
       [-6.66985651],
       [-6.40842599],
       [-5.44980296],
       [-6.14379401],
       [-0.58989881],
       [-6.80567105],
       [-7.08023129],
       [-5.77944106],
       [ 0.40188406],
       [-6.41570577],
       [-5.33683278],
       [-5.36614733],
       [-6.60701552],
       [-6.00603866],
       [-5.30201499],
       [-6.1870342 ],
       [-6.18142455],
       [-6.67315444],
       [-6.22124804],
       [-2.88728291],
       [-0.92787307],
       [-1.65674394],
       [-5.91700194],
       [-6.48758134],
       [-6.85785889],
       [-0.99839685],
       [-6.62989891],
       [-4.53831616],
       [-6.54402258],
       [-0.41910405],
       [-6.269675  ],
       [-0.8217785 ],
       [-5.35519994],
       [-5.46146933],
       [-5.82370012],
       [-6.48101707],
       [-0.55927732],
       [-0.40994613]])
<<<<<<<<<<< STEP 8 >>>>>>>>>>>> + array([[-0.5538596 ],
       [-0.54700527],
       [-0.56428127],
       [-0.55390282],
       [-0.53442267],
       [-0.55460055],
       [-0.05810385],
       [-0.57327451],
       [-0.56306602],
       [-0.5644258 ],
       [ 0.06432417],
       [-0.55889056],
       [-0.50548656],
       [-0.50837004],
       [-0.57489602],
       [-0.52130383],
       [-0.51065496],
       [-0.54520193],
       [-0.53384007],
       [-0.57071799],
       [-0.5336077 ],
       [-0.71755618],
       [-0.09977128],
       [-0.34656216],
       [-0.53067638],
       [-0.5543319 ],
       [-0.58683697],
       [-0.10935951],
       [-0.57795784],
       [-0.56162788],
       [-0.56134571],
       [-0.0573066 ],
       [-0.52744542],
       [-0.1452085 ],
       [-0.51445576],
       [-0.51879858],
       [-0.58719706],
       [-0.54883799],
       [-0.04255941],
       [-0.02298011]])
array([[-7.04190148],
       [-7.03161702],
       [-7.23413778],
       [-6.96232881],
       [-5.98422563],
       [-6.69839456],
       [-0.64800267],
       [-7.37894556],
       [-7.64329731],
       [-6.34386687],
       [ 0.46620823],
       [-6.97459633],
       [-5.84231934],
       [-5.87451737],
       [-7.18191154],
       [-6.52734249],
       [-5.81266994],
       [-6.73223613],
       [-6.71526463],
       [-7.24387243],
       [-6.75485574],
       [-3.60483909],
       [-1.02764435],
       [-2.00330611],
       [-6.44767832],
       [-7.04191325],
       [-7.44469586],
       [-1.10775636],
       [-7.20785675],
       [-5.09994404],
       [-7.10536828],
       [-0.47641065],
       [-6.79712042],
       [-0.966987  ],
       [-5.8696557 ],
       [-5.98026791],
       [-6.41089718],
       [-7.02985506],
       [-0.60183673],
       [-0.43292623]])
<<<<<<<<<<< STEP 9 >>>>>>>>>>>> + array([[-0.53355113],
       [-0.52828717],
       [-0.54384844],
       [-0.53914198],
       [-0.53176172],
       [-0.54466544],
       [-0.05608368],
       [-0.55245546],
       [-0.5404285 ],
       [-0.5519438 ],
       [ 0.05940252],
       [-0.53980162],
       [-0.50094777],
       [-0.50306896],
       [-0.54908585],
       [-0.50915494],
       [-0.50460533],
       [-0.5310578 ],
       [-0.51937526],
       [-0.54878831],
       [-0.52097145],
       [-0.75134259],
       [-0.08983053],
       [-0.41671797],
       [-0.5240998 ],
       [-0.53775618],
       [-0.56007523],
       [-0.10170544],
       [-0.55634749],
       [-0.55277049],
       [-0.54151511],
       [-0.05488672],
       [-0.51330396],
       [-0.13747254],
       [-0.5081052 ],
       [-0.5122085 ],
       [-0.57693972],
       [-0.53242663],
       [-0.04074031],
       [-0.01923714]])
array([[-7.57545261],
       [-7.5599042 ],
       [-7.77798622],
       [-7.50147079],
       [-6.51598735],
       [-7.24306   ],
       [-0.70408635],
       [-7.93140102],
       [-8.18372581],
       [-6.89581067],
       [ 0.52561075],
       [-7.51439795],
       [-6.34326711],
       [-6.37758633],
       [-7.73099739],
       [-7.03649743],
       [-6.31727527],
       [-7.26329392],
       [-7.23463989],
       [-7.79266074],
       [-7.27582719],
       [-4.35618168],
       [-1.11747489],
       [-2.42002408],
       [-6.97177812],
       [-7.57966942],
       [-8.00477109],
       [-1.2094618 ],
       [-7.76420424],
       [-5.65271453],
       [-7.64688339],
       [-0.53129736],
       [-7.31042438],
       [-1.10445954],
       [-6.37776091],
       [-6.49247641],
       [-6.9878369 ],
       [-7.56228169],
       [-0.64257705],
       [-0.45216337]])
