<<<<<<<<<<< STEP 0 >>>>>>>>>>>> + array([[-0.02886694],
       [-1.05002722],
       [ 0.00784722],
       [-0.02413893],
       [-0.88361572],
       [-1.03477007],
       [-0.87359163],
       [-1.02188157],
       [-0.96303779],
       [-1.02522948],
       [-0.95866734],
       [-0.96624554],
       [-1.02244619],
       [-0.97015775],
       [-0.96816691],
       [-0.95394991],
       [-0.96872377],
       [-1.03919003],
       [-0.03897747],
       [-0.57955407],
       [-1.03476538],
       [ 0.03351973],
       [-0.95668341],
       [-1.03666379],
       [-0.02952316],
       [-0.97194488],
       [-0.96999508],
       [-0.96606827],
       [-0.97969589],
       [-0.03665116],
       [-0.97947163],
       [-1.01231502],
       [-0.93892018],
       [-0.0669716 ],
       [-0.9629709 ],
       [-1.14158731],
       [ 0.02188248],
       [-0.98181971],
       [-0.03150382],
       [-1.01659685]])
array([[-0.02886694],
       [-1.05002722],
       [ 0.00784722],
       [-0.02413893],
       [-0.88361572],
       [-1.03477007],
       [-0.87359163],
       [-1.02188157],
       [-0.96303779],
       [-1.02522948],
       [-0.95866734],
       [-0.96624554],
       [-1.02244619],
       [-0.97015775],
       [-0.96816691],
       [-0.95394991],
       [-0.96872377],
       [-1.03919003],
       [-0.03897747],
       [-0.57955407],
       [-1.03476538],
       [ 0.03351973],
       [-0.95668341],
       [-1.03666379],
       [-0.02952316],
       [-0.97194488],
       [-0.96999508],
       [-0.96606827],
       [-0.97969589],
       [-0.03665116],
       [-0.97947163],
       [-1.01231502],
       [-0.93892018],
       [-0.0669716 ],
       [-0.9629709 ],
       [-1.14158731],
       [ 0.02188248],
       [-0.98181971],
       [-0.03150382],
       [-1.01659685]])
<<<<<<<<<<< STEP 1 >>>>>>>>>>>> + array([[-0.08049543],
       [-1.02432653],
       [-0.00299751],
       [-0.08628196],
       [-0.89837858],
       [-0.90246795],
       [-0.90492986],
       [-1.0012375 ],
       [-0.85842873],
       [-1.00168153],
       [-0.98229781],
       [-0.94146877],
       [-1.00237108],
       [-0.98514166],
       [-0.86069738],
       [-0.96547788],
       [-0.97388945],
       [-1.00748056],
       [-0.08799611],
       [-0.55003507],
       [-1.00438864],
       [-0.05612793],
       [-0.97891158],
       [-1.01409358],
       [-0.086932  ],
       [-0.98611181],
       [-0.85796222],
       [-0.84419122],
       [-0.94532174],
       [-0.08875532],
       [-0.97995876],
       [-0.99826947],
       [-0.95330716],
       [-0.05921436],
       [-0.86219904],
       [-1.15421865],
       [-0.05969667],
       [-0.87369869],
       [-0.09150068],
       [-0.89096696]])
array([[-0.10936238],
       [-2.07435374],
       [ 0.00484972],
       [-0.11042089],
       [-1.7819943 ],
       [-1.93723801],
       [-1.77852149],
       [-2.02311907],
       [-1.82146652],
       [-2.02691101],
       [-1.94096515],
       [-1.90771431],
       [-2.02481727],
       [-1.95529941],
       [-1.82886429],
       [-1.91942779],
       [-1.94261322],
       [-2.04667059],
       [-0.12697358],
       [-1.12958914],
       [-2.03915402],
       [-0.0226082 ],
       [-1.93559499],
       [-2.05075737],
       [-0.11645516],
       [-1.95805669],
       [-1.8279573 ],
       [-1.81025949],
       [-1.92501762],
       [-0.12540648],
       [-1.95943039],
       [-2.01058449],
       [-1.89222734],
       [-0.12618596],
       [-1.82516993],
       [-2.29580596],
       [-0.03781419],
       [-1.8555184 ],
       [-0.1230045 ],
       [-1.90756381]])
<<<<<<<<<<< STEP 2 >>>>>>>>>>>> + array([[-0.09439727],
       [-0.98870387],
       [-0.012306  ],
       [-0.10650645],
       [-0.91381496],
       [-0.78132111],
       [-0.92947318],
       [-0.97428928],
       [-0.75870546],
       [-0.98143644],
       [-0.98003142],
       [-0.92998658],
       [-0.98056607],
       [-0.98007964],
       [-0.75854727],
       [-0.96395939],
       [-0.96204279],
       [-0.98475494],
       [-0.10033495],
       [-0.53443065],
       [-0.97757968],
       [-0.08329796],
       [-0.97728413],
       [-0.98371613],
       [-0.09772795],
       [-0.97908391],
       [-0.75853466],
       [-0.73567127],
       [-0.93451054],
       [-0.10626154],
       [-0.96679349],
       [-0.96995017],
       [-0.95357106],
       [-0.05254815],
       [-0.76217488],
       [-1.1285367 ],
       [-0.08611928],
       [-0.77273786],
       [-0.10051016],
       [-0.77175117]])
array([[-0.20375964],
       [-3.06305762],
       [-0.00745629],
       [-0.21692734],
       [-2.69580926],
       [-2.71855912],
       [-2.70799467],
       [-2.99740835],
       [-2.58017198],
       [-3.00834745],
       [-2.92099657],
       [-2.83770089],
       [-3.00538335],
       [-2.93537906],
       [-2.58741157],
       [-2.88338718],
       [-2.90465602],
       [-3.03142553],
       [-0.22730852],
       [-1.6640198 ],
       [-3.0167337 ],
       [-0.10590616],
       [-2.91287912],
       [-3.0344735 ],
       [-0.21418311],
       [-2.93714061],
       [-2.58649196],
       [-2.54593076],
       [-2.85952816],
       [-0.23166802],
       [-2.92622388],
       [-2.98053466],
       [-2.8457984 ],
       [-0.17873411],
       [-2.58734481],
       [-3.42434266],
       [-0.12393348],
       [-2.62825625],
       [-0.22351466],
       [-2.67931498]])
<<<<<<<<<<< STEP 3 >>>>>>>>>>>> + array([[-0.09143795],
       [-0.94016532],
       [-0.00848357],
       [-0.10892385],
       [-0.90776633],
       [-0.70719799],
       [-0.93119628],
       [-0.93336027],
       [-0.67533364],
       [-0.95227017],
       [-0.94842114],
       [-0.91859513],
       [-0.94457914],
       [-0.94845121],
       [-0.67526882],
       [-0.93245656],
       [-0.92010064],
       [-0.95393181],
       [-0.09632094],
       [-0.54055714],
       [-0.94200826],
       [-0.08119334],
       [-0.94290787],
       [-0.94400546],
       [-0.08903043],
       [-0.93960795],
       [-0.67878399],
       [-0.64994969],
       [-0.93050161],
       [-0.10645108],
       [-0.91800674],
       [-0.92130562],
       [-0.91901321],
       [-0.05974754],
       [-0.68018692],
       [-1.07120318],
       [-0.08362128],
       [-0.69184977],
       [-0.08698116],
       [-0.69695602]])
array([[-0.29519759],
       [-4.00322294],
       [-0.01593986],
       [-0.32585119],
       [-3.60357559],
       [-3.42575711],
       [-3.63919095],
       [-3.93076861],
       [-3.25550562],
       [-3.96061762],
       [-3.86941771],
       [-3.75629601],
       [-3.94996248],
       [-3.88383026],
       [-3.26268039],
       [-3.81584374],
       [-3.82475666],
       [-3.98535734],
       [-0.32362946],
       [-2.20457693],
       [-3.95874196],
       [-0.1870995 ],
       [-3.85578699],
       [-3.97847896],
       [-0.30321354],
       [-3.87674856],
       [-3.26527595],
       [-3.19588044],
       [-3.79002978],
       [-0.3381191 ],
       [-3.84423063],
       [-3.90184028],
       [-3.76481162],
       [-0.23848165],
       [-3.26753173],
       [-4.49554584],
       [-0.20755475],
       [-3.32010603],
       [-0.31049583],
       [-3.376271  ]])
<<<<<<<<<<< STEP 4 >>>>>>>>>>>> + array([[-0.08385047],
       [-0.86387212],
       [ 0.01461254],
       [-0.10599111],
       [-0.86905221],
       [-0.66684607],
       [-0.8981437 ],
       [-0.86493607],
       [-0.60721732],
       [-0.89497481],
       [-0.88064691],
       [-0.88461348],
       [-0.87668481],
       [-0.88307567],
       [-0.60867333],
       [-0.86527306],
       [-0.8446101 ],
       [-0.89309917],
       [-0.08719134],
       [-0.56322453],
       [-0.87829969],
       [-0.07210977],
       [-0.8708055 ],
       [-0.88008756],
       [-0.07530585],
       [-0.86223126],
       [-0.61394964],
       [-0.5833011 ],
       [-0.90440644],
       [-0.10085096],
       [-0.82755495],
       [-0.8398945 ],
       [-0.84237839],
       [-0.08841072],
       [-0.61459609],
       [-0.98646281],
       [-0.07225418],
       [-0.62616913],
       [-0.0666838 ],
       [-0.65686957]])
array([[ -3.79048063e-01],
       [ -4.86709505e+00],
       [ -1.32731967e-03],
       [ -4.31842303e-01],
       [ -4.47262779e+00],
       [ -4.09260317e+00],
       [ -4.53733464e+00],
       [ -4.79570468e+00],
       [ -3.86272294e+00],
       [ -4.85559243e+00],
       [ -4.75006462e+00],
       [ -4.64090949e+00],
       [ -4.82664730e+00],
       [ -4.76690593e+00],
       [ -3.87135372e+00],
       [ -4.68111681e+00],
       [ -4.66936676e+00],
       [ -4.87845650e+00],
       [ -4.10820796e-01],
       [ -2.76780146e+00],
       [ -4.83704165e+00],
       [ -2.59209267e-01],
       [ -4.72659248e+00],
       [ -4.85856652e+00],
       [ -3.78519392e-01],
       [ -4.73897982e+00],
       [ -3.87922558e+00],
       [ -3.77918154e+00],
       [ -4.69443621e+00],
       [ -4.38970052e-01],
       [ -4.67178558e+00],
       [ -4.74173479e+00],
       [ -4.60719000e+00],
       [ -3.26892367e-01],
       [ -3.88212782e+00],
       [ -5.48200865e+00],
       [ -2.79808926e-01],
       [ -3.94627516e+00],
       [ -3.77179625e-01],
       [ -4.03314057e+00]])
<<<<<<<<<<< STEP 5 >>>>>>>>>>>> + array([[-0.07481107],
       [-0.76521375],
       [ 0.04340962],
       [-0.09919798],
       [-0.79795472],
       [-0.63833316],
       [-0.82406596],
       [-0.7738212 ],
       [-0.55879776],
       [-0.80403026],
       [-0.78383601],
       [-0.81556143],
       [-0.78096886],
       [-0.78795875],
       [-0.56136025],
       [-0.773258  ],
       [-0.75055567],
       [-0.79977313],
       [-0.07626787],
       [-0.58094408],
       [-0.78587535],
       [-0.06363698],
       [-0.77229075],
       [-0.79064817],
       [-0.06198704],
       [-0.76141801],
       [-0.56665842],
       [-0.53922427],
       [-0.83539068],
       [-0.09194625],
       [-0.72136478],
       [-0.74023856],
       [-0.74197648],
       [-0.12649132],
       [-0.567493  ],
       [-0.87546563],
       [-0.05999883],
       [-0.57741988],
       [-0.0475405 ],
       [-0.63042019]])
array([[-0.45385913],
       [-5.6323088 ],
       [ 0.0420823 ],
       [-0.53104029],
       [-5.27058251],
       [-4.73093634],
       [-5.36140061],
       [-5.56952588],
       [-4.4215207 ],
       [-5.65962268],
       [-5.53390063],
       [-5.45647092],
       [-5.60761616],
       [-5.55486469],
       [-4.43271397],
       [-5.45437481],
       [-5.41992243],
       [-5.67822964],
       [-0.48708867],
       [-3.34874554],
       [-5.622917  ],
       [-0.32284624],
       [-5.49888323],
       [-5.64921469],
       [-0.44050643],
       [-5.50039783],
       [-4.445884  ],
       [-4.31840581],
       [-5.5298269 ],
       [-0.53091631],
       [-5.39315036],
       [-5.48197335],
       [-5.34916649],
       [-0.45338368],
       [-4.44962082],
       [-6.35747428],
       [-0.33980776],
       [-4.52369504],
       [-0.42472012],
       [-4.66356076]])
<<<<<<<<<<< STEP 6 >>>>>>>>>>>> + array([[-0.06484124],
       [-0.6752087 ],
       [ 0.05730259],
       [-0.08882264],
       [-0.71158439],
       [-0.61078881],
       [-0.72775905],
       [-0.68561499],
       [-0.53142621],
       [-0.70715957],
       [-0.68838251],
       [-0.72742013],
       [-0.68890182],
       [-0.69142373],
       [-0.53395255],
       [-0.68285797],
       [-0.66439613],
       [-0.70377063],
       [-0.06521299],
       [-0.58112225],
       [-0.69371671],
       [-0.05559918],
       [-0.67883126],
       [-0.69938109],
       [-0.05120958],
       [-0.66984672],
       [-0.53798714],
       [-0.51695212],
       [-0.73998522],
       [-0.08073418],
       [-0.63660396],
       [-0.65636077],
       [-0.65359604],
       [-0.15399587],
       [-0.53946814],
       [-0.75707918],
       [-0.04875591],
       [-0.54693644],
       [-0.03391867],
       [-0.60567634]])
array([[-0.51870037],
       [-6.3075175 ],
       [ 0.09938489],
       [-0.61986292],
       [-5.9821669 ],
       [-5.34172515],
       [-6.08915966],
       [-6.25514088],
       [-4.95294691],
       [-6.36678225],
       [-6.22228314],
       [-6.18389105],
       [-6.29651797],
       [-6.24628842],
       [-4.96666652],
       [-6.13723277],
       [-6.08431856],
       [-6.38200026],
       [-0.55230165],
       [-3.92986779],
       [-6.31663371],
       [-0.37844543],
       [-6.17771449],
       [-6.34859578],
       [-0.49171601],
       [-6.17024455],
       [-4.98387114],
       [-4.83535793],
       [-6.26981212],
       [-0.61165049],
       [-6.02975432],
       [-6.13833412],
       [-6.00276252],
       [-0.60737956],
       [-4.98908896],
       [-7.11455346],
       [-0.38856366],
       [-5.07063148],
       [-0.4586388 ],
       [-5.2692371 ]])
<<<<<<<<<<< STEP 7 >>>>>>>>>>>> + array([[-0.05496426],
       [-0.61160226],
       [ 0.05409917],
       [-0.07711471],
       [-0.63658803],
       [-0.58568408],
       [-0.64435532],
       [-0.61908281],
       [-0.51793239],
       [-0.63261793],
       [-0.61758615],
       [-0.65005904],
       [-0.62150613],
       [-0.61882427],
       [-0.51993558],
       [-0.61382738],
       [-0.60138626],
       [-0.63103567],
       [-0.05549898],
       [-0.57043561],
       [-0.62484165],
       [-0.04723297],
       [-0.61105808],
       [-0.62824239],
       [-0.04319446],
       [-0.60518961],
       [-0.52227774],
       [-0.50775032],
       [-0.65591345],
       [-0.06920777],
       [-0.58240777],
       [-0.60006393],
       [-0.59337252],
       [-0.16570588],
       [-0.52442014],
       [-0.6614091 ],
       [-0.03885028],
       [-0.52956449],
       [-0.02588853],
       [-0.58284666]])
array([[-0.57366463],
       [-6.91911977],
       [ 0.15348406],
       [-0.69697764],
       [-6.61875493],
       [-5.92740922],
       [-6.73351498],
       [-6.87422368],
       [-5.4708793 ],
       [-6.99940018],
       [-6.8398693 ],
       [-6.83395009],
       [-6.9180241 ],
       [-6.86511269],
       [-5.4866021 ],
       [-6.75106015],
       [-6.68570483],
       [-7.01303593],
       [-0.60780063],
       [-4.5003034 ],
       [-6.94147535],
       [-0.4256784 ],
       [-6.78877257],
       [-6.97683817],
       [-0.53491047],
       [-6.77543416],
       [-5.50614888],
       [-5.34310825],
       [-6.92572557],
       [-0.68085826],
       [-6.61216209],
       [-6.73839805],
       [-6.59613504],
       [-0.77308543],
       [-5.51350911],
       [-7.77596256],
       [-0.42741394],
       [-5.60019597],
       [-0.48452732],
       [-5.85208375]])
<<<<<<<<<<< STEP 8 >>>>>>>>>>>> + array([[-0.04620034],
       [-0.57129706],
       [ 0.04290948],
       [-0.06607921],
       [-0.58440293],
       [-0.56552799],
       [-0.58749079],
       [-0.57532806],
       [-0.51091638],
       [-0.58387145],
       [-0.57207309],
       [-0.59594436],
       [-0.5779931 ],
       [-0.57208829],
       [-0.51240481],
       [-0.56842861],
       [-0.56076506],
       [-0.583564  ],
       [-0.04759888],
       [-0.5577708 ],
       [-0.58002361],
       [-0.0392076 ],
       [-0.56791453],
       [-0.58080287],
       [-0.03730521],
       [-0.56447228],
       [-0.51340208],
       [-0.50387953],
       [-0.59802233],
       [-0.05883236],
       [-0.55003183],
       [-0.56501155],
       [-0.55636256],
       [-0.16761703],
       [-0.51588859],
       [-0.5977253 ],
       [-0.03044863],
       [-0.51928765],
       [-0.0214276 ],
       [-0.5641428 ]])
array([[-0.61986497],
       [-7.49041682],
       [ 0.19639354],
       [-0.76305684],
       [-7.20315786],
       [-6.49293721],
       [-7.32100577],
       [-7.44955174],
       [-5.98179569],
       [-7.58327163],
       [-7.41194238],
       [-7.42989444],
       [-7.4960172 ],
       [-7.43720098],
       [-5.99900691],
       [-7.31948876],
       [-7.24646988],
       [-7.59659994],
       [-0.65539951],
       [-5.0580742 ],
       [-7.52149896],
       [-0.464886  ],
       [-7.3566871 ],
       [-7.55764104],
       [-0.57221568],
       [-7.33990644],
       [-6.01955096],
       [-5.84698778],
       [-7.5237479 ],
       [-0.73969062],
       [-7.16219392],
       [-7.3034096 ],
       [-7.1524976 ],
       [-0.94070246],
       [-6.02939769],
       [-8.37368786],
       [-0.45786257],
       [-6.11948362],
       [-0.50595492],
       [-6.41622655]])
<<<<<<<<<<< STEP 9 >>>>>>>>>>>> + array([[-0.03893261],
       [-0.54639455],
       [ 0.0302663 ],
       [-0.05657045],
       [-0.55151377],
       [-0.55027079],
       [-0.55228137],
       [-0.54801848],
       [-0.50672963],
       [-0.55364327],
       [-0.54416309],
       [-0.56148439],
       [-0.55090613],
       [-0.54360511],
       [-0.50781577],
       [-0.54050995],
       [-0.53593651],
       [-0.55396309],
       [-0.0413697 ],
       [-0.54665953],
       [-0.55208489],
       [-0.03217547],
       [-0.54161895],
       [-0.55112745],
       [-0.03296194],
       [-0.53970465],
       [-0.5079969 ],
       [-0.50185402],
       [-0.56170926],
       [-0.05012269],
       [-0.53075374],
       [-0.54331139],
       [-0.53415666],
       [-0.16573707],
       [-0.51050522],
       [-0.55864812],
       [-0.02353841],
       [-0.51272297],
       [-0.01889608],
       [-0.54971677]])
array([[-0.65879758],
       [-8.03681137],
       [ 0.22665984],
       [-0.81962729],
       [-7.75467163],
       [-7.043208  ],
       [-7.87328714],
       [-7.99757022],
       [-6.48852532],
       [-8.13691491],
       [-7.95610547],
       [-7.99137883],
       [-8.04692334],
       [-7.98080609],
       [-6.50682269],
       [-7.85999871],
       [-7.7824064 ],
       [-8.15056303],
       [-0.6967692 ],
       [-5.60473373],
       [-8.07358385],
       [-0.49706147],
       [-7.89830605],
       [-8.10876849],
       [-0.60517762],
       [-7.87961109],
       [-6.52754786],
       [-6.3488418 ],
       [-8.08545716],
       [-0.78981331],
       [-7.69294766],
       [-7.84672099],
       [-7.68665426],
       [-1.10643953],
       [-6.53990291],
       [-8.93233599],
       [-0.48140098],
       [-6.6322066 ],
       [-0.524851  ],
       [-6.96594332]])
