<<<<<<<<<<< STEP 0 >>>>>>>>>>>> + array([[-0.70710974],
       [ 0.02494424],
       [-0.69325452],
       [-0.69923141],
       [-0.93747181],
       [-0.86558277],
       [-0.62385931],
       [-1.07696939],
       [-0.91433024],
       [-0.85627302],
       [-1.01959516],
       [-0.43316292],
       [-0.99910278],
       [-0.94186148],
       [-0.77025463],
       [-0.97351304],
       [-1.00993162],
       [-0.87908836],
       [-0.99440268],
       [-1.05935995],
       [-0.95223441],
       [-0.95720744],
       [-0.83704257],
       [-0.92075459],
       [-0.8585856 ],
       [-0.96602052],
       [-0.9555767 ],
       [-1.09786204],
       [-0.52037726],
       [ 0.07793885],
       [-0.88151872]])
array([[-0.70710974],
       [ 0.02494424],
       [-0.69325452],
       [-0.69923141],
       [-0.93747181],
       [-0.86558277],
       [-0.62385931],
       [-1.07696939],
       [-0.91433024],
       [-0.85627302],
       [-1.01959516],
       [-0.43316292],
       [-0.99910278],
       [-0.94186148],
       [-0.77025463],
       [-0.97351304],
       [-1.00993162],
       [-0.87908836],
       [-0.99440268],
       [-1.05935995],
       [-0.95223441],
       [-0.95720744],
       [-0.83704257],
       [-0.92075459],
       [-0.8585856 ],
       [-0.96602052],
       [-0.9555767 ],
       [-1.09786204],
       [-0.52037726],
       [ 0.07793885],
       [-0.88151872]])
<<<<<<<<<<< STEP 1 >>>>>>>>>>>> + array([[-0.75454865],
       [-0.00256643],
       [-0.74791288],
       [-0.74373644],
       [-0.90367102],
       [-0.95356257],
       [-0.66551114],
       [-1.03401637],
       [-0.87755382],
       [-0.82860785],
       [-0.96915968],
       [-0.54614036],
       [-0.96555141],
       [-0.9071715 ],
       [-0.727888  ],
       [-0.93542049],
       [-0.95725423],
       [-0.87634399],
       [-0.92865667],
       [-0.96460663],
       [-0.9032736 ],
       [-0.81040394],
       [-0.89359124],
       [-0.87543339],
       [-0.78648194],
       [-0.91602607],
       [-0.91770432],
       [-1.04488303],
       [-0.61075358],
       [ 0.00681276],
       [-0.78504783]])
array([[-1.46165839],
       [ 0.02237781],
       [-1.4411674 ],
       [-1.44296785],
       [-1.84114283],
       [-1.81914534],
       [-1.28937045],
       [-2.11098576],
       [-1.79188406],
       [-1.68488087],
       [-1.98875484],
       [-0.97930328],
       [-1.96465419],
       [-1.84903298],
       [-1.49814263],
       [-1.90893352],
       [-1.96718586],
       [-1.75543235],
       [-1.92305934],
       [-2.02396658],
       [-1.85550801],
       [-1.76761138],
       [-1.73063381],
       [-1.79618798],
       [-1.64506754],
       [-1.88204659],
       [-1.87328103],
       [-2.14274507],
       [-1.13113084],
       [ 0.08475161],
       [-1.66656655]])
<<<<<<<<<<< STEP 2 >>>>>>>>>>>> + array([[-0.78747031],
       [ 0.00665019],
       [-0.78500516],
       [-0.77357983],
       [-0.84963342],
       [-0.93216258],
       [-0.62732666],
       [-0.96504388],
       [-0.83170063],
       [-0.77997453],
       [-0.89854712],
       [-0.63390284],
       [-0.90067964],
       [-0.85435591],
       [-0.69081586],
       [-0.86134403],
       [-0.88401133],
       [-0.84168749],
       [-0.85250019],
       [-0.86644787],
       [-0.85070187],
       [-0.69427452],
       [-0.88133443],
       [-0.82631266],
       [-0.71702512],
       [-0.83905441],
       [-0.85363449],
       [-0.95279612],
       [-0.65206378],
       [-0.03850189],
       [-0.68918075]])
array([[-2.2491287 ],
       [ 0.029028  ],
       [-2.22617257],
       [-2.21654768],
       [-2.69077625],
       [-2.75130792],
       [-1.91669712],
       [-3.07602964],
       [-2.62358469],
       [-2.4648554 ],
       [-2.88730196],
       [-1.61320612],
       [-2.86533383],
       [-2.7033889 ],
       [-2.18895849],
       [-2.77027756],
       [-2.85119719],
       [-2.59711984],
       [-2.77555954],
       [-2.89041445],
       [-2.70620988],
       [-2.4618859 ],
       [-2.61196824],
       [-2.62250063],
       [-2.36209265],
       [-2.72110101],
       [-2.72691552],
       [-3.09554119],
       [-1.78319461],
       [ 0.04624973],
       [-2.3557473 ]])
<<<<<<<<<<< STEP 3 >>>>>>>>>>>> + array([[-0.7740215 ],
       [ 0.02565305],
       [-0.77143909],
       [-0.76070161],
       [-0.7718424 ],
       [-0.83590979],
       [-0.49692612],
       [-0.86384101],
       [-0.76132392],
       [-0.71384386],
       [-0.81137683],
       [-0.67428403],
       [-0.81340027],
       [-0.78432343],
       [-0.65011405],
       [-0.77285165],
       [-0.79391423],
       [-0.77294917],
       [-0.7663662 ],
       [-0.77184736],
       [-0.78730521],
       [-0.62205112],
       [-0.82093618],
       [-0.76839535],
       [-0.65485403],
       [-0.75306453],
       [-0.77250545],
       [-0.84292391],
       [-0.64427462],
       [-0.03750179],
       [-0.62132794]])
array([[-3.02315019],
       [ 0.05468105],
       [-2.99761166],
       [-2.97724928],
       [-3.46261865],
       [-3.58721771],
       [-2.41362323],
       [-3.93987065],
       [-3.38490861],
       [-3.17869926],
       [-3.69867879],
       [-2.28749015],
       [-3.6787341 ],
       [-3.48771232],
       [-2.83907254],
       [-3.5431292 ],
       [-3.64511142],
       [-3.37006901],
       [-3.54192573],
       [-3.66226181],
       [-3.49351508],
       [-3.08393702],
       [-3.43290442],
       [-3.39089598],
       [-3.01694668],
       [-3.47416554],
       [-3.49942097],
       [-3.9384651 ],
       [-2.42746924],
       [ 0.00874793],
       [-2.97707524]])
<<<<<<<<<<< STEP 4 >>>>>>>>>>>> + array([[-0.71480635],
       [ 0.04361519],
       [-0.71132896],
       [-0.70481823],
       [-0.69024819],
       [-0.72891846],
       [-0.32277867],
       [-0.75462793],
       [-0.68411929],
       [-0.64935401],
       [-0.71968201],
       [-0.66009487],
       [-0.72078319],
       [-0.70489186],
       [-0.60718519],
       [-0.6891915 ],
       [-0.70442528],
       [-0.69285443],
       [-0.6829994 ],
       [-0.68759184],
       [-0.71145468],
       [-0.58106312],
       [-0.73584858],
       [-0.69881796],
       [-0.60509164],
       [-0.6761583 ],
       [-0.69245317],
       [-0.73747619],
       [-0.61220807],
       [-0.00482147],
       [-0.57815498]])
array([[ -3.73795654e+00],
       [  9.82962444e-02],
       [ -3.70894061e+00],
       [ -3.68206752e+00],
       [ -4.15286684e+00],
       [ -4.31613617e+00],
       [ -2.73640191e+00],
       [ -4.69449858e+00],
       [ -4.06902790e+00],
       [ -3.82805327e+00],
       [ -4.41836080e+00],
       [ -2.94758502e+00],
       [ -4.39951729e+00],
       [ -4.19260418e+00],
       [ -3.44625773e+00],
       [ -4.23232070e+00],
       [ -4.34953669e+00],
       [ -4.06292344e+00],
       [ -4.22492513e+00],
       [ -4.34985365e+00],
       [ -4.20496977e+00],
       [ -3.66500014e+00],
       [ -4.16875300e+00],
       [ -4.08971394e+00],
       [ -3.62203832e+00],
       [ -4.15032384e+00],
       [ -4.19187414e+00],
       [ -4.67594129e+00],
       [ -3.03967731e+00],
       [  3.92646687e-03],
       [ -3.55523022e+00]])
<<<<<<<<<<< STEP 5 >>>>>>>>>>>> + array([[-0.64576053],
       [ 0.05973874],
       [-0.64278745],
       [-0.63928928],
       [-0.62517691],
       [-0.64699706],
       [-0.16210078],
       [-0.6651927 ],
       [-0.62117305],
       [-0.60009052],
       [-0.64250216],
       [-0.62052816],
       [-0.64319261],
       [-0.63463995],
       [-0.57102358],
       [-0.62411442],
       [-0.63344481],
       [-0.62545584],
       [-0.61783276],
       [-0.62311465],
       [-0.64074357],
       [-0.55743071],
       [-0.65620854],
       [-0.63305931],
       [-0.57040053],
       [-0.61787631],
       [-0.62864252],
       [-0.65472664],
       [-0.57966636],
       [ 0.0316737 ],
       [-0.54951984]])
array([[-4.38371707],
       [ 0.15803498],
       [-4.35172807],
       [-4.3213568 ],
       [-4.77804375],
       [-4.96313323],
       [-2.89850269],
       [-5.35969128],
       [-4.69020094],
       [-4.4281438 ],
       [-5.06086296],
       [-3.56811317],
       [-5.0427099 ],
       [-4.82724413],
       [-4.01728131],
       [-4.85643513],
       [-4.9829815 ],
       [-4.68837928],
       [-4.84275789],
       [-4.9729683 ],
       [-4.84571334],
       [-4.22243085],
       [-4.82496154],
       [-4.72277325],
       [-4.19243885],
       [-4.76820015],
       [-4.82051667],
       [-5.33066794],
       [-3.61934367],
       [ 0.03560017],
       [-4.10475005]])
<<<<<<<<<<< STEP 6 >>>>>>>>>>>> + array([[-0.59248737],
       [ 0.07288996],
       [-0.59095234],
       [-0.58868671],
       [-0.58072388],
       [-0.59419701],
       [-0.03752071],
       [-0.60390837],
       [-0.57775634],
       [-0.56668773],
       [-0.58852494],
       [-0.58283056],
       [-0.58909376],
       [-0.58424447],
       [-0.54537209],
       [-0.57977788],
       [-0.58499727],
       [-0.57858384],
       [-0.57379684],
       [-0.57937364],
       [-0.58872885],
       [-0.54247641],
       [-0.59837014],
       [-0.58419471],
       [-0.54768388],
       [-0.57811988],
       [-0.58442153],
       [-0.59850217],
       [-0.55486203],
       [ 0.05957714],
       [-0.530607  ]])
array([[-4.97620445],
       [ 0.23092494],
       [-4.9426804 ],
       [-4.9100435 ],
       [-5.35876763],
       [-5.55733024],
       [-2.9360234 ],
       [-5.96359965],
       [-5.26795728],
       [-4.99483153],
       [-5.64938789],
       [-4.15094374],
       [-5.63180366],
       [-5.4114886 ],
       [-4.5626534 ],
       [-5.43621301],
       [-5.56797877],
       [-5.26696312],
       [-5.41655473],
       [-5.55234195],
       [-5.43444219],
       [-4.76490725],
       [-5.42333167],
       [-5.30696796],
       [-4.74012273],
       [-5.34632003],
       [-5.4049382 ],
       [-5.92917011],
       [-4.1742057 ],
       [ 0.09517731],
       [-4.63535706]])
<<<<<<<<<<< STEP 7 >>>>>>>>>>>> + array([[-0.55763856],
       [ 0.08207524],
       [-0.5574967 ],
       [-0.55561259],
       [-0.55225781],
       [-0.56190724],
       [ 0.05316424],
       [-0.56520549],
       [-0.54989374],
       [-0.54491081],
       [-0.55423741],
       [-0.55515947],
       [-0.55475   ],
       [-0.55183097],
       [-0.52868678],
       [-0.55137904],
       [-0.55414494],
       [-0.54875117],
       [-0.54600353],
       [-0.55134415],
       [-0.55491322],
       [-0.53205284],
       [-0.56109446],
       [-0.55223016],
       [-0.5328834 ],
       [-0.55219594],
       [-0.55566065],
       [-0.56281659],
       [-0.53766683],
       [ 0.07792014],
       [-0.51858924]])
array([[-5.533843  ],
       [ 0.31300018],
       [-5.5001771 ],
       [-5.46565609],
       [-5.91102544],
       [-6.11923749],
       [-2.88285916],
       [-6.52880514],
       [-5.81785103],
       [-5.53974234],
       [-6.2036253 ],
       [-4.7061032 ],
       [-6.18655366],
       [-5.96331957],
       [-5.09134019],
       [-5.98759205],
       [-6.12212371],
       [-5.81571429],
       [-5.96255827],
       [-6.1036861 ],
       [-5.98935541],
       [-5.2969601 ],
       [-5.98442613],
       [-5.85919812],
       [-5.27300613],
       [-5.89851597],
       [-5.96059885],
       [-6.4919867 ],
       [-4.71187253],
       [ 0.17309745],
       [-5.1539463 ]])
<<<<<<<<<<< STEP 8 >>>>>>>>>>>> + array([[-0.53602815],
       [ 0.08743591],
       [-0.53677782],
       [-0.53507031],
       [-0.53434081],
       [-0.54188928],
       [ 0.118087  ],
       [-0.541378  ],
       [-0.53239955],
       [-0.53075756],
       [-0.53324791],
       [-0.5365775 ],
       [-0.5337051 ],
       [-0.53186029],
       [-0.51820877],
       [-0.53350939],
       [-0.53491144],
       [-0.53036967],
       [-0.52886997],
       [-0.53365853],
       [-0.53396247],
       [-0.52436331],
       [-0.53806964],
       [-0.532352  ],
       [-0.52310297],
       [-0.53542665],
       [-0.53726124],
       [-0.54060478],
       [-0.52608538],
       [ 0.08856811],
       [-0.51116774]])
array([[-6.06987116],
       [ 0.40043609],
       [-6.03695492],
       [-6.00072641],
       [-6.44536625],
       [-6.66112677],
       [-2.76477216],
       [-7.07018314],
       [-6.35025058],
       [-6.0704999 ],
       [-6.73687322],
       [-5.2426807 ],
       [-6.72025876],
       [-6.49517986],
       [-5.60954896],
       [-6.52110144],
       [-6.65703516],
       [-6.34608396],
       [-6.49142823],
       [-6.63734463],
       [-6.52331788],
       [-5.82132341],
       [-6.52249577],
       [-6.39155012],
       [-5.7961091 ],
       [-6.43394262],
       [-6.49786009],
       [-7.03259148],
       [-5.23795791],
       [ 0.26166556],
       [-5.66511403]])
<<<<<<<<<<< STEP 9 >>>>>>>>>>>> + array([[-0.52277107],
       [ 0.08968922],
       [-0.52391048],
       [-0.52239708],
       [-0.52302246],
       [-0.52903298],
       [ 0.16407095],
       [-0.52673008],
       [-0.5214128 ],
       [-0.52145237],
       [-0.52054146],
       [-0.52445077],
       [-0.52093692],
       [-0.51972673],
       [-0.51169924],
       [-0.52223832],
       [-0.52291751],
       [-0.51913647],
       [-0.51834811],
       [-0.5224571 ],
       [-0.52118034],
       [-0.51854711],
       [-0.52399529],
       [-0.52019537],
       [-0.51651461],
       [-0.52448046],
       [-0.52543001],
       [-0.52674749],
       [-0.51830389],
       [ 0.09355781],
       [-0.50665824]])
array([[-6.59264223],
       [ 0.49012531],
       [-6.56086541],
       [-6.52312349],
       [-6.96838871],
       [-7.19015974],
       [-2.60070121],
       [-7.59691323],
       [-6.87166338],
       [-6.59195227],
       [-7.25741468],
       [-5.76713148],
       [-7.24119568],
       [-7.0149066 ],
       [-6.1212482 ],
       [-7.04333975],
       [-7.17995267],
       [-6.86522043],
       [-7.00977634],
       [-7.15980173],
       [-7.04449821],
       [-6.33987052],
       [-7.04649106],
       [-6.9117455 ],
       [-6.31262371],
       [-6.95842308],
       [-7.0232901 ],
       [-7.55933897],
       [-5.7562618 ],
       [ 0.35522337],
       [-6.17177227]])
