<<<<<<<<<<< STEP 0 >>>>>>>>>>>> + array([[ 0.07974292],
       [-0.06833803],
       [-0.94330153],
       [-0.90959209],
       [-1.03488518],
       [-0.6059418 ],
       [-0.04443193],
       [-0.91621531],
       [-1.02711555],
       [-0.31816487],
       [-0.96207005],
       [-0.06774165],
       [-0.96269053],
       [-1.04266409],
       [ 0.04914111],
       [-0.90801666],
       [-1.0224294 ],
       [-0.96685627],
       [-1.00607035],
       [-1.01376939],
       [-1.01720662],
       [-0.8388263 ],
       [-0.11010042],
       [-0.27106277],
       [-0.92697495],
       [-0.9734903 ],
       [-0.94832138],
       [-0.94825639],
       [-0.9518083 ],
       [-1.04386056],
       [-0.10513096],
       [-0.87023389],
       [-0.30886267],
       [-0.92237448],
       [-1.03064451],
       [-1.04316479],
       [-0.9270301 ],
       [-1.17537353],
       [-0.95492792],
       [-1.02985983]])
array([[ 0.07974292],
       [-0.06833803],
       [-0.94330153],
       [-0.90959209],
       [-1.03488518],
       [-0.6059418 ],
       [-0.04443193],
       [-0.91621531],
       [-1.02711555],
       [-0.31816487],
       [-0.96207005],
       [-0.06774165],
       [-0.96269053],
       [-1.04266409],
       [ 0.04914111],
       [-0.90801666],
       [-1.0224294 ],
       [-0.96685627],
       [-1.00607035],
       [-1.01376939],
       [-1.01720662],
       [-0.8388263 ],
       [-0.11010042],
       [-0.27106277],
       [-0.92697495],
       [-0.9734903 ],
       [-0.94832138],
       [-0.94825639],
       [-0.9518083 ],
       [-1.04386056],
       [-0.10513096],
       [-0.87023389],
       [-0.30886267],
       [-0.92237448],
       [-1.03064451],
       [-1.04316479],
       [-0.9270301 ],
       [-1.17537353],
       [-0.95492792],
       [-1.02985983]])
<<<<<<<<<<< STEP 1 >>>>>>>>>>>> + array([[-0.00827488],
       [-0.1438006 ],
       [-0.94027873],
       [-0.77273741],
       [-0.99781372],
       [-0.62283632],
       [-0.12118952],
       [-0.91494315],
       [-1.014931  ],
       [-0.34739153],
       [-0.94177194],
       [-0.12870502],
       [-0.82537682],
       [-1.01497135],
       [-0.0189017 ],
       [-0.8705609 ],
       [-1.00275485],
       [-0.97596444],
       [-0.97955818],
       [-0.97090614],
       [-0.96263507],
       [-0.86032779],
       [-0.17364548],
       [-0.30939371],
       [-0.91447121],
       [-0.96412997],
       [-0.94706066],
       [-0.95137451],
       [-0.80955056],
       [-1.04156246],
       [-0.09269508],
       [-0.88480997],
       [-0.328209  ],
       [-0.90050933],
       [-1.00715647],
       [-0.91180979],
       [-0.7928591 ],
       [-1.12596386],
       [-0.94471145],
       [-0.90015461]])
array([[ 0.07146804],
       [-0.21213863],
       [-1.88358026],
       [-1.6823295 ],
       [-2.0326989 ],
       [-1.22877813],
       [-0.16562146],
       [-1.83115846],
       [-2.04204655],
       [-0.6655564 ],
       [-1.90384199],
       [-0.19644667],
       [-1.78806735],
       [-2.05763544],
       [ 0.03023941],
       [-1.77857756],
       [-2.02518426],
       [-1.94282071],
       [-1.98562854],
       [-1.98467553],
       [-1.97984169],
       [-1.69915409],
       [-0.2837459 ],
       [-0.58045648],
       [-1.84144616],
       [-1.93762027],
       [-1.89538204],
       [-1.8996309 ],
       [-1.76135887],
       [-2.08542302],
       [-0.19782603],
       [-1.75504385],
       [-0.63707166],
       [-1.82288381],
       [-2.03780098],
       [-1.95497457],
       [-1.7198892 ],
       [-2.30133739],
       [-1.89963937],
       [-1.93001444]])
<<<<<<<<<<< STEP 2 >>>>>>>>>>>> + array([[-0.02435452],
       [-0.16951635],
       [-0.91222167],
       [-0.66403894],
       [-0.93916944],
       [-0.65009297],
       [-0.15100352],
       [-0.90149963],
       [-0.99388302],
       [-0.39464657],
       [-0.89506231],
       [-0.14728456],
       [-0.70607864],
       [-0.97184168],
       [-0.02367739],
       [-0.79159096],
       [-0.96789054],
       [-0.96981411],
       [-0.93769302],
       [-0.91117271],
       [-0.87843066],
       [-0.85043875],
       [-0.20175296],
       [-0.36312458],
       [-0.87043539],
       [-0.94108922],
       [-0.92730415],
       [-0.91415142],
       [-0.69106421],
       [-1.02587536],
       [-0.06884428],
       [-0.86729473],
       [-0.34421513],
       [-0.84902721],
       [-0.97145566],
       [-0.81062817],
       [-0.68480044],
       [-1.03728096],
       [-0.91068611],
       [-0.80345092]])
array([[ 0.04711352],
       [-0.38165498],
       [-2.79580193],
       [-2.34636844],
       [-2.97186835],
       [-1.8788711 ],
       [-0.31662498],
       [-2.73265809],
       [-3.03592957],
       [-1.06020298],
       [-2.79890429],
       [-0.34373123],
       [-2.49414598],
       [-3.02947712],
       [ 0.00656202],
       [-2.57016853],
       [-2.99307479],
       [-2.91263482],
       [-2.92332156],
       [-2.89584823],
       [-2.85827235],
       [-2.54959284],
       [-0.48549886],
       [-0.94358105],
       [-2.71188155],
       [-2.87870949],
       [-2.8226862 ],
       [-2.81378232],
       [-2.45242308],
       [-3.11129839],
       [-0.26667031],
       [-2.62233858],
       [-0.98128679],
       [-2.67191102],
       [-3.00925664],
       [-2.76560274],
       [-2.40468964],
       [-3.33861835],
       [-2.81032549],
       [-2.73346536]])
<<<<<<<<<<< STEP 3 >>>>>>>>>>>> + array([[-0.01945726],
       [-0.1747268 ],
       [-0.84963519],
       [-0.58460607],
       [-0.85895787],
       [-0.67804138],
       [-0.16818896],
       [-0.8597026 ],
       [-0.943269  ],
       [-0.45994101],
       [-0.81529822],
       [-0.15551274],
       [-0.61440647],
       [-0.89574496],
       [-0.01462099],
       [-0.6903679 ],
       [-0.90644417],
       [-0.92455171],
       [-0.8672765 ],
       [-0.84204363],
       [-0.78279118],
       [-0.79761148],
       [-0.2240113 ],
       [-0.42708966],
       [-0.79422118],
       [-0.8875411 ],
       [-0.87324693],
       [-0.83723969],
       [-0.60297764],
       [-0.97327318],
       [-0.03998205],
       [-0.81287944],
       [-0.35503811],
       [-0.77768059],
       [-0.90895845],
       [-0.75024863],
       [-0.60307943],
       [-0.91900146],
       [-0.8474052 ],
       [-0.74701592]])
array([[ 0.02765626],
       [-0.55638178],
       [-3.64543711],
       [-2.93097451],
       [-3.83082621],
       [-2.55691248],
       [-0.48481394],
       [-3.5923607 ],
       [-3.97919857],
       [-1.52014398],
       [-3.61420251],
       [-0.49924398],
       [-3.10855245],
       [-3.92522208],
       [-0.00805896],
       [-3.26053642],
       [-3.89951896],
       [-3.83718653],
       [-3.79059806],
       [-3.73789186],
       [-3.64106353],
       [-3.34720432],
       [-0.70951016],
       [-1.37067071],
       [-3.50610273],
       [-3.76625059],
       [-3.69593312],
       [-3.65102201],
       [-3.05540072],
       [-4.08457156],
       [-0.30665236],
       [-3.43521802],
       [-1.3363249 ],
       [-3.4495916 ],
       [-3.91821509],
       [-3.51585137],
       [-3.00776907],
       [-4.25761981],
       [-3.65773068],
       [-3.48048128]])
<<<<<<<<<<< STEP 4 >>>>>>>>>>>> + array([[-0.014907  ],
       [-0.17511165],
       [-0.76005151],
       [-0.53181174],
       [-0.77316762],
       [-0.6921523 ],
       [-0.18149168],
       [-0.79164243],
       [-0.85190859],
       [-0.53074321],
       [-0.71836719],
       [-0.16129896],
       [-0.54735234],
       [-0.80104046],
       [-0.01092822],
       [-0.60711856],
       [-0.82289978],
       [-0.82831786],
       [-0.77920762],
       [-0.77598185],
       [-0.70636743],
       [-0.71869157],
       [-0.25033068],
       [-0.48386111],
       [-0.70738045],
       [-0.7954999 ],
       [-0.79504753],
       [-0.74064886],
       [-0.54059755],
       [-0.87415524],
       [-0.01927678],
       [-0.73291596],
       [-0.36774621],
       [-0.70829117],
       [-0.82050654],
       [-0.71086259],
       [-0.54224998],
       [-0.79226386],
       [-0.76308292],
       [-0.71015095]])
array([[ 0.01274927],
       [-0.73149343],
       [-4.40548863],
       [-3.46278624],
       [-4.60399384],
       [-3.24906478],
       [-0.66630562],
       [-4.38400312],
       [-4.83110716],
       [-2.05088719],
       [-4.33256971],
       [-0.66054294],
       [-3.65590479],
       [-4.72626253],
       [-0.01898718],
       [-3.86765498],
       [-4.72241874],
       [-4.66550439],
       [-4.56980568],
       [-4.51387371],
       [-4.34743095],
       [-4.06589589],
       [-0.95984084],
       [-1.85453182],
       [-4.21348318],
       [-4.56175048],
       [-4.49098066],
       [-4.39167087],
       [-3.59599827],
       [-4.95872681],
       [-0.32592915],
       [-4.16813399],
       [-1.70407112],
       [-4.15788278],
       [-4.73872163],
       [-4.22671396],
       [-3.55001905],
       [-5.04988368],
       [-4.42081361],
       [-4.19063223]])
<<<<<<<<<<< STEP 5 >>>>>>>>>>>> + array([[-0.0131492 ],
       [-0.17785715],
       [-0.67469343],
       [-0.50188015],
       [-0.70093721],
       [-0.68742773],
       [-0.19051851],
       [-0.71739113],
       [-0.74980381],
       [-0.58942407],
       [-0.63553282],
       [-0.16261998],
       [-0.5021117 ],
       [-0.71707512],
       [-0.01187144],
       [-0.55621835],
       [-0.74005514],
       [-0.71904488],
       [-0.70160578],
       [-0.7189229 ],
       [-0.65656361],
       [-0.64702116],
       [-0.28467687],
       [-0.51701431],
       [-0.63443139],
       [-0.69391812],
       [-0.72175973],
       [-0.65613788],
       [-0.49982727],
       [-0.76520631],
       [-0.01301174],
       [-0.65139363],
       [-0.39253453],
       [-0.65174217],
       [-0.73453781],
       [-0.67938253],
       [-0.49956542],
       [-0.68581715],
       [-0.68134245],
       [-0.67946975]])
array([[ -3.99931547e-04],
       [ -9.09350579e-01],
       [ -5.08018206e+00],
       [ -3.96466639e+00],
       [ -5.30493104e+00],
       [ -3.93649252e+00],
       [ -8.56824129e-01],
       [ -5.10139425e+00],
       [ -5.58091097e+00],
       [ -2.64031126e+00],
       [ -4.96810253e+00],
       [ -8.23162913e-01],
       [ -4.15801648e+00],
       [ -5.44333766e+00],
       [ -3.08586224e-02],
       [ -4.42387333e+00],
       [ -5.46247388e+00],
       [ -5.38454927e+00],
       [ -5.27141146e+00],
       [ -5.23279661e+00],
       [ -5.00399457e+00],
       [ -4.71291705e+00],
       [ -1.24451771e+00],
       [ -2.37154613e+00],
       [ -4.84791457e+00],
       [ -5.25566860e+00],
       [ -5.21274039e+00],
       [ -5.04780875e+00],
       [ -4.09582555e+00],
       [ -5.72393312e+00],
       [ -3.38940882e-01],
       [ -4.81952761e+00],
       [ -2.09660564e+00],
       [ -4.80962495e+00],
       [ -5.47325943e+00],
       [ -4.90609649e+00],
       [ -4.04958447e+00],
       [ -5.73570083e+00],
       [ -5.10215606e+00],
       [ -4.87010198e+00]])
<<<<<<<<<<< STEP 6 >>>>>>>>>>>> + array([[-0.01266206],
       [-0.18455348],
       [-0.61343721],
       [-0.48935376],
       [-0.64776832],
       [-0.66935869],
       [-0.19778799],
       [-0.6565911 ],
       [-0.67010601],
       [-0.62858704],
       [-0.5794069 ],
       [-0.15919419],
       [-0.4753402 ],
       [-0.65631124],
       [-0.01411134],
       [-0.52973573],
       [-0.67497349],
       [-0.63624436],
       [-0.64565265],
       [-0.6720219 ],
       [-0.62444039],
       [-0.5974179 ],
       [-0.33172501],
       [-0.52495256],
       [-0.58351242],
       [-0.61607837],
       [-0.66694508],
       [-0.59765278],
       [-0.47634686],
       [-0.68188905],
       [-0.01439143],
       [-0.58888835],
       [-0.43101771],
       [-0.60942704],
       [-0.67001938],
       [-0.65098459],
       [-0.47297328],
       [-0.61282164],
       [-0.61962772],
       [-0.65097853]])
array([[-0.013062  ],
       [-1.09390406],
       [-5.69361927],
       [-4.45402015],
       [-5.95269936],
       [-4.6058512 ],
       [-1.05461212],
       [-5.75798535],
       [-6.25101698],
       [-3.26889829],
       [-5.54750943],
       [-0.9823571 ],
       [-4.63335668],
       [-6.09964889],
       [-0.04496996],
       [-4.95360906],
       [-6.13744737],
       [-6.02079363],
       [-5.91706411],
       [-5.90481851],
       [-5.62843496],
       [-5.31033495],
       [-1.57624272],
       [-2.89649868],
       [-5.43142699],
       [-5.87174697],
       [-5.87968546],
       [-5.64546152],
       [-4.57217241],
       [-6.40582216],
       [-0.35333232],
       [-5.40841596],
       [-2.52762335],
       [-5.41905199],
       [-6.14327881],
       [-5.55708108],
       [-4.52255775],
       [-6.34852247],
       [-5.72178378],
       [-5.52108051]])
<<<<<<<<<<< STEP 7 >>>>>>>>>>>> + array([[-0.01244671],
       [-0.19483839],
       [-0.57401488],
       [-0.48951828],
       [-0.60979217],
       [-0.64489391],
       [-0.20631942],
       [-0.6130205 ],
       [-0.61680587],
       [-0.64958833],
       [-0.54512057],
       [-0.15195618],
       [-0.46325742],
       [-0.6150535 ],
       [-0.0155202 ],
       [-0.5170209 ],
       [-0.62833869],
       [-0.58370027],
       [-0.60702313],
       [-0.63383333],
       [-0.60113567],
       [-0.56621527],
       [-0.39537594],
       [-0.51906473],
       [-0.5509392 ],
       [-0.56674285],
       [-0.62760367],
       [-0.5616421 ],
       [-0.46616037],
       [-0.62639636],
       [-0.01487784],
       [-0.54855898],
       [-0.47475085],
       [-0.57849354],
       [-0.62493063],
       [-0.62469348],
       [-0.45966928],
       [-0.56786747],
       [-0.57855366],
       [-0.62434368]])
array([[-0.02550871],
       [-1.28874245],
       [-6.26763415],
       [-4.94353843],
       [-6.56249153],
       [-5.25074511],
       [-1.26093155],
       [-6.37100586],
       [-6.86782285],
       [-3.91848663],
       [-6.09263   ],
       [-1.13431328],
       [-5.0966141 ],
       [-6.71470239],
       [-0.06049016],
       [-5.47062996],
       [-6.76578606],
       [-6.6044939 ],
       [-6.52408724],
       [-6.53865183],
       [-6.22957063],
       [-5.87655022],
       [-1.97161866],
       [-3.41556341],
       [-5.98236619],
       [-6.43848983],
       [-6.50728913],
       [-6.20710362],
       [-5.03833278],
       [-7.03221852],
       [-0.36821016],
       [-5.95697494],
       [-3.0023742 ],
       [-5.99754553],
       [-6.76820945],
       [-6.18177456],
       [-4.98222703],
       [-6.91638994],
       [-6.30033744],
       [-6.14542419]])
<<<<<<<<<<< STEP 8 >>>>>>>>>>>> + array([[-0.01179965],
       [-0.20829   ],
       [-0.54890541],
       [-0.49754762],
       [-0.58230025],
       [-0.6195759 ],
       [-0.21762938],
       [-0.58273113],
       [-0.58213029],
       [-0.65541025],
       [-0.52491925],
       [-0.14171763],
       [-0.46134202],
       [-0.58676805],
       [-0.01494411],
       [-0.51097796],
       [-0.59513875],
       [-0.55200595],
       [-0.57984598],
       [-0.60280886],
       [-0.58238361],
       [-0.54654736],
       [-0.47694448],
       [-0.51524842],
       [-0.53062155],
       [-0.53760607],
       [-0.5986056 ],
       [-0.54037556],
       [-0.46499638],
       [-0.5900271 ],
       [-0.01100527],
       [-0.52460551],
       [-0.51042567],
       [-0.55548293],
       [-0.5929807 ],
       [-0.60117997],
       [-0.45562871],
       [-0.54112939],
       [-0.55201778],
       [-0.60050497]])
array([[-0.03730836],
       [-1.49703245],
       [-6.81653956],
       [-5.44108605],
       [-7.14479177],
       [-5.87032101],
       [-1.47856093],
       [-6.95373699],
       [-7.44995314],
       [-4.57389687],
       [-6.61754925],
       [-1.27603091],
       [-5.55795612],
       [-7.30147044],
       [-0.07543427],
       [-5.98160792],
       [-7.3609248 ],
       [-7.15649985],
       [-7.10393321],
       [-7.14146069],
       [-6.81195424],
       [-6.42309758],
       [-2.44856315],
       [-3.93081183],
       [-6.51298774],
       [-6.9760959 ],
       [-7.10589473],
       [-6.74747918],
       [-5.50332916],
       [-7.62224562],
       [-0.37921543],
       [-6.48158046],
       [-3.51279987],
       [-6.55302846],
       [-7.36119015],
       [-6.78295453],
       [-5.43785574],
       [-7.45751933],
       [-6.85235522],
       [-6.74592916]])
<<<<<<<<<<< STEP 9 >>>>>>>>>>>> + array([[-0.01026226],
       [-0.22492474],
       [-0.53266539],
       [-0.50802263],
       [-0.56224627],
       [-0.59704519],
       [-0.2327949 ],
       [-0.5617197 ],
       [-0.55923599],
       [-0.64920292],
       [-0.51324165],
       [-0.12978529],
       [-0.46489896],
       [-0.56684035],
       [-0.01203293],
       [-0.50776411],
       [-0.57132771],
       [-0.53301089],
       [-0.5605676 ],
       [-0.5783695 ],
       [-0.56695558],
       [-0.53348772],
       [-0.57099976],
       [-0.52508442],
       [-0.51784276],
       [-0.52061131],
       [-0.57679731],
       [-0.52764515],
       [-0.4685423 ],
       [-0.56589358],
       [-0.0038552 ],
       [-0.51094585],
       [-0.52907195],
       [-0.53834923],
       [-0.57005524],
       [-0.58135852],
       [-0.45653249],
       [-0.52511316],
       [-0.53466479],
       [-0.58048385]])
array([[-0.04757061],
       [-1.7219572 ],
       [-7.34920495],
       [-5.94910868],
       [-7.70703804],
       [-6.4673662 ],
       [-1.71135583],
       [-7.51545669],
       [-8.00918913],
       [-5.2230998 ],
       [-7.1307909 ],
       [-1.40581619],
       [-6.02285508],
       [-7.86831079],
       [-0.08746721],
       [-6.48937204],
       [-7.93225251],
       [-7.68951075],
       [-7.66450081],
       [-7.71983019],
       [-7.37890982],
       [-6.9565853 ],
       [-3.01956291],
       [-4.45589625],
       [-7.0308305 ],
       [-7.49670721],
       [-7.68269205],
       [-7.27512434],
       [-5.97187147],
       [-8.1881392 ],
       [-0.38307062],
       [-6.9925263 ],
       [-4.04187182],
       [-7.09137769],
       [-7.93124539],
       [-7.36431305],
       [-5.89438823],
       [-7.98263249],
       [-7.38702001],
       [-7.326413  ]])
