   0.1891286404       0.0578551796       0.0669138601       0.1585108658       0.0352536535       0.0166464267       0.0745244462    
   0.1667476200       0.0557006502       0.0764058074       0.0939265163       0.0695379382       0.0665877838       0.0607491843    
   0.0766161660       0.1326971877       0.1162533183       0.0833016028       0.0631500521       0.0583810661       0.0527286076    
   0.2998316012       0.1993429582       0.1277526821       0.0485425089       0.0861577347       0.0838120314       0.0284034125    
   0.0620375016       0.0725562738       0.1323423724       0.0530686257       0.1483782071       0.0345668368       0.0522843089    
   0.1274855441       0.0833363719       0.1163328600       0.1001543379       0.1365921549       0.0893838217       0.0603020618    
   0.0957425587       0.2126204081       0.0218510513       0.0795436347       0.0368918243       0.0800773609       0.0469392194    
   0.2944731920       0.0891119236       0.0760436792       0.0801448586       0.0700006766       0.0699457163       0.0294746764    
   0.2353799952       0.1144209201       0.1158921696       0.0224437623       0.0747610108       0.0673333166       0.0897488432    
   0.1957354217       0.2053347855       0.0979922281       0.1323837939       0.0508677219       0.0730849677       0.1063071170    
   0.1717433248       0.1148558017       0.0743994454       0.0738357841       0.1031074360       0.0325495375       0.0715500079    
   0.2130225283       0.0912491883       0.1457056789       0.0635731561       0.0669523243       0.0553848860       0.0323038508    
   0.1111242983       0.1424083800       0.1069710570       0.1419079191       0.0488629438       0.0809972270       0.0241191129    
   0.1421755037       0.1366893587       0.1076044368       0.0510156788       0.1327641680       0.0638437720       0.0592719281    
   0.1256294805       0.1215099943       0.0937137543       0.1074163106       0.0708941598       0.0650787983       0.0586374321    
   0.1087580999       0.1181665105       0.0899046211       0.0942075524       0.0449993596       0.1257485315       0.0473764515    
   0.0676405106       0.0895868443       0.1180925473       0.0522257411       0.0957193334       0.0792864219       0.0143783085    
   0.2700249884       0.1008255276       0.0863841269       0.0762746552       0.1113909739       0.0452309442       0.0459557252    
   0.0976532513       0.1956213834       0.0560607298       0.1011278989       0.0644779585       0.0286646155       0.0424442858    
   0.1520950303       0.0970901665       0.1328903860       0.0646999665       0.1036880906       0.0548127576       0.0423083512    
   0.1592666969       0.0844866646       0.1293113013       0.1269159088       0.0761977521       0.0430542875       0.0449636870    
   0.1531730070       0.1023786335       0.0779634816       0.1342699845       0.0367544178       0.0264686534       0.0337190572    
   0.1161608993       0.1554314119       0.1183582504       0.0793364407       0.0762372310       0.0554701089       0.0698995483    
   0.1733526149    