<<<<<<<<<<< STEP 0 >>>>>>>>>>>> + array([[-0.50198047],
       [-0.453318  ],
       [-0.50007958],
       [-0.50759108],
       [-0.50092061],
       [-0.50232459],
       [-0.50204388],
       [-0.50074604],
       [-0.50223005],
       [-0.50318895],
       [-0.50014174],
       [-0.50262055],
       [-0.51405624],
       [-0.44396167],
       [-0.49988992],
       [-0.50042204],
       [-0.05838694],
       [-0.50150862],
       [-0.51516526],
       [-0.32891993],
       [-0.50265961],
       [-0.50337495],
       [-0.50376872],
       [-0.50143714],
       [-0.50346195],
       [-0.50361682],
       [-0.49852206],
       [-0.50216121],
       [-0.50323575],
       [-0.50109836],
       [-0.50238562],
       [-0.09255389],
       [-0.5155801 ],
       [-0.50277555],
       [-0.50038064],
       [ 0.03002119],
       [-0.5021409 ],
       [-0.50244605],
       [-0.50251848],
       [-0.49892666]])
array([[-11.60868115],
       [ -6.27727838],
       [-11.58378327],
       [-10.98860368],
       [-12.93976641],
       [-13.51115274],
       [-11.66536982],
       [-10.79042798],
       [-13.80402229],
       [-12.93744346],
       [-12.11422676],
       [-11.4434913 ],
       [ -8.1888011 ],
       [ -6.09311547],
       [-11.7567636 ],
       [-12.43754772],
       [ -1.99999839],
       [-11.34963765],
       [ -9.40443162],
       [ -4.1546449 ],
       [-12.97716826],
       [-13.04350461],
       [-13.45872649],
       [-11.84468676],
       [-12.43364706],
       [-12.76595923],
       [-11.36588883],
       [-11.73853693],
       [-13.42486664],
       [-11.56513288],
       [-13.21356231],
       [ -2.1883943 ],
       [ -9.47439145],
       [-12.57812097],
       [-12.32959712],
       [  1.27776813],
       [-12.83326741],
       [-13.32169534],
       [-13.09807468],
       [-10.74708345]])
<<<<<<<<<<< STEP 1 >>>>>>>>>>>> + array([[-0.5012898 ],
       [-0.46672477],
       [-0.50001998],
       [-0.50506307],
       [-0.50064829],
       [-0.50152599],
       [-0.50131346],
       [-0.50041223],
       [-0.50146393],
       [-0.50211967],
       [-0.50009814],
       [-0.50178952],
       [-0.50962913],
       [-0.45824167],
       [-0.49993295],
       [-0.5003052 ],
       [-0.05853057],
       [-0.50131037],
       [-0.50981767],
       [-0.36382663],
       [-0.50169192],
       [-0.50214452],
       [-0.50267182],
       [-0.50085639],
       [-0.50223352],
       [-0.50248836],
       [-0.49897915],
       [-0.50162207],
       [-0.50215273],
       [-0.50085403],
       [-0.50154344],
       [-0.0943341 ],
       [-0.51078225],
       [-0.50180721],
       [-0.50024341],
       [ 0.02650467],
       [-0.50134565],
       [-0.50157564],
       [-0.50162267],
       [-0.499324  ]])
array([[-12.10997095],
       [ -6.74400315],
       [-12.08380325],
       [-11.49366675],
       [-13.4404147 ],
       [-14.01267873],
       [-12.16668327],
       [-11.29084021],
       [-14.30548622],
       [-13.43956314],
       [-12.61432491],
       [-11.94528082],
       [ -8.69843023],
       [ -6.55135713],
       [-12.25669656],
       [-12.93785292],
       [ -2.05852896],
       [-11.85094802],
       [ -9.91424929],
       [ -4.51847153],
       [-13.47886017],
       [-13.54564913],
       [-13.96139831],
       [-12.34554315],
       [-12.93588059],
       [-13.26844759],
       [-11.86486798],
       [-12.240159  ],
       [-13.92701937],
       [-12.06598691],
       [-13.71510575],
       [ -2.2827284 ],
       [ -9.9851737 ],
       [-13.07992818],
       [-12.82984052],
       [  1.3042728 ],
       [-13.33461306],
       [-13.82327098],
       [-13.59969736],
       [-11.24640744]])
<<<<<<<<<<< STEP 2 >>>>>>>>>>>> + array([[-0.50082929],
       [-0.47747677],
       [-0.49999326],
       [-0.50335389],
       [-0.50045464],
       [-0.50098922],
       [-0.50081883],
       [-0.50019699],
       [-0.50094831],
       [-0.50139524],
       [-0.50006318],
       [-0.50118807],
       [-0.50643477],
       [-0.47035479],
       [-0.49996049],
       [-0.50022007],
       [-0.05883852],
       [-0.50110591],
       [-0.50622465],
       [-0.39742011],
       [-0.50105666],
       [-0.50132722],
       [-0.50189869],
       [-0.50047269],
       [-0.50141697],
       [-0.50170506],
       [-0.49929433],
       [-0.50122956],
       [-0.50140805],
       [-0.50066136],
       [-0.50097996],
       [-0.0973316 ],
       [-0.50746357],
       [-0.50116292],
       [-0.50016041],
       [ 0.02338311],
       [-0.50082152],
       [-0.50100194],
       [-0.50102675],
       [-0.49959119]])
array([[-12.61080023],
       [ -7.22147992],
       [-12.58379651],
       [-11.99702064],
       [-13.94086934],
       [-14.51366795],
       [-12.66750211],
       [-11.7910372 ],
       [-14.80643453],
       [-13.94095838],
       [-13.11438809],
       [-12.44646889],
       [ -9.20486499],
       [ -7.02171193],
       [-12.75665705],
       [-13.43807299],
       [ -2.11736748],
       [-12.35205393],
       [-10.42047394],
       [ -4.91589164],
       [-13.97991683],
       [-14.04697635],
       [-14.46329699],
       [-12.84601584],
       [-13.43729756],
       [-13.77015265],
       [-12.36416232],
       [-12.74138856],
       [-14.42842742],
       [-12.56664827],
       [-14.2160857 ],
       [ -2.38006001],
       [-10.49263727],
       [-13.58109111],
       [-13.33000093],
       [  1.32765591],
       [-13.83543458],
       [-14.32427292],
       [-14.10072411],
       [-11.74599864]])
<<<<<<<<<<< STEP 3 >>>>>>>>>>>> + array([[-0.50052796],
       [-0.48535604],
       [-0.49998417],
       [-0.50221918],
       [-0.50031832],
       [-0.50063645],
       [-0.50049459],
       [-0.5000692 ],
       [-0.50060902],
       [-0.50091437],
       [-0.50003849],
       [-0.50077169],
       [-0.50423463],
       [-0.47968902],
       [-0.49997748],
       [-0.50015834],
       [-0.05933606],
       [-0.50091312],
       [-0.503879  ],
       [-0.42701997],
       [-0.50065071],
       [-0.50080105],
       [-0.50135846],
       [-0.50023155],
       [-0.50088811],
       [-0.50117013],
       [-0.49950851],
       [-0.50094075],
       [-0.50090859],
       [-0.50051011],
       [-0.50061363],
       [-0.10175992],
       [-0.50520053],
       [-0.50074332],
       [-0.50011051],
       [ 0.02074958],
       [-0.50048699],
       [-0.50063278],
       [-0.50064074],
       [-0.49976219]])
array([[-13.11132819],
       [ -7.70683596],
       [-13.08378067],
       [-12.49923982],
       [-14.44118765],
       [-15.0143044 ],
       [-13.1679967 ],
       [-12.2911064 ],
       [-15.30704355],
       [-14.44187275],
       [-13.61442658],
       [-12.94724058],
       [ -9.70909962],
       [ -7.50140094],
       [-13.25663453],
       [-13.93823134],
       [ -2.17670354],
       [-12.85296705],
       [-10.92435294],
       [ -5.34291162],
       [-14.48056753],
       [-14.5477774 ],
       [-14.96465545],
       [-13.34624739],
       [-13.93818567],
       [-14.27132277],
       [-12.86367083],
       [-13.24232931],
       [-14.92933601],
       [-13.06715839],
       [-14.71669933],
       [ -2.48181993],
       [-10.99783779],
       [-14.08183442],
       [-13.83011145],
       [  1.34840549],
       [-14.33592157],
       [-14.82490569],
       [-14.60136485],
       [-12.24576083]])
<<<<<<<<<<< STEP 4 >>>>>>>>>>>> + array([[-0.50033389],
       [-0.49075494],
       [-0.49998333],
       [-0.50147424],
       [-0.50022329],
       [-0.50040844],
       [-0.50028848],
       [-0.49999953],
       [-0.50038957],
       [-0.5005997 ],
       [-0.50002236],
       [-0.50049328],
       [-0.50276606],
       [-0.48639977],
       [-0.49998768],
       [-0.50011399],
       [-0.0601237 ],
       [-0.50074212],
       [-0.502383  ],
       [-0.45084071],
       [-0.50039659],
       [-0.50047132],
       [-0.50098131],
       [-0.50008799],
       [-0.50055229],
       [-0.50080817],
       [-0.4996536 ],
       [-0.50072529],
       [-0.50058073],
       [-0.50039248],
       [-0.50038064],
       [-0.10776039],
       [-0.50366343],
       [-0.50047421],
       [-0.50007972],
       [ 0.01860973],
       [-0.50027946],
       [-0.50039906],
       [-0.50039588],
       [-0.49986739]])
array([[-13.61166208],
       [ -8.1975909 ],
       [-13.583764  ],
       [-13.00071406],
       [-14.94141094],
       [-15.51471284],
       [-13.66828518],
       [-12.79110593],
       [-15.80743313],
       [-14.94247245],
       [-14.11444894],
       [-13.44773386],
       [-10.21186568],
       [ -7.98780071],
       [-13.75662222],
       [-14.43834532],
       [ -2.23682724],
       [-13.35370917],
       [-11.42673595],
       [ -5.79375233],
       [-14.98096412],
       [-15.04824871],
       [-15.46563675],
       [-13.84633538],
       [-14.43873796],
       [-14.77213095],
       [-13.36332443],
       [-13.74305461],
       [-15.42991674],
       [-13.56755087],
       [-15.21707997],
       [ -2.58958032],
       [-11.50150122],
       [-14.58230863],
       [-14.33019117],
       [  1.36701522],
       [-14.83620103],
       [-15.32530475],
       [-15.10176073],
       [-12.74562822]])
<<<<<<<<<<< STEP 5 >>>>>>>>>>>> + array([[-0.50021052],
       [-0.49428432],
       [-0.49998561],
       [-0.50098731],
       [-0.50015753],
       [-0.50026263],
       [-0.50016126],
       [-0.49996562],
       [-0.5002493 ],
       [-0.50039544],
       [-0.50001233],
       [-0.50031201],
       [-0.50180527],
       [-0.49100265],
       [-0.49999371],
       [-0.5000824 ],
       [-0.06130819],
       [-0.50059659],
       [-0.50144637],
       [-0.46847008],
       [-0.50023983],
       [-0.50026947],
       [-0.50071648],
       [-0.50000799],
       [-0.50034197],
       [-0.50056382],
       [-0.49975246],
       [-0.50056236],
       [-0.50036923],
       [-0.5003018 ],
       [-0.50023472],
       [-0.11546322],
       [-0.50261483],
       [-0.50030322],
       [-0.50005966],
       [ 0.01691967],
       [-0.50015398],
       [-0.50025241],
       [-0.50024294],
       [-0.49992999]])
array([[-14.11187261],
       [ -8.69187521],
       [-14.08374961],
       [-13.50170136],
       [-15.44156847],
       [-16.01497547],
       [-14.16844644],
       [-13.29107155],
       [-16.30768243],
       [-15.44286789],
       [-14.61446127],
       [-13.94804587],
       [-10.71367095],
       [ -8.47880336],
       [-14.25661592],
       [-14.93842772],
       [ -2.29813543],
       [-13.85430576],
       [-11.92818232],
       [ -6.2622224 ],
       [-15.48120395],
       [-15.54851818],
       [-15.96635324],
       [-14.34634337],
       [-14.93907993],
       [-15.27269477],
       [-13.86307689],
       [-14.24361697],
       [-15.93028597],
       [-14.06785267],
       [-15.71731469],
       [ -2.70504354],
       [-12.00411604],
       [-15.08261185],
       [-14.83025083],
       [  1.38393489],
       [-15.33635501],
       [-15.82555717],
       [-15.60200367],
       [-13.2455582 ]])
<<<<<<<<<<< STEP 6 >>>>>>>>>>>> + array([[-0.50013285],
       [-0.49651906],
       [-0.49998855],
       [-0.50066846],
       [-0.50011215],
       [-0.50016986],
       [-0.50008496],
       [-0.49995236],
       [-0.50016022],
       [-0.50026311],
       [-0.50000629],
       [-0.50019625],
       [-0.5011835 ],
       [-0.49406805],
       [-0.49999722],
       [-0.50006003],
       [-0.062959  ],
       [-0.50047602],
       [-0.50086819],
       [-0.4806286 ],
       [-0.50014407],
       [-0.5001485 ],
       [-0.50052856],
       [-0.49996747],
       [-0.50021138],
       [-0.50039816],
       [-0.49982063],
       [-0.50043779],
       [-0.50023452],
       [-0.50023228],
       [-0.50014422],
       [-0.12504196],
       [-0.50189217],
       [-0.50019496],
       [-0.50004574],
       [ 0.01561625],
       [-0.50007994],
       [-0.50016066],
       [-0.50014842],
       [-0.49996606]])
array([[-14.61200545],
       [ -9.18839427],
       [-14.58373816],
       [-14.00236983],
       [-15.94168062],
       [-16.51514532],
       [-14.6685314 ],
       [-13.79102391],
       [-16.80784265],
       [-15.94313101],
       [-15.11446757],
       [-14.44824212],
       [-11.21485445],
       [ -8.97287141],
       [-14.75661314],
       [-15.43848775],
       [ -2.36109444],
       [-14.35478177],
       [-12.42905051],
       [ -6.742851  ],
       [-15.98134802],
       [-16.04866669],
       [-16.4668818 ],
       [-14.84631084],
       [-15.43929131],
       [-15.77309293],
       [-14.36289752],
       [-14.74405476],
       [-16.43052049],
       [-14.56808495],
       [-16.21745891],
       [ -2.8300855 ],
       [-12.50600821],
       [-15.58280681],
       [-15.33029657],
       [  1.39955114],
       [-15.83643495],
       [-16.32571783],
       [-16.10215209],
       [-13.74552426]])
<<<<<<<<<<< STEP 7 >>>>>>>>>>>> + array([[-0.50008425],
       [-0.49790311],
       [-0.49999119],
       [-0.50045828],
       [-0.50008078],
       [-0.50011085],
       [-0.50004055],
       [-0.49995032],
       [-0.50010376],
       [-0.50017709],
       [-0.50000271],
       [-0.50012323],
       [-0.50078238],
       [-0.49607636],
       [-0.49999925],
       [-0.50004419],
       [-0.06509963],
       [-0.50037776],
       [-0.50051499],
       [-0.48856146],
       [-0.50008591],
       [-0.50007751],
       [-0.5003934 ],
       [-0.4999503 ],
       [-0.50013065],
       [-0.50028479],
       [-0.49986831],
       [-0.50034181],
       [-0.50014937],
       [-0.50017905],
       [-0.50008837],
       [-0.13674745],
       [-0.50138733],
       [-0.50012631],
       [-0.50003556],
       [ 0.0146354 ],
       [-0.50003738],
       [-0.50010314],
       [-0.5000904 ],
       [-0.49998607]])
array([[-15.1120897 ],
       [ -9.68629737],
       [-15.08372935],
       [-14.50282811],
       [-16.4417614 ],
       [-17.01525617],
       [-15.16857196],
       [-14.29097423],
       [-17.30794641],
       [-16.44330809],
       [-15.61447028],
       [-14.94836535],
       [-11.71563683],
       [ -9.46894777],
       [-15.25661239],
       [-15.93853194],
       [ -2.42619407],
       [-14.85515954],
       [-12.92956551],
       [ -7.23141245],
       [-16.48143393],
       [-16.54874419],
       [-16.9672752 ],
       [-15.34626113],
       [-15.93942196],
       [-16.27337772],
       [-14.86276582],
       [-15.24439657],
       [-16.93066986],
       [-15.06826399],
       [-16.71754728],
       [ -2.96683295],
       [-13.00739554],
       [-16.08293311],
       [-15.83033214],
       [  1.41418655],
       [-16.33647233],
       [-16.82582096],
       [-16.60224249],
       [-14.24551033]])
<<<<<<<<<<< STEP 8 >>>>>>>>>>>> + array([[-0.50005392],
       [-0.49874598],
       [-0.49999324],
       [-0.50031824],
       [-0.50005895],
       [-0.50007315],
       [-0.50001559],
       [-0.49995388],
       [-0.50006789],
       [-0.5001207 ],
       [-0.5000006 ],
       [-0.5000775 ],
       [-0.50052269],
       [-0.49738296],
       [-0.5000004 ],
       [-0.50003294],
       [-0.0677191 ],
       [-0.50029847],
       [-0.50030081],
       [-0.4935224 ],
       [-0.50005071],
       [-0.50003679],
       [-0.50029478],
       [-0.49994621],
       [-0.50008077],
       [-0.50020615],
       [-0.49990216],
       [-0.50026748],
       [-0.5000957 ],
       [-0.50013822],
       [-0.50005394],
       [-0.15092188],
       [-0.50102929],
       [-0.50008249],
       [-0.50002785],
       [ 0.01392069],
       [-0.50001364],
       [-0.50006688],
       [-0.50005491],
       [-0.49999657]])
array([[-15.61214362],
       [-10.18504336],
       [-15.58372259],
       [-15.00314635],
       [-16.94182035],
       [-17.51532933],
       [-15.66858754],
       [-14.79092811],
       [-17.8080143 ],
       [-16.9434288 ],
       [-16.11447087],
       [-15.44844285],
       [-12.21615953],
       [ -9.96633073],
       [-15.75661279],
       [-16.43856487],
       [ -2.49391316],
       [-15.35545801],
       [-13.42986632],
       [ -7.72493485],
       [-16.98148464],
       [-17.04878099],
       [-17.46756998],
       [-15.84620734],
       [-16.43950273],
       [-16.77358387],
       [-15.36266798],
       [-15.74466404],
       [-17.43076556],
       [-15.56840221],
       [-17.21760122],
       [ -3.11775483],
       [-13.50842482],
       [-16.58301561],
       [-16.33035999],
       [  1.42810723],
       [-16.83648597],
       [-17.32588784],
       [-17.1022974 ],
       [-14.7455069 ]])
<<<<<<<<<<< STEP 9 >>>>>>>>>>>> + array([[-0.50003501],
       [-0.49925154],
       [-0.49999473],
       [-0.50022366],
       [-0.50004363],
       [-0.50004888],
       [-0.50000219],
       [-0.49995987],
       [-0.50004497],
       [-0.5000833 ],
       [-0.49999932],
       [-0.50004891],
       [-0.50035301],
       [-0.49823275],
       [-0.50000105],
       [-0.50002489],
       [-0.07078706],
       [-0.50023485],
       [-0.50017157],
       [-0.49652299],
       [-0.50002941],
       [-0.50001412],
       [-0.50022178],
       [-0.49994893],
       [-0.50004988],
       [-0.50015071],
       [-0.49992656],
       [-0.50020972],
       [-0.50006182],
       [-0.5001068 ],
       [-0.50003266],
       [-0.16799547],
       [-0.50077145],
       [-0.50005424],
       [-0.5000219 ],
       [ 0.01342594],
       [-0.50000095],
       [-0.50004382],
       [-0.50003322],
       [-0.50000156]])
array([[-16.11217864],
       [-10.68429489],
       [-16.08371732],
       [-15.50337001],
       [-17.44186398],
       [-18.01537821],
       [-16.16858973],
       [-15.29088798],
       [-18.30805926],
       [-17.44351209],
       [-16.6144702 ],
       [-15.94849176],
       [-12.71651254],
       [-10.46456349],
       [-16.25661384],
       [-16.93858976],
       [ -2.56470023],
       [-15.85569286],
       [-13.93003789],
       [ -8.22145784],
       [-17.48151405],
       [-17.5487951 ],
       [-17.96779176],
       [-16.34615627],
       [-16.93955261],
       [-17.27373458],
       [-15.86259454],
       [-16.24487377],
       [-17.93082738],
       [-16.06850902],
       [-17.71763388],
       [ -3.28575029],
       [-14.00919627],
       [-17.08306984],
       [-16.8303819 ],
       [  1.44153318],
       [-17.33648692],
       [-17.82593166],
       [-17.60233062],
       [-15.24550845]])
<<<<<<<<<<< STEP 10 >>>>>>>>>>>> + array([[-0.50002319],
       [-0.49954975],
       [-0.49999574],
       [-0.50015881],
       [-0.50003276],
       [-0.50003308],
       [-0.49999551],
       [-0.49996654],
       [-0.50003018],
       [-0.5000581 ],
       [-0.49999853],
       [-0.500031  ],
       [-0.5002406 ],
       [-0.49878785],
       [-0.50000139],
       [-0.50001907],
       [-0.07426532],
       [-0.50018396],
       [-0.5000938 ],
       [-0.4982859 ],
       [-0.5000165 ],
       [-0.50000201],
       [-0.50016704],
       [-0.49995477],
       [-0.50003065],
       [-0.50011097],
       [-0.49994437],
       [-0.50016475],
       [-0.50004033],
       [-0.50008253],
       [-0.50001943],
       [-0.18845991],
       [-0.50058303],
       [-0.50003575],
       [-0.50001727],
       [ 0.0131151 ],
       [-0.49999459],
       [-0.50002899],
       [-0.50001995],
       [-0.50000345]])
array([[-16.61220183],
       [-11.18384464],
       [-16.58371306],
       [-16.00352882],
       [-17.94189675],
       [-18.51541129],
       [-16.66858524],
       [-15.79085452],
       [-18.80808944],
       [-17.94357019],
       [-17.11446873],
       [-16.44852276],
       [-13.21675314],
       [-10.96335133],
       [-16.75661523],
       [-17.43860883],
       [ -2.63896554],
       [-16.35587682],
       [-14.43013168],
       [ -8.71974374],
       [-17.98153056],
       [-18.04879711],
       [-18.4679588 ],
       [-16.84611104],
       [-17.43958325],
       [-17.77384555],
       [-16.36253891],
       [-16.74503851],
       [-18.43086771],
       [-16.56859155],
       [-18.21765331],
       [ -3.4742102 ],
       [-14.50977929],
       [-17.58310559],
       [-17.33039917],
       [  1.45464828],
       [-17.83648151],
       [-18.32596066],
       [-18.10235057],
       [-15.7455119 ]])
<<<<<<<<<<< STEP 11 >>>>>>>>>>>> + array([[-0.50001577],
       [-0.49972198],
       [-0.4999964 ],
       [-0.50011361],
       [-0.50002496],
       [-0.50002264],
       [-0.49999261],
       [-0.499973  ],
       [-0.50002054],
       [-0.50004083],
       [-0.49999801],
       [-0.50001973],
       [-0.50016483],
       [-0.49915329],
       [-0.50000156],
       [-0.50001484],
       [-0.07811669],
       [-0.50014335],
       [-0.50004706],
       [-0.49929108],
       [-0.50000864],
       [-0.49999597],
       [-0.50012552],
       [-0.49996165],
       [-0.50001857],
       [-0.50008199],
       [-0.49995753],
       [-0.50012965],
       [-0.50002658],
       [-0.50006371],
       [-0.50001112],
       [-0.21280026],
       [-0.50044348],
       [-0.50002345],
       [-0.50001365],
       [ 0.01296055],
       [-0.49999177],
       [-0.50001932],
       [-0.5000118 ],
       [-0.50000367]])
array([[-17.11221761],
       [-11.68356662],
       [-17.08370946],
       [-16.50364242],
       [-18.4419217 ],
       [-19.01543393],
       [-17.16857785],
       [-16.29082751],
       [-19.30810998],
       [-18.44361102],
       [-17.61446675],
       [-16.94854249],
       [-13.71691797],
       [-11.46250462],
       [-17.25661679],
       [-17.93862367],
       [ -2.71708224],
       [-16.85602017],
       [-14.93017874],
       [ -9.21903482],
       [-18.4815392 ],
       [-18.54879308],
       [-18.96808432],
       [-17.34607269],
       [-17.93960182],
       [-18.27392755],
       [-16.86249644],
       [-17.24516817],
       [-18.93089429],
       [-17.06865526],
       [-18.71766443],
       [ -3.68701046],
       [-15.01022277],
       [-18.08312904],
       [-17.83041281],
       [  1.46760883],
       [-18.33647328],
       [-18.82597998],
       [-18.60236237],
       [-16.24551557]])
<<<<<<<<<<< STEP 12 >>>>>>>>>>>> + array([[-0.50001108],
       [-0.49981866],
       [-0.4999968 ],
       [-0.50008161],
       [-0.50001928],
       [-0.50001564],
       [-0.49999178],
       [-0.49997881],
       [-0.50001415],
       [-0.50002879],
       [-0.49999766],
       [-0.50001257],
       [-0.50011278],
       [-0.49939642],
       [-0.50000163],
       [-0.50001171],
       [-0.08231625],
       [-0.500111  ],
       [-0.500019  ],
       [-0.49984313],
       [-0.50000384],
       [-0.49999334],
       [-0.50009376],
       [-0.49996848],
       [-0.50001091],
       [-0.50006055],
       [-0.49996736],
       [-0.50010223],
       [-0.50001768],
       [-0.50004906],
       [-0.50000584],
       [-0.24135569],
       [-0.5003389 ],
       [-0.50001512],
       [-0.50001081],
       [ 0.01294068],
       [-0.49999087],
       [-0.50001292],
       [-0.50000676],
       [-0.50000306]])
array([[-17.61222868],
       [-12.18338528],
       [-17.58370627],
       [-17.00372403],
       [-18.94194099],
       [-19.51544958],
       [-17.66856963],
       [-16.79080632],
       [-19.80812414],
       [-18.94363981],
       [-18.11446441],
       [-17.44855506],
       [-14.21703075],
       [-11.96190104],
       [-17.75661842],
       [-18.43863538],
       [ -2.79939848],
       [-17.35613117],
       [-15.43019775],
       [ -9.71887795],
       [-18.98154304],
       [-19.04878642],
       [-19.46817808],
       [-17.84604117],
       [-18.43961274],
       [-18.7739881 ],
       [-17.3624638 ],
       [-17.74527039],
       [-19.43091197],
       [-17.56870432],
       [-19.21767027],
       [ -3.92836616],
       [-15.51056167],
       [-18.58314416],
       [-18.33042362],
       [  1.48054951],
       [-18.83646415],
       [-19.32599289],
       [-19.10236913],
       [-16.74551863]])
<<<<<<<<<<< STEP 13 >>>>>>>>>>>> + array([[-0.50000807],
       [-0.49987099],
       [-0.49999705],
       [-0.50005865],
       [-0.5000151 ],
       [-0.50001087],
       [-0.499992  ],
       [-0.49998381],
       [-0.50000987],
       [-0.50002026],
       [-0.49999742],
       [-0.50000798],
       [-0.50007639],
       [-0.49956035],
       [-0.50000163],
       [-0.50000938],
       [-0.08687075],
       [-0.50008529],
       [-0.50000224],
       [-0.50012955],
       [-0.50000088],
       [-0.49999256],
       [-0.50006934],
       [-0.49997471],
       [-0.50000601],
       [-0.50004451],
       [-0.49997478],
       [-0.50008074],
       [-0.50001184],
       [-0.50003765],
       [-0.50000246],
       [-0.27408227],
       [-0.50025972],
       [-0.50000938],
       [-0.50000858],
       [ 0.01303656],
       [-0.49999095],
       [-0.5000086 ],
       [-0.50000362],
       [-0.50000212]])
array([[-18.11223676],
       [-12.68325627],
       [-18.08370331],
       [-17.50378268],
       [-19.44195609],
       [-20.01546044],
       [-18.16856163],
       [-17.29079013],
       [-20.308134  ],
       [-19.44366007],
       [-18.61446182],
       [-17.94856304],
       [-14.71710714],
       [-12.46146139],
       [-18.25662005],
       [-18.93864476],
       [ -2.88626924],
       [-17.85621646],
       [-15.93019999],
       [-10.2190075 ],
       [-19.48154392],
       [-19.54877898],
       [-19.96824742],
       [-18.34601587],
       [-18.93961874],
       [-19.27403261],
       [-17.86243858],
       [-18.24535113],
       [-19.93092381],
       [-18.06874197],
       [-19.71767274],
       [ -4.20244843],
       [-16.01082139],
       [-19.08315354],
       [-18.8304322 ],
       [  1.49358606],
       [-19.3364551 ],
       [-19.8260015 ],
       [-19.60237275],
       [-17.24552075]])
<<<<<<<<<<< STEP 14 >>>>>>>>>>>> + array([[-0.50000611],
       [-0.49989827],
       [-0.4999972 ],
       [-0.500042  ],
       [-0.50001197],
       [-0.50000756],
       [-0.49999272],
       [-0.49998797],
       [-0.50000694],
       [-0.50001414],
       [-0.49999727],
       [-0.50000501],
       [-0.50005063],
       [-0.49967274],
       [-0.50000159],
       [-0.50000761],
       [-0.09185054],
       [-0.50006496],
       [-0.4999924 ],
       [-0.50026322],
       [-0.49999908],
       [-0.49999273],
       [-0.50005057],
       [-0.49998011],
       [-0.50000285],
       [-0.50003242],
       [-0.49998043],
       [-0.50006385],
       [-0.50000797],
       [-0.50002876],
       [-0.5000003 ],
       [-0.31023507],
       [-0.50019929],
       [-0.5000054 ],
       [-0.50000682],
       [ 0.01322789],
       [-0.49999152],
       [-0.50000567],
       [-0.50000167],
       [-0.50000114]])
array([[-18.61224286],
       [-13.18315455],
       [-18.58370052],
       [-18.00382468],
       [-19.94196806],
       [-20.51546801],
       [-18.66855435],
       [-17.7907781 ],
       [-20.80814094],
       [-19.94367421],
       [-19.11445909],
       [-18.44856804],
       [-15.21715777],
       [-12.96113413],
       [-18.75662163],
       [-19.43865236],
       [ -2.97811978],
       [-18.35628142],
       [-16.43019239],
       [-10.71927073],
       [-19.981543  ],
       [-20.04877171],
       [-20.46829799],
       [-18.84599598],
       [-19.4396216 ],
       [-19.77406503],
       [-18.36241901],
       [-18.74541498],
       [-20.43093178],
       [-18.56877073],
       [-20.21767304],
       [ -4.5126835 ],
       [-16.51102069],
       [-19.58315894],
       [-19.33043902],
       [  1.50681395],
       [-19.83644661],
       [-20.32600716],
       [-20.10237442],
       [-17.74552189]])
<<<<<<<<<<< STEP 15 >>>>>>>>>>>> + array([[-0.50000478],
       [-0.49991247],
       [-0.49999733],
       [-0.50002989],
       [-0.50000958],
       [-0.50000525],
       [-0.49999363],
       [-0.49999132],
       [-0.50000491],
       [-0.50000974],
       [-0.49999722],
       [-0.50000307],
       [-0.50003233],
       [-0.49975148],
       [-0.50000151],
       [-0.50000623],
       [-0.0974305 ],
       [-0.50004899],
       [-0.49998694],
       [-0.50031087],
       [-0.49999802],
       [-0.49999336],
       [-0.50003625],
       [-0.49998463],
       [-0.50000084],
       [-0.50002331],
       [-0.49998476],
       [-0.50005052],
       [-0.50000536],
       [-0.50002185],
       [-0.49999895],
       [-0.34810119],
       [-0.50015289],
       [-0.50000266],
       [-0.50000543],
       [ 0.01348895],
       [-0.49999231],
       [-0.50000365],
       [-0.50000046],
       [-0.50000026]])
array([[-19.11224764],
       [-13.68306702],
       [-19.08369785],
       [-18.50385457],
       [-20.44197765],
       [-21.01547326],
       [-19.16854798],
       [-18.29076942],
       [-21.30814585],
       [-20.44368395],
       [-19.61445631],
       [-18.94857112],
       [-15.71719011],
       [-13.46088561],
       [-19.25662314],
       [-19.93865859],
       [ -3.07555028],
       [-18.85633041],
       [-16.93017934],
       [-11.2195816 ],
       [-20.48154102],
       [-20.54876507],
       [-20.96833424],
       [-19.34598061],
       [-19.93962244],
       [-20.27408834],
       [-18.86240377],
       [-19.24546551],
       [-20.93093714],
       [-19.06879258],
       [-20.71767198],
       [ -4.86078469],
       [-17.01117358],
       [-20.08316159],
       [-19.83044445],
       [  1.5203029 ],
       [-20.33643892],
       [-20.82601081],
       [-20.60237488],
       [-18.24552215]])
<<<<<<<<<<< STEP 16 >>>>>>>>>>>> + array([[-0.50000382],
       [-0.49992089],
       [-0.49999747],
       [-0.5000211 ],
       [-0.50000772],
       [-0.50000362],
       [-0.49999457],
       [-0.49999392],
       [-0.50000349],
       [-0.50000658],
       [-0.49999726],
       [-0.50000181],
       [-0.50001949],
       [-0.49980814],
       [-0.50000139],
       [-0.50000512],
       [-0.10392368],
       [-0.50003658],
       [-0.49998437],
       [-0.50031139],
       [-0.49999747],
       [-0.49999418],
       [-0.50002549],
       [-0.4999883 ],
       [-0.4999996 ],
       [-0.50001652],
       [-0.49998812],
       [-0.50003994],
       [-0.50000359],
       [-0.5000165 ],
       [-0.49999816],
       [-0.38505667],
       [-0.50011713],
       [-0.50000082],
       [-0.50000433],
       [ 0.01378662],
       [-0.49999318],
       [-0.50000227],
       [-0.49999974],
       [-0.49999959]])
array([[-19.61225146],
       [-14.18298791],
       [-19.58369532],
       [-19.00387567],
       [-20.94198537],
       [-21.51547688],
       [-19.66854255],
       [-18.79076334],
       [-21.80814935],
       [-20.94369053],
       [-20.11445357],
       [-19.44857293],
       [-16.21720959],
       [-13.96069374],
       [-19.75662453],
       [-20.43866371],
       [ -3.17947396],
       [-19.35636698],
       [-17.4301637 ],
       [-11.71989299],
       [-20.98153849],
       [-21.04875925],
       [-21.46835972],
       [-19.84596891],
       [-20.43962204],
       [-20.77410486],
       [-19.36239188],
       [-19.74550545],
       [-21.43094073],
       [-19.56880909],
       [-21.21767015],
       [ -5.24584136],
       [-17.51129071],
       [-20.58316242],
       [-20.33044878],
       [  1.53408952],
       [-20.83643211],
       [-21.32601308],
       [-21.10237463],
       [-18.74552174]])
<<<<<<<<<<< STEP 17 >>>>>>>>>>>> + array([[-0.5000031 ],
       [-0.49992766],
       [-0.49999765],
       [-0.50001478],
       [-0.50000622],
       [-0.50000248],
       [-0.49999547],
       [-0.49999586],
       [-0.50000249],
       [-0.50000435],
       [-0.49999741],
       [-0.500001  ],
       [-0.50001071],
       [-0.49985019],
       [-0.50000125],
       [-0.5000042 ],
       [-0.11178228],
       [-0.50002706],
       [-0.49998374],
       [-0.50028731],
       [-0.49999728],
       [-0.49999504],
       [-0.50001758],
       [-0.4999912 ],
       [-0.49999891],
       [-0.50001152],
       [-0.49999073],
       [-0.5000315 ],
       [-0.50000239],
       [-0.5000124 ],
       [-0.49999779],
       [-0.41818122],
       [-0.50008952],
       [-0.49999967],
       [-0.50000344],
       [ 0.01408272],
       [-0.49999408],
       [-0.50000134],
       [-0.49999935],
       [-0.49999914]])
array([[-20.11225457],
       [-14.68291557],
       [-20.08369297],
       [-19.50389045],
       [-21.44199159],
       [-22.01547935],
       [-20.16853802],
       [-19.2907592 ],
       [-22.30815184],
       [-21.44369488],
       [-20.61445098],
       [-19.94857393],
       [-16.7172203 ],
       [-14.46054393],
       [-20.25662578],
       [-20.93866791],
       [ -3.29125624],
       [-19.85639404],
       [-17.93014744],
       [-12.22018029],
       [-21.48153578],
       [-21.54875429],
       [-21.9683773 ],
       [-20.34596011],
       [-20.93962094],
       [-21.27411638],
       [-19.86238262],
       [-20.24553695],
       [-21.93094312],
       [-20.06882149],
       [-21.71766794],
       [ -5.66402258],
       [-18.01138023],
       [-21.08316209],
       [-20.83045222],
       [  1.54817225],
       [-21.33642619],
       [-21.82601442],
       [-21.60237397],
       [-19.24552088]])
<<<<<<<<<<< STEP 18 >>>>>>>>>>>> + array([[-0.50000252],
       [-0.4999347 ],
       [-0.49999788],
       [-0.50001031],
       [-0.500005  ],
       [-0.50000168],
       [-0.49999628],
       [-0.49999725],
       [-0.50000178],
       [-0.50000281],
       [-0.49999764],
       [-0.5000005 ],
       [-0.50000498],
       [-0.49988235],
       [-0.50000109],
       [-0.50000343],
       [-0.12155456],
       [-0.50001988],
       [-0.49998443],
       [-0.50025177],
       [-0.49999733],
       [-0.49999586],
       [-0.50001192],
       [-0.49999345],
       [-0.49999858],
       [-0.50000793],
       [-0.49999279],
       [-0.50002473],
       [-0.50000158],
       [-0.50000928],
       [-0.49999771],
       [-0.44525079],
       [-0.5000682 ],
       [-0.49999903],
       [-0.50000272],
       [ 0.01434065],
       [-0.49999497],
       [-0.50000074],
       [-0.49999917],
       [-0.49999891]])
array([[-20.61225708],
       [-15.18285027],
       [-20.58369085],
       [-20.00390076],
       [-21.94199659],
       [-22.51548104],
       [-20.6685343 ],
       [-19.79075644],
       [-22.80815362],
       [-21.94369769],
       [-21.11444863],
       [-20.44857443],
       [-17.21722528],
       [-14.96042629],
       [-20.75662687],
       [-21.43867134],
       [ -3.4128108 ],
       [-20.35641392],
       [-18.43013187],
       [-12.72043207],
       [-21.98153311],
       [-22.04875015],
       [-22.46838922],
       [-20.84595356],
       [-21.43961953],
       [-21.77412431],
       [-20.36237541],
       [-20.74556168],
       [-22.43094469],
       [-20.56883077],
       [-22.21766565],
       [ -6.10927337],
       [-18.51144843],
       [-21.58316111],
       [-21.33045494],
       [  1.5625129 ],
       [-21.83642116],
       [-22.32601516],
       [-22.10237314],
       [-19.74551979]])
<<<<<<<<<<< STEP 19 >>>>>>>>>>>> + array([[-0.50000202],
       [-0.49994248],
       [-0.49999813],
       [-0.5000072 ],
       [-0.50000399],
       [-0.50000113],
       [-0.49999699],
       [-0.4999982 ],
       [-0.50000128],
       [-0.50000178],
       [-0.49999793],
       [-0.50000019],
       [-0.50000144],
       [-0.49990754],
       [-0.50000092],
       [-0.50000277],
       [-0.13382123],
       [-0.50001452],
       [-0.49998591],
       [-0.50021256],
       [-0.49999755],
       [-0.49999662],
       [-0.50000798],
       [-0.49999515],
       [-0.49999851],
       [-0.50000539],
       [-0.49999441],
       [-0.50001929],
       [-0.50000103],
       [-0.50000693],
       [-0.49999783],
       [-0.46545866],
       [-0.50005174],
       [-0.49999875],
       [-0.50000214],
       [ 0.01453236],
       [-0.4999958 ],
       [-0.50000036],
       [-0.49999913],
       [-0.49999885]])
array([[-21.1122591 ],
       [-15.68279275],
       [-21.08368899],
       [-20.50390796],
       [-22.44200057],
       [-23.01548217],
       [-21.16853129],
       [-20.29075465],
       [-23.30815489],
       [-22.44369947],
       [-21.61444656],
       [-20.94857462],
       [-17.71722672],
       [-15.46033383],
       [-21.25662778],
       [-21.93867411],
       [ -3.54663203],
       [-20.85642843],
       [-18.93011778],
       [-13.22064462],
       [-22.48153066],
       [-22.54874677],
       [-22.9683972 ],
       [-21.3459487 ],
       [-21.93961804],
       [-22.2741297 ],
       [-20.86236982],
       [-21.24558097],
       [-22.93094572],
       [-21.0688377 ],
       [-22.71766348],
       [ -6.57473203],
       [-19.01150017],
       [-22.08315986],
       [-21.83045707],
       [  1.57704526],
       [-22.33641696],
       [-22.82601552],
       [-22.60237227],
       [-20.24551865]])
<<<<<<<<<<< STEP 20 >>>>>>>>>>>> + array([[-0.50000161],
       [-0.49995069],
       [-0.4999984 ],
       [-0.50000505],
       [-0.50000315],
       [-0.50000076],
       [-0.49999761],
       [-0.49999884],
       [-0.50000091],
       [-0.5000011 ],
       [-0.49999824],
       [-0.50000002],
       [-0.49999941],
       [-0.49992754],
       [-0.50000075],
       [-0.5000022 ],
       [-0.14914918],
       [-0.50001055],
       [-0.4999878 ],
       [-0.50017421],
       [-0.49999784],
       [-0.49999728],
       [-0.50000531],
       [-0.49999643],
       [-0.49999859],
       [-0.50000363],
       [-0.49999569],
       [-0.50001493],
       [-0.50000066],
       [-0.50000516],
       [-0.49999806],
       [-0.47937278],
       [-0.50003905],
       [-0.4999987 ],
       [-0.50000167],
       [ 0.01464078],
       [-0.49999657],
       [-0.50000014],
       [-0.49999917],
       [-0.49999891]])
array([[-21.61226071],
       [-16.18274344],
       [-21.58368739],
       [-21.00391301],
       [-22.94200372],
       [-23.51548293],
       [-21.6685289 ],
       [-20.79075348],
       [-23.80815581],
       [-22.94370058],
       [-22.1144448 ],
       [-21.44857464],
       [-18.21722613],
       [-15.96026136],
       [-21.75662853],
       [-22.43867631],
       [ -3.69578121],
       [-21.35643898],
       [-19.43010558],
       [-13.72081884],
       [-22.9815285 ],
       [-23.04874404],
       [-23.46840251],
       [-21.84594513],
       [-22.43961663],
       [-22.77413333],
       [-21.36236551],
       [-21.74559589],
       [-23.43094639],
       [-21.56884286],
       [-23.21766155],
       [ -7.05410481],
       [-19.51153922],
       [-22.58315856],
       [-22.33045874],
       [  1.59168604],
       [-22.83641353],
       [-23.32601566],
       [-23.10237144],
       [-20.74551756]])
<<<<<<<<<<< STEP 21 >>>>>>>>>>>> + array([[-0.50000125],
       [-0.49995877],
       [-0.49999866],
       [-0.50000359],
       [-0.50000246],
       [-0.5000005 ],
       [-0.49999813],
       [-0.49999924],
       [-0.50000065],
       [-0.50000067],
       [-0.49999855],
       [-0.49999993],
       [-0.49999837],
       [-0.49994349],
       [-0.50000059],
       [-0.50000173],
       [-0.1680699 ],
       [-0.50000763],
       [-0.49998978],
       [-0.50013922],
       [-0.49999817],
       [-0.49999785],
       [-0.50000351],
       [-0.49999738],
       [-0.49999875],
       [-0.50000242],
       [-0.4999967 ],
       [-0.50001144],
       [-0.50000042],
       [-0.50000383],
       [-0.49999835],
       [-0.4883233 ],
       [-0.50002927],
       [-0.49999878],
       [-0.50000129],
       [ 0.0146571 ],
       [-0.49999724],
       [-0.50000001],
       [-0.49999926],
       [-0.49999904]])
array([[-22.11226196],
       [-16.68270221],
       [-22.08368605],
       [-21.5039166 ],
       [-23.44200618],
       [-24.01548343],
       [-22.16852703],
       [-21.29075273],
       [-24.30815646],
       [-23.44370124],
       [-22.61444335],
       [-21.94857457],
       [-18.7172245 ],
       [-16.46020485],
       [-22.25662912],
       [-22.93867804],
       [ -3.86385111],
       [-21.85644661],
       [-19.93009536],
       [-14.22095806],
       [-23.48152667],
       [-23.54874189],
       [-23.96840602],
       [-22.34594251],
       [-22.93961538],
       [-23.27413575],
       [-21.86236221],
       [-22.24560734],
       [-23.93094681],
       [-22.06884668],
       [-23.71765989],
       [ -7.54242811],
       [-20.0115685 ],
       [-23.08315734],
       [-22.83046003],
       [  1.60634314],
       [-23.33641078],
       [-23.82601567],
       [-23.6023707 ],
       [-21.2455166 ]])
<<<<<<<<<<< STEP 22 >>>>>>>>>>>> + array([[-0.50000096],
       [-0.49996628],
       [-0.4999989 ],
       [-0.50000258],
       [-0.5000019 ],
       [-0.50000033],
       [-0.49999855],
       [-0.4999995 ],
       [-0.50000047],
       [-0.50000039],
       [-0.49999883],
       [-0.49999989],
       [-0.49999792],
       [-0.4999562 ],
       [-0.50000045],
       [-0.50000134],
       [-0.19104822],
       [-0.50000547],
       [-0.49999168],
       [-0.50010873],
       [-0.49999849],
       [-0.49999832],
       [-0.50000232],
       [-0.49999809],
       [-0.49999894],
       [-0.50000159],
       [-0.49999749],
       [-0.50000867],
       [-0.50000026],
       [-0.50000283],
       [-0.49999863],
       [-0.49376197],
       [-0.50002174],
       [-0.49999894],
       [-0.50000098],
       [ 0.01457589],
       [-0.49999782],
       [-0.49999995],
       [-0.49999936],
       [-0.49999919]])
array([[-22.61226292],
       [-17.18266849],
       [-22.58368495],
       [-22.00391918],
       [-23.94200808],
       [-24.51548376],
       [-22.66852558],
       [-21.79075223],
       [-24.80815693],
       [-23.94370163],
       [-23.11444218],
       [-22.44857445],
       [-19.21722241],
       [-16.96016105],
       [-22.75662956],
       [-23.43867938],
       [ -4.05489933],
       [-22.35645207],
       [-20.43008704],
       [-14.72106679],
       [-23.98152516],
       [-24.04874021],
       [-24.46840834],
       [-22.84594059],
       [-23.43961432],
       [-23.77413733],
       [-22.36235971],
       [-22.74561601],
       [-24.43094707],
       [-22.56884952],
       [-24.21765852],
       [ -8.03619008],
       [-20.51159024],
       [-23.58315628],
       [-23.33046101],
       [  1.62091903],
       [-23.8364086 ],
       [-24.32601562],
       [-24.10237006],
       [-21.7455158 ]])
<<<<<<<<<<< STEP 23 >>>>>>>>>>>> + array([[-0.50000071],
       [-0.49997292],
       [-0.49999911],
       [-0.50000189],
       [-0.50000145],
       [-0.50000021],
       [-0.4999989 ],
       [-0.49999966],
       [-0.50000033],
       [-0.50000022],
       [-0.49999908],
       [-0.49999987],
       [-0.49999781],
       [-0.49996628],
       [-0.50000032],
       [-0.50000102],
       [-0.21839235],
       [-0.50000387],
       [-0.49999338],
       [-0.50008303],
       [-0.49999878],
       [-0.49999871],
       [-0.50000153],
       [-0.49999861],
       [-0.49999913],
       [-0.50000102],
       [-0.49999811],
       [-0.50000649],
       [-0.50000015],
       [-0.50000208],
       [-0.4999989 ],
       [-0.49690153],
       [-0.50001594],
       [-0.49999911],
       [-0.50000074],
       [ 0.01439144],
       [-0.49999831],
       [-0.49999992],
       [-0.49999946],
       [-0.49999935]])
array([[-23.11226363],
       [-17.68264142],
       [-23.08368406],
       [-22.50392107],
       [-24.44200953],
       [-25.01548397],
       [-23.16852448],
       [-22.29075189],
       [-25.30815726],
       [-24.44370185],
       [-23.61444127],
       [-22.94857432],
       [-19.71722022],
       [-17.46012733],
       [-23.25662989],
       [-23.93868039],
       [ -4.27329168],
       [-22.85645594],
       [-20.93008041],
       [-15.22114982],
       [-24.48152394],
       [-24.54873892],
       [-24.96840987],
       [-23.34593921],
       [-23.93961345],
       [-24.27413835],
       [-22.86235782],
       [-23.2456225 ],
       [-24.93094722],
       [-23.06885159],
       [-24.71765742],
       [ -8.53309161],
       [-21.01160618],
       [-24.08315539],
       [-23.83046175],
       [  1.63531047],
       [-24.3364069 ],
       [-24.82601553],
       [-24.60236952],
       [-22.24551515]])
<<<<<<<<<<< STEP 24 >>>>>>>>>>>> + array([[-0.50000052],
       [-0.49997859],
       [-0.49999929],
       [-0.50000141],
       [-0.50000109],
       [-0.50000013],
       [-0.49999918],
       [-0.49999976],
       [-0.50000023],
       [-0.50000011],
       [-0.49999929],
       [-0.49999987],
       [-0.49999788],
       [-0.49997423],
       [-0.50000022],
       [-0.50000076],
       [-0.25007191],
       [-0.50000269],
       [-0.49999483],
       [-0.50006195],
       [-0.49999903],
       [-0.49999902],
       [-0.500001  ],
       [-0.49999901],
       [-0.4999993 ],
       [-0.50000062],
       [-0.4999986 ],
       [-0.50000478],
       [-0.50000008],
       [-0.50000151],
       [-0.49999913],
       [-0.49861998],
       [-0.5000115 ],
       [-0.49999928],
       [-0.50000055],
       [ 0.01409694],
       [-0.4999987 ],
       [-0.49999991],
       [-0.49999956],
       [-0.49999949]])
array([[-23.61226415],
       [-18.18262001],
       [-23.58368335],
       [-23.00392248],
       [-24.94201061],
       [-25.5154841 ],
       [-23.66852366],
       [-22.79075166],
       [-25.80815748],
       [-24.94370196],
       [-24.11444056],
       [-23.44857419],
       [-20.2172181 ],
       [-17.96010157],
       [-23.75663011],
       [-24.43868115],
       [ -4.52336359],
       [-23.35645863],
       [-21.43007524],
       [-15.72121177],
       [-24.98152297],
       [-25.04873794],
       [-25.46841086],
       [-23.84593822],
       [-24.43961275],
       [-24.77413897],
       [-23.36235642],
       [-23.74562727],
       [-25.43094729],
       [-23.56885311],
       [-25.21765656],
       [ -9.0317116 ],
       [-21.51161768],
       [-24.58315466],
       [-24.33046231],
       [  1.64940741],
       [-24.8364056 ],
       [-25.32601544],
       [-25.10236908],
       [-22.74551464]])
<<<<<<<<<<< STEP 25 >>>>>>>>>>>> + array([[-0.50000036],
       [-0.4999833 ],
       [-0.49999943],
       [-0.50000107],
       [-0.5000008 ],
       [-0.50000007],
       [-0.4999994 ],
       [-0.49999983],
       [-0.50000016],
       [-0.50000004],
       [-0.49999947],
       [-0.49999988],
       [-0.49999804],
       [-0.49998046],
       [-0.50000014],
       [-0.50000055],
       [-0.28545583],
       [-0.50000182],
       [-0.49999604],
       [-0.50004507],
       [-0.49999924],
       [-0.49999927],
       [-0.50000064],
       [-0.4999993 ],
       [-0.49999945],
       [-0.50000035],
       [-0.49999897],
       [-0.50000345],
       [-0.50000003],
       [-0.50000109],
       [-0.49999933],
       [-0.49950095],
       [-0.50000812],
       [-0.49999943],
       [-0.50000041],
       [ 0.0136866 ],
       [-0.49999902],
       [-0.49999991],
       [-0.49999964],
       [-0.49999962]])
array([[-24.11226451],
       [-18.68260331],
       [-24.08368278],
       [-23.50392355],
       [-25.44201142],
       [-26.01548417],
       [-24.16852306],
       [-23.29075149],
       [-26.30815764],
       [-25.44370201],
       [-24.61444003],
       [-23.94857407],
       [-20.71721615],
       [-18.46008202],
       [-24.25663025],
       [-24.93868171],
       [ -4.80881942],
       [-23.85646045],
       [-21.93007128],
       [-16.22125684],
       [-25.48152221],
       [-25.54873721],
       [-25.96841151],
       [-24.34593752],
       [-24.9396122 ],
       [-25.27413932],
       [-23.86235539],
       [-24.24563072],
       [-25.93094732],
       [-24.0688542 ],
       [-25.71765589],
       [ -9.53121254],
       [-22.0116258 ],
       [-25.08315409],
       [-24.83046271],
       [  1.663094  ],
       [-25.33640462],
       [-25.82601535],
       [-25.60236872],
       [-23.24551426]])
<<<<<<<<<<< STEP 26 >>>>>>>>>>>> + array([[-0.50000024],
       [-0.49998711],
       [-0.49999955],
       [-0.50000082],
       [-0.50000058],
       [-0.50000003],
       [-0.49999957],
       [-0.49999987],
       [-0.5000001 ],
       [-0.5       ],
       [-0.49999961],
       [-0.49999989],
       [-0.49999824],
       [-0.49998528],
       [-0.50000008],
       [-0.5000004 ],
       [-0.3230726 ],
       [-0.50000118],
       [-0.49999701],
       [-0.50003191],
       [-0.49999941],
       [-0.49999946],
       [-0.5000004 ],
       [-0.49999952],
       [-0.49999958],
       [-0.50000017],
       [-0.49999926],
       [-0.50000244],
       [-0.49999999],
       [-0.50000077],
       [-0.49999949],
       [-0.49991169],
       [-0.50000559],
       [-0.49999956],
       [-0.50000029],
       [ 0.01316039],
       [-0.49999927],
       [-0.49999992],
       [-0.49999971],
       [-0.49999972]])
array([[-24.61226476],
       [-19.18259042],
       [-24.58368234],
       [-24.00392437],
       [-25.942012  ],
       [-26.5154842 ],
       [-24.66852263],
       [-23.79075135],
       [-26.80815774],
       [-25.94370201],
       [-25.11443963],
       [-24.44857397],
       [-21.21721439],
       [-18.96006731],
       [-24.75663034],
       [-25.43868211],
       [ -5.13189202],
       [-24.35646163],
       [-22.43006829],
       [-16.72128874],
       [-25.98152162],
       [-26.04873667],
       [-26.46841191],
       [-24.84593704],
       [-25.43961178],
       [-25.77413949],
       [-24.36235464],
       [-24.74563316],
       [-26.43094731],
       [-24.56885497],
       [-26.21765538],
       [-10.03112424],
       [-22.5116314 ],
       [-25.58315365],
       [-25.330463  ],
       [  1.6762544 ],
       [-25.83640389],
       [-26.32601527],
       [-26.10236843],
       [-23.74551398]])
<<<<<<<<<<< STEP 27 >>>>>>>>>>>> + array([[-0.50000016],
       [-0.49999014],
       [-0.49999965],
       [-0.50000064],
       [-0.50000042],
       [-0.50000001],
       [-0.49999969],
       [-0.4999999 ],
       [-0.50000006],
       [-0.49999998],
       [-0.49999971],
       [-0.49999991],
       [-0.49999846],
       [-0.49998899],
       [-0.50000004],
       [-0.50000028],
       [-0.36060717],
       [-0.50000073],
       [-0.49999778],
       [-0.50002194],
       [-0.49999955],
       [-0.49999961],
       [-0.50000025],
       [-0.49999968],
       [-0.49999968],
       [-0.50000005],
       [-0.49999947],
       [-0.50000169],
       [-0.49999997],
       [-0.50000054],
       [-0.49999962],
       [-0.50007401],
       [-0.50000373],
       [-0.49999966],
       [-0.50000021],
       [ 0.01253   ],
       [-0.49999946],
       [-0.49999993],
       [-0.49999977],
       [-0.4999998 ]])
array([[-25.11226491],
       [-19.68258056],
       [-25.08368199],
       [-24.50392502],
       [-26.44201242],
       [-27.01548421],
       [-25.16852232],
       [-24.29075125],
       [-27.30815781],
       [-26.44370199],
       [-25.61443934],
       [-24.94857387],
       [-21.71721285],
       [-19.4600563 ],
       [-25.25663038],
       [-25.93868238],
       [ -5.49249918],
       [-24.85646236],
       [-22.93006607],
       [-17.22131068],
       [-26.48152116],
       [-26.54873628],
       [-26.96841216],
       [-25.34593672],
       [-25.93961145],
       [-26.27413953],
       [-24.86235411],
       [-25.24563485],
       [-26.93094729],
       [-25.0688555 ],
       [-26.717655  ],
       [-10.53119825],
       [-23.01163513],
       [-26.08315332],
       [-25.83046321],
       [  1.68878439],
       [-26.33640335],
       [-26.8260152 ],
       [-26.60236819],
       [-24.24551378]])
<<<<<<<<<<< STEP 28 >>>>>>>>>>>> + array([[-0.50000009],
       [-0.4999925 ],
       [-0.49999973],
       [-0.50000051],
       [-0.50000029],
       [-0.49999999],
       [-0.49999979],
       [-0.49999992],
       [-0.50000004],
       [-0.49999997],
       [-0.49999979],
       [-0.49999992],
       [-0.49999867],
       [-0.4999918 ],
       [-0.50000001],
       [-0.50000019],
       [-0.39534307],
       [-0.50000042],
       [-0.49999836],
       [-0.50001464],
       [-0.49999965],
       [-0.49999972],
       [-0.50000014],
       [-0.49999979],
       [-0.49999975],
       [-0.49999997],
       [-0.49999963],
       [-0.50000114],
       [-0.49999996],
       [-0.50000037],
       [-0.49999972],
       [-0.5001163 ],
       [-0.50000241],
       [-0.49999975],
       [-0.50000014],
       [ 0.01182268],
       [-0.49999961],
       [-0.49999994],
       [-0.49999981],
       [-0.49999986]])
array([[-25.61226501],
       [-20.18257306],
       [-25.58368171],
       [-25.00392552],
       [-26.94201271],
       [-27.5154842 ],
       [-25.66852211],
       [-24.79075116],
       [-27.80815784],
       [-26.94370196],
       [-26.11443914],
       [-25.44857379],
       [-22.21721152],
       [-19.96004809],
       [-25.75663038],
       [-26.43868257],
       [ -5.88784225],
       [-25.35646278],
       [-23.43006443],
       [-17.72132531],
       [-26.98152082],
       [-27.048736  ],
       [-27.4684123 ],
       [-25.84593651],
       [-26.43961121],
       [-26.7741395 ],
       [-25.36235374],
       [-25.74563599],
       [-27.43094725],
       [-25.56885587],
       [-27.21765471],
       [-11.03131455],
       [-23.51163753],
       [-26.58315306],
       [-26.33046335],
       [  1.70060707],
       [-26.83640296],
       [-27.32601513],
       [-27.10236801],
       [-24.74551364]])
<<<<<<<<<<< STEP 29 >>>>>>>>>>>> + array([[-0.50000005],
       [-0.49999432],
       [-0.49999979],
       [-0.5000004 ],
       [-0.5000002 ],
       [-0.49999998],
       [-0.49999986],
       [-0.49999993],
       [-0.50000002],
       [-0.49999996],
       [-0.49999985],
       [-0.49999993],
       [-0.49999887],
       [-0.4999939 ],
       [-0.49999999],
       [-0.50000013],
       [-0.4249756 ],
       [-0.50000021],
       [-0.4999988 ],
       [-0.50000949],
       [-0.49999974],
       [-0.4999998 ],
       [-0.50000008],
       [-0.49999987],
       [-0.49999981],
       [-0.49999993],
       [-0.49999974],
       [-0.50000075],
       [-0.49999996],
       [-0.50000025],
       [-0.49999979],
       [-0.50010855],
       [-0.50000149],
       [-0.49999981],
       [-0.5000001 ],
       [ 0.01107938],
       [-0.49999972],
       [-0.49999995],
       [-0.49999985],
       [-0.49999991]])
array([[-26.11226506],
       [-20.68256738],
       [-26.0836815 ],
       [-25.50392592],
       [-27.44201292],
       [-28.01548418],
       [-26.16852196],
       [-25.29075109],
       [-28.30815786],
       [-27.44370193],
       [-26.61443899],
       [-25.94857372],
       [-22.71721038],
       [-20.460042  ],
       [-26.25663037],
       [-26.9386827 ],
       [ -6.31281785],
       [-25.85646299],
       [-23.93006323],
       [-18.2213348 ],
       [-27.48152056],
       [-27.5487358 ],
       [-27.96841237],
       [-26.34593637],
       [-26.93961102],
       [-27.27413943],
       [-25.86235348],
       [-26.24563674],
       [-27.93094721],
       [-26.06885612],
       [-27.71765451],
       [-11.53142309],
       [-24.01163903],
       [-27.08315287],
       [-26.83046345],
       [  1.71168646],
       [-27.33640268],
       [-27.82601508],
       [-27.60236786],
       [-25.24551355]])
