<<<<<<<<<<< STEP 0 >>>>>>>>>>>> + array([[-0.18125364],
       [-0.0758459 ],
       [-0.4938769 ],
       [-0.53664347],
       [-0.49430786],
       [-0.22731861],
       [-0.5378247 ],
       [-0.52066209],
       [-0.52727025],
       [-0.31314078],
       [-0.52539765],
       [-0.54907574],
       [-0.53931761],
       [-0.20904121],
       [-0.49798461],
       [-0.53468839],
       [-0.5502633 ],
       [-0.17576147],
       [-0.54139297],
       [-0.51646204],
       [-0.49886067],
       [-0.50358655],
       [-0.54167638],
       [-0.55029583],
       [-0.04683067],
       [-0.50327532],
       [-0.51630311],
       [-0.50749335],
       [-0.51716781],
       [-0.53200193],
       [-0.5308387 ],
       [-0.52688974],
       [-0.60778867],
       [-0.41788434],
       [-0.45132004],
       [-0.47776566],
       [-0.47125611],
       [-0.5476139 ],
       [-0.52531365],
       [-0.52231481]])
array([[-1.76472666],
       [-0.71679686],
       [-7.11802321],
       [-8.1908086 ],
       [-5.95279117],
       [-1.81611087],
       [-7.73093359],
       [-6.76302705],
       [-7.01806509],
       [-2.7289205 ],
       [-7.94892249],
       [-6.89097265],
       [-7.90291898],
       [-1.38315305],
       [-6.27810088],
       [-6.85672685],
       [-7.55450709],
       [-2.12055183],
       [-7.85255427],
       [-7.32517946],
       [-6.19355885],
       [-6.41683956],
       [-7.35994433],
       [-3.97111748],
       [-0.0585906 ],
       [-7.48954874],
       [-7.10172901],
       [-6.8681686 ],
       [-7.30744258],
       [-8.17444157],
       [-6.87824381],
       [-8.13188293],
       [-6.00839392],
       [-3.50234764],
       [-5.66173363],
       [-5.91628441],
       [-5.88056579],
       [-7.93798918],
       [-6.81060621],
       [-6.64259056]])
<<<<<<<<<<< STEP 1 >>>>>>>>>>>> + array([[-0.19448429],
       [-0.07904274],
       [-0.49308853],
       [-0.52873388],
       [-0.49810677],
       [-0.24048763],
       [-0.53004537],
       [-0.51475189],
       [-0.52157522],
       [-0.33508385],
       [-0.5193361 ],
       [-0.53946988],
       [-0.53082004],
       [-0.22876875],
       [-0.50011429],
       [-0.52701969],
       [-0.53906288],
       [-0.17685001],
       [-0.53216361],
       [-0.51230941],
       [-0.50083948],
       [-0.50208323],
       [-0.53324606],
       [-0.56222957],
       [-0.05161303],
       [-0.50040299],
       [-0.51196827],
       [-0.50548967],
       [-0.51215792],
       [-0.52396285],
       [-0.52388694],
       [-0.52019176],
       [-0.58739303],
       [-0.44020141],
       [-0.45765261],
       [-0.47944439],
       [-0.47528408],
       [-0.53793313],
       [-0.51891039],
       [-0.51962743]])
array([[-1.95921095],
       [-0.7958396 ],
       [-7.61111173],
       [-8.71954248],
       [-6.45089794],
       [-2.0565985 ],
       [-8.26097896],
       [-7.27777895],
       [-7.53964031],
       [-3.06400436],
       [-8.46825859],
       [-7.43044253],
       [-8.43373902],
       [-1.6119218 ],
       [-6.77821517],
       [-7.38374654],
       [-8.09356998],
       [-2.29740185],
       [-8.38471788],
       [-7.83748887],
       [-6.69439833],
       [-6.91892279],
       [-7.89319039],
       [-4.53334705],
       [-0.11020363],
       [-7.98995173],
       [-7.61369728],
       [-7.37365827],
       [-7.8196005 ],
       [-8.69840442],
       [-7.40213074],
       [-8.65207469],
       [-6.59578695],
       [-3.94254905],
       [-6.11938623],
       [-6.3957288 ],
       [-6.35584987],
       [-8.47592231],
       [-7.3295166 ],
       [-7.16221799]])
<<<<<<<<<<< STEP 2 >>>>>>>>>>>> + array([[-0.20818792],
       [-0.08246598],
       [-0.49357757],
       [-0.52274889],
       [-0.50154085],
       [-0.2534132 ],
       [-0.5239508 ],
       [-0.51023851],
       [-0.51710016],
       [-0.36373712],
       [-0.51506458],
       [-0.53157822],
       [-0.52423234],
       [-0.2503346 ],
       [-0.50183255],
       [-0.52055149],
       [-0.53014512],
       [-0.18188105],
       [-0.52493813],
       [-0.50960465],
       [-0.5025777 ],
       [-0.5009685 ],
       [-0.52632301],
       [-0.56541802],
       [-0.05608036],
       [-0.49885883],
       [-0.50892709],
       [-0.50428338],
       [-0.50852293],
       [-0.51793944],
       [-0.51794077],
       [-0.51524547],
       [-0.56996169],
       [-0.46621074],
       [-0.46404655],
       [-0.48093889],
       [-0.47937653],
       [-0.53016422],
       [-0.51366641],
       [-0.51729236]])
array([[-2.16739887],
       [-0.87830558],
       [-8.10468931],
       [-9.24229137],
       [-6.95243879],
       [-2.3100117 ],
       [-8.78492975],
       [-7.78801746],
       [-8.05674047],
       [-3.42774147],
       [-8.98332317],
       [-7.96202075],
       [-8.95797136],
       [-1.8622564 ],
       [-7.28004772],
       [-7.90429803],
       [-8.62371509],
       [-2.4792829 ],
       [-8.90965601],
       [-8.34709352],
       [-7.19697603],
       [-7.41989129],
       [-8.4195134 ],
       [-5.09876506],
       [-0.166284  ],
       [-8.48881056],
       [-8.12262437],
       [-7.87794166],
       [-8.32812343],
       [-9.21634386],
       [-7.92007152],
       [-9.16732016],
       [-7.16574865],
       [-4.40875979],
       [-6.58343279],
       [-6.87666768],
       [-6.8352264 ],
       [-9.00608653],
       [-7.84318301],
       [-7.67951035]])
<<<<<<<<<<< STEP 3 >>>>>>>>>>>> + array([[-0.22243331],
       [-0.08610718],
       [-0.49461827],
       [-0.51815647],
       [-0.50424995],
       [-0.26782075],
       [-0.51912612],
       [-0.50681712],
       [-0.5135797 ],
       [-0.39835822],
       [-0.51198321],
       [-0.52520173],
       [-0.51910352],
       [-0.27303452],
       [-0.50293918],
       [-0.51535607],
       [-0.52312772],
       [-0.19049623],
       [-0.51934822],
       [-0.50775799],
       [-0.50383186],
       [-0.50022076],
       [-0.52077821],
       [-0.56250239],
       [-0.0606104 ],
       [-0.49808814],
       [-0.50674377],
       [-0.50345899],
       [-0.50593086],
       [-0.51344492],
       [-0.51319306],
       [-0.51156302],
       [-0.55563775],
       [-0.4929069 ],
       [-0.46999747],
       [-0.48242852],
       [-0.48314514],
       [-0.5239748 ],
       [-0.50962149],
       [-0.51506739]])
array([[-2.38983218],
       [-0.96441276],
       [-8.59930757],
       [-9.76044784],
       [-7.45668874],
       [-2.57783244],
       [-9.30405587],
       [-8.29483458],
       [-8.57032017],
       [-3.8260997 ],
       [-9.49530638],
       [-8.48722248],
       [-9.47707488],
       [-2.13529092],
       [-7.7829869 ],
       [-8.4196541 ],
       [-9.14684281],
       [-2.66977913],
       [-9.42900423],
       [-8.85485151],
       [-7.70080789],
       [-7.92011205],
       [-8.94029161],
       [-5.66126745],
       [-0.2268944 ],
       [-8.9868987 ],
       [-8.62936813],
       [-8.38140065],
       [-8.8340543 ],
       [-9.72978878],
       [-8.43326458],
       [-9.67888318],
       [-7.72138639],
       [-4.90166669],
       [-7.05343026],
       [-7.3590962 ],
       [-7.31837154],
       [-9.53006133],
       [-8.35280449],
       [-8.19457774]])
<<<<<<<<<<< STEP 4 >>>>>>>>>>>> + array([[-0.23775758],
       [-0.08991813],
       [-0.49577615],
       [-0.51458089],
       [-0.50607666],
       [-0.28540009],
       [-0.51528259],
       [-0.50425637],
       [-0.51079261],
       [-0.43645825],
       [-0.50968793],
       [-0.52010606],
       [-0.51509421],
       [-0.29607144],
       [-0.5034587 ],
       [-0.51136511],
       [-0.51766138],
       [-0.20239473],
       [-0.51506495],
       [-0.50640752],
       [-0.50456332],
       [-0.4997968 ],
       [-0.51642337],
       [-0.55621519],
       [-0.06549056],
       [-0.49777937],
       [-0.5051348 ],
       [-0.50281425],
       [-0.50412459],
       [-0.51009361],
       [-0.5096273 ],
       [-0.50881863],
       [-0.54407636],
       [-0.51566082],
       [-0.47525529],
       [-0.48403605],
       [-0.48641227],
       [-0.51906094],
       [-0.50664703],
       [-0.51284355]])
array([[ -2.62758977],
       [ -1.05433088],
       [ -9.09508373],
       [-10.27502873],
       [ -7.9627654 ],
       [ -2.86323253],
       [ -9.81933846],
       [ -8.79909095],
       [ -9.08111278],
       [ -4.26255795],
       [-10.0049943 ],
       [ -9.00732853],
       [ -9.99216909],
       [ -2.43136236],
       [ -8.2864456 ],
       [ -8.93101921],
       [ -9.66450419],
       [ -2.87217386],
       [ -9.94406918],
       [ -9.36125903],
       [ -8.2053712 ],
       [ -8.41990885],
       [ -9.45671498],
       [ -6.21748264],
       [ -0.29238496],
       [ -9.48467807],
       [ -9.13450293],
       [ -8.88421489],
       [ -9.33817888],
       [-10.23988239],
       [ -8.94289188],
       [-10.18770181],
       [ -8.26546275],
       [ -5.41732751],
       [ -7.52868554],
       [ -7.84313225],
       [ -7.80478381],
       [-10.04912227],
       [ -8.85945152],
       [ -8.70742129]])
<<<<<<<<<<< STEP 5 >>>>>>>>>>>> + array([[-0.25471116],
       [-0.09376864],
       [-0.49682373],
       [-0.51174631],
       [-0.50702471],
       [-0.30738087],
       [-0.51219865],
       [-0.50238709],
       [-0.50855699],
       [-0.47362503],
       [-0.50790569],
       [-0.51604497],
       [-0.51193698],
       [-0.31873344],
       [-0.50352319],
       [-0.50840393],
       [-0.5134355 ],
       [-0.21758282],
       [-0.51178595],
       [-0.50533876],
       [-0.50484872],
       [-0.49962367],
       [-0.51303158],
       [-0.54858213],
       [-0.07082043],
       [-0.49775412],
       [-0.50391627],
       [-0.50226171],
       [-0.502888  ],
       [-0.5075821 ],
       [-0.50707425],
       [-0.50677219],
       [-0.53479299],
       [-0.53112006],
       [-0.47977474],
       [-0.48579513],
       [-0.4891598 ],
       [-0.51514673],
       [-0.50453703],
       [-0.51063234]])
array([[ -2.88230093],
       [ -1.14809952],
       [ -9.59190746],
       [-10.78677505],
       [ -8.4697901 ],
       [ -3.1706134 ],
       [-10.33153711],
       [ -9.30147803],
       [ -9.58966977],
       [ -4.73618298],
       [-10.5129    ],
       [ -9.52337351],
       [-10.50410607],
       [ -2.75009579],
       [ -8.78996879],
       [ -9.43942314],
       [-10.17793969],
       [ -3.08975668],
       [-10.45585513],
       [ -9.86659779],
       [ -8.71021993],
       [ -8.91953252],
       [ -9.96974656],
       [ -6.76606477],
       [ -0.36320539],
       [ -9.98243218],
       [ -9.6384192 ],
       [ -9.3864766 ],
       [ -9.84106689],
       [-10.74746449],
       [ -9.44996613],
       [-10.69447399],
       [ -8.80025574],
       [ -5.94844757],
       [ -8.00846028],
       [ -8.32892738],
       [ -8.2939436 ],
       [-10.564269  ],
       [ -9.36398855],
       [ -9.21805363]])
<<<<<<<<<<< STEP 6 >>>>>>>>>>>> + array([[-0.27337874],
       [-0.09741214],
       [-0.49766945],
       [-0.50945288],
       [-0.50720502],
       [-0.33421532],
       [-0.50970029],
       [-0.50108432],
       [-0.50673479],
       [-0.50456608],
       [-0.50645788],
       [-0.51279039],
       [-0.50942436],
       [-0.34069294],
       [-0.50328508],
       [-0.50624903],
       [-0.51018667],
       [-0.23651292],
       [-0.50925118],
       [-0.5044341 ],
       [-0.50479384],
       [-0.49961665],
       [-0.51037683],
       [-0.54080994],
       [-0.07642656],
       [-0.49790471],
       [-0.50297267],
       [-0.50177043],
       [-0.50204476],
       [-0.50568288],
       [-0.50529199],
       [-0.5052387 ],
       [-0.52732891],
       [-0.53869862],
       [-0.48362865],
       [-0.48766253],
       [-0.49145484],
       [-0.5119994 ],
       [-0.50307658],
       [-0.50852074]])
array([[ -3.15567966],
       [ -1.24551167],
       [-10.08957691],
       [-11.29622792],
       [ -8.97699513],
       [ -3.50482872],
       [-10.84123741],
       [ -9.80256235],
       [-10.09640456],
       [ -5.24074906],
       [-11.01935787],
       [-10.03616389],
       [-11.01353043],
       [ -3.09078873],
       [ -9.29325387],
       [ -9.94567216],
       [-10.68812636],
       [ -3.32626959],
       [-10.96510632],
       [-10.37103189],
       [ -9.21501376],
       [ -9.41914917],
       [-10.48012338],
       [ -7.30687471],
       [ -0.43963195],
       [-10.4803369 ],
       [-10.14139186],
       [ -9.88824703],
       [-10.34311165],
       [-11.25314737],
       [ -9.95525811],
       [-11.19971269],
       [ -9.32758465],
       [ -6.48714619],
       [ -8.49208893],
       [ -8.81658991],
       [ -8.78539844],
       [-11.0762684 ],
       [ -9.86706513],
       [ -9.72657437]])
<<<<<<<<<<< STEP 7 >>>>>>>>>>>> + array([[-0.29324717],
       [-0.10045414],
       [-0.49830244],
       [-0.50756126],
       [-0.50679196],
       [-0.36527785],
       [-0.50765535],
       [-0.50024432],
       [-0.50523082],
       [-0.5253907 ],
       [-0.50523529],
       [-0.5101525 ],
       [-0.50740121],
       [-0.36214705],
       [-0.50287347],
       [-0.50468002],
       [-0.50769781],
       [-0.25986603],
       [-0.50725628],
       [-0.50363667],
       [-0.50448865],
       [-0.49969703],
       [-0.50826408],
       [-0.53350335],
       [-0.08183638],
       [-0.49815913],
       [-0.50223291],
       [-0.50133564],
       [-0.5014619 ],
       [-0.50423423],
       [-0.50403804],
       [-0.50407523],
       [-0.52130821],
       [-0.53991961],
       [-0.4869294 ],
       [-0.48955259],
       [-0.49338796],
       [-0.50943841],
       [-0.50207851],
       [-0.5066128 ]])
array([[ -3.44892683],
       [ -1.34596581],
       [-10.58787935],
       [-11.80378919],
       [ -9.48378709],
       [ -3.87010657],
       [-11.34889275],
       [-10.30280668],
       [-10.60163538],
       [ -5.76613976],
       [-11.52459317],
       [-10.5463164 ],
       [-11.52093164],
       [ -3.45293578],
       [ -9.79612734],
       [-10.45035218],
       [-11.19582418],
       [ -3.58613562],
       [-11.4723626 ],
       [-10.87466856],
       [ -9.71950242],
       [ -9.91884619],
       [-10.98838746],
       [ -7.84037806],
       [ -0.52146833],
       [-10.97849603],
       [-10.64362477],
       [-10.38958268],
       [-10.84457354],
       [-11.7573816 ],
       [-10.45929616],
       [-11.70378792],
       [ -9.84889286],
       [ -7.02706579],
       [ -8.97901833],
       [ -9.3061425 ],
       [ -9.27878641],
       [-11.58570681],
       [-10.36914365],
       [-10.23318717]])
<<<<<<<<<<< STEP 8 >>>>>>>>>>>> + array([[-0.31355055],
       [-0.10234746],
       [-0.49875207],
       [-0.50597903],
       [-0.50598491],
       [-0.39865231],
       [-0.50596869],
       [-0.49976688],
       [-0.50398441],
       [-0.53543568],
       [-0.50417815],
       [-0.5079881 ],
       [-0.50575588],
       [-0.38354449],
       [-0.502384  ],
       [-0.50351532],
       [-0.50579247],
       [-0.28798623],
       [-0.50565521],
       [-0.50292391],
       [-0.50400269],
       [-0.49980469],
       [-0.5065455 ],
       [-0.52692041],
       [-0.08633766],
       [-0.49846401],
       [-0.50165152],
       [-0.50096178],
       [-0.50104837],
       [-0.50312437],
       [-0.50311865],
       [-0.50317513],
       [-0.51644152],
       [-0.53698753],
       [-0.48977584],
       [-0.49137419],
       [-0.49503432],
       [-0.50733448],
       [-0.5013981 ],
       [-0.50498013]])
array([[ -3.76247738],
       [ -1.44831327],
       [-11.08663142],
       [-12.30976822],
       [ -9.98977199],
       [ -4.26875888],
       [-11.85486144],
       [-10.80257355],
       [-11.1056198 ],
       [ -6.30157544],
       [-12.02877131],
       [-11.05430449],
       [-12.02668752],
       [ -3.83648027],
       [-10.29851134],
       [-10.95386751],
       [-11.70161665],
       [ -3.87412185],
       [-11.97801781],
       [-11.37759248],
       [-10.22350511],
       [-10.41865088],
       [-11.49493297],
       [ -8.36729847],
       [ -0.60780598],
       [-11.47696003],
       [-11.14527629],
       [-10.89054446],
       [-11.34562191],
       [-12.26050597],
       [-10.96241481],
       [-12.20696305],
       [-10.36533437],
       [ -7.56405332],
       [ -9.46879417],
       [ -9.79751669],
       [ -9.77382073],
       [-12.09304129],
       [-10.87054175],
       [-10.73816729]])
<<<<<<<<<<< STEP 9 >>>>>>>>>>>> + array([[-0.33386955],
       [-0.10247304],
       [-0.4990611 ],
       [-0.5046489 ],
       [-0.50497487],
       [-0.43127773],
       [-0.50457594],
       [-0.49955179],
       [-0.50295846],
       [-0.53695223],
       [-0.50325946],
       [-0.50619938],
       [-0.50441187],
       [-0.40512129],
       [-0.50188549],
       [-0.50262647],
       [-0.50433114],
       [-0.3202984 ],
       [-0.50435291],
       [-0.50229063],
       [-0.50339835],
       [-0.49990293],
       [-0.50512345],
       [-0.52115785],
       [-0.0891141 ],
       [-0.49877876],
       [-0.50119699],
       [-0.50065321],
       [-0.50074695],
       [-0.50227511],
       [-0.50240635],
       [-0.50246419],
       [-0.51251306],
       [-0.5318624 ],
       [-0.492228  ],
       [-0.49305341],
       [-0.49643695],
       [-0.50560195],
       [-0.5009333 ],
       [-0.50364476]])
array([[ -4.09634693],
       [ -1.55078631],
       [-11.58569252],
       [-12.81441712],
       [-10.49474687],
       [ -4.7000366 ],
       [-12.35943738],
       [-11.30212534],
       [-11.60857826],
       [ -6.83852767],
       [-12.53203077],
       [-11.56050388],
       [-12.53109939],
       [ -4.24160156],
       [-10.80039683],
       [-11.45649398],
       [-12.20594778],
       [ -4.19442025],
       [-12.48237073],
       [-11.87988311],
       [-10.72690346],
       [-10.91855382],
       [-12.00005642],
       [ -8.88845632],
       [ -0.69692009],
       [-11.9757388 ],
       [-11.64647328],
       [-11.39119767],
       [-11.84636886],
       [-12.76278109],
       [-11.46482116],
       [-12.70942724],
       [-10.87784743],
       [ -8.09591573],
       [ -9.96102217],
       [-10.29057011],
       [-10.27025768],
       [-12.59864324],
       [-11.37147505],
       [-11.24181206]])
