<<<<<<<<<<< STEP 0 >>>>>>>>>>>> + array([[-0.51923912],
       [-0.25115367],
       [-0.4878103 ],
       [-0.51880866],
       [-0.51360332],
       [-0.5180366 ],
       [-0.52478562],
       [-0.51980078],
       [-0.5103079 ],
       [-0.5116521 ],
       [-0.51963608],
       [-0.38544183],
       [-0.51989868],
       [-0.51796232],
       [-0.50902198],
       [-0.51602544],
       [-0.5172043 ],
       [-0.49293051],
       [-0.51569073],
       [-0.51591364],
       [-0.51742973],
       [-0.51515767],
       [-0.51834235],
       [-0.51640419],
       [-0.5058643 ],
       [-0.51337525],
       [-0.51456815],
       [-0.51623872],
       [-0.40544432],
       [-0.46916103],
       [ 0.0282553 ]])
array([[-7.38041486],
       [-2.00482722],
       [-4.8241217 ],
       [-7.39476592],
       [-7.52084282],
       [-8.14024062],
       [-6.98673573],
       [-8.0821189 ],
       [-5.57492312],
       [-7.19286558],
       [-7.61068705],
       [-3.08130623],
       [-5.6836698 ],
       [-7.41666313],
       [-6.54781386],
       [-7.55835277],
       [-7.67316578],
       [-4.51611917],
       [-7.35919784],
       [-7.70253528],
       [-7.50774219],
       [-7.03760528],
       [-7.69385832],
       [-7.37977261],
       [-6.94127408],
       [-7.53957853],
       [-7.57599633],
       [-7.87724902],
       [-3.67742033],
       [-4.43301584],
       [ 0.06914759]])
<<<<<<<<<<< STEP 1 >>>>>>>>>>>> + array([[-0.51238289],
       [-0.27581704],
       [-0.49212716],
       [-0.51210513],
       [-0.5081821 ],
       [-0.51107333],
       [-0.51538861],
       [-0.51235226],
       [-0.50534229],
       [-0.50692267],
       [-0.51246071],
       [-0.40982092],
       [-0.51281137],
       [-0.51139495],
       [-0.50566019],
       [-0.51003853],
       [-0.5107732 ],
       [-0.49443724],
       [-0.50967066],
       [-0.50989905],
       [-0.51108286],
       [-0.51098179],
       [-0.51161891],
       [-0.51043434],
       [-0.50313405],
       [-0.50813058],
       [-0.50894035],
       [-0.50982218],
       [-0.42693795],
       [-0.47772938],
       [ 0.03951536]])
array([[-7.89279775],
       [-2.28064426],
       [-5.31624885],
       [-7.90687105],
       [-8.02902492],
       [-8.65131395],
       [-7.50212433],
       [-8.59447116],
       [-6.08026541],
       [-7.69978825],
       [-8.12314776],
       [-3.49112715],
       [-6.19648117],
       [-7.92805808],
       [-7.05347405],
       [-8.0683913 ],
       [-8.18393898],
       [-5.01055641],
       [-7.8688685 ],
       [-8.21243433],
       [-8.01882505],
       [-7.54858707],
       [-8.20547723],
       [-7.89020695],
       [-7.44440812],
       [-8.04770911],
       [-8.08493668],
       [-8.38707119],
       [-4.10435828],
       [-4.91074522],
       [ 0.10866295]])
<<<<<<<<<<< STEP 2 >>>>>>>>>>>> + array([[-0.50797271],
       [-0.30531469],
       [-0.49548242],
       [-0.50779373],
       [-0.50484945],
       [-0.50674084],
       [-0.50949375],
       [-0.50766985],
       [-0.5024994 ],
       [-0.50403515],
       [-0.5078632 ],
       [-0.43303146],
       [-0.50823333],
       [-0.50719783],
       [-0.50349079],
       [-0.50623091],
       [-0.50668185],
       [-0.49585065],
       [-0.50585228],
       [-0.50609614],
       [-0.50705149],
       [-0.50779115],
       [-0.50735928],
       [-0.50664188],
       [-0.50157632],
       [-0.50489642],
       [-0.50544622],
       [-0.50588562],
       [-0.44625848],
       [-0.48449237],
       [ 0.05053319]])
array([[-8.40077046],
       [-2.58595895],
       [-5.81173128],
       [-8.41466478],
       [-8.53387437],
       [-9.15805479],
       [-8.01161809],
       [-9.10214101],
       [-6.58276481],
       [-8.2038234 ],
       [-8.63101096],
       [-3.92415861],
       [-6.7047145 ],
       [-8.43525592],
       [-7.55696484],
       [-8.57462221],
       [-8.69062084],
       [-5.50640706],
       [-8.37472078],
       [-8.71853047],
       [-8.52587654],
       [-8.05637823],
       [-8.71283651],
       [-8.39684883],
       [-7.94598445],
       [-8.55260553],
       [-8.5903829 ],
       [-8.89295681],
       [-4.55061676],
       [-5.39523759],
       [ 0.15919614]])
<<<<<<<<<<< STEP 3 >>>>>>>>>>>> + array([[-0.50514328],
       [-0.33855714],
       [-0.49775946],
       [-0.50502795],
       [-0.50283328],
       [-0.50407274],
       [-0.50582762],
       [-0.50474774],
       [-0.50097115],
       [-0.50230449],
       [-0.50494176],
       [-0.45292174],
       [-0.50529884],
       [-0.50453486],
       [-0.50211486],
       [-0.50383499],
       [-0.5041066 ],
       [-0.49701503],
       [-0.50347945],
       [-0.50371998],
       [-0.50449697],
       [-0.50540051],
       [-0.50466867],
       [-0.50423827],
       [-0.50071792],
       [-0.50292384],
       [-0.5032962 ],
       [-0.5034983 ],
       [-0.46206343],
       [-0.48950125],
       [ 0.06001001]])
array([[-8.90591374],
       [-2.92451609],
       [-6.30949074],
       [-8.91969273],
       [-9.03670765],
       [-9.66212753],
       [-8.51744571],
       [-9.60688875],
       [-7.08373596],
       [-8.70612788],
       [-9.13595271],
       [-4.37708035],
       [-7.21001334],
       [-8.93979078],
       [-8.05907971],
       [-9.0784572 ],
       [-9.19472744],
       [-6.00342209],
       [-8.87820023],
       [-9.22225045],
       [-9.03037351],
       [-8.56177873],
       [-9.21750518],
       [-8.9010871 ],
       [-8.44670236],
       [-9.05552937],
       [-9.0936791 ],
       [-9.39645511],
       [-5.01268019],
       [-5.88473884],
       [ 0.21920614]])
<<<<<<<<<<< STEP 4 >>>>>>>>>>>> + array([[-0.50332743],
       [-0.37308369],
       [-0.49914763],
       [-0.50325316],
       [-0.50163255],
       [-0.50244413],
       [-0.50356244],
       [-0.50293391],
       [-0.50020971],
       [-0.50128639],
       [-0.50309683],
       [-0.46841874],
       [-0.5034204 ],
       [-0.50285341],
       [-0.5012568 ],
       [-0.50234165],
       [-0.50250112],
       [-0.49790098],
       [-0.50203267],
       [-0.50225097],
       [-0.50287711],
       [-0.5036527 ],
       [-0.50296933],
       [-0.50271369],
       [-0.50026601],
       [-0.50173199],
       [-0.50198296],
       [-0.5020641 ],
       [-0.47406687],
       [-0.4930399 ],
       [ 0.06705043]])
array([[ -9.40924117],
       [ -3.29759978],
       [ -6.80863837],
       [ -9.42294589],
       [ -9.5383402 ],
       [-10.16457166],
       [ -9.02100815],
       [-10.10982266],
       [ -7.58394566],
       [ -9.20741427],
       [ -9.63904955],
       [ -4.8454991 ],
       [ -7.71343374],
       [ -9.44264419],
       [ -8.5603365 ],
       [ -9.58079885],
       [ -9.69722856],
       [ -6.50132307],
       [ -9.3802329 ],
       [ -9.72450142],
       [ -9.53325061],
       [ -9.06543144],
       [ -9.72047451],
       [ -9.40380079],
       [ -8.94696837],
       [ -9.55726136],
       [ -9.59566206],
       [ -9.8985192 ],
       [ -5.48674706],
       [ -6.37777874],
       [  0.28625658]])
<<<<<<<<<<< STEP 5 >>>>>>>>>>>> + array([[-0.50216049],
       [-0.4057017 ],
       [-0.49991047],
       [-0.50211275],
       [-0.50092763],
       [-0.50145741],
       [-0.50216991],
       [-0.50181227],
       [-0.49986904],
       [-0.50069828],
       [-0.5019375 ],
       [-0.47957211],
       [-0.50221597],
       [-0.50179535],
       [-0.50073068],
       [-0.50141887],
       [-0.50150922],
       [-0.49854079],
       [-0.50116564],
       [-0.50135127],
       [-0.50184789],
       [-0.50241064],
       [-0.50189478],
       [-0.50174463],
       [-0.50004257],
       [-0.50101748],
       [-0.50118567],
       [-0.50120894],
       [-0.48267658],
       [-0.49545218],
       [ 0.07131284]])
array([[ -9.91140167],
       [ -3.70330148],
       [ -7.30854884],
       [ -9.92505864],
       [-10.03926782],
       [-10.66602907],
       [ -9.52317806],
       [-10.61163492],
       [ -8.0838147 ],
       [ -9.70811256],
       [-10.14098705],
       [ -5.32507121],
       [ -8.21564971],
       [ -9.94443954],
       [ -9.06106719],
       [-10.08221772],
       [-10.19873778],
       [ -6.99986386],
       [ -9.88139854],
       [-10.22585269],
       [-10.03509851],
       [ -9.56784208],
       [-10.22236929],
       [ -9.90554542],
       [ -9.44701094],
       [-10.05827885],
       [-10.09684773],
       [-10.39972814],
       [ -5.96942364],
       [ -6.87323092],
       [  0.35756941]])
<<<<<<<<<<< STEP 6 >>>>>>>>>>>> + array([[-0.50140948],
       [-0.4336292 ],
       [-0.50027899],
       [-0.50137885],
       [-0.50051874],
       [-0.50086331],
       [-0.50131731],
       [-0.50112032],
       [-0.4997443 ],
       [-0.5003645 ],
       [-0.50121189],
       [-0.48712443],
       [-0.50144176],
       [-0.5011312 ],
       [-0.50041361],
       [-0.50085316],
       [-0.50090176],
       [-0.49898762],
       [-0.50065398],
       [-0.50080475],
       [-0.50119257],
       [-0.50155483],
       [-0.5012143 ],
       [-0.50112727],
       [-0.49994242],
       [-0.50059197],
       [-0.50070419],
       [-0.50070212],
       [-0.48859588],
       [-0.49705332],
       [ 0.07297728]])
array([[-10.41281115],
       [ -4.13693068],
       [ -7.80882783],
       [-10.42643748],
       [-10.53978656],
       [-11.16689238],
       [-10.02449536],
       [-11.11275524],
       [ -8.583559  ],
       [-10.20847706],
       [-10.64219894],
       [ -5.81219564],
       [ -8.71709147],
       [-10.44557074],
       [ -9.56148079],
       [-10.58307089],
       [-10.69963954],
       [ -7.49885148],
       [-10.38205252],
       [-10.72665745],
       [-10.53629108],
       [-10.06939691],
       [-10.72358359],
       [-10.40667268],
       [ -9.94695336],
       [-10.55887082],
       [-10.59755193],
       [-10.90043026],
       [ -6.45801953],
       [ -7.37028424],
       [  0.43054669]])
<<<<<<<<<<< STEP 7 >>>>>>>>>>>> + array([[-0.50092537],
       [-0.4554316 ],
       [-0.50042043],
       [-0.50090572],
       [-0.50028392],
       [-0.5005075 ],
       [-0.50079709],
       [-0.50069394],
       [-0.49972192],
       [-0.50017851],
       [-0.50075903],
       [-0.4920207 ],
       [-0.50094288],
       [-0.50071489],
       [-0.50022591],
       [-0.5005089 ],
       [-0.50053294],
       [-0.49929393],
       [-0.50035633],
       [-0.50047515],
       [-0.50077441],
       [-0.50098314],
       [-0.50078262],
       [-0.50073304],
       [-0.49990568],
       [-0.50034014],
       [-0.5004149 ],
       [-0.50040331],
       [-0.49254607],
       [-0.49809613],
       [ 0.07257568]])
array([[-10.91373651],
       [ -4.59236228],
       [ -8.30924826],
       [-10.92734321],
       [-11.04007049],
       [-11.66739988],
       [-10.52529245],
       [-11.61344918],
       [ -9.08328092],
       [-10.70865558],
       [-11.14295797],
       [ -6.30421634],
       [ -9.21803435],
       [-10.94628563],
       [-10.0617067 ],
       [-11.08357979],
       [-11.20017248],
       [ -7.99814541],
       [-10.88240885],
       [-11.2271326 ],
       [-11.03706549],
       [-10.57038004],
       [-11.22436622],
       [-10.90740572],
       [-10.44685905],
       [-11.05921097],
       [-11.09796683],
       [-11.40083357],
       [ -6.95056559],
       [ -7.86838037],
       [  0.50312237]])
<<<<<<<<<<< STEP 8 >>>>>>>>>>>> + array([[-0.5006125 ],
       [-0.47116658],
       [-0.50044231],
       [-0.50059989],
       [-0.50015035],
       [-0.50029548],
       [-0.50048067],
       [-0.5004312 ],
       [-0.49974305],
       [-0.50007718],
       [-0.50047684],
       [-0.49510452],
       [-0.50062061],
       [-0.50045397],
       [-0.500117  ],
       [-0.50030087],
       [-0.50031098],
       [-0.49950265],
       [-0.50018572],
       [-0.50027769],
       [-0.50050684],
       [-0.5006118 ],
       [-0.50050813],
       [-0.50048053],
       [-0.49989967],
       [-0.5001921 ],
       [-0.50024201],
       [-0.5002281 ],
       [-0.49513217],
       [-0.4987673 ],
       [ 0.07076452]])
array([[-11.41434901],
       [ -5.06352886],
       [ -8.80969057],
       [-11.4279431 ],
       [-11.54022084],
       [-12.16769536],
       [-11.02577312],
       [-12.11388038],
       [ -9.58302397],
       [-11.20873276],
       [-11.64343481],
       [ -6.79932086],
       [ -9.71865496],
       [-11.4467396 ],
       [-10.5618237 ],
       [-11.58388065],
       [-11.70048346],
       [ -8.49764806],
       [-11.38259457],
       [-11.72741029],
       [-11.53757232],
       [-11.07099184],
       [-11.72487434],
       [-11.40788625],
       [-10.94675871],
       [-11.55940307],
       [-11.59820883],
       [-11.90106168],
       [ -7.44569776],
       [ -8.36714767],
       [  0.57388689]])
<<<<<<<<<<< STEP 9 >>>>>>>>>>>> + array([[-0.50040944],
       [-0.48185057],
       [-0.50040798],
       [-0.50040131],
       [-0.50007529],
       [-0.50016983],
       [-0.50028879],
       [-0.5002691 ],
       [-0.49977916],
       [-0.50002377],
       [-0.500301  ],
       [-0.49701223],
       [-0.50041176],
       [-0.5002902 ],
       [-0.50005529],
       [-0.50017602],
       [-0.50017859],
       [-0.49964543],
       [-0.50008971],
       [-0.50016019],
       [-0.5003349 ],
       [-0.5003761 ],
       [-0.50033292],
       [-0.50031808],
       [-0.49990726],
       [-0.5001058 ],
       [-0.5001393 ],
       [-0.50012609],
       [-0.49680788],
       [-0.49919692],
       [ 0.06813802]])
array([[-11.91475845],
       [ -5.54537943],
       [ -9.31009856],
       [-11.92834441],
       [-12.04029613],
       [-12.66786519],
       [-11.52606191],
       [-12.61414948],
       [-10.08280313],
       [-11.70875653],
       [-12.14373581],
       [ -7.29633309],
       [-10.21906672],
       [-11.9470298 ],
       [-11.061879  ],
       [-12.08405667],
       [-12.20066205],
       [ -8.99729349],
       [-11.88268427],
       [-12.22757047],
       [-12.03790722],
       [-11.57136794],
       [-12.22520726],
       [-11.90820433],
       [-11.44666598],
       [-12.05950887],
       [-12.09834813],
       [-12.40118777],
       [ -7.94250564],
       [ -8.86634459],
       [  0.64202491]])
<<<<<<<<<<< STEP 10 >>>>>>>>>>>> + array([[-0.5002768 ],
       [-0.48879316],
       [-0.50035213],
       [-0.50027152],
       [-0.50003388],
       [-0.50009586],
       [-0.50017277],
       [-0.50016887],
       [-0.49981735],
       [-0.49999714],
       [-0.50019123],
       [-0.49818023],
       [-0.50027577],
       [-0.50018706],
       [-0.50002143],
       [-0.50010161],
       [-0.5001004 ],
       [-0.49974411],
       [-0.50003704],
       [-0.50009079],
       [-0.50022374],
       [-0.50022909],
       [-0.50022045],
       [-0.50021291],
       [-0.49991987],
       [-0.50005605],
       [-0.50007873],
       [-0.50006726],
       [-0.49789026],
       [-0.49947194],
       [ 0.06513833]])
array([[-12.41503525],
       [ -6.03417259],
       [ -9.81045068],
       [-12.42861594],
       [-12.54033001],
       [-13.16796105],
       [-12.02623468],
       [-13.11431835],
       [-10.58262048],
       [-12.20875367],
       [-12.64392705],
       [ -7.79451332],
       [-10.71934249],
       [-12.44721685],
       [-11.56190043],
       [-12.58415828],
       [-12.70076245],
       [ -9.4970376 ],
       [-12.38272132],
       [-12.72766126],
       [-12.53813096],
       [-12.07159703],
       [-12.72542771],
       [-12.40841723],
       [-11.94658584],
       [-12.55956493],
       [-12.59842687],
       [-12.90125503],
       [ -8.44039591],
       [ -9.36581653],
       [  0.70716323]])
<<<<<<<<<<< STEP 11 >>>>>>>>>>>> + array([[-0.50018941],
       [-0.49317151],
       [-0.5002924 ],
       [-0.50018595],
       [-0.50001169],
       [-0.5000527 ],
       [-0.50010284],
       [-0.5001067 ],
       [-0.49985235],
       [-0.4999852 ],
       [-0.50012248],
       [-0.49889152],
       [-0.50018667],
       [-0.50012177],
       [-0.50000371],
       [-0.50005763],
       [-0.50005475],
       [-0.49981325],
       [-0.50000927],
       [-0.50005017],
       [-0.50015129],
       [-0.50013854],
       [-0.50014771],
       [-0.50014425],
       [-0.49993335],
       [-0.50002783],
       [-0.50004334],
       [-0.50003383],
       [-0.498591  ],
       [-0.49964877],
       [ 0.06205035]])
array([[-12.91522466],
       [ -6.5273441 ],
       [-10.31074308],
       [-12.92880189],
       [-13.0403417 ],
       [-13.66801375],
       [-12.52633752],
       [-13.61442505],
       [-11.08247283],
       [-12.70873887],
       [-13.14404952],
       [ -8.29340484],
       [-11.21952916],
       [-12.94733863],
       [-12.06190414],
       [-13.08421591],
       [-13.2008172 ],
       [ -9.99685085],
       [-12.88273059],
       [-13.22771143],
       [-13.03828225],
       [-12.57173557],
       [-13.22557541],
       [-12.90856148],
       [-12.44651919],
       [-13.05959275],
       [-13.09847021],
       [-13.40128886],
       [ -8.93898691],
       [ -9.8654653 ],
       [  0.76921359]])
<<<<<<<<<<< STEP 12 >>>>>>>>>>>> + array([[-0.50013124],
       [-0.49587871],
       [-0.50023698],
       [-0.50012895],
       [-0.50000038],
       [-0.50002782],
       [-0.50006082],
       [-0.50006796],
       [-0.49988238],
       [-0.4999811 ],
       [-0.50007919],
       [-0.49932373],
       [-0.50012781],
       [-0.50008016],
       [-0.49999513],
       [-0.50003186],
       [-0.50002847],
       [-0.49986239],
       [-0.49999557],
       [-0.50002669],
       [-0.50010361],
       [-0.50008327],
       [-0.50010023],
       [-0.50009898],
       [-0.49994586],
       [-0.50001217],
       [-0.50002291],
       [-0.50001522],
       [-0.49904755],
       [-0.49976337],
       [ 0.05903696]])
array([[-13.4153559 ],
       [ -7.02322281],
       [-10.81098006],
       [-13.42893084],
       [-13.54034208],
       [-14.16804156],
       [-13.02639834],
       [-14.11449301],
       [-11.58235521],
       [-13.20871996],
       [-13.64412871],
       [ -8.79272856],
       [-11.71965697],
       [-13.44741879],
       [-12.56189927],
       [-13.58424777],
       [-13.70084567],
       [-10.49671324],
       [-13.38272616],
       [-13.72773812],
       [-13.53838586],
       [-13.07181884],
       [-13.72567564],
       [-13.40866046],
       [-12.94646506],
       [-13.55960493],
       [-13.59849312],
       [-13.90130408],
       [ -9.43803446],
       [-10.36522866],
       [  0.82825054]])
<<<<<<<<<<< STEP 13 >>>>>>>>>>>> + array([[-0.50009207],
       [-0.49753104],
       [-0.500189  ],
       [-0.50009054],
       [-0.49999513],
       [-0.5000137 ],
       [-0.50003567],
       [-0.50004369],
       [-0.49990722],
       [-0.49998097],
       [-0.50005176],
       [-0.49958631],
       [-0.50008856],
       [-0.50005342],
       [-0.4999916 ],
       [-0.50001695],
       [-0.50001364],
       [-0.49989778],
       [-0.49998965],
       [-0.50001332],
       [-0.50007187],
       [-0.50004976],
       [-0.5000689 ],
       [-0.50006879],
       [-0.49995672],
       [-0.5000038 ],
       [-0.50001131],
       [-0.5000052 ],
       [-0.49934778],
       [-0.4998384 ],
       [ 0.05618014]])
array([[-13.91544797],
       [ -7.52075385],
       [-11.31116906],
       [-13.92902138],
       [-14.0403372 ],
       [-14.66805527],
       [-13.52643401],
       [-14.61453671],
       [-12.08226243],
       [-13.70870093],
       [-14.14418047],
       [ -9.29231487],
       [-12.21974553],
       [-13.94747221],
       [-13.06189087],
       [-14.08426472],
       [-14.20085931],
       [-10.99661102],
       [-13.88271581],
       [-14.22775144],
       [-14.03845772],
       [-13.5718686 ],
       [-14.22574454],
       [-13.90872925],
       [-13.44642178],
       [-14.05960872],
       [-14.09850443],
       [-14.40130928],
       [ -9.93738224],
       [-10.86506707],
       [  0.88443068]])
<<<<<<<<<<< STEP 14 >>>>>>>>>>>> + array([[-0.50006536],
       [-0.49853072],
       [-0.50014908],
       [-0.50006432],
       [-0.49999315],
       [-0.50000589],
       [-0.50002069],
       [-0.50002839],
       [-0.49992734],
       [-0.49998268],
       [-0.50003424],
       [-0.49974601],
       [-0.50006209],
       [-0.50003607],
       [-0.49999074],
       [-0.50000847],
       [-0.50000549],
       [-0.49992357],
       [-0.49998786],
       [-0.50000589],
       [-0.50005048],
       [-0.50002955],
       [-0.50004797],
       [-0.50004841],
       [-0.49996577],
       [-0.49999956],
       [-0.50000489],
       [-0.50000007],
       [-0.49954744],
       [-0.49988812],
       [ 0.05351354]])
array([[-14.41551332],
       [ -8.01928457],
       [-11.81131814],
       [-14.4290857 ],
       [-14.54033036],
       [-15.16806116],
       [-14.0264547 ],
       [-15.1145651 ],
       [-12.58218977],
       [-14.20868361],
       [-14.64421471],
       [ -9.79206088],
       [-12.71980762],
       [-14.44750828],
       [-13.56188162],
       [-14.58427319],
       [-14.70086481],
       [-11.4965346 ],
       [-14.38270367],
       [-14.72775733],
       [-14.5385082 ],
       [-14.07189815],
       [-14.72579251],
       [-14.40877765],
       [-13.94638755],
       [-14.55960828],
       [-14.59850932],
       [-14.90130935],
       [-10.43692968],
       [-11.36495519],
       [  0.93794422]])
<<<<<<<<<<< STEP 15 >>>>>>>>>>>> + array([[-0.50004692],
       [-0.49913164],
       [-0.50011669],
       [-0.5000462 ],
       [-0.49999287],
       [-0.50000172],
       [-0.50001182],
       [-0.50001866],
       [-0.49994338],
       [-0.49998508],
       [-0.50002294],
       [-0.49984335],
       [-0.50004404],
       [-0.50002467],
       [-0.4999912 ],
       [-0.50000374],
       [-0.5000012 ],
       [-0.49994256],
       [-0.49998816],
       [-0.50000189],
       [-0.50003588],
       [-0.50001741],
       [-0.50003383],
       [-0.50003447],
       [-0.49997315],
       [-0.49999764],
       [-0.50000145],
       [-0.49999769],
       [-0.49968189],
       [-0.49992151],
       [ 0.05104408]])
array([[-14.91556024],
       [ -8.51841621],
       [-12.31143484],
       [-14.9291319 ],
       [-15.04032323],
       [-15.66806288],
       [-14.52646652],
       [-15.61458376],
       [-13.08213315],
       [-14.70866869],
       [-15.14423765],
       [-10.29190423],
       [-13.21985166],
       [-14.94753295],
       [-14.06187282],
       [-15.08427693],
       [-15.20086601],
       [-11.99647715],
       [-14.88269182],
       [-15.22775922],
       [-15.03854409],
       [-14.57191556],
       [-15.22582634],
       [-14.90881212],
       [-14.44636069],
       [-15.05960592],
       [-15.09851077],
       [-15.40130703],
       [-10.93661157],
       [-11.8648767 ],
       [  0.9889883 ]])
<<<<<<<<<<< STEP 16 >>>>>>>>>>>> + array([[-0.50003402],
       [-0.49949093],
       [-0.50009084],
       [-0.50003353],
       [-0.4999934 ],
       [-0.49999963],
       [-0.50000661],
       [-0.50001242],
       [-0.49995605],
       [-0.49998757],
       [-0.50001557],
       [-0.49990285],
       [-0.50003158],
       [-0.50001711],
       [-0.49999222],
       [-0.50000121],
       [-0.4999991 ],
       [-0.49995665],
       [-0.49998939],
       [-0.49999987],
       [-0.50002579],
       [-0.50001016],
       [-0.50002414],
       [-0.50002482],
       [-0.49997905],
       [-0.49999696],
       [-0.49999973],
       [-0.49999679],
       [-0.49977364],
       [-0.49994423],
       [ 0.04876502]])
array([[-15.41559426],
       [ -9.01790714],
       [-12.81152567],
       [-15.42916543],
       [-15.54031663],
       [-16.1680625 ],
       [-15.02647312],
       [-16.11459618],
       [-13.5820892 ],
       [-15.20865627],
       [-15.64425323],
       [-10.79180708],
       [-13.71988324],
       [-15.44755006],
       [-14.56186504],
       [-15.58427814],
       [-15.70086511],
       [-12.4964338 ],
       [-15.38268121],
       [-15.72775908],
       [-15.53856988],
       [-15.07192572],
       [-15.72585047],
       [-15.40883694],
       [-14.94633974],
       [-15.55960288],
       [-15.5985105 ],
       [-15.90130383],
       [-11.43638521],
       [-12.36482093],
       [  1.03775332]])
<<<<<<<<<<< STEP 17 >>>>>>>>>>>> + array([[-0.5000249 ],
       [-0.49970463],
       [-0.50007043],
       [-0.50002455],
       [-0.49999426],
       [-0.49999869],
       [-0.50000357],
       [-0.50000838],
       [-0.49996598],
       [-0.49998988],
       [-0.50001072],
       [-0.49993935],
       [-0.50002287],
       [-0.50001202],
       [-0.49999342],
       [-0.49999992],
       [-0.49999821],
       [-0.49996717],
       [-0.49999094],
       [-0.49999894],
       [-0.50001873],
       [-0.50000586],
       [-0.50001741],
       [-0.50001804],
       [-0.49998372],
       [-0.49999693],
       [-0.49999895],
       [-0.49999668],
       [-0.49983709],
       [-0.49995992],
       [ 0.04666338]])
array([[-15.91561916],
       [ -9.51761177],
       [-13.31159611],
       [-15.92918997],
       [-16.04031088],
       [-16.66806119],
       [-15.5264767 ],
       [-16.61460456],
       [-14.08205519],
       [-15.70864615],
       [-16.14426395],
       [-11.29174642],
       [-14.21990611],
       [-15.94756207],
       [-15.06185845],
       [-16.08427805],
       [-16.20086331],
       [-12.99640097],
       [-15.88267216],
       [-16.22775802],
       [-16.03858861],
       [-15.57193158],
       [-16.22586788],
       [-15.90885498],
       [-15.44632347],
       [-16.05959981],
       [-16.09850945],
       [-16.4013005 ],
       [-11.93622231],
       [-12.86478084],
       [  1.0844167 ]])
<<<<<<<<<<< STEP 18 >>>>>>>>>>>> + array([[-0.50001837],
       [-0.49983098],
       [-0.50005446],
       [-0.50001811],
       [-0.49999518],
       [-0.49999837],
       [-0.50000184],
       [-0.50000573],
       [-0.49997373],
       [-0.49999188],
       [-0.50000748],
       [-0.49996184],
       [-0.50001672],
       [-0.50000854],
       [-0.49999458],
       [-0.49999932],
       [-0.49999796],
       [-0.49997507],
       [-0.4999925 ],
       [-0.4999986 ],
       [-0.50001372],
       [-0.50000331],
       [-0.50001268],
       [-0.50001324],
       [-0.49998739],
       [-0.4999972 ],
       [-0.49999868],
       [-0.49999693],
       [-0.49988155],
       [-0.49997088],
       [ 0.04472402]])
array([[-16.41563753],
       [-10.01744275],
       [-13.81165057],
       [-16.42920809],
       [-16.54030607],
       [-17.16805957],
       [-16.02647853],
       [-17.11461029],
       [-14.58202892],
       [-16.20863803],
       [-16.64427142],
       [-11.79170826],
       [-14.71992283],
       [-16.44757061],
       [-15.56185303],
       [-16.58427738],
       [-16.70086127],
       [-13.49637605],
       [-16.38266465],
       [-16.72775662],
       [-16.53860234],
       [-16.07193489],
       [-16.72588057],
       [-16.40886822],
       [-15.94631086],
       [-16.55959701],
       [-16.59850814],
       [-16.90129743],
       [-12.43610386],
       [-13.36475173],
       [  1.12914072]])
<<<<<<<<<<< STEP 19 >>>>>>>>>>>> + array([[-0.50001364],
       [-0.49990516],
       [-0.50004202],
       [-0.50001346],
       [-0.49999606],
       [-0.49999838],
       [-0.50000086],
       [-0.50000397],
       [-0.49997974],
       [-0.49999356],
       [-0.50000528],
       [-0.49997578],
       [-0.50001232],
       [-0.50000614],
       [-0.49999561],
       [-0.49999911],
       [-0.49999803],
       [-0.49998103],
       [-0.49999391],
       [-0.49999857],
       [-0.50001013],
       [-0.50000183],
       [-0.50000932],
       [-0.50000979],
       [-0.49999026],
       [-0.49999758],
       [-0.49999868],
       [-0.49999733],
       [-0.4999131 ],
       [-0.49997866],
       [ 0.04293163]])
array([[-16.91565117],
       [-10.51734792],
       [-14.31169259],
       [-16.92922155],
       [-17.04030212],
       [-17.66805794],
       [-16.52647939],
       [-17.61461426],
       [-15.08200866],
       [-16.70863158],
       [-17.1442767 ],
       [-12.29168404],
       [-15.21993515],
       [-16.94757676],
       [-16.06184864],
       [-17.08427649],
       [-17.20085929],
       [-13.99635708],
       [-16.88265856],
       [-17.2277552 ],
       [-17.03861247],
       [-16.57193672],
       [-17.22588988],
       [-16.90887801],
       [-16.44630112],
       [-17.05959459],
       [-17.09850682],
       [-17.40129475],
       [-12.93601696],
       [-13.86473038],
       [  1.17207235]])
<<<<<<<<<<< STEP 20 >>>>>>>>>>>> + array([[-0.50001019],
       [-0.4999483 ],
       [-0.50003238],
       [-0.50001006],
       [-0.49999682],
       [-0.49999853],
       [-0.50000032],
       [-0.50000279],
       [-0.49998439],
       [-0.49999493],
       [-0.50000378],
       [-0.49998446],
       [-0.50000914],
       [-0.50000446],
       [-0.4999965 ],
       [-0.49999909],
       [-0.49999824],
       [-0.49998554],
       [-0.49999512],
       [-0.49999869],
       [-0.50000754],
       [-0.50000097],
       [-0.5000069 ],
       [-0.50000728],
       [-0.49999248],
       [-0.49999798],
       [-0.4999988 ],
       [-0.49999776],
       [-0.49993574],
       [-0.49998423],
       [ 0.04127178]])
array([[-17.41566136],
       [-11.01729622],
       [-14.81172496],
       [-17.42923161],
       [-17.54029895],
       [-18.16805647],
       [-17.02647972],
       [-18.11461705],
       [-15.58199305],
       [-17.20862651],
       [-17.64428048],
       [-12.7916685 ],
       [-15.71994429],
       [-17.44758122],
       [-16.56184514],
       [-17.58427558],
       [-17.70085753],
       [-14.49634263],
       [-17.38265368],
       [-17.72775389],
       [-17.53862001],
       [-17.07193769],
       [-17.72589678],
       [-17.40888529],
       [-16.9462936 ],
       [-17.55959257],
       [-17.59850562],
       [-17.90129251],
       [-13.43595269],
       [-14.36471461],
       [  1.21334412]])
<<<<<<<<<<< STEP 21 >>>>>>>>>>>> + array([[-0.50000765],
       [-0.49997308],
       [-0.50002492],
       [-0.50000756],
       [-0.49999747],
       [-0.49999873],
       [-0.50000005],
       [-0.50000198],
       [-0.49998799],
       [-0.49999603],
       [-0.50000273],
       [-0.49998992],
       [-0.50000682],
       [-0.50000327],
       [-0.49999723],
       [-0.49999917],
       [-0.4999985 ],
       [-0.49998896],
       [-0.49999614],
       [-0.49999887],
       [-0.50000564],
       [-0.50000048],
       [-0.50000514],
       [-0.50000545],
       [-0.49999421],
       [-0.49999835],
       [-0.49999897],
       [-0.49999816],
       [-0.49995215],
       [-0.49998826],
       [ 0.03973129]])
array([[-17.91566901],
       [-11.51726929],
       [-15.31174988],
       [-17.92923917],
       [-18.04029642],
       [-18.6680552 ],
       [-17.52647976],
       [-18.61461904],
       [-16.08198104],
       [-17.70862254],
       [-18.1442832 ],
       [-13.29165842],
       [-16.21995111],
       [-17.9475845 ],
       [-17.06184238],
       [-18.08427475],
       [-18.20085604],
       [-14.99633159],
       [-17.88264982],
       [-18.22775276],
       [-18.03862564],
       [-17.57193817],
       [-18.22590192],
       [-17.90889074],
       [-17.44628781],
       [-18.05959092],
       [-18.09850459],
       [-18.40129067],
       [-13.93590485],
       [-14.86470287],
       [  1.25307541]])
<<<<<<<<<<< STEP 22 >>>>>>>>>>>> + array([[-0.50000577],
       [-0.49998705],
       [-0.50001917],
       [-0.5000057 ],
       [-0.49999801],
       [-0.49999894],
       [-0.49999991],
       [-0.50000143],
       [-0.49999076],
       [-0.49999691],
       [-0.50000199],
       [-0.49999338],
       [-0.50000512],
       [-0.50000242],
       [-0.49999783],
       [-0.49999928],
       [-0.49999876],
       [-0.49999157],
       [-0.49999696],
       [-0.49999905],
       [-0.50000424],
       [-0.50000021],
       [-0.50000385],
       [-0.5000041 ],
       [-0.49999554],
       [-0.49999867],
       [-0.49999914],
       [-0.49999852],
       [-0.49996417],
       [-0.49999121],
       [ 0.03829834]])
array([[-18.41567478],
       [-12.01725634],
       [-15.81176905],
       [-18.42924486],
       [-18.54029442],
       [-19.16805415],
       [-18.02647968],
       [-19.11462046],
       [-16.5819718 ],
       [-18.20861945],
       [-18.6442852 ],
       [-13.7916518 ],
       [-16.71995623],
       [-18.44758692],
       [-17.5618402 ],
       [-18.58427403],
       [-18.7008548 ],
       [-15.49632316],
       [-18.38264678],
       [-18.72775181],
       [-18.53862988],
       [-18.07193838],
       [-18.72590577],
       [-18.40889484],
       [-17.94628335],
       [-18.55958959],
       [-18.59850373],
       [-18.90128919],
       [-14.43586902],
       [-15.36469408],
       [  1.29137376]])
<<<<<<<<<<< STEP 23 >>>>>>>>>>>> + array([[-0.50000437],
       [-0.49999473],
       [-0.50001474],
       [-0.50000431],
       [-0.49999844],
       [-0.49999914],
       [-0.49999986],
       [-0.50000104],
       [-0.4999929 ],
       [-0.4999976 ],
       [-0.50000147],
       [-0.49999559],
       [-0.50000386],
       [-0.5000018 ],
       [-0.4999983 ],
       [-0.4999994 ],
       [-0.49999899],
       [-0.49999355],
       [-0.49999762],
       [-0.49999923],
       [-0.5000032 ],
       [-0.50000006],
       [-0.5000029 ],
       [-0.50000309],
       [-0.49999657],
       [-0.49999895],
       [-0.4999993 ],
       [-0.49999882],
       [-0.49997304],
       [-0.49999339],
       [ 0.03696245]])
array([[-18.91567915],
       [-12.51725107],
       [-16.31178379],
       [-18.92924918],
       [-19.04029286],
       [-19.66805329],
       [-18.52647953],
       [-19.6146215 ],
       [-17.0819647 ],
       [-18.70861705],
       [-19.14428666],
       [-14.29164739],
       [-17.21996009],
       [-18.94758872],
       [-18.0618385 ],
       [-19.08427343],
       [-19.20085379],
       [-15.99631671],
       [-18.8826444 ],
       [-19.22775104],
       [-19.03863308],
       [-18.57193844],
       [-19.22590867],
       [-18.90889793],
       [-18.44627992],
       [-19.05958854],
       [-19.09850303],
       [-19.40128802],
       [-14.93584207],
       [-15.86468748],
       [  1.3283362 ]])
<<<<<<<<<<< STEP 24 >>>>>>>>>>>> + array([[-0.50000331],
       [-0.49999878],
       [-0.50001133],
       [-0.50000327],
       [-0.49999878],
       [-0.49999931],
       [-0.49999985],
       [-0.50000076],
       [-0.49999454],
       [-0.49999814],
       [-0.50000109],
       [-0.49999702],
       [-0.50000292],
       [-0.50000135],
       [-0.49999868],
       [-0.49999951],
       [-0.49999919],
       [-0.49999506],
       [-0.49999815],
       [-0.49999938],
       [-0.50000242],
       [-0.49999999],
       [-0.50000219],
       [-0.50000234],
       [-0.49999736],
       [-0.49999917],
       [-0.49999944],
       [-0.49999907],
       [-0.49997964],
       [-0.49999501],
       [ 0.03571432]])
array([[-19.41568246],
       [-13.01724985],
       [-16.81179511],
       [-19.42925245],
       [-19.54029164],
       [-20.16805259],
       [-19.02647938],
       [-20.11462226],
       [-17.58195924],
       [-19.20861519],
       [-19.64428775],
       [-14.79164441],
       [-17.71996301],
       [-19.44759007],
       [-18.56183718],
       [-19.58427293],
       [-19.70085299],
       [-16.49631177],
       [-19.38264255],
       [-19.72775041],
       [-19.5386355 ],
       [-19.07193843],
       [-19.72591087],
       [-19.40890028],
       [-18.94627728],
       [-19.5595877 ],
       [-19.59850246],
       [-19.90128708],
       [-15.4358217 ],
       [-16.36468248],
       [  1.36405052]])
<<<<<<<<<<< STEP 25 >>>>>>>>>>>> + array([[-0.50000252],
       [-0.50000077],
       [-0.50000871],
       [-0.50000249],
       [-0.49999905],
       [-0.49999945],
       [-0.49999985],
       [-0.50000056],
       [-0.4999958 ],
       [-0.49999856],
       [-0.50000081],
       [-0.49999796],
       [-0.50000221],
       [-0.50000101],
       [-0.49999897],
       [-0.4999996 ],
       [-0.49999936],
       [-0.49999621],
       [-0.49999856],
       [-0.4999995 ],
       [-0.50000184],
       [-0.49999996],
       [-0.50000166],
       [-0.50000178],
       [-0.49999797],
       [-0.49999935],
       [-0.49999955],
       [-0.49999927],
       [-0.49998456],
       [-0.49999622],
       [ 0.03454575]])
array([[-19.91568499],
       [-13.51725062],
       [-17.31180382],
       [-19.92925494],
       [-20.04029069],
       [-20.66805204],
       [-19.52647923],
       [-20.61462283],
       [-18.08195504],
       [-19.70861375],
       [-20.14428856],
       [-15.29164237],
       [-18.21996522],
       [-19.94759108],
       [-19.06183616],
       [-20.08427254],
       [-20.20085235],
       [-16.99630798],
       [-19.88264111],
       [-20.22774992],
       [-20.03863734],
       [-19.57193839],
       [-20.22591253],
       [-19.90890206],
       [-19.44627525],
       [-20.05958705],
       [-20.09850201],
       [-20.40128635],
       [-15.93580627],
       [-16.8646787 ],
       [  1.39859627]])
<<<<<<<<<<< STEP 26 >>>>>>>>>>>> + array([[-0.50000192],
       [-0.50000163],
       [-0.50000669],
       [-0.5000019 ],
       [-0.49999926],
       [-0.49999957],
       [-0.49999987],
       [-0.50000042],
       [-0.49999677],
       [-0.49999889],
       [-0.50000061],
       [-0.49999858],
       [-0.50000168],
       [-0.50000077],
       [-0.49999921],
       [-0.49999968],
       [-0.4999995 ],
       [-0.4999971 ],
       [-0.49999889],
       [-0.49999961],
       [-0.5000014 ],
       [-0.49999994],
       [-0.50000126],
       [-0.50000136],
       [-0.49999844],
       [-0.49999949],
       [-0.49999965],
       [-0.49999943],
       [-0.49998827],
       [-0.49999712],
       [ 0.03344949]])
array([[-20.41568691],
       [-14.01725225],
       [-17.81181051],
       [-20.42925684],
       [-20.54028995],
       [-21.16805161],
       [-20.0264791 ],
       [-21.11462324],
       [-18.58195182],
       [-20.20861264],
       [-20.64428918],
       [-15.79164096],
       [-18.71996691],
       [-20.44759185],
       [-19.56183536],
       [-20.58427222],
       [-20.70085185],
       [-17.49630508],
       [-20.38264   ],
       [-20.72774952],
       [-20.53863873],
       [-20.07193833],
       [-20.72591379],
       [-20.40890342],
       [-19.9462737 ],
       [-20.55958654],
       [-20.59850166],
       [-20.90128578],
       [-16.43579453],
       [-17.36467583],
       [  1.43204576]])
<<<<<<<<<<< STEP 27 >>>>>>>>>>>> + array([[-0.50000147],
       [-0.50000188],
       [-0.50000514],
       [-0.50000145],
       [-0.49999943],
       [-0.49999966],
       [-0.49999989],
       [-0.50000031],
       [-0.49999752],
       [-0.49999914],
       [-0.50000046],
       [-0.499999  ],
       [-0.50000128],
       [-0.50000058],
       [-0.49999939],
       [-0.49999975],
       [-0.49999961],
       [-0.49999777],
       [-0.49999914],
       [-0.49999969],
       [-0.50000107],
       [-0.49999994],
       [-0.50000096],
       [-0.50000103],
       [-0.4999988 ],
       [-0.4999996 ],
       [-0.49999972],
       [-0.49999956],
       [-0.49999106],
       [-0.49999781],
       [ 0.03241914]])
array([[-20.91568838],
       [-14.51725412],
       [-18.31181565],
       [-20.92925829],
       [-21.04028938],
       [-21.66805127],
       [-20.526479  ],
       [-21.61462356],
       [-19.08194934],
       [-20.70861178],
       [-21.14428964],
       [-16.29163996],
       [-19.21996819],
       [-20.94759243],
       [-20.06183475],
       [-21.08427197],
       [-21.20085145],
       [-17.99630285],
       [-20.88263914],
       [-21.22774922],
       [-21.0386398 ],
       [-20.57193828],
       [-21.22591475],
       [-20.90890445],
       [-20.4462725 ],
       [-21.05958615],
       [-21.09850138],
       [-21.40128534],
       [-16.93578559],
       [-17.86467364],
       [  1.46446489]])
<<<<<<<<<<< STEP 28 >>>>>>>>>>>> + array([[-0.50000112],
       [-0.50000182],
       [-0.50000395],
       [-0.50000111],
       [-0.49999956],
       [-0.49999973],
       [-0.49999991],
       [-0.50000024],
       [-0.49999809],
       [-0.49999934],
       [-0.50000035],
       [-0.49999929],
       [-0.50000098],
       [-0.50000044],
       [-0.49999953],
       [-0.4999998 ],
       [-0.49999969],
       [-0.49999829],
       [-0.49999933],
       [-0.49999976],
       [-0.50000082],
       [-0.49999995],
       [-0.50000073],
       [-0.50000079],
       [-0.49999908],
       [-0.49999969],
       [-0.49999978],
       [-0.49999966],
       [-0.49999318],
       [-0.49999833],
       [ 0.03144899]])
array([[-21.4156895 ],
       [-15.01725595],
       [-18.8118196 ],
       [-21.4292594 ],
       [-21.54028894],
       [-22.16805101],
       [-21.02647891],
       [-22.1146238 ],
       [-19.58194743],
       [-21.20861112],
       [-21.64428998],
       [-16.79163924],
       [-19.71996917],
       [-21.44759287],
       [-20.56183427],
       [-21.58427177],
       [-21.70085115],
       [-18.49630114],
       [-21.38263847],
       [-21.72774898],
       [-21.53864062],
       [-21.07193823],
       [-21.72591549],
       [-21.40890524],
       [-20.94627157],
       [-21.55958584],
       [-21.59850117],
       [-21.901285  ],
       [-17.43577877],
       [-18.36467196],
       [  1.49591388]])
<<<<<<<<<<< STEP 29 >>>>>>>>>>>> + array([[-0.50000086],
       [-0.50000163],
       [-0.50000304],
       [-0.50000085],
       [-0.49999966],
       [-0.49999979],
       [-0.49999993],
       [-0.50000018],
       [-0.49999853],
       [-0.49999949],
       [-0.50000026],
       [-0.49999949],
       [-0.50000075],
       [-0.50000034],
       [-0.49999963],
       [-0.49999985],
       [-0.49999976],
       [-0.49999869],
       [-0.49999949],
       [-0.49999981],
       [-0.50000062],
       [-0.49999996],
       [-0.50000056],
       [-0.50000061],
       [-0.49999929],
       [-0.49999976],
       [-0.49999983],
       [-0.49999973],
       [-0.49999478],
       [-0.49999872],
       [ 0.03053398]])
array([[-21.91569036],
       [-15.51725758],
       [-19.31182264],
       [-21.92926025],
       [-22.0402886 ],
       [-22.6680508 ],
       [-21.52647883],
       [-22.61462397],
       [-20.08194597],
       [-21.70861061],
       [-22.14429025],
       [-17.29163873],
       [-20.21996992],
       [-21.94759321],
       [-21.06183391],
       [-22.08427162],
       [-22.20085091],
       [-18.99629983],
       [-21.88263796],
       [-22.22774879],
       [-22.03864124],
       [-21.57193818],
       [-22.22591605],
       [-21.90890585],
       [-21.44627087],
       [-22.0595856 ],
       [-22.098501  ],
       [-22.40128473],
       [-17.93577355],
       [-18.86467069],
       [  1.52644786]])
<<<<<<<<<<< STEP 30 >>>>>>>>>>>> + array([[-0.50000066],
       [-0.50000139],
       [-0.50000234],
       [-0.50000065],
       [-0.49999974],
       [-0.49999984],
       [-0.49999994],
       [-0.50000014],
       [-0.49999887],
       [-0.49999961],
       [-0.5000002 ],
       [-0.49999962],
       [-0.50000057],
       [-0.50000026],
       [-0.49999972],
       [-0.49999988],
       [-0.49999982],
       [-0.49999899],
       [-0.4999996 ],
       [-0.49999986],
       [-0.50000048],
       [-0.49999996],
       [-0.50000043],
       [-0.50000046],
       [-0.49999945],
       [-0.49999982],
       [-0.49999987],
       [-0.49999979],
       [-0.49999601],
       [-0.49999902],
       [ 0.0296696 ]])
array([[-22.41569102],
       [-16.01725898],
       [-19.81182498],
       [-22.4292609 ],
       [-22.54028834],
       [-23.16805064],
       [-22.02647877],
       [-23.11462411],
       [-20.58194484],
       [-22.20861022],
       [-22.64429045],
       [-17.79163835],
       [-20.7199705 ],
       [-22.44759347],
       [-21.56183362],
       [-22.5842715 ],
       [-22.70085072],
       [-19.49629882],
       [-22.38263756],
       [-22.72774865],
       [-22.53864172],
       [-22.07193815],
       [-22.72591648],
       [-22.40890631],
       [-21.94627032],
       [-22.55958542],
       [-22.59850087],
       [-22.90128452],
       [-18.43576956],
       [-19.36466971],
       [  1.55611745]])
<<<<<<<<<<< STEP 31 >>>>>>>>>>>> + array([[-0.50000051],
       [-0.50000116],
       [-0.5000018 ],
       [-0.5000005 ],
       [-0.4999998 ],
       [-0.49999988],
       [-0.49999995],
       [-0.5000001 ],
       [-0.49999913],
       [-0.4999997 ],
       [-0.50000015],
       [-0.49999972],
       [-0.50000044],
       [-0.5000002 ],
       [-0.49999978],
       [-0.49999991],
       [-0.49999986],
       [-0.49999923],
       [-0.49999969],
       [-0.49999989],
       [-0.50000037],
       [-0.49999997],
       [-0.50000033],
       [-0.50000036],
       [-0.49999958],
       [-0.49999986],
       [-0.4999999 ],
       [-0.49999984],
       [-0.49999694],
       [-0.49999925],
       [ 0.0288518 ]])
array([[-22.91569152],
       [-16.51726013],
       [-20.31182677],
       [-22.9292614 ],
       [-23.04028814],
       [-23.66805051],
       [-22.52647873],
       [-23.61462421],
       [-21.08194398],
       [-22.70860992],
       [-23.1442906 ],
       [-18.29163808],
       [-21.21997094],
       [-22.94759366],
       [-22.06183341],
       [-23.08427141],
       [-23.20085058],
       [-19.99629805],
       [-22.88263726],
       [-23.22774853],
       [-23.03864209],
       [-22.57193812],
       [-23.22591681],
       [-22.90890667],
       [-22.4462699 ],
       [-23.05958528],
       [-23.09850077],
       [-23.40128436],
       [-18.9357665 ],
       [-19.86466896],
       [  1.58496925]])
<<<<<<<<<<< STEP 32 >>>>>>>>>>>> + array([[-0.50000039],
       [-0.50000094],
       [-0.50000138],
       [-0.50000038],
       [-0.49999984],
       [-0.4999999 ],
       [-0.49999996],
       [-0.50000008],
       [-0.49999933],
       [-0.49999977],
       [-0.50000012],
       [-0.49999979],
       [-0.50000034],
       [-0.50000015],
       [-0.49999983],
       [-0.49999993],
       [-0.49999989],
       [-0.4999994 ],
       [-0.49999976],
       [-0.49999991],
       [-0.50000028],
       [-0.49999998],
       [-0.50000025],
       [-0.50000027],
       [-0.49999968],
       [-0.49999989],
       [-0.49999992],
       [-0.49999988],
       [-0.49999765],
       [-0.49999942],
       [ 0.02807696]])
array([[-23.41569191],
       [-17.01726107],
       [-20.81182815],
       [-23.42926179],
       [-23.54028798],
       [-24.16805042],
       [-23.02647869],
       [-24.11462429],
       [-21.58194331],
       [-23.20860969],
       [-23.64429072],
       [-18.79163787],
       [-21.71997128],
       [-23.44759381],
       [-22.56183324],
       [-23.58427134],
       [-23.70085047],
       [-20.49629745],
       [-23.38263702],
       [-23.72774845],
       [-23.53864237],
       [-23.07193809],
       [-23.72591706],
       [-23.40890694],
       [-22.94626958],
       [-23.55958517],
       [-23.59850069],
       [-23.90128424],
       [-19.43576415],
       [-20.36466838],
       [  1.61304621]])
<<<<<<<<<<< STEP 33 >>>>>>>>>>>> + array([[-0.5000003 ],
       [-0.50000076],
       [-0.50000106],
       [-0.50000029],
       [-0.49999988],
       [-0.49999993],
       [-0.49999997],
       [-0.50000006],
       [-0.49999949],
       [-0.49999982],
       [-0.50000009],
       [-0.49999985],
       [-0.50000026],
       [-0.50000012],
       [-0.49999987],
       [-0.49999994],
       [-0.49999991],
       [-0.49999954],
       [-0.49999982],
       [-0.49999993],
       [-0.50000022],
       [-0.49999998],
       [-0.50000019],
       [-0.50000021],
       [-0.49999975],
       [-0.49999992],
       [-0.49999994],
       [-0.49999991],
       [-0.4999982 ],
       [-0.49999956],
       [ 0.02734182]])
array([[-23.91569221],
       [-17.51726183],
       [-21.31182922],
       [-23.92926208],
       [-24.04028786],
       [-24.66805034],
       [-23.52647866],
       [-24.61462435],
       [-22.0819428 ],
       [-23.70860951],
       [-24.14429081],
       [-19.29163772],
       [-22.21997153],
       [-23.94759393],
       [-23.06183311],
       [-24.08427128],
       [-24.20085038],
       [-20.99629699],
       [-23.88263684],
       [-24.22774838],
       [-24.03864258],
       [-23.57193807],
       [-24.22591726],
       [-23.90890715],
       [-23.44626933],
       [-24.05958508],
       [-24.09850063],
       [-24.40128415],
       [-19.93576235],
       [-20.86466794],
       [  1.64038803]])
<<<<<<<<<<< STEP 34 >>>>>>>>>>>> + array([[-0.50000023],
       [-0.5000006 ],
       [-0.50000082],
       [-0.50000023],
       [-0.49999991],
       [-0.49999994],
       [-0.49999998],
       [-0.50000005],
       [-0.49999961],
       [-0.49999986],
       [-0.50000007],
       [-0.49999988],
       [-0.5000002 ],
       [-0.50000009],
       [-0.4999999 ],
       [-0.49999996],
       [-0.49999993],
       [-0.49999965],
       [-0.49999986],
       [-0.49999995],
       [-0.50000017],
       [-0.49999998],
       [-0.50000015],
       [-0.50000016],
       [-0.49999981],
       [-0.49999993],
       [-0.49999995],
       [-0.49999993],
       [-0.49999862],
       [-0.49999966],
       [ 0.02664344]])
array([[-24.41569244],
       [-18.01726243],
       [-21.81183004],
       [-24.42926231],
       [-24.54028777],
       [-25.16805029],
       [-24.02647864],
       [-25.1146244 ],
       [-22.5819424 ],
       [-24.20860937],
       [-24.64429088],
       [-19.7916376 ],
       [-22.71997173],
       [-24.44759402],
       [-23.56183301],
       [-24.58427124],
       [-24.70085032],
       [-21.49629664],
       [-24.3826367 ],
       [-24.72774833],
       [-24.53864275],
       [-24.07193806],
       [-24.72591741],
       [-24.40890731],
       [-23.94626914],
       [-24.55958502],
       [-24.59850058],
       [-24.90128407],
       [-20.43576097],
       [-21.3646676 ],
       [  1.66703146]])
<<<<<<<<<<< STEP 35 >>>>>>>>>>>> + array([[-0.50000018],
       [-0.50000047],
       [-0.50000063],
       [-0.50000017],
       [-0.49999993],
       [-0.49999996],
       [-0.49999998],
       [-0.50000004],
       [-0.4999997 ],
       [-0.49999989],
       [-0.50000005],
       [-0.49999991],
       [-0.50000015],
       [-0.50000007],
       [-0.49999992],
       [-0.49999997],
       [-0.49999995],
       [-0.49999973],
       [-0.49999989],
       [-0.49999996],
       [-0.50000013],
       [-0.49999999],
       [-0.50000011],
       [-0.50000012],
       [-0.49999985],
       [-0.49999995],
       [-0.49999996],
       [-0.49999994],
       [-0.49999894],
       [-0.49999974],
       [ 0.02597916]])
array([[-24.91569261],
       [-18.5172629 ],
       [-22.31183067],
       [-24.92926248],
       [-25.0402877 ],
       [-25.66805024],
       [-24.52647862],
       [-25.61462443],
       [-23.0819421 ],
       [-24.70860926],
       [-25.14429093],
       [-20.29163752],
       [-23.21997189],
       [-24.94759408],
       [-24.06183293],
       [-25.08427121],
       [-25.20085027],
       [-21.99629637],
       [-24.88263659],
       [-25.22774829],
       [-25.03864288],
       [-24.57193804],
       [-25.22591752],
       [-24.90890743],
       [-24.44626899],
       [-25.05958497],
       [-25.09850054],
       [-25.40128402],
       [-20.9357599 ],
       [-21.86466734],
       [  1.69301062]])
<<<<<<<<<<< STEP 36 >>>>>>>>>>>> + array([[-0.50000014],
       [-0.50000037],
       [-0.50000048],
       [-0.50000013],
       [-0.49999994],
       [-0.49999997],
       [-0.49999999],
       [-0.50000003],
       [-0.49999977],
       [-0.49999992],
       [-0.50000004],
       [-0.49999993],
       [-0.50000012],
       [-0.50000005],
       [-0.49999994],
       [-0.49999997],
       [-0.49999996],
       [-0.49999979],
       [-0.49999992],
       [-0.49999997],
       [-0.5000001 ],
       [-0.49999999],
       [-0.50000009],
       [-0.5000001 ],
       [-0.49999989],
       [-0.49999996],
       [-0.49999997],
       [-0.49999996],
       [-0.49999918],
       [-0.4999998 ],
       [ 0.02534657]])
array([[-25.41569275],
       [-19.01726327],
       [-22.81183115],
       [-25.42926262],
       [-25.54028764],
       [-26.16805021],
       [-25.02647861],
       [-26.11462446],
       [-23.58194187],
       [-25.20860918],
       [-25.64429097],
       [-20.79163745],
       [-23.719972  ],
       [-25.44759414],
       [-24.56183287],
       [-25.58427118],
       [-25.70085023],
       [-22.49629616],
       [-25.38263651],
       [-25.72774826],
       [-25.53864298],
       [-25.07193804],
       [-25.72591761],
       [-25.40890753],
       [-24.94626888],
       [-25.55958493],
       [-25.59850052],
       [-25.90128397],
       [-21.43575908],
       [-22.36466714],
       [  1.71835719]])
<<<<<<<<<<< STEP 37 >>>>>>>>>>>> + array([[-0.5000001 ],
       [-0.50000029],
       [-0.50000037],
       [-0.5000001 ],
       [-0.49999996],
       [-0.49999997],
       [-0.49999999],
       [-0.50000002],
       [-0.49999982],
       [-0.49999994],
       [-0.50000003],
       [-0.49999995],
       [-0.50000009],
       [-0.50000004],
       [-0.49999995],
       [-0.49999998],
       [-0.49999997],
       [-0.49999984],
       [-0.49999994],
       [-0.49999998],
       [-0.50000008],
       [-0.49999999],
       [-0.50000007],
       [-0.50000007],
       [-0.49999991],
       [-0.49999997],
       [-0.49999998],
       [-0.49999997],
       [-0.49999937],
       [-0.49999985],
       [ 0.02474348]])
array([[-25.91569285],
       [-19.51726356],
       [-23.31183152],
       [-25.92926272],
       [-26.0402876 ],
       [-26.66805018],
       [-25.5264786 ],
       [-26.61462448],
       [-24.08194169],
       [-25.70860912],
       [-26.14429101],
       [-21.2916374 ],
       [-24.2199721 ],
       [-25.94759418],
       [-25.06183283],
       [-26.08427116],
       [-26.2008502 ],
       [-22.996296  ],
       [-25.88263644],
       [-26.22774823],
       [-26.03864305],
       [-25.57193803],
       [-26.22591768],
       [-25.9089076 ],
       [-25.44626879],
       [-26.0595849 ],
       [-26.09850049],
       [-26.40128394],
       [-21.93575845],
       [-22.86466699],
       [  1.74310068]])
<<<<<<<<<<< STEP 38 >>>>>>>>>>>> + array([[-0.50000008],
       [-0.50000023],
       [-0.50000029],
       [-0.50000008],
       [-0.49999997],
       [-0.49999998],
       [-0.49999999],
       [-0.50000002],
       [-0.49999986],
       [-0.49999995],
       [-0.50000002],
       [-0.49999996],
       [-0.50000007],
       [-0.50000003],
       [-0.49999996],
       [-0.49999998],
       [-0.49999998],
       [-0.49999988],
       [-0.49999995],
       [-0.49999998],
       [-0.50000006],
       [-0.49999999],
       [-0.50000005],
       [-0.50000006],
       [-0.49999993],
       [-0.49999998],
       [-0.49999998],
       [-0.49999997],
       [-0.49999952],
       [-0.49999988],
       [ 0.0241679 ]])
array([[-26.41569293],
       [-20.01726379],
       [-23.81183181],
       [-26.4292628 ],
       [-26.54028757],
       [-27.16805016],
       [-26.02647859],
       [-27.1146245 ],
       [-24.58194155],
       [-26.20860907],
       [-26.64429103],
       [-21.79163736],
       [-24.71997217],
       [-26.44759421],
       [-25.56183279],
       [-26.58427114],
       [-26.70085017],
       [-23.49629588],
       [-26.38263639],
       [-26.72774821],
       [-26.53864311],
       [-26.07193802],
       [-26.72591773],
       [-26.40890766],
       [-25.94626872],
       [-26.55958488],
       [-26.59850048],
       [-26.90128391],
       [-22.43575797],
       [-23.36466687],
       [  1.76726858]])
<<<<<<<<<<< STEP 39 >>>>>>>>>>>> + array([[-0.50000006],
       [-0.50000018],
       [-0.50000022],
       [-0.50000006],
       [-0.49999997],
       [-0.49999998],
       [-0.49999999],
       [-0.50000001],
       [-0.49999989],
       [-0.49999996],
       [-0.50000002],
       [-0.49999997],
       [-0.50000005],
       [-0.50000002],
       [-0.49999997],
       [-0.49999999],
       [-0.49999998],
       [-0.4999999 ],
       [-0.49999996],
       [-0.49999999],
       [-0.50000004],
       [-0.5       ],
       [-0.50000004],
       [-0.50000004],
       [-0.49999995],
       [-0.49999998],
       [-0.49999999],
       [-0.49999998],
       [-0.49999963],
       [-0.49999991],
       [ 0.02361801]])
array([[-26.915693  ],
       [-20.51726397],
       [-24.31183203],
       [-26.92926286],
       [-27.04028754],
       [-27.66805015],
       [-26.52647859],
       [-27.61462451],
       [-25.08194144],
       [-26.70860903],
       [-27.14429105],
       [-22.29163733],
       [-25.21997222],
       [-26.94759423],
       [-26.06183277],
       [-27.08427113],
       [-27.20085016],
       [-23.99629578],
       [-26.88263636],
       [-27.2277482 ],
       [-27.03864315],
       [-26.57193802],
       [-27.22591777],
       [-26.9089077 ],
       [-26.44626867],
       [-27.05958486],
       [-27.09850047],
       [-27.40128389],
       [-22.93575759],
       [-23.86466678],
       [  1.79088659]])
