<<<<<<<<<<< STEP 0 >>>>>>>>>>>> + array([[-0.96674809],
       [ 0.0386906 ],
       [-1.013968  ],
       [-1.03017154],
       [-0.03891845],
       [-1.02629333],
       [-0.96247874],
       [ 0.0206813 ],
       [-0.04344056],
       [-0.03891917],
       [-0.97343733],
       [-0.96378358],
       [-0.97742621],
       [-0.88641109],
       [-0.96999981],
       [-1.02731452],
       [-1.01728438],
       [-0.96711553],
       [-0.58780341],
       [-1.02713823],
       [-0.9743901 ],
       [-0.14526209],
       [-0.03271946],
       [-1.02285851],
       [-0.96096558],
       [-1.03370997],
       [-1.03170797],
       [-0.96992944],
       [-1.02716781],
       [-0.97691196],
       [-0.95698859],
       [ 0.01515212],
       [-1.03275515],
       [-0.97299248],
       [-0.96559625],
       [ 0.03179956],
       [-1.02442921],
       [-0.96495006],
       [-0.88354524],
       [-0.06502187]])
array([[-0.96674809],
       [ 0.0386906 ],
       [-1.013968  ],
       [-1.03017154],
       [-0.03891845],
       [-1.02629333],
       [-0.96247874],
       [ 0.0206813 ],
       [-0.04344056],
       [-0.03891917],
       [-0.97343733],
       [-0.96378358],
       [-0.97742621],
       [-0.88641109],
       [-0.96999981],
       [-1.02731452],
       [-1.01728438],
       [-0.96711553],
       [-0.58780341],
       [-1.02713823],
       [-0.9743901 ],
       [-0.14526209],
       [-0.03271946],
       [-1.02285851],
       [-0.96096558],
       [-1.03370997],
       [-1.03170797],
       [-0.96992944],
       [-1.02716781],
       [-0.97691196],
       [-0.95698859],
       [ 0.01515212],
       [-1.03275515],
       [-0.97299248],
       [-0.96559625],
       [ 0.03179956],
       [-1.02442921],
       [-0.96495006],
       [-0.88354524],
       [-0.06502187]])
<<<<<<<<<<< STEP 1 >>>>>>>>>>>> + array([[-0.95929622],
       [-0.03433119],
       [-1.00140176],
       [-0.92359855],
       [-0.0593306 ],
       [-1.02524703],
       [-0.95633791],
       [-0.04988665],
       [-0.11215746],
       [-0.11275642],
       [-0.97112458],
       [-0.82157584],
       [-0.89735294],
       [-0.79987375],
       [-0.95990512],
       [-1.02342879],
       [-0.90705092],
       [-0.9570372 ],
       [-0.61064944],
       [-1.0209885 ],
       [-0.90188676],
       [-0.21148477],
       [-0.10446305],
       [-1.02070344],
       [-0.95914205],
       [-0.93388923],
       [-1.02549228],
       [-0.83291766],
       [-1.02447033],
       [-0.97274591],
       [-0.82548248],
       [-0.0600272 ],
       [-1.02901184],
       [-0.96541838],
       [-0.96702056],
       [ 0.0501288 ],
       [-1.0282835 ],
       [-0.8368801 ],
       [-0.79864245],
       [-0.13395056]])
array([[-1.92604431],
       [ 0.00435941],
       [-2.01536976],
       [-1.95377008],
       [-0.09824905],
       [-2.05154036],
       [-1.91881664],
       [-0.02920535],
       [-0.15559802],
       [-0.1516756 ],
       [-1.9445619 ],
       [-1.78535942],
       [-1.87477914],
       [-1.68628484],
       [-1.92990493],
       [-2.05074331],
       [-1.9243353 ],
       [-1.92415273],
       [-1.19845286],
       [-2.04812673],
       [-1.87627686],
       [-0.35674686],
       [-0.13718252],
       [-2.04356195],
       [-1.92010763],
       [-1.9675992 ],
       [-2.05720025],
       [-1.80284709],
       [-2.05163814],
       [-1.94965786],
       [-1.78247107],
       [-0.04487509],
       [-2.06176699],
       [-1.93841086],
       [-1.93261681],
       [ 0.08192836],
       [-2.05271271],
       [-1.80183017],
       [-1.68218769],
       [-0.19897243]])
<<<<<<<<<<< STEP 2 >>>>>>>>>>>> + array([[-0.9473462 ],
       [-0.05668228],
       [-0.98706363],
       [-0.82420282],
       [-0.0906758 ],
       [-1.01684139],
       [-0.94352376],
       [-0.07043255],
       [-0.13626642],
       [-0.13426781],
       [-0.96479307],
       [-0.69441222],
       [-0.81551078],
       [-0.72470452],
       [-0.9536437 ],
       [-1.00474594],
       [-0.8048427 ],
       [-0.94621652],
       [-0.63787803],
       [-1.0032669 ],
       [-0.82297868],
       [-0.23525042],
       [-0.12512447],
       [-1.01338438],
       [-0.95332375],
       [-0.83209845],
       [-1.0116478 ],
       [-0.70694919],
       [-1.00847402],
       [-0.9519324 ],
       [-0.70133142],
       [-0.08413782],
       [-1.01288862],
       [-0.95949044],
       [-0.96502988],
       [ 0.07511799],
       [-1.01390891],
       [-0.71563026],
       [-0.72125447],
       [-0.16018731]])
array([[-2.87339052],
       [-0.05232287],
       [-3.00243339],
       [-2.7779729 ],
       [-0.18892485],
       [-3.06838175],
       [-2.8623404 ],
       [-0.0996379 ],
       [-0.29186444],
       [-0.2859434 ],
       [-2.90935497],
       [-2.47977164],
       [-2.69028993],
       [-2.41098935],
       [-2.88354863],
       [-3.05548925],
       [-2.729178  ],
       [-2.87036926],
       [-1.83633089],
       [-3.05139363],
       [-2.69925555],
       [-0.59199728],
       [-0.26230699],
       [-3.05694633],
       [-2.87343139],
       [-2.79969765],
       [-3.06884805],
       [-2.50979629],
       [-3.06011216],
       [-2.90159027],
       [-2.48380249],
       [-0.12901291],
       [-3.07465561],
       [-2.89790131],
       [-2.89764669],
       [ 0.15704636],
       [-3.06662163],
       [-2.51746043],
       [-2.40344216],
       [-0.35915974]])
<<<<<<<<<<< STEP 3 >>>>>>>>>>>> + array([[-0.91971576],
       [-0.05244596],
       [-0.94997698],
       [-0.75304686],
       [-0.13252385],
       [-0.99467335],
       [-0.91458905],
       [-0.06851462],
       [-0.13676046],
       [-0.13030466],
       [-0.95112973],
       [-0.60420755],
       [-0.75153111],
       [-0.66804242],
       [-0.93511413],
       [-0.96517168],
       [-0.73174025],
       [-0.92154585],
       [-0.65547463],
       [-0.96208369],
       [-0.75914301],
       [-0.23092842],
       [-0.11961654],
       [-0.98971367],
       [-0.93188397],
       [-0.75709578],
       [-0.98269989],
       [-0.61740502],
       [-0.96794932],
       [-0.91479391],
       [-0.61118305],
       [-0.08499673],
       [-0.97532646],
       [-0.95070576],
       [-0.95129086],
       [ 0.10297312],
       [-0.97748935],
       [-0.62839318],
       [-0.66261482],
       [-0.16333843]])
array([[-3.79310628],
       [-0.10476884],
       [-3.95241038],
       [-3.53101977],
       [-0.32144871],
       [-4.06305511],
       [-3.77692945],
       [-0.16815252],
       [-0.4286249 ],
       [-0.41624806],
       [-3.8604847 ],
       [-3.08397919],
       [-3.44182104],
       [-3.07903177],
       [-3.81866275],
       [-4.02066093],
       [-3.46091825],
       [-3.79191511],
       [-2.49180551],
       [-4.01347733],
       [-3.45839855],
       [-0.8229257 ],
       [-0.38192353],
       [-4.04666001],
       [-3.80531536],
       [-3.55679343],
       [-4.05154794],
       [-3.12720131],
       [-4.02806148],
       [-3.81638417],
       [-3.09498554],
       [-0.21400964],
       [-4.04998207],
       [-3.84860707],
       [-3.84893755],
       [ 0.26001948],
       [-4.04411098],
       [-3.14585361],
       [-3.06605698],
       [-0.52249817]])
<<<<<<<<<<< STEP 4 >>>>>>>>>>>> + array([[-0.85931644],
       [-0.04019007],
       [-0.87945503],
       [-0.70189622],
       [-0.18077832],
       [-0.94942001],
       [-0.85407945],
       [-0.06018694],
       [-0.12893129],
       [-0.11725814],
       [-0.91242014],
       [-0.54389098],
       [-0.70431712],
       [-0.62681619],
       [-0.88528409],
       [-0.8976436 ],
       [-0.68091505],
       [-0.86657363],
       [-0.65909013],
       [-0.88978564],
       [-0.70999256],
       [-0.21419375],
       [-0.10499746],
       [-0.9386135 ],
       [-0.87831464],
       [-0.70419794],
       [-0.92819412],
       [-0.55772573],
       [-0.89500993],
       [-0.84874222],
       [-0.55110468],
       [-0.07957908],
       [-0.90792227],
       [-0.92134125],
       [-0.90882419],
       [ 0.12618288],
       [-0.91277845],
       [-0.56985433],
       [-0.62151767],
       [-0.15825562]])
array([[-4.65242272],
       [-0.14495891],
       [-4.83186541],
       [-4.23291599],
       [-0.50222702],
       [-5.01247512],
       [-4.63100889],
       [-0.22833946],
       [-0.55755618],
       [-0.53350621],
       [-4.77290484],
       [-3.62787018],
       [-4.14613815],
       [-3.70584796],
       [-4.70394684],
       [-4.91830453],
       [-4.1418333 ],
       [-4.65848874],
       [-3.15089564],
       [-4.90326296],
       [-4.16839111],
       [-1.03711945],
       [-0.48692099],
       [-4.9852735 ],
       [-4.68363   ],
       [-4.26099136],
       [-4.97974206],
       [-3.68492703],
       [-4.92307141],
       [-4.66512639],
       [-3.64609022],
       [-0.29358872],
       [-4.95790434],
       [-4.76994832],
       [-4.75776174],
       [ 0.38620236],
       [-4.95688942],
       [-3.71570795],
       [-3.68757465],
       [-0.68075379]])
<<<<<<<<<<< STEP 5 >>>>>>>>>>>> + array([[-0.76890032],
       [-0.02835619],
       [-0.78461918],
       [-0.66197632],
       [-0.22391058],
       [-0.86839542],
       [-0.7655199 ],
       [-0.05045377],
       [-0.11855735],
       [-0.10268636],
       [-0.83275059],
       [-0.50684487],
       [-0.66750659],
       [-0.59592795],
       [-0.80083603],
       [-0.80616369],
       [-0.64432625],
       [-0.78148738],
       [-0.64912213],
       [-0.79444676],
       [-0.66928113],
       [-0.19360779],
       [-0.08990547],
       [-0.85146917],
       [-0.79185173],
       [-0.66350228],
       [-0.84146564],
       [-0.52005354],
       [-0.7975528 ],
       [-0.75715485],
       [-0.51503597],
       [-0.07344004],
       [-0.8143256 ],
       [-0.8506576 ],
       [-0.82700309],
       [ 0.13454879],
       [-0.82123577],
       [-0.53188801],
       [-0.59359981],
       [-0.15144235]])
array([[-5.42132304],
       [-0.17331509],
       [-5.61648459],
       [-4.89489231],
       [-0.7261376 ],
       [-5.88087053],
       [-5.39652879],
       [-0.27879322],
       [-0.67611353],
       [-0.63619257],
       [-5.60565543],
       [-4.13471505],
       [-4.81364474],
       [-4.30177591],
       [-5.50478288],
       [-5.72446822],
       [-4.78615955],
       [-5.43997612],
       [-3.80001778],
       [-5.69770972],
       [-4.83767225],
       [-1.23072724],
       [-0.57682646],
       [-5.83674267],
       [-5.47548173],
       [-4.92449364],
       [-5.8212077 ],
       [-4.20498058],
       [-5.72062422],
       [-5.42228124],
       [-4.16112619],
       [-0.36702876],
       [-5.77222994],
       [-5.62060592],
       [-5.58476482],
       [ 0.52075114],
       [-5.77812519],
       [-4.24759596],
       [-4.28117446],
       [-0.83219614]])
<<<<<<<<<<< STEP 6 >>>>>>>>>>>> + array([[-0.67882754],
       [-0.01977894],
       [-0.69423684],
       [-0.62891312],
       [-0.24557205],
       [-0.76435651],
       [-0.67740004],
       [-0.04064836],
       [-0.10795232],
       [-0.09049343],
       [-0.73063403],
       [-0.48842464],
       [-0.6356289 ],
       [-0.57266546],
       [-0.70688928],
       [-0.71397114],
       [-0.61634673],
       [-0.69194113],
       [-0.62909193],
       [-0.70286246],
       [-0.63409829],
       [-0.17293421],
       [-0.07821191],
       [-0.74731034],
       [-0.69879908],
       [-0.62898997],
       [-0.74194488],
       [-0.49901768],
       [-0.70407959],
       [-0.66867965],
       [-0.4979356 ],
       [-0.06745683],
       [-0.71885301],
       [-0.74990186],
       [-0.72753504],
       [ 0.12248966],
       [-0.72529154],
       [-0.50983407],
       [-0.57373876],
       [-0.14563674]])
array([[-6.10015057],
       [-0.19309403],
       [-6.31072143],
       [-5.52380543],
       [-0.97170965],
       [-6.64522705],
       [-6.07392883],
       [-0.31944159],
       [-0.78406584],
       [-0.726686  ],
       [-6.33628946],
       [-4.62313969],
       [-5.44927364],
       [-4.87444137],
       [-6.21167215],
       [-6.43843936],
       [-5.40250628],
       [-6.13191725],
       [-4.42910971],
       [-6.40057217],
       [-5.47177053],
       [-1.40366144],
       [-0.65503837],
       [-6.58405301],
       [-6.17428081],
       [-5.55348362],
       [-6.56315258],
       [-4.70399826],
       [-6.42470381],
       [-6.09096088],
       [-4.65906179],
       [-0.43448559],
       [-6.49108295],
       [-6.37050777],
       [-6.31229986],
       [ 0.64324081],
       [-6.50341673],
       [-4.75743003],
       [-4.85491322],
       [-0.97783288]])
<<<<<<<<<<< STEP 7 >>>>>>>>>>>> + array([[-0.6119305 ],
       [-0.01398078],
       [-0.62749565],
       [-0.60175282],
       [-0.24250826],
       [-0.67387916],
       [-0.61109423],
       [-0.03158189],
       [-0.09855776],
       [-0.08167717],
       [-0.64441143],
       [-0.48171522],
       [-0.6075581 ],
       [-0.55592427],
       [-0.63137891],
       [-0.64205458],
       [-0.59378625],
       [-0.62171443],
       [-0.60611756],
       [-0.63401748],
       [-0.60531917],
       [-0.15364415],
       [-0.07009298],
       [-0.66082768],
       [-0.62524615],
       [-0.60017582],
       [-0.66037113],
       [-0.48886226],
       [-0.63468802],
       [-0.60386349],
       [-0.49230248],
       [-0.06170863],
       [-0.64421505],
       [-0.65975396],
       [-0.64527645],
       [ 0.09846287],
       [-0.64906281],
       [-0.49861485],
       [-0.55791351],
       [-0.14215745]])
array([[-6.71208107],
       [-0.20707481],
       [-6.93821708],
       [-6.12555825],
       [-1.21421791],
       [-7.3191062 ],
       [-6.68502306],
       [-0.35102348],
       [-0.8826236 ],
       [-0.80836317],
       [-6.98070089],
       [-5.10485492],
       [-6.05683174],
       [-5.43036564],
       [-6.84305106],
       [-7.08049393],
       [-5.99629253],
       [-6.75363168],
       [-5.03522726],
       [-7.03458966],
       [-6.0770897 ],
       [-1.5573056 ],
       [-0.72513135],
       [-7.24488069],
       [-6.79952696],
       [-6.15365944],
       [-7.22352371],
       [-5.19286052],
       [-7.05939183],
       [-6.69482438],
       [-5.15136426],
       [-0.49619422],
       [-7.135298  ],
       [-7.03026173],
       [-6.95757631],
       [ 0.74170368],
       [-7.15247954],
       [-5.25604488],
       [-5.41282673],
       [-1.11999032]])
<<<<<<<<<<< STEP 8 >>>>>>>>>>>> + array([[-0.56890649],
       [-0.00988106],
       [-0.5838035 ],
       [-0.57998803],
       [-0.22427243],
       [-0.61171041],
       [-0.56794505],
       [-0.02377139],
       [-0.09088735],
       [-0.07556945],
       [-0.5868108 ],
       [-0.48066986],
       [-0.58414938],
       [-0.54391378],
       [-0.58092332],
       [-0.59350463],
       [-0.57516939],
       [-0.57501637],
       [-0.58511251],
       [-0.58832545],
       [-0.58277495],
       [-0.13645969],
       [-0.06448369],
       [-0.60257762],
       [-0.57646635],
       [-0.57738195],
       [-0.60509146],
       [-0.48488382],
       [-0.58910198],
       [-0.56253587],
       [-0.49181057],
       [-0.0565842 ],
       [-0.59407868],
       [-0.59796651],
       [-0.5902513 ],
       [ 0.07377458],
       [-0.59751381],
       [-0.49356344],
       [-0.54493615],
       [-0.1415165 ]])
array([[-7.28098757],
       [-0.21695587],
       [-7.52202057],
       [-6.70554628],
       [-1.43849034],
       [-7.93081661],
       [-7.25296812],
       [-0.37479487],
       [-0.97351096],
       [-0.88393261],
       [-7.56751169],
       [-5.58552478],
       [-6.64098112],
       [-5.97427942],
       [-7.42397438],
       [-7.67399856],
       [-6.57146192],
       [-7.32864805],
       [-5.62033977],
       [-7.6229151 ],
       [-6.65986465],
       [-1.69376529],
       [-0.78961504],
       [-7.84745831],
       [-7.37599331],
       [-6.73104139],
       [-7.82861517],
       [-5.67774434],
       [-7.64849381],
       [-7.25736025],
       [-5.64317484],
       [-0.55277842],
       [-7.72937668],
       [-7.62822824],
       [-7.54782762],
       [ 0.81547825],
       [-7.74999335],
       [-5.74960832],
       [-5.95776287],
       [-1.26150682]])
<<<<<<<<<<< STEP 9 >>>>>>>>>>>> + array([[-0.54251851],
       [-0.00683588],
       [-0.55602703],
       [-0.56274727],
       [-0.20024965],
       [-0.57236032],
       [-0.54135776],
       [-0.01733174],
       [-0.08494988],
       [-0.07139952],
       [-0.55155553],
       [-0.48212549],
       [-0.56545098],
       [-0.53491477],
       [-0.54959323],
       [-0.56229474],
       [-0.55981783],
       [-0.54596669],
       [-0.56746947],
       [-0.55906943],
       [-0.56515205],
       [-0.12175183],
       [-0.06056352],
       [-0.566001  ],
       [-0.54633908],
       [-0.55977151],
       [-0.56979815],
       [-0.48428652],
       [-0.5600141 ],
       [-0.53744168],
       [-0.49333146],
       [-0.05233628],
       [-0.56211054],
       [-0.55963281],
       [-0.55610155],
       [ 0.05323977],
       [-0.56454208],
       [-0.49187057],
       [-0.53463171],
       [-0.14383027]])
array([[-7.82350608],
       [-0.22379175],
       [-8.0780476 ],
       [-7.26829354],
       [-1.63873999],
       [-8.50317693],
       [-7.79432588],
       [-0.39212661],
       [-1.05846084],
       [-0.95533213],
       [-8.11906722],
       [-6.06765027],
       [-7.20643211],
       [-6.50919419],
       [-7.97356761],
       [-8.2362933 ],
       [-7.13127975],
       [-7.87461474],
       [-6.18780924],
       [-8.18198453],
       [-7.2250167 ],
       [-1.81551712],
       [-0.85017856],
       [-8.41345932],
       [-7.92233239],
       [-7.2908129 ],
       [-8.39841332],
       [-6.16203086],
       [-8.20850791],
       [-7.79480193],
       [-6.1365063 ],
       [-0.6051147 ],
       [-8.29148722],
       [-8.18786105],
       [-8.10392916],
       [ 0.86871802],
       [-8.31453543],
       [-6.24147889],
       [-6.49239458],
       [-1.40533709]])
