<<<<<<<<<<< STEP 0 >>>>>>>>>>>> + array([[-0.95695751],
       [-1.03404276],
       [-1.02787747],
       [-1.03022006],
       [-0.03264859],
       [-0.96575313],
       [ 0.03302175],
       [-1.02566593],
       [-0.95410612],
       [-0.96705498],
       [-0.96752861],
       [-0.97752494],
       [-0.96357071],
       [-1.02406279],
       [-0.94945256],
       [-0.98106916],
       [ 0.0076233 ],
       [ 0.02257063],
       [-0.96861456],
       [-1.03210602],
       [ 0.12247413],
       [-0.96955262],
       [-0.03523249],
       [-1.0208072 ],
       [-1.15057449],
       [-0.03122188],
       [-0.86698715],
       [-0.96315596],
       [ 0.02683968],
       [-1.01287397],
       [-1.04031828],
       [-0.58864679],
       [-0.04064122],
       [-1.02611056],
       [-0.96510605],
       [-1.02636555],
       [-0.97137595],
       [-0.96853992],
       [-0.02052163],
       [-1.02147714]])
array([[-0.95695751],
       [-1.03404276],
       [-1.02787747],
       [-1.03022006],
       [-0.03264859],
       [-0.96575313],
       [ 0.03302175],
       [-1.02566593],
       [-0.95410612],
       [-0.96705498],
       [-0.96752861],
       [-0.97752494],
       [-0.96357071],
       [-1.02406279],
       [-0.94945256],
       [-0.98106916],
       [ 0.0076233 ],
       [ 0.02257063],
       [-0.96861456],
       [-1.03210602],
       [ 0.12247413],
       [-0.96955262],
       [-0.03523249],
       [-1.0208072 ],
       [-1.15057449],
       [-0.03122188],
       [-0.86698715],
       [-0.96315596],
       [ 0.02683968],
       [-1.01287397],
       [-1.04031828],
       [-0.58864679],
       [-0.04064122],
       [-1.02611056],
       [-0.96510605],
       [-1.02636555],
       [-0.97137595],
       [-0.96853992],
       [-0.02052163],
       [-1.02147714]])
<<<<<<<<<<< STEP 1 >>>>>>>>>>>> + array([[-0.96706686],
       [-1.01897314],
       [-1.00823914],
       [-0.99970061],
       [-0.09861617],
       [-0.83897149],
       [-0.04790626],
       [-1.01373276],
       [-0.84932961],
       [-0.84224638],
       [-0.96817513],
       [-0.89471742],
       [-0.97141137],
       [-0.89436542],
       [-0.95196351],
       [-0.85703612],
       [-0.06676389],
       [-0.06358372],
       [-0.96990325],
       [-0.90826853],
       [-0.03192623],
       [-0.85470584],
       [-0.0953772 ],
       [-1.00890426],
       [-1.06700035],
       [-0.09315098],
       [-0.83142406],
       [-0.96760957],
       [-0.05890847],
       [-0.90269919],
       [-1.0192707 ],
       [-0.5775594 ],
       [-0.08831485],
       [-1.01598867],
       [-0.97634142],
       [-1.01349172],
       [-0.97784175],
       [-0.97107207],
       [-0.0877033 ],
       [-1.00133375]])
array([[-1.92402437],
       [-2.0530159 ],
       [-2.0361166 ],
       [-2.02992067],
       [-0.13126476],
       [-1.80472462],
       [-0.01488451],
       [-2.03939868],
       [-1.80343574],
       [-1.80930136],
       [-1.93570373],
       [-1.87224236],
       [-1.93498207],
       [-1.91842821],
       [-1.90141607],
       [-1.83810528],
       [-0.05914058],
       [-0.04101309],
       [-1.93851781],
       [-1.94037455],
       [ 0.0905479 ],
       [-1.82425845],
       [-0.13060969],
       [-2.02971146],
       [-2.21757484],
       [-0.12437286],
       [-1.69841121],
       [-1.93076554],
       [-0.03206879],
       [-1.91557316],
       [-2.05958898],
       [-1.16620618],
       [-0.12895607],
       [-2.04209922],
       [-1.94144747],
       [-2.03985727],
       [-1.9492177 ],
       [-1.93961199],
       [-0.10822494],
       [-2.02281089]])
<<<<<<<<<<< STEP 2 >>>>>>>>>>>> + array([[-0.95106613],
       [-0.99858056],
       [-0.98566692],
       [-0.9642752 ],
       [-0.11642999],
       [-0.73078013],
       [-0.06991405],
       [-0.98924555],
       [-0.74305231],
       [-0.7349551 ],
       [-0.96452505],
       [-0.79993018],
       [-0.97079009],
       [-0.77829903],
       [-0.94308604],
       [-0.74573125],
       [-0.09328535],
       [-0.12377216],
       [-0.96236738],
       [-0.7920842 ],
       [-0.10956184],
       [-0.74929772],
       [-0.11363509],
       [-0.98158456],
       [-0.91259444],
       [-0.10494514],
       [-0.76224123],
       [-0.95981638],
       [-0.08091411],
       [-0.79277386],
       [-0.98350549],
       [-0.57217553],
       [-0.10256188],
       [-0.99560523],
       [-0.97162954],
       [-0.98950722],
       [-0.97256868],
       [-0.96693272],
       [-0.10696567],
       [-0.97356261]])
array([[-2.8750905 ],
       [-3.05159646],
       [-3.02178353],
       [-2.99419587],
       [-0.24769474],
       [-2.53550475],
       [-0.08479856],
       [-3.02864424],
       [-2.54648805],
       [-2.54425646],
       [-2.90022878],
       [-2.67217254],
       [-2.90577217],
       [-2.69672725],
       [-2.84450211],
       [-2.58383653],
       [-0.15242593],
       [-0.16478525],
       [-2.90088519],
       [-2.73245875],
       [-0.01901394],
       [-2.57355617],
       [-0.24424478],
       [-3.01129602],
       [-3.13016928],
       [-0.229318  ],
       [-2.46065243],
       [-2.89058191],
       [-0.11298291],
       [-2.70834702],
       [-3.04309447],
       [-1.73838171],
       [-0.23151795],
       [-3.03770445],
       [-2.91307701],
       [-3.02936449],
       [-2.92178638],
       [-2.90654471],
       [-0.2151906 ],
       [-2.99637349]])
<<<<<<<<<<< STEP 3 >>>>>>>>>>>> + array([[-0.89737133],
       [-0.96880516],
       [-0.94941799],
       [-0.9099768 ],
       [-0.11557789],
       [-0.65031001],
       [-0.06244186],
       [-0.95233368],
       [-0.65660537],
       [-0.65256843],
       [-0.93640562],
       [-0.7307036 ],
       [-0.94927294],
       [-0.70496166],
       [-0.90163865],
       [-0.66142681],
       [-0.09303871],
       [-0.14012735],
       [-0.92288922],
       [-0.71765592],
       [-0.12610427],
       [-0.66752864],
       [-0.11388027],
       [-0.93569553],
       [-0.77744776],
       [-0.09669393],
       [-0.6809845 ],
       [-0.92233154],
       [-0.07271811],
       [-0.7189035 ],
       [-0.92904726],
       [-0.58042561],
       [-0.09781713],
       [-0.96174179],
       [-0.93805723],
       [-0.94530531],
       [-0.93817701],
       [-0.94086882],
       [-0.10687456],
       [-0.93702462]])
array([[-3.77246183],
       [-4.02040162],
       [-3.97120152],
       [-3.90417267],
       [-0.36327263],
       [-3.18581476],
       [-0.14724042],
       [-3.98097792],
       [-3.20309342],
       [-3.19682489],
       [-3.8366344 ],
       [-3.40287614],
       [-3.8550451 ],
       [-3.4016889 ],
       [-3.74614076],
       [-3.24526334],
       [-0.24546464],
       [-0.3049126 ],
       [-3.82377441],
       [-3.45011466],
       [-0.14511821],
       [-3.24108482],
       [-0.35812506],
       [-3.94699154],
       [-3.90761704],
       [-0.32601193],
       [-3.14163693],
       [-3.81291346],
       [-0.18570101],
       [-3.42725053],
       [-3.97214174],
       [-2.31880732],
       [-0.32933508],
       [-3.99944624],
       [-3.85113424],
       [-3.9746698 ],
       [-3.85996339],
       [-3.84741353],
       [-0.32206516],
       [-3.93339811]])
<<<<<<<<<<< STEP 4 >>>>>>>>>>>> + array([[-0.80332483],
       [-0.91436932],
       [-0.88476848],
       [-0.82484472],
       [-0.11131239],
       [-0.5875093 ],
       [-0.04681788],
       [-0.8899724 ],
       [-0.58858105],
       [-0.5871678 ],
       [-0.8715    ],
       [-0.68923833],
       [-0.89424964],
       [-0.66529828],
       [-0.82058132],
       [-0.59553582],
       [-0.08323917],
       [-0.13443739],
       [-0.84247029],
       [-0.67619708],
       [-0.11791219],
       [-0.60205096],
       [-0.1090598 ],
       [-0.86030727],
       [-0.67998749],
       [-0.08407528],
       [-0.6093664 ],
       [-0.8456982 ],
       [-0.05567705],
       [-0.6772327 ],
       [-0.84805342],
       [-0.60146261],
       [-0.08806751],
       [-0.90165624],
       [-0.8669936 ],
       [-0.87085876],
       [-0.86805175],
       [-0.88002613],
       [-0.10249831],
       [-0.87700982]])
array([[-4.57578667],
       [-4.93477094],
       [-4.85597   ],
       [-4.7290174 ],
       [-0.47458502],
       [-3.77332406],
       [-0.1940583 ],
       [-4.87095032],
       [-3.79167446],
       [-3.7839927 ],
       [-4.7081344 ],
       [-4.09211447],
       [-4.74929474],
       [-4.06698719],
       [-4.56672208],
       [-3.84079916],
       [-0.32870381],
       [-0.43934999],
       [-4.66624471],
       [-4.12631174],
       [-0.26303041],
       [-3.84313578],
       [-0.46718485],
       [-4.80729881],
       [-4.58760453],
       [-0.41008721],
       [-3.75100333],
       [-4.65861166],
       [-0.24137806],
       [-4.10448323],
       [-4.82019516],
       [-2.92026994],
       [-0.41740259],
       [-4.90110248],
       [-4.71812784],
       [-4.84552856],
       [-4.72801514],
       [-4.72743966],
       [-0.42456347],
       [-4.81040793]])
<<<<<<<<<<< STEP 5 >>>>>>>>>>>> + array([[-0.69668266],
       [-0.82631453],
       [-0.79375487],
       [-0.72626108],
       [-0.1059836 ],
       [-0.54219983],
       [-0.03334657],
       [-0.79922896],
       [-0.53994857],
       [-0.53963468],
       [-0.7766573 ],
       [-0.65975963],
       [-0.80462509],
       [-0.64056788],
       [-0.72304508],
       [-0.54759033],
       [-0.07110849],
       [-0.12078654],
       [-0.74112401],
       [-0.64833927],
       [-0.10250246],
       [-0.55300631],
       [-0.10121473],
       [-0.76496974],
       [-0.61375562],
       [-0.07266677],
       [-0.55614619],
       [-0.74747323],
       [-0.04010154],
       [-0.64966599],
       [-0.75321349],
       [-0.61737573],
       [-0.07878636],
       [-0.81096452],
       [-0.77029229],
       [-0.77545331],
       [-0.77305282],
       [-0.78757633],
       [-0.096282  ],
       [-0.79149925]])
array([[-5.27246933],
       [-5.76108548],
       [-5.64972487],
       [-5.45527847],
       [-0.58056861],
       [-4.31552389],
       [-0.22740487],
       [-5.67017928],
       [-4.33162304],
       [-4.32362738],
       [-5.4847917 ],
       [-4.7518741 ],
       [-5.55391983],
       [-4.70755506],
       [-5.28976716],
       [-4.38838949],
       [-0.3998123 ],
       [-0.56013653],
       [-5.40736871],
       [-4.77465101],
       [-0.36553287],
       [-4.39614209],
       [-0.56839959],
       [-5.57226856],
       [-5.20136015],
       [-0.48275398],
       [-4.30714952],
       [-5.40608489],
       [-0.2814796 ],
       [-4.75414921],
       [-5.57340865],
       [-3.53764567],
       [-0.49618895],
       [-5.712067  ],
       [-5.48842012],
       [-5.62098187],
       [-5.50106796],
       [-5.51501599],
       [-0.52084547],
       [-5.60190718]])
<<<<<<<<<<< STEP 6 >>>>>>>>>>>> + array([[-0.61500107],
       [-0.72743859],
       [-0.70241681],
       [-0.64618913],
       [-0.09791126],
       [-0.51689009],
       [-0.02458227],
       [-0.70533154],
       [-0.5128267 ],
       [-0.51296258],
       [-0.68256275],
       [-0.63045105],
       [-0.70687319],
       [-0.6166894 ],
       [-0.64205407],
       [-0.52007903],
       [-0.05925013],
       [-0.10461386],
       [-0.65396684],
       [-0.6209993 ],
       [-0.08613888],
       [-0.5239787 ],
       [-0.09080234],
       [-0.67884907],
       [-0.57313746],
       [-0.06297476],
       [-0.52534065],
       [-0.65989151],
       [-0.02932271],
       [-0.62296488],
       [-0.67102517],
       [-0.61320483],
       [-0.06989127],
       [-0.71393452],
       [-0.67858308],
       [-0.68666075],
       [-0.68137092],
       [-0.69167271],
       [-0.08716668],
       [-0.70267206]])
array([[-5.8874704 ],
       [-6.48852406],
       [-6.35214168],
       [-6.1014676 ],
       [-0.67847987],
       [-4.83241398],
       [-0.25198714],
       [-6.37551082],
       [-4.84444974],
       [-4.83658996],
       [-6.16735445],
       [-5.38232515],
       [-6.26079303],
       [-5.32424447],
       [-5.93182122],
       [-4.90846852],
       [-0.45906243],
       [-0.66475039],
       [-6.06133556],
       [-5.39565031],
       [-0.45167175],
       [-4.92012079],
       [-0.65920192],
       [-6.25111762],
       [-5.77449761],
       [-0.54572874],
       [-4.83249017],
       [-6.06597639],
       [-0.31080231],
       [-5.37711409],
       [-6.24443383],
       [-4.1508505 ],
       [-0.56608023],
       [-6.42600152],
       [-6.16700321],
       [-6.30764262],
       [-6.18243888],
       [-6.2066887 ],
       [-0.60801215],
       [-6.30457924]])
<<<<<<<<<<< STEP 7 >>>>>>>>>>>> + array([[-0.56520549],
       [-0.64775825],
       [-0.63200318],
       [-0.5929952 ],
       [-0.08737989],
       [-0.506737  ],
       [-0.01898964],
       [-0.63251312],
       [-0.50192145],
       [-0.50226485],
       [-0.61255065],
       [-0.6015594 ],
       [-0.63017601],
       [-0.5921719 ],
       [-0.58751458],
       [-0.50829112],
       [-0.04862425],
       [-0.0885191 ],
       [-0.59448277],
       [-0.59395404],
       [-0.07090723],
       [-0.51092107],
       [-0.07945478],
       [-0.61649397],
       [-0.55004394],
       [-0.05429699],
       [-0.51172535],
       [-0.597941  ],
       [-0.02223443],
       [-0.59636264],
       [-0.61211967],
       [-0.59459649],
       [-0.06082259],
       [-0.63747168],
       [-0.61128077],
       [-0.62070182],
       [-0.61289404],
       [-0.61838637],
       [-0.07598127],
       [-0.63240644]])
array([[-6.4526759 ],
       [-7.13628231],
       [-6.98414485],
       [-6.69446281],
       [-0.76585976],
       [-5.33915098],
       [-0.27097679],
       [-7.00802394],
       [-5.34637119],
       [-5.3388548 ],
       [-6.7799051 ],
       [-5.98388455],
       [-6.89096903],
       [-5.91641637],
       [-6.5193358 ],
       [-5.41675964],
       [-0.50768667],
       [-0.75326949],
       [-6.65581833],
       [-5.98960435],
       [-0.52257899],
       [-5.43104186],
       [-0.7386567 ],
       [-6.8676116 ],
       [-6.32454155],
       [-0.60002573],
       [-5.34421552],
       [-6.66391739],
       [-0.33303673],
       [-5.97347673],
       [-6.85655349],
       [-4.74544699],
       [-0.62690281],
       [-7.0634732 ],
       [-6.77828398],
       [-6.92834444],
       [-6.79533292],
       [-6.82507508],
       [-0.68399342],
       [-6.93698568]])
<<<<<<<<<<< STEP 8 >>>>>>>>>>>> + array([[-0.53677661],
       [-0.59400542],
       [-0.5847227 ],
       [-0.55950676],
       [-0.07618363],
       [-0.50404537],
       [-0.01505997],
       [-0.58386907],
       [-0.49917948],
       [-0.49959965],
       [-0.56754774],
       [-0.57678842],
       [-0.57978174],
       [-0.57039744],
       [-0.55357087],
       [-0.50451587],
       [-0.03953777],
       [-0.07385911],
       [-0.55748113],
       [-0.57076678],
       [-0.05753524],
       [-0.50623609],
       [-0.06856108],
       [-0.57541683],
       [-0.53655431],
       [-0.04655459],
       [-0.506897  ],
       [-0.55880848],
       [-0.017221  ],
       [-0.5732443 ],
       [-0.57314413],
       [-0.57316351],
       [-0.05210933],
       [-0.58640039],
       [-0.56796802],
       [-0.57701503],
       [-0.56844732],
       [-0.570932  ],
       [-0.06456834],
       [-0.58466935]])
array([[-6.98945251],
       [-7.73028773],
       [-7.56886755],
       [-7.25396957],
       [-0.84204339],
       [-5.84319635],
       [-0.28603675],
       [-7.59189301],
       [-5.84555067],
       [-5.83845445],
       [-7.34745284],
       [-6.56067296],
       [-7.47075077],
       [-6.4868138 ],
       [-7.07290668],
       [-5.92127551],
       [-0.54722444],
       [-0.8271286 ],
       [-7.21329946],
       [-6.56037113],
       [-0.58011423],
       [-5.93727795],
       [-0.80721778],
       [-7.44302842],
       [-6.86109586],
       [-0.64658032],
       [-5.85111252],
       [-7.22272587],
       [-0.35025773],
       [-6.54672103],
       [-7.42969763],
       [-5.3186105 ],
       [-0.67901214],
       [-7.64987358],
       [-7.346252  ],
       [-7.50535947],
       [-7.36378024],
       [-7.39600708],
       [-0.74856176],
       [-7.52165503]])
<<<<<<<<<<< STEP 9 >>>>>>>>>>>> + array([[-0.52056694],
       [-0.55997527],
       [-0.55456417],
       [-0.53847826],
       [-0.06568162],
       [-0.50384239],
       [-0.01210148],
       [-0.55310586],
       [-0.49933449],
       [-0.49975712],
       [-0.54014418],
       [-0.55744426],
       [-0.54873873],
       [-0.55301599],
       [-0.53287602],
       [-0.50366701],
       [-0.0319979 ],
       [-0.06117732],
       [-0.5350477 ],
       [-0.55271781],
       [-0.04622091],
       [-0.5047848 ],
       [-0.05885463],
       [-0.5491642 ],
       [-0.52786019],
       [-0.03990083],
       [-0.50538442],
       [-0.53511306],
       [-0.0134414 ],
       [-0.55501186],
       [-0.54803454],
       [-0.55477599],
       [-0.04433455],
       [-0.55430383],
       [-0.54140526],
       [-0.54931193],
       [-0.54116449],
       [-0.5420678 ],
       [-0.05412776],
       [-0.55414006]])
array([[-7.51001945],
       [-8.29026299],
       [-8.12343172],
       [-7.79244783],
       [-0.90772501],
       [-6.34703874],
       [-0.29813824],
       [-8.14499886],
       [-6.34488516],
       [-6.33821157],
       [-7.88759701],
       [-7.11811722],
       [-8.01948949],
       [-7.0398298 ],
       [-7.6057827 ],
       [-6.42494252],
       [-0.57922234],
       [-0.88830592],
       [-7.74834716],
       [-7.11308894],
       [-0.62633514],
       [-6.44206275],
       [-0.86607241],
       [-7.99219263],
       [-7.38895605],
       [-0.68648115],
       [-6.35649695],
       [-7.75783893],
       [-0.36369913],
       [-7.10173289],
       [-7.97773216],
       [-5.87338649],
       [-0.72334669],
       [-8.20417741],
       [-7.88765726],
       [-8.0546714 ],
       [-7.90494473],
       [-7.93807488],
       [-0.80268952],
       [-8.07579509]])
