<<<<<<<<<<< STEP 0 >>>>>>>>>>>> + array([[-1.03143405],
       [-0.89587202],
       [-1.02170166],
       [-0.98028331],
       [-0.97622837],
       [-0.03200611],
       [-1.02846349],
       [-0.97699183],
       [-0.59883601],
       [-0.97420272],
       [-0.96906638],
       [-1.02070617],
       [-1.02528009],
       [-0.02837008],
       [-0.99170548],
       [-1.0253957 ],
       [-1.01860443],
       [-1.10011838],
       [-0.97113553],
       [-1.00167282],
       [-0.9785754 ],
       [-1.02051743],
       [-1.01890795],
       [-0.98196147],
       [-0.97325415],
       [ 0.02742664],
       [-1.02531808],
       [ 0.09177528],
       [-1.02785562],
       [-0.97672315],
       [ 0.0253293 ],
       [-0.97586922],
       [-0.97369692],
       [-0.01977846],
       [ 0.03054754],
       [-0.02696276],
       [-0.0253354 ],
       [ 0.0284991 ],
       [-1.02240614],
       [-0.97172139]])
array([[-1.03143405],
       [-0.89587202],
       [-1.02170166],
       [-0.98028331],
       [-0.97622837],
       [-0.03200611],
       [-1.02846349],
       [-0.97699183],
       [-0.59883601],
       [-0.97420272],
       [-0.96906638],
       [-1.02070617],
       [-1.02528009],
       [-0.02837008],
       [-0.99170548],
       [-1.0253957 ],
       [-1.01860443],
       [-1.10011838],
       [-0.97113553],
       [-1.00167282],
       [-0.9785754 ],
       [-1.02051743],
       [-1.01890795],
       [-0.98196147],
       [-0.97325415],
       [ 0.02742664],
       [-1.02531808],
       [ 0.09177528],
       [-1.02785562],
       [-0.97672315],
       [ 0.0253293 ],
       [-0.97586922],
       [-0.97369692],
       [-0.01977846],
       [ 0.03054754],
       [-0.02696276],
       [-0.0253354 ],
       [ 0.0284991 ],
       [-1.02240614],
       [-0.97172139]])
<<<<<<<<<<< STEP 1 >>>>>>>>>>>> + array([[-0.94026186],
       [-0.91988369],
       [-1.02248581],
       [-0.97976179],
       [-0.88269096],
       [-0.04348307],
       [-1.02512995],
       [-0.97297856],
       [-0.59651871],
       [-0.97422552],
       [-0.96856633],
       [-1.02010533],
       [-0.93744888],
       [-0.07745412],
       [-0.93012613],
       [-1.01934174],
       [-1.01568399],
       [-1.08920716],
       [-0.87506477],
       [-0.99308808],
       [-0.98311395],
       [-1.02041641],
       [-1.01037467],
       [-0.87655574],
       [-0.87174391],
       [-0.02933759],
       [-1.02959427],
       [ 0.00825961],
       [-0.95028769],
       [-0.97353522],
       [-0.03786614],
       [-0.97328428],
       [-0.96551888],
       [-0.07698812],
       [-0.03703236],
       [-0.07946866],
       [-0.07572749],
       [ 0.03887619],
       [-1.02249153],
       [-0.97374907]])
array([[ -1.97169590e+00],
       [ -1.81575571e+00],
       [ -2.04418747e+00],
       [ -1.96004510e+00],
       [ -1.85891933e+00],
       [ -7.54891717e-02],
       [ -2.05359344e+00],
       [ -1.94997039e+00],
       [ -1.19535472e+00],
       [ -1.94842823e+00],
       [ -1.93763271e+00],
       [ -2.04081150e+00],
       [ -1.96272897e+00],
       [ -1.05824204e-01],
       [ -1.92183161e+00],
       [ -2.04473744e+00],
       [ -2.03428841e+00],
       [ -2.18932554e+00],
       [ -1.84620030e+00],
       [ -1.99476089e+00],
       [ -1.96168934e+00],
       [ -2.04093385e+00],
       [ -2.02928262e+00],
       [ -1.85851721e+00],
       [ -1.84499805e+00],
       [ -1.91095596e-03],
       [ -2.05491235e+00],
       [  1.00034895e-01],
       [ -1.97814331e+00],
       [ -1.95025836e+00],
       [ -1.25368349e-02],
       [ -1.94915350e+00],
       [ -1.93921580e+00],
       [ -9.67665783e-02],
       [ -6.48481622e-03],
       [ -1.06431413e-01],
       [ -1.01062890e-01],
       [  6.73752884e-02],
       [ -2.04489767e+00],
       [ -1.94547046e+00]])
<<<<<<<<<<< STEP 2 >>>>>>>>>>>> + array([[-0.82912547],
       [-0.95407819],
       [-1.01297279],
       [-0.97797558],
       [-0.76437688],
       [-0.05895044],
       [-1.01378497],
       [-0.97327878],
       [-0.60298563],
       [-0.97675869],
       [-0.96696627],
       [-1.01057431],
       [-0.82878074],
       [-0.10029314],
       [-0.83708911],
       [-1.00685988],
       [-1.00721096],
       [-1.04199357],
       [-0.75875064],
       [-0.99476315],
       [-0.9803596 ],
       [-1.01147887],
       [-1.00247898],
       [-0.7550707 ],
       [-0.75138308],
       [-0.05822826],
       [-1.01833082],
       [-0.04617137],
       [-0.84384755],
       [-0.97154763],
       [-0.06614067],
       [-0.9719802 ],
       [-0.96574308],
       [-0.10236447],
       [-0.06654406],
       [-0.10308181],
       [-0.10209065],
       [ 0.05204411],
       [-1.015451  ],
       [-0.97360691]])
array([[-2.80082138],
       [-2.7698339 ],
       [-3.05716027],
       [-2.93802067],
       [-2.62329621],
       [-0.13443961],
       [-3.06737842],
       [-2.92324917],
       [-1.79834036],
       [-2.92518692],
       [-2.90459898],
       [-3.05138581],
       [-2.79150971],
       [-0.20611735],
       [-2.75892072],
       [-3.05159733],
       [-3.04149938],
       [-3.23131911],
       [-2.60495094],
       [-2.98952404],
       [-2.94204894],
       [-3.05241272],
       [-3.0317616 ],
       [-2.61358791],
       [-2.59638113],
       [-0.06013922],
       [-3.07324317],
       [ 0.05386353],
       [-2.82199086],
       [-2.92180599],
       [-0.07867751],
       [-2.9211337 ],
       [-2.90495888],
       [-0.19913105],
       [-0.07302888],
       [-0.20951322],
       [-0.20315353],
       [ 0.1194194 ],
       [-3.06034868],
       [-2.91907737]])
<<<<<<<<<<< STEP 3 >>>>>>>>>>>> + array([[-0.74142791],
       [-0.97441721],
       [-0.99259678],
       [-0.97041116],
       [-0.66748628],
       [-0.0777355 ],
       [-0.98898976],
       [-0.96956273],
       [-0.6076129 ],
       [-0.97395612],
       [-0.95593347],
       [-0.98794866],
       [-0.74115805],
       [-0.09976174],
       [-0.75083977],
       [-0.98260641],
       [-0.9882614 ],
       [-0.98828424],
       [-0.66501329],
       [-0.99218233],
       [-0.96982641],
       [-0.98847285],
       [-0.98630214],
       [-0.66191067],
       [-0.65620262],
       [-0.06259802],
       [-0.99322582],
       [-0.06332966],
       [-0.7540062 ],
       [-0.96257165],
       [-0.06860208],
       [-0.96333829],
       [-0.96254826],
       [-0.10343832],
       [-0.06906593],
       [-0.10212454],
       [-0.10542906],
       [ 0.06653207],
       [-0.99814435],
       [-0.96348633]])
array([[-3.54224929],
       [-3.74425111],
       [-4.04975704],
       [-3.90843183],
       [-3.29078249],
       [-0.21217512],
       [-4.05636818],
       [-3.8928119 ],
       [-2.40595326],
       [-3.89914304],
       [-3.86053245],
       [-4.03933447],
       [-3.53266776],
       [-0.30587909],
       [-3.50976049],
       [-4.03420374],
       [-4.02976077],
       [-4.21960335],
       [-3.26996423],
       [-3.98170637],
       [-3.91187535],
       [-4.04088557],
       [-4.01806374],
       [-3.27549857],
       [-3.25258376],
       [-0.12273724],
       [-4.06646899],
       [-0.00946613],
       [-3.57599706],
       [-3.88437763],
       [-0.14727959],
       [-3.88447198],
       [-3.86750714],
       [-0.30256936],
       [-0.14209481],
       [-0.31163777],
       [-0.3085826 ],
       [ 0.18595146],
       [-4.05849303],
       [-3.8825637 ]])
<<<<<<<<<<< STEP 4 >>>>>>>>>>>> + array([[-0.68090975],
       [-0.96682889],
       [-0.95644082],
       [-0.94397793],
       [-0.60224278],
       [-0.09954035],
       [-0.94056922],
       [-0.94756513],
       [-0.60640953],
       [-0.95248363],
       [-0.92015209],
       [-0.94397142],
       [-0.6801128 ],
       [-0.08874331],
       [-0.68797264],
       [-0.93649801],
       [-0.95125758],
       [-0.94005315],
       [-0.6014925 ],
       [-0.96948089],
       [-0.94195246],
       [-0.94322802],
       [-0.95111957],
       [-0.6008    ],
       [-0.59212002],
       [-0.05692569],
       [-0.95162808],
       [-0.06111742],
       [-0.69119677],
       [-0.93001026],
       [-0.06109466],
       [-0.93175137],
       [-0.93892957],
       [-0.09509818],
       [-0.06152013],
       [-0.09022612],
       [-0.09873393],
       [ 0.08097953],
       [-0.96342495],
       [-0.92849427]])
array([[-4.22315904],
       [-4.71108   ],
       [-5.00619787],
       [-4.85240976],
       [-3.89302527],
       [-0.31171547],
       [-4.9969374 ],
       [-4.84037703],
       [-3.01236278],
       [-4.85162667],
       [-4.78068454],
       [-4.98330589],
       [-4.21278055],
       [-0.3946224 ],
       [-4.19773314],
       [-4.97070175],
       [-4.98101835],
       [-5.15965651],
       [-3.87145673],
       [-4.95118726],
       [-4.85382781],
       [-4.98411359],
       [-4.96918332],
       [-3.87629857],
       [-3.84470377],
       [-0.17966293],
       [-5.01809706],
       [-0.07058355],
       [-4.26719382],
       [-4.81438789],
       [-0.20837425],
       [-4.81622335],
       [-4.80643671],
       [-0.39766754],
       [-0.20361493],
       [-0.40186389],
       [-0.40731653],
       [ 0.26693099],
       [-5.02191798],
       [-4.81105797]])
<<<<<<<<<<< STEP 5 >>>>>>>>>>>> + array([[-0.63897348],
       [-0.91896011],
       [-0.89257375],
       [-0.88201327],
       [-0.56054907],
       [-0.12283421],
       [-0.85908011],
       [-0.89080179],
       [-0.60033626],
       [-0.89535506],
       [-0.84555297],
       [-0.86848407],
       [-0.63792716],
       [-0.07508728],
       [-0.64417497],
       [-0.85818156],
       [-0.8844102 ],
       [-0.88134416],
       [-0.55967808],
       [-0.91484744],
       [-0.88099616],
       [-0.86604012],
       [-0.88569941],
       [-0.56158434],
       [-0.55060752],
       [-0.04906558],
       [-0.88353892],
       [-0.05365125],
       [-0.64772928],
       [-0.85894843],
       [-0.05141239],
       [-0.86232089],
       [-0.87964384],
       [-0.08465494],
       [-0.05172266],
       [-0.07522844],
       [-0.0895874 ],
       [ 0.09283176],
       [-0.89903656],
       [-0.85461658]])
array([[-4.86213252],
       [-5.63004011],
       [-5.89877162],
       [-5.73442303],
       [-4.45357434],
       [-0.43454968],
       [-5.85601751],
       [-5.73117882],
       [-3.61269904],
       [-5.74698173],
       [-5.62623751],
       [-5.85178996],
       [-4.85070771],
       [-0.46970968],
       [-4.84190811],
       [-5.82888331],
       [-5.86542855],
       [-6.04100067],
       [-4.4311348 ],
       [-5.8660347 ],
       [-5.73482396],
       [-5.85015371],
       [-5.85488272],
       [-4.43788291],
       [-4.39531129],
       [-0.22872852],
       [-5.90163598],
       [-0.1242348 ],
       [-4.91492311],
       [-5.67333633],
       [-0.25978664],
       [-5.67854423],
       [-5.68608056],
       [-0.48232249],
       [-0.2553376 ],
       [-0.47709233],
       [-0.49690392],
       [ 0.35976275],
       [-5.92095454],
       [-5.66567455]])
<<<<<<<<<<< STEP 6 >>>>>>>>>>>> + array([[-0.60765784],
       [-0.82859336],
       [-0.79876561],
       [-0.78595646],
       [-0.53525314],
       [-0.1399786 ],
       [-0.75691418],
       [-0.79781249],
       [-0.5891937 ],
       [-0.80102084],
       [-0.74554881],
       [-0.76949796],
       [-0.60675231],
       [-0.06200988],
       [-0.61141128],
       [-0.75808944],
       [-0.78856908],
       [-0.79827564],
       [-0.53327464],
       [-0.82466971],
       [-0.7873443 ],
       [-0.76631837],
       [-0.7913974 ],
       [-0.53692902],
       [-0.52573132],
       [-0.04133808],
       [-0.78983328],
       [-0.04603843],
       [-0.61464349],
       [-0.76008212],
       [-0.04223618],
       [-0.7641268 ],
       [-0.78745859],
       [-0.07384432],
       [-0.0422955 ],
       [-0.0608004 ],
       [-0.07970388],
       [ 0.09578594],
       [-0.80335102],
       [-0.75397051]])
array([[-5.46979036],
       [-6.45863347],
       [-6.69753722],
       [-6.52037949],
       [-4.98882747],
       [-0.57452828],
       [-6.61293169],
       [-6.52899131],
       [-4.20189274],
       [-6.54800257],
       [-6.37178633],
       [-6.62128792],
       [-5.45746002],
       [-0.53171957],
       [-5.45331939],
       [-6.58697276],
       [-6.65399764],
       [-6.8392763 ],
       [-4.96440945],
       [-6.69070441],
       [-6.52216826],
       [-6.61647209],
       [-6.64628012],
       [-4.97481193],
       [-4.92104261],
       [-0.27006659],
       [-6.69146926],
       [-0.17027323],
       [-5.52956659],
       [-6.43341844],
       [-0.30202282],
       [-6.44267103],
       [-6.47353914],
       [-0.55616681],
       [-0.2976331 ],
       [-0.53789274],
       [-0.5766078 ],
       [ 0.45554869],
       [-6.72430557],
       [-6.41964505]])
<<<<<<<<<<< STEP 7 >>>>>>>>>>>> + array([[-0.5827061 ],
       [-0.72405055],
       [-0.7015282 ],
       [-0.68843865],
       [-0.52113149],
       [-0.14249278],
       [-0.66701934],
       [-0.69887518],
       [-0.5741158 ],
       [-0.70061282],
       [-0.6566018 ],
       [-0.67773158],
       [-0.582091  ],
       [-0.05059669],
       [-0.58511791],
       [-0.66841365],
       [-0.69273907],
       [-0.70605216],
       [-0.51853417],
       [-0.72323518],
       [-0.69085729],
       [-0.67529721],
       [-0.69580687],
       [-0.52239999],
       [-0.51300836],
       [-0.03401608],
       [-0.69585579],
       [-0.03881558],
       [-0.58744947],
       [-0.66850604],
       [-0.03423141],
       [-0.67159077],
       [-0.69228002],
       [-0.0629438 ],
       [-0.03404153],
       [-0.04877811],
       [-0.06901352],
       [ 0.08660898],
       [-0.70412384],
       [-0.66273797]])
array([[-6.05249646],
       [-7.18268401],
       [-7.39906542],
       [-7.20881814],
       [-5.50995896],
       [-0.71702106],
       [-7.27995104],
       [-7.22786649],
       [-4.77600855],
       [-7.24861538],
       [-7.02838812],
       [-7.2990195 ],
       [-6.03955102],
       [-0.58231626],
       [-6.0384373 ],
       [-7.25538641],
       [-7.34673671],
       [-7.54532847],
       [-5.48294362],
       [-7.41393958],
       [-7.21302555],
       [-7.2917693 ],
       [-7.34208699],
       [-5.49721193],
       [-5.43405097],
       [-0.30408268],
       [-7.38732505],
       [-0.2090888 ],
       [-6.11701606],
       [-7.10192448],
       [-0.33625423],
       [-7.1142618 ],
       [-7.16581916],
       [-0.61911061],
       [-0.33167463],
       [-0.58667084],
       [-0.64562132],
       [ 0.54215767],
       [-7.42842941],
       [-7.08238303]])
<<<<<<<<<<< STEP 8 >>>>>>>>>>>> + array([[-0.56307657],
       [-0.64010706],
       [-0.62748283],
       [-0.61616803],
       [-0.51337018],
       [-0.13226769],
       [-0.6048723 ],
       [-0.62339126],
       [-0.55892795],
       [-0.6241359 ],
       [-0.59554494],
       [-0.61190572],
       [-0.56270799],
       [-0.04107304],
       [-0.56441164],
       [-0.60572446],
       [-0.62152089],
       [-0.63149068],
       [-0.51090174],
       [-0.64197604],
       [-0.61801531],
       [-0.61057784],
       [-0.62362211],
       [-0.51406259],
       [-0.50707167],
       [-0.02730889],
       [-0.62452041],
       [-0.03193721],
       [-0.56583295],
       [-0.6036254 ],
       [-0.02747789],
       [-0.6053639 ],
       [-0.61984599],
       [-0.05270479],
       [-0.0271477 ],
       [-0.03944898],
       [-0.05833079],
       [ 0.07107094],
       [-0.62872076],
       [-0.59928668]])
array([[-6.61557303],
       [-7.82279107],
       [-8.02654825],
       [-7.82498617],
       [-6.02332914],
       [-0.84928875],
       [-7.88482334],
       [-7.85125775],
       [-5.3349365 ],
       [-7.87275128],
       [-7.62393306],
       [-7.91092521],
       [-6.60225902],
       [-0.6233893 ],
       [-6.60284894],
       [-7.86111087],
       [-7.9682576 ],
       [-8.17681915],
       [-5.99384536],
       [-8.05591562],
       [-7.83104086],
       [-7.90234714],
       [-7.9657091 ],
       [-6.01127452],
       [-5.94112264],
       [-0.33139157],
       [-8.01184546],
       [-0.24102601],
       [-6.68284902],
       [-7.70554989],
       [-0.36373213],
       [-7.7196257 ],
       [-7.78566515],
       [-0.6718154 ],
       [-0.35882233],
       [-0.62611983],
       [-0.70395211],
       [ 0.61322862],
       [-8.05715017],
       [-7.6816697 ]])
<<<<<<<<<<< STEP 9 >>>>>>>>>>>> + array([[-0.54807615],
       [-0.58483709],
       [-0.5793462 ],
       [-0.57010517],
       [-0.50886456],
       [-0.11613958],
       [-0.56585451],
       [-0.5746836 ],
       [-0.54597844],
       [-0.57488867],
       [-0.55774892],
       [-0.56991266],
       [-0.54786987],
       [-0.03330223],
       [-0.54870624],
       [-0.56619936],
       [-0.57567388],
       [-0.58166559],
       [-0.50680235],
       [-0.58811157],
       [-0.57109586],
       [-0.56938466],
       [-0.57675091],
       [-0.50913916],
       [-0.50418917],
       [-0.02150219],
       [-0.5778576 ],
       [-0.02577807],
       [-0.54948455],
       [-0.56279768],
       [-0.02191856],
       [-0.56356124],
       [-0.57281068],
       [-0.0437409 ],
       [-0.02152768],
       [-0.03225685],
       [-0.04863465],
       [ 0.05548362],
       [-0.57982591],
       [-0.55980477]])
array([[-7.16364918],
       [-8.40762817],
       [-8.60589445],
       [-8.39509134],
       [-6.5321937 ],
       [-0.96542833],
       [-8.45067785],
       [-8.42594135],
       [-5.88091494],
       [-8.44763995],
       [-8.18168198],
       [-8.48083788],
       [-7.15012889],
       [-0.65669153],
       [-7.15155518],
       [-8.42731023],
       [-8.54393148],
       [-8.75848474],
       [-6.50064771],
       [-8.64402719],
       [-8.40213672],
       [-8.4717318 ],
       [-8.54246   ],
       [-6.52041367],
       [-6.44531182],
       [-0.35289375],
       [-8.58970307],
       [-0.26680408],
       [-7.23233357],
       [-8.26834757],
       [-0.38565068],
       [-8.28318694],
       [-8.35847583],
       [-0.7155563 ],
       [-0.38035001],
       [-0.65837668],
       [-0.75258676],
       [ 0.66871223],
       [-8.63697608],
       [-8.24147447]])
