<<<<<<<<<<< STEP 0 >>>>>>>>>>>> + array([[ -5.45904011e-01],
       [ -5.61724430e-01],
       [ -5.26600774e-01],
       [ -5.43959230e-01],
       [ -5.17065696e-01],
       [ -5.47668025e-01],
       [ -5.45379866e-01],
       [ -5.15536188e-01],
       [ -2.40386740e-02],
       [ -5.17533650e-01],
       [  1.76000326e-03],
       [ -5.21418106e-01],
       [ -5.60076242e-01],
       [ -5.11323793e-01],
       [ -5.23722439e-01],
       [ -2.74491342e-02],
       [  3.19626122e-05],
       [ -4.58920534e-01],
       [ -5.18935054e-01],
       [ -5.62263556e-01],
       [ -3.60404589e-01],
       [  6.44899787e-03],
       [ -5.49285993e-01],
       [ -5.21181415e-01],
       [ -4.44554828e-01],
       [ -5.27948213e-01],
       [ -1.02091964e-01],
       [ -5.44987036e-01],
       [ -7.87090449e-03],
       [ -5.49468109e-01],
       [ -5.57827217e-01],
       [ -5.19808891e-01],
       [ -5.46290789e-01],
       [ -5.47208816e-01],
       [ -5.71948166e-01],
       [  1.02073877e-02],
       [ -5.52143729e-01],
       [ -1.40682598e-01],
       [ -5.58906734e-01],
       [ -5.59493092e-01]])
array([[ -8.69757546e+00],
       [ -8.10443351e+00],
       [ -8.39849736e+00],
       [ -8.61346149e+00],
       [ -8.03767664e+00],
       [ -8.84577594e+00],
       [ -8.84193317e+00],
       [ -8.05242647e+00],
       [ -3.78540534e-01],
       [ -8.05879219e+00],
       [  9.20009166e-01],
       [ -8.14785501e+00],
       [ -7.94189409e+00],
       [ -7.84161502e+00],
       [ -8.59523488e+00],
       [ -3.97741312e-01],
       [ -1.79995024e-01],
       [ -6.15621719e+00],
       [ -8.27377272e+00],
       [ -8.02248838e+00],
       [ -3.33619804e+00],
       [ -4.85684404e-02],
       [ -8.65077003e+00],
       [ -7.99337586e+00],
       [ -6.10836328e+00],
       [ -8.21389361e+00],
       [ -1.29211233e+00],
       [ -8.72620000e+00],
       [ -1.84873511e-01],
       [ -9.02983591e+00],
       [ -8.08771927e+00],
       [ -8.19902130e+00],
       [ -8.82470280e+00],
       [ -8.66204453e+00],
       [ -7.21199787e+00],
       [  6.18919834e-03],
       [ -8.83121247e+00],
       [ -1.55249362e+00],
       [ -8.03931081e+00],
       [ -8.13872801e+00]])
<<<<<<<<<<< STEP 1 >>>>>>>>>>>> + array([[-0.53210589],
       [-0.54686813],
       [-0.51619986],
       [-0.53171318],
       [-0.50892704],
       [-0.53362296],
       [-0.53159877],
       [-0.50860142],
       [-0.01812084],
       [-0.51037116],
       [-0.00807595],
       [-0.51272038],
       [-0.54581483],
       [-0.50602478],
       [-0.51506294],
       [-0.02386945],
       [ 0.00098232],
       [-0.4698464 ],
       [-0.51043554],
       [-0.54712401],
       [-0.35976288],
       [ 0.00686405],
       [-0.5357613 ],
       [-0.51363471],
       [-0.4565008 ],
       [-0.51850357],
       [-0.09410628],
       [-0.53197913],
       [-0.00582021],
       [-0.53450502],
       [-0.54377692],
       [-0.5112772 ],
       [-0.53242578],
       [-0.53388805],
       [-0.55438357],
       [ 0.00957446],
       [-0.53755108],
       [-0.13530993],
       [-0.5447242 ],
       [-0.54508793]])
array([[-9.22968135],
       [-8.65130164],
       [-8.91469722],
       [-9.14517467],
       [-8.54660368],
       [-9.3793989 ],
       [-9.37353194],
       [-8.56102789],
       [-0.39666138],
       [-8.56916335],
       [ 0.91193321],
       [-8.6605754 ],
       [-8.48770892],
       [-8.3476398 ],
       [-9.11029782],
       [-0.42161076],
       [-0.17901271],
       [-6.62606359],
       [-8.78420826],
       [-8.56961239],
       [-3.69596093],
       [-0.04170439],
       [-9.18653133],
       [-8.50701057],
       [-6.56486408],
       [-8.73239718],
       [-1.38621861],
       [-9.25817913],
       [-0.19069372],
       [-9.56434093],
       [-8.63149619],
       [-8.7102985 ],
       [-9.35712858],
       [-9.19593258],
       [-7.76638144],
       [ 0.01576366],
       [-9.36876354],
       [-1.68780356],
       [-8.58403502],
       [-8.68381594]])
<<<<<<<<<<< STEP 2 >>>>>>>>>>>> + array([[-0.52256848],
       [-0.53531961],
       [-0.50992539],
       [-0.52287129],
       [-0.5043551 ],
       [-0.52379915],
       [-0.52213321],
       [-0.50462591],
       [-0.0133189 ],
       [-0.5061388 ],
       [-0.01396875],
       [-0.50748848],
       [-0.53462349],
       [-0.50300981],
       [-0.50971276],
       [-0.0205275 ],
       [ 0.00163876],
       [-0.47940184],
       [-0.50556518],
       [-0.53541305],
       [-0.3708601 ],
       [ 0.00699189],
       [-0.52594452],
       [-0.50884523],
       [-0.46746746],
       [-0.51236285],
       [-0.08569002],
       [-0.52280735],
       [-0.00414686],
       [-0.52424224],
       [-0.53290385],
       [-0.5062414 ],
       [-0.52278234],
       [-0.52438782],
       [-0.54068448],
       [ 0.00876071],
       [-0.52708279],
       [-0.12868245],
       [-0.53369175],
       [-0.53392266]])
array([[ -9.75224983],
       [ -9.18662126],
       [ -9.42462261],
       [ -9.66804596],
       [ -9.05095878],
       [ -9.90319805],
       [ -9.89566515],
       [ -9.06565379],
       [ -0.40998028],
       [ -9.07530215],
       [  0.89796447],
       [ -9.16806387],
       [ -9.02233241],
       [ -8.85064961],
       [ -9.62001058],
       [ -0.44213826],
       [ -0.17737395],
       [ -7.10546543],
       [ -9.28977344],
       [ -9.10502544],
       [ -4.06682103],
       [ -0.0347125 ],
       [ -9.71247584],
       [ -9.0158558 ],
       [ -7.03233154],
       [ -9.24476003],
       [ -1.47190863],
       [ -9.78098648],
       [ -0.19484058],
       [-10.08858317],
       [ -9.16440004],
       [ -9.2165399 ],
       [ -9.87991092],
       [ -9.7203204 ],
       [ -8.30706592],
       [  0.02452436],
       [ -9.89584634],
       [ -1.816486  ],
       [ -9.11772676],
       [ -9.2177386 ]])
<<<<<<<<<<< STEP 3 >>>>>>>>>>>> + array([[-0.51591391],
       [-0.52646443],
       [-0.50612283],
       [-0.51647249],
       [-0.50185106],
       [-0.51687606],
       [-0.51556445],
       [-0.50237855],
       [-0.00945539],
       [-0.50364083],
       [-0.01692002],
       [-0.5043486 ],
       [-0.52598921],
       [-0.50133035],
       [-0.50637184],
       [-0.01741464],
       [ 0.00208155],
       [-0.48702498],
       [-0.50281567],
       [-0.52646849],
       [-0.392012  ],
       [ 0.00691441],
       [-0.51880382],
       [-0.50577804],
       [-0.47667483],
       [-0.50832513],
       [-0.07700879],
       [-0.51629408],
       [-0.0027796 ],
       [-0.51711976],
       [-0.52459501],
       [-0.50329556],
       [-0.51602473],
       [-0.51757234],
       [-0.53019539],
       [ 0.00784302],
       [-0.51953845],
       [-0.12083821],
       [-0.52523042],
       [-0.52538053]])
array([[-10.26816374],
       [ -9.71308569],
       [ -9.93074544],
       [-10.18451845],
       [ -9.55280984],
       [-10.42007411],
       [-10.4112296 ],
       [ -9.56803234],
       [ -0.41943567],
       [ -9.57894298],
       [  0.88104445],
       [ -9.67241248],
       [ -9.54832162],
       [ -9.35197996],
       [-10.12638241],
       [ -0.4595529 ],
       [ -0.1752924 ],
       [ -7.59249041],
       [ -9.79258911],
       [ -9.63149393],
       [ -4.45883302],
       [ -0.0277981 ],
       [-10.23127966],
       [ -9.52163384],
       [ -7.50900638],
       [ -9.75308516],
       [ -1.54891742],
       [-10.29728056],
       [ -0.19762018],
       [-10.60570294],
       [ -9.68899504],
       [ -9.71983546],
       [-10.39593565],
       [-10.23789274],
       [ -8.83726131],
       [  0.03236738],
       [-10.41538479],
       [ -1.93732421],
       [ -9.64295719],
       [ -9.74311913]])
<<<<<<<<<<< STEP 4 >>>>>>>>>>>> + array([[-0.51123385],
       [-0.51973145],
       [-0.5038076 ],
       [-0.51183346],
       [-0.50053254],
       [-0.51196756],
       [-0.51096701],
       [-0.50113403],
       [-0.0063617 ],
       [-0.50216818],
       [-0.01764935],
       [-0.50247334],
       [-0.5193973 ],
       [-0.5004258 ],
       [-0.5042596 ],
       [-0.01451398],
       [ 0.00236649],
       [-0.49270867],
       [-0.50129842],
       [-0.51968974],
       [-0.41979563],
       [ 0.00669001],
       [-0.51359999],
       [-0.50379639],
       [-0.48396006],
       [-0.50564259],
       [-0.06816522],
       [-0.51164182],
       [-0.00165947],
       [-0.51212748],
       [-0.51829532],
       [-0.50159829],
       [-0.51126205],
       [-0.51265859],
       [-0.52225304],
       [ 0.00686831],
       [-0.51408132],
       [-0.11182134],
       [-0.51879765],
       [-0.5188977 ]])
array([[-10.77939759],
       [-10.23281713],
       [-10.43455304],
       [-10.69635191],
       [-10.05334238],
       [-10.93204167],
       [-10.92219661],
       [-10.06916637],
       [ -0.42579737],
       [-10.08111117],
       [  0.8633951 ],
       [-10.17488582],
       [-10.06771892],
       [ -9.85240576],
       [-10.63064202],
       [ -0.47406688],
       [ -0.17292591],
       [ -8.08519908],
       [-10.29388753],
       [-10.15118367],
       [ -4.87862865],
       [ -0.02110809],
       [-10.74487965],
       [-10.02543023],
       [ -7.99296644],
       [-10.25872775],
       [ -1.61708264],
       [-10.80892238],
       [ -0.19927965],
       [-11.11783042],
       [-10.20729036],
       [-10.22143375],
       [-10.9071977 ],
       [-10.75055132],
       [ -9.35951435],
       [  0.03923569],
       [-10.92946612],
       [ -2.04914555],
       [-10.16175483],
       [-10.26201683]])
<<<<<<<<<<< STEP 5 >>>>>>>>>>>> + array([[-0.50792693],
       [-0.51464898],
       [-0.50239066],
       [-0.50847259],
       [-0.49988189],
       [-0.5084771 ],
       [-0.50773222],
       [-0.50046506],
       [-0.00389073],
       [-0.50130019],
       [-0.01675496],
       [-0.50136261],
       [-0.51440798],
       [-0.49996491],
       [-0.50290459],
       [-0.01181943],
       [ 0.00253587],
       [-0.49669062],
       [-0.50048916],
       [-0.51458712],
       [-0.44942938],
       [ 0.00636558],
       [-0.50980934],
       [-0.50250611],
       [-0.48945528],
       [-0.50384512],
       [-0.05930187],
       [-0.50830941],
       [-0.00073955],
       [-0.50860508],
       [-0.51355191],
       [-0.5006442 ],
       [-0.50789729],
       [-0.50910806],
       [-0.51629575],
       [ 0.00587343],
       [-0.51012999],
       [-0.10184727],
       [-0.51394358],
       [-0.51401207]])
array([[-11.28732452],
       [-10.74746611],
       [-10.9369437 ],
       [-11.2048245 ],
       [-10.55322428],
       [-11.44051877],
       [-11.42992883],
       [-10.56963143],
       [ -0.4296881 ],
       [-10.58241136],
       [  0.84664014],
       [-10.67624843],
       [-10.5821269 ],
       [-10.35237068],
       [-11.13354661],
       [ -0.48588631],
       [ -0.17039004],
       [ -8.5818897 ],
       [-10.79437669],
       [-10.66577079],
       [ -5.32805803],
       [ -0.0147425 ],
       [-11.254689  ],
       [-10.52793634],
       [ -8.48242172],
       [-10.76257287],
       [ -1.67638452],
       [-11.31723179],
       [ -0.2000192 ],
       [-11.6264355 ],
       [-10.72084226],
       [-10.72207795],
       [-11.41509499],
       [-11.25965938],
       [ -9.87581009],
       [  0.04510911],
       [-11.43959611],
       [ -2.15099282],
       [-10.67569841],
       [-10.7760289 ]])
<<<<<<<<<<< STEP 6 >>>>>>>>>>>> + array([[ -5.05591168e-01],
       [ -5.10845585e-01],
       [ -5.01518010e-01],
       [ -5.06050161e-01],
       [ -4.99597428e-01],
       [ -5.05999486e-01],
       [ -5.05454983e-01],
       [ -5.00120609e-01],
       [ -1.92146940e-03],
       [ -5.00787494e-01],
       [ -1.48099435e-02],
       [ -5.00713218e-01],
       [ -5.10668141e-01],
       [ -4.99752761e-01],
       [ -5.02020151e-01],
       [ -9.35025909e-03],
       [  2.62404288e-03],
       [ -4.99287074e-01],
       [ -5.00078936e-01],
       [ -5.10778167e-01],
       [ -4.75939663e-01],
       [  5.98512148e-03],
       [ -5.07060880e-01],
       [ -5.01661542e-01],
       [ -4.93408747e-01],
       [ -5.02634023e-01],
       [ -5.06728428e-02],
       [ -5.05926741e-01],
       [  1.54994131e-05],
       [ -5.06115150e-01],
       [ -5.10010764e-01],
       [ -5.00129069e-01],
       [ -5.05526494e-01],
       [ -5.06548312e-01],
       [ -5.11877847e-01],
       [  4.89821561e-03],
       [ -5.07278410e-01],
       [ -9.14078794e-02],
       [ -5.10313240e-01],
       [ -5.10361418e-01]])
array([[ -1.17929157e+01],
       [ -1.12583117e+01],
       [ -1.14384617e+01],
       [ -1.17108747e+01],
       [ -1.10528217e+01],
       [ -1.19465183e+01],
       [ -1.19353838e+01],
       [ -1.10697520e+01],
       [ -4.31609565e-01],
       [ -1.10831989e+01],
       [  8.31830199e-01],
       [ -1.11769616e+01],
       [ -1.10927950e+01],
       [ -1.08521234e+01],
       [ -1.16355668e+01],
       [ -4.95236568e-01],
       [ -1.67765995e-01],
       [ -9.08117678e+00],
       [ -1.12944556e+01],
       [ -1.11765490e+01],
       [ -5.80399770e+00],
       [ -8.75738236e-03],
       [ -1.17617499e+01],
       [ -1.10295979e+01],
       [ -8.97583047e+00],
       [ -1.12652069e+01],
       [ -1.72705736e+00],
       [ -1.18231585e+01],
       [ -2.00003698e-01],
       [ -1.21325507e+01],
       [ -1.12308530e+01],
       [ -1.12222070e+01],
       [ -1.19206215e+01],
       [ -1.17662077e+01],
       [ -1.03876879e+01],
       [  5.00073297e-02],
       [ -1.19468745e+01],
       [ -2.24240070e+00],
       [ -1.11860116e+01],
       [ -1.12863903e+01]])
<<<<<<<<<<< STEP 7 >>>>>>>>>>>> + array([[ -5.03949645e-01],
       [ -5.08027433e-01],
       [ -5.00976257e-01],
       [ -5.04319761e-01],
       [ -4.99505715e-01],
       [ -5.04251315e-01],
       [ -5.03857772e-01],
       [ -4.99954694e-01],
       [ -3.57767719e-04],
       [ -5.00482912e-01],
       [ -1.23561201e-02],
       [ -5.00340889e-01],
       [ -5.07894765e-01],
       [ -4.99675676e-01],
       [ -5.01431251e-01],
       [ -7.14514730e-03],
       [  2.65912904e-03],
       [ -5.00824954e-01],
       [ -4.99887402e-01],
       [ -5.07962358e-01],
       [ -4.95898237e-01],
       [  5.59046784e-03],
       [ -5.05084322e-01],
       [ -5.01107471e-01],
       [ -4.96111041e-01],
       [ -5.01815944e-01],
       [ -4.26123023e-02],
       [ -5.04233082e-01],
       [  6.31794303e-04],
       [ -5.04359205e-01],
       [ -5.07393333e-01],
       [ -4.99869653e-01],
       [ -5.03868118e-01],
       [ -5.04714096e-01],
       [ -5.08644578e-01],
       [  3.98542280e-03],
       [ -5.05234685e-01],
       [ -8.11860953e-02],
       [ -5.07625511e-01],
       [ -5.07660239e-01]])
array([[ -1.22968653e+01],
       [ -1.17663391e+01],
       [ -1.19394380e+01],
       [ -1.22151944e+01],
       [ -1.15523274e+01],
       [ -1.24507696e+01],
       [ -1.24392416e+01],
       [ -1.15697067e+01],
       [ -4.31967333e-01],
       [ -1.15836818e+01],
       [  8.19474079e-01],
       [ -1.16773025e+01],
       [ -1.16006898e+01],
       [ -1.13517991e+01],
       [ -1.21369980e+01],
       [ -5.02381715e-01],
       [ -1.65106866e-01],
       [ -9.58200173e+00],
       [ -1.17943430e+01],
       [ -1.16845113e+01],
       [ -6.29989593e+00],
       [ -3.16691451e-03],
       [ -1.22668342e+01],
       [ -1.15307054e+01],
       [ -9.47194151e+00],
       [ -1.17670228e+01],
       [ -1.76966966e+00],
       [ -1.23273916e+01],
       [ -1.99371904e-01],
       [ -1.26369099e+01],
       [ -1.17382464e+01],
       [ -1.17220767e+01],
       [ -1.24244896e+01],
       [ -1.22709218e+01],
       [ -1.08963325e+01],
       [  5.39927525e-02],
       [ -1.24521092e+01],
       [ -2.32358680e+00],
       [ -1.16936372e+01],
       [ -1.17940506e+01]])
<<<<<<<<<<< STEP 8 >>>>>>>>>>>> + array([[-0.50280342],
       [-0.50595702],
       [-0.50063664],
       [-0.50309524],
       [-0.49950944],
       [-0.50302631],
       [-0.50274298],
       [-0.49988408],
       [ 0.00087678],
       [-0.50030029],
       [-0.00983096],
       [-0.50013348],
       [-0.5058568 ],
       [-0.49966839],
       [-0.50103072],
       [-0.00523918],
       [ 0.0026626 ],
       [-0.50161072],
       [-0.49981152],
       [-0.50589814],
       [-0.50843667],
       [ 0.00521575],
       [-0.50367478],
       [-0.50074379],
       [-0.49786081],
       [-0.50126259],
       [-0.03542105],
       [-0.50303717],
       [ 0.00113   ],
       [-0.50312532],
       [-0.5054753 ],
       [-0.49975581],
       [-0.50271783],
       [-0.50340854],
       [-0.50630637],
       [ 0.00317057],
       [-0.50378054],
       [-0.0718214 ],
       [-0.50565295],
       [-0.50567846]])
array([[ -1.27996688e+01],
       [ -1.22722961e+01],
       [ -1.24400746e+01],
       [ -1.27182897e+01],
       [ -1.20518369e+01],
       [ -1.29537959e+01],
       [ -1.29419846e+01],
       [ -1.20695908e+01],
       [ -4.31090557e-01],
       [ -1.20839821e+01],
       [  8.09643120e-01],
       [ -1.21774360e+01],
       [ -1.21065466e+01],
       [ -1.18514675e+01],
       [ -1.26380287e+01],
       [ -5.07620893e-01],
       [ -1.62444266e-01],
       [ -1.00836124e+01],
       [ -1.22941545e+01],
       [ -1.21904095e+01],
       [ -6.80833260e+00],
       [  2.04883980e-03],
       [ -1.27705090e+01],
       [ -1.20314491e+01],
       [ -9.96980232e+00],
       [ -1.22682854e+01],
       [ -1.80509071e+00],
       [ -1.28304288e+01],
       [ -1.98241902e-01],
       [ -1.31400352e+01],
       [ -1.22437217e+01],
       [ -1.22218325e+01],
       [ -1.29272074e+01],
       [ -1.27743303e+01],
       [ -1.14026389e+01],
       [  5.71633210e-02],
       [ -1.29558897e+01],
       [ -2.39540820e+00],
       [ -1.21992901e+01],
       [ -1.22997290e+01]])
<<<<<<<<<<< STEP 9 >>>>>>>>>>>> + array([[-0.50200605],
       [-0.50444257],
       [-0.50042132],
       [-0.50223365],
       [-0.49955577],
       [-0.50217122],
       [-0.50196669],
       [-0.49986253],
       [ 0.00184438],
       [-0.50018953],
       [-0.00751218],
       [-0.50002292],
       [-0.5043664 ],
       [-0.49969425],
       [-0.50075261],
       [-0.00364387],
       [ 0.00264895],
       [-0.50190579],
       [-0.49979413],
       [-0.50439138],
       [-0.5147464 ],
       [ 0.00488224],
       [-0.50267439],
       [-0.50050476],
       [-0.49893361],
       [-0.50088722],
       [-0.02926931],
       [-0.50219574],
       [ 0.00152837],
       [-0.50225935],
       [-0.50407605],
       [-0.49972183],
       [-0.50192427],
       [-0.50248255],
       [-0.50462737],
       [ 0.00247268],
       [-0.50274987],
       [-0.06371623],
       [-0.50421182],
       [-0.50423077]])
array([[ -1.33016748e+01],
       [ -1.27767387e+01],
       [ -1.29404959e+01],
       [ -1.32205233e+01],
       [ -1.25513926e+01],
       [ -1.34559671e+01],
       [ -1.34439513e+01],
       [ -1.25694533e+01],
       [ -4.29246172e-01],
       [ -1.25841716e+01],
       [  8.02130942e-01],
       [ -1.26774589e+01],
       [ -1.26109130e+01],
       [ -1.23511618e+01],
       [ -1.31387813e+01],
       [ -5.11264761e-01],
       [ -1.59795316e-01],
       [ -1.05855182e+01],
       [ -1.27939487e+01],
       [ -1.26948008e+01],
       [ -7.32307900e+00],
       [  6.93108359e-03],
       [ -1.32731834e+01],
       [ -1.25319539e+01],
       [ -1.04687359e+01],
       [ -1.27691726e+01],
       [ -1.83436002e+00],
       [ -1.33326245e+01],
       [ -1.96713530e-01],
       [ -1.36422945e+01],
       [ -1.27477977e+01],
       [ -1.27215543e+01],
       [ -1.34291317e+01],
       [ -1.32768129e+01],
       [ -1.19072663e+01],
       [  5.96360027e-02],
       [ -1.34586396e+01],
       [ -2.45912443e+00],
       [ -1.27035019e+01],
       [ -1.28039598e+01]])
