<<<<<<<<<<< STEP 0 >>>>>>>>>>>> + array([[-0.50000075],
       [-0.50000016],
       [-0.50000068],
       [ 0.01616521],
       [ 0.00144371],
       [-0.5000005 ],
       [-0.50000119],
       [-0.49999998],
       [-0.49999978],
       [-0.4999997 ],
       [-0.50000172],
       [-0.49999987],
       [-0.49999999],
       [-0.50000011],
       [ 0.01850339],
       [-0.50000118],
       [-0.50000043],
       [-0.03629863],
       [-0.50000067],
       [-0.50000014],
       [-0.49999997],
       [-0.5000006 ],
       [ 0.0019046 ],
       [-0.50000109],
       [ 0.00836522],
       [-0.50000067],
       [ 0.00942491],
       [-0.50000096],
       [-0.49999988],
       [ 0.01174909],
       [-0.5000001 ],
       [-0.50000014],
       [-0.49999976],
       [-0.49999961],
       [-0.50000063],
       [-0.50000006],
       [-0.50000061],
       [-0.50000041],
       [-0.50000044],
       [ 0.01069623]])
array([[-27.81348984],
       [-27.06536233],
       [-27.74284784],
       [ -0.60505475],
       [ -1.16767891],
       [-27.7990309 ],
       [-27.58989787],
       [-27.03424402],
       [-27.17092691],
       [-26.74241432],
       [-25.35815736],
       [-27.76409064],
       [-27.495624  ],
       [-27.38752188],
       [  0.80991469],
       [-26.64705867],
       [-28.28045891],
       [ -1.37066672],
       [-27.99466013],
       [-26.80935946],
       [-26.79839048],
       [-27.78192967],
       [ -0.91804291],
       [-27.69664894],
       [ -0.19564659],
       [-28.00765006],
       [  0.95424187],
       [-25.96583443],
       [-27.14904535],
       [ -0.46930366],
       [-27.41261101],
       [-28.24984499],
       [-27.46871984],
       [-26.61090714],
       [-27.16033243],
       [-27.45803387],
       [-27.96679407],
       [-26.75623666],
       [-28.02468812],
       [  0.64554219]])
<<<<<<<<<<< STEP 1 >>>>>>>>>>>> + array([[-0.50000058],
       [-0.50000012],
       [-0.50000053],
       [ 0.01578578],
       [ 0.00123883],
       [-0.50000039],
       [-0.50000093],
       [-0.49999998],
       [-0.49999983],
       [-0.49999977],
       [-0.50000134],
       [-0.49999989],
       [-0.49999999],
       [-0.50000008],
       [ 0.01832792],
       [-0.50000092],
       [-0.50000033],
       [-0.03666229],
       [-0.50000052],
       [-0.5000001 ],
       [-0.49999998],
       [-0.50000047],
       [ 0.00156898],
       [-0.50000084],
       [ 0.00787234],
       [-0.50000052],
       [ 0.00953467],
       [-0.50000077],
       [-0.4999999 ],
       [ 0.01167215],
       [-0.50000007],
       [-0.5000001 ],
       [-0.49999981],
       [-0.49999969],
       [-0.50000049],
       [-0.50000005],
       [-0.50000048],
       [-0.50000031],
       [-0.50000034],
       [ 0.01037736]])
array([[-28.31349042],
       [-27.56536245],
       [-28.24284837],
       [ -0.58926897],
       [ -1.16644009],
       [-28.29903129],
       [-28.0898988 ],
       [-27.534244  ],
       [-27.67092674],
       [-27.24241409],
       [-25.8581587 ],
       [-28.26409054],
       [-27.995624  ],
       [-27.88752197],
       [  0.82824261],
       [-27.14705959],
       [-28.78045924],
       [ -1.40732901],
       [-28.49466065],
       [-27.30935956],
       [-27.29839046],
       [-28.28193014],
       [ -0.91647393],
       [-28.19664978],
       [ -0.18777425],
       [-28.50765058],
       [  0.96377654],
       [-26.46583519],
       [-27.64904525],
       [ -0.45763151],
       [-27.91261108],
       [-28.74984509],
       [-27.96871965],
       [-27.11090683],
       [-27.66033292],
       [-27.95803391],
       [-28.46679455],
       [-27.25623697],
       [-28.52468846],
       [  0.65591955]])
<<<<<<<<<<< STEP 2 >>>>>>>>>>>> + array([[-0.50000045],
       [-0.50000008],
       [-0.50000041],
       [ 0.01541846],
       [ 0.00103542],
       [-0.5000003 ],
       [-0.50000072],
       [-0.49999998],
       [-0.49999986],
       [-0.49999982],
       [-0.50000104],
       [-0.49999991],
       [-0.5       ],
       [-0.50000006],
       [ 0.01815629],
       [-0.50000072],
       [-0.50000026],
       [-0.03705983],
       [-0.50000041],
       [-0.50000007],
       [-0.49999998],
       [-0.50000036],
       [ 0.00123847],
       [-0.50000066],
       [ 0.00739407],
       [-0.5000004 ],
       [ 0.00964092],
       [-0.50000062],
       [-0.49999992],
       [ 0.01159308],
       [-0.50000005],
       [-0.50000007],
       [-0.49999985],
       [-0.49999976],
       [-0.50000038],
       [-0.50000003],
       [-0.50000038],
       [-0.50000024],
       [-0.50000026],
       [ 0.01006565]])
array([[-28.81349086],
       [-28.06536253],
       [-28.74284877],
       [ -0.57385052],
       [ -1.16540466],
       [-28.79903159],
       [-28.58989952],
       [-28.03424399],
       [-28.17092661],
       [-27.7424139 ],
       [-26.35815974],
       [-28.76409045],
       [-28.495624  ],
       [-28.38752203],
       [  0.8463989 ],
       [-27.64706031],
       [-29.2804595 ],
       [ -1.44438885],
       [-28.99466106],
       [-27.80935963],
       [-27.79839043],
       [-28.7819305 ],
       [ -0.91523547],
       [-28.69665044],
       [ -0.18038018],
       [-29.00765098],
       [  0.97341746],
       [-26.96583581],
       [-28.14904517],
       [ -0.44603843],
       [-28.41261113],
       [-29.24984516],
       [-28.4687195 ],
       [-27.61090659],
       [-28.1603333 ],
       [-28.45803394],
       [-28.96679493],
       [-27.75623721],
       [-29.02468873],
       [  0.6659852 ]])
<<<<<<<<<<< STEP 3 >>>>>>>>>>>> + array([[-0.50000035],
       [-0.50000006],
       [-0.50000032],
       [ 0.01506254],
       [ 0.00083325],
       [-0.50000024],
       [-0.50000056],
       [-0.49999999],
       [-0.49999989],
       [-0.49999986],
       [-0.50000081],
       [-0.49999993],
       [-0.5       ],
       [-0.50000004],
       [ 0.01798847],
       [-0.50000056],
       [-0.5000002 ],
       [-0.03749376],
       [-0.50000031],
       [-0.50000005],
       [-0.49999998],
       [-0.50000028],
       [ 0.00091275],
       [-0.50000051],
       [ 0.00692937],
       [-0.50000031],
       [ 0.00974385],
       [-0.5000005 ],
       [-0.49999994],
       [ 0.01151221],
       [-0.50000003],
       [-0.50000005],
       [-0.49999988],
       [-0.49999981],
       [-0.5000003 ],
       [-0.50000003],
       [-0.5000003 ],
       [-0.50000019],
       [-0.5000002 ],
       [ 0.00976056]])
array([[-29.31349121],
       [-28.56536259],
       [-29.24284909],
       [ -0.55878798],
       [ -1.16457141],
       [-29.29903183],
       [-29.08990008],
       [-28.53424397],
       [-28.6709265 ],
       [-28.24241376],
       [-26.85816056],
       [-29.26409038],
       [-28.995624  ],
       [-28.88752207],
       [  0.86438738],
       [-28.14706087],
       [-29.7804597 ],
       [ -1.4818826 ],
       [-29.49466137],
       [-28.30935968],
       [-28.29839041],
       [-29.28193078],
       [ -0.91432272],
       [-29.19665095],
       [ -0.17345081],
       [-29.50765129],
       [  0.98316131],
       [-27.46583631],
       [-28.64904511],
       [ -0.43452622],
       [-28.91261117],
       [-29.74984522],
       [-28.96871937],
       [-28.1109064 ],
       [-28.6603336 ],
       [-28.95803397],
       [-29.46679522],
       [-28.2562374 ],
       [-29.52468893],
       [  0.67574575]])
<<<<<<<<<<< STEP 4 >>>>>>>>>>>> + array([[-0.50000027],
       [-0.50000004],
       [-0.50000025],
       [ 0.01471736],
       [ 0.00063209],
       [-0.50000018],
       [-0.50000044],
       [-0.49999999],
       [-0.49999991],
       [-0.49999989],
       [-0.50000063],
       [-0.49999994],
       [-0.5       ],
       [-0.50000003],
       [ 0.01782442],
       [-0.50000044],
       [-0.50000015],
       [-0.03796689],
       [-0.50000024],
       [-0.50000004],
       [-0.49999998],
       [-0.50000022],
       [ 0.00059154],
       [-0.5000004 ],
       [ 0.00647725],
       [-0.50000024],
       [ 0.00984362],
       [-0.5000004 ],
       [-0.49999995],
       [ 0.01142979],
       [-0.50000002],
       [-0.50000004],
       [-0.4999999 ],
       [-0.49999985],
       [-0.50000023],
       [-0.50000002],
       [-0.50000023],
       [-0.50000014],
       [-0.50000016],
       [ 0.00946158]])
array([[-29.81349148],
       [-29.06536263],
       [-29.74284934],
       [ -0.54407063],
       [ -1.16393932],
       [-29.79903201],
       [-29.58990052],
       [-29.03424396],
       [-29.17092641],
       [-28.74241364],
       [-27.35816119],
       [-29.76409032],
       [-29.49562401],
       [-29.38752211],
       [  0.8822118 ],
       [-28.64706131],
       [-30.28045985],
       [ -1.51984949],
       [-29.99466161],
       [-28.80935972],
       [-28.7983904 ],
       [-29.781931  ],
       [ -0.91373118],
       [-29.69665134],
       [ -0.16697356],
       [-30.00765154],
       [  0.99300493],
       [-27.9658367 ],
       [-29.14904506],
       [ -0.42309643],
       [-29.41261119],
       [-30.24984526],
       [-29.46871927],
       [-28.61090626],
       [-29.16033383],
       [-29.45803399],
       [-29.96679546],
       [-28.75623754],
       [-30.02468909],
       [  0.68520733]])
<<<<<<<<<<< STEP 5 >>>>>>>>>>>> + array([[ -5.00000206e-01],
       [ -5.00000031e-01],
       [ -5.00000193e-01],
       [  1.43822976e-02],
       [  4.31745289e-04],
       [ -5.00000143e-01],
       [ -5.00000341e-01],
       [ -4.99999989e-01],
       [ -4.99999932e-01],
       [ -4.99999911e-01],
       [ -5.00000493e-01],
       [ -4.99999954e-01],
       [ -5.00000005e-01],
       [ -5.00000024e-01],
       [  1.76640800e-02],
       [ -5.00000343e-01],
       [ -5.00000119e-01],
       [ -3.84823922e-02],
       [ -5.00000189e-01],
       [ -5.00000025e-01],
       [ -4.99999985e-01],
       [ -5.00000169e-01],
       [  2.74539148e-04],
       [ -5.00000308e-01],
       [  6.03682730e-03],
       [ -5.00000190e-01],
       [  9.94038834e-03],
       [ -5.00000318e-01],
       [ -4.99999958e-01],
       [  1.13460662e-02],
       [ -5.00000015e-01],
       [ -5.00000028e-01],
       [ -4.99999922e-01],
       [ -4.99999885e-01],
       [ -5.00000181e-01],
       [ -5.00000014e-01],
       [ -5.00000184e-01],
       [ -5.00000111e-01],
       [ -5.00000122e-01],
       [  9.16823003e-03]])
array([[-30.31349168],
       [-29.56536266],
       [-30.24284953],
       [ -0.52968833],
       [ -1.16350757],
       [-30.29903215],
       [-30.08990086],
       [-29.53424395],
       [-29.67092634],
       [-29.24241356],
       [-27.85816168],
       [-30.26409028],
       [-29.99562401],
       [-29.88752213],
       [  0.89987588],
       [-29.14706166],
       [-30.78045997],
       [ -1.55833188],
       [-30.4946618 ],
       [-29.30935974],
       [-29.29839038],
       [-30.28193117],
       [ -0.91345664],
       [-30.19665165],
       [ -0.16093673],
       [-30.50765173],
       [  1.00294532],
       [-28.46583702],
       [-29.64904502],
       [ -0.41175037],
       [-29.91261121],
       [-30.74984528],
       [-29.9687192 ],
       [-29.11090614],
       [-29.66033401],
       [-29.958034  ],
       [-30.46679564],
       [-29.25623765],
       [-30.52468921],
       [  0.69437556]])
<<<<<<<<<<< STEP 6 >>>>>>>>>>>> + array([[ -5.00000159e-01],
       [ -5.00000022e-01],
       [ -5.00000150e-01],
       [  1.40567782e-02],
       [  2.32033510e-04],
       [ -5.00000111e-01],
       [ -5.00000265e-01],
       [ -4.99999990e-01],
       [ -4.99999946e-01],
       [ -4.99999930e-01],
       [ -5.00000385e-01],
       [ -4.99999963e-01],
       [ -5.00000005e-01],
       [ -5.00000018e-01],
       [  1.75073931e-02],
       [ -5.00000268e-01],
       [ -5.00000092e-01],
       [ -3.90438551e-02],
       [ -5.00000147e-01],
       [ -5.00000018e-01],
       [ -4.99999987e-01],
       [ -5.00000131e-01],
       [ -3.85110866e-05],
       [ -5.00000240e-01],
       [  5.60724220e-03],
       [ -5.00000148e-01],
       [  1.00342972e-02],
       [ -5.00000255e-01],
       [ -4.99999966e-01],
       [  1.12612481e-02],
       [ -5.00000010e-01],
       [ -5.00000020e-01],
       [ -4.99999938e-01],
       [ -4.99999910e-01],
       [ -5.00000141e-01],
       [ -5.00000010e-01],
       [ -5.00000145e-01],
       [ -5.00000086e-01],
       [ -5.00000094e-01],
       [  8.88004011e-03]])
array([[-30.81349184],
       [-30.06536269],
       [-30.74284968],
       [ -0.51563155],
       [ -1.16327554],
       [-30.79903227],
       [-30.58990113],
       [-30.03424394],
       [-30.17092629],
       [-29.74241349],
       [-28.35816207],
       [-30.76409024],
       [-30.49562402],
       [-30.38752215],
       [  0.91738327],
       [-29.64706192],
       [-31.28046006],
       [ -1.59737573],
       [-30.99466195],
       [-29.80935976],
       [-29.79839037],
       [-30.7819313 ],
       [ -0.91349515],
       [-30.69665189],
       [ -0.15532949],
       [-31.00765188],
       [  1.01297962],
       [-28.96583728],
       [-30.14904498],
       [ -0.40048912],
       [-30.41261122],
       [-31.2498453 ],
       [-30.46871913],
       [-29.61090605],
       [-30.16033415],
       [-30.45803401],
       [-30.96679578],
       [-29.75623774],
       [-31.0246893 ],
       [  0.7032556 ]])
<<<<<<<<<<< STEP 7 >>>>>>>>>>>> + array([[ -5.00000123e-01],
       [ -5.00000015e-01],
       [ -5.00000117e-01],
       [  1.37402546e-02],
       [  3.28066226e-05],
       [ -5.00000087e-01],
       [ -5.00000207e-01],
       [ -4.99999992e-01],
       [ -4.99999957e-01],
       [ -4.99999945e-01],
       [ -5.00000300e-01],
       [ -4.99999971e-01],
       [ -5.00000005e-01],
       [ -5.00000013e-01],
       [  1.73542966e-02],
       [ -5.00000209e-01],
       [ -5.00000071e-01],
       [ -3.96553137e-02],
       [ -5.00000114e-01],
       [ -5.00000012e-01],
       [ -4.99999989e-01],
       [ -5.00000102e-01],
       [ -3.47871091e-04],
       [ -5.00000186e-01],
       [  5.18771138e-03],
       [ -5.00000115e-01],
       [  1.01254736e-02],
       [ -5.00000204e-01],
       [ -4.99999973e-01],
       [  1.11755147e-02],
       [ -5.00000006e-01],
       [ -5.00000014e-01],
       [ -4.99999950e-01],
       [ -4.99999929e-01],
       [ -5.00000110e-01],
       [ -5.00000008e-01],
       [ -5.00000114e-01],
       [ -5.00000066e-01],
       [ -5.00000073e-01],
       [  8.59655836e-03]])
array([[-31.31349196],
       [-30.5653627 ],
       [-31.2428498 ],
       [ -0.5018913 ],
       [ -1.16324273],
       [-31.29903235],
       [-31.08990133],
       [-30.53424393],
       [-30.67092625],
       [-30.24241343],
       [-28.85816237],
       [-31.26409021],
       [-30.99562402],
       [-30.88752216],
       [  0.93473757],
       [-30.14706213],
       [-31.78046014],
       [ -1.63703105],
       [-31.49466206],
       [-30.30935977],
       [-30.29839036],
       [-31.2819314 ],
       [ -0.91384302],
       [-31.19665208],
       [ -0.15014178],
       [-31.50765199],
       [  1.02310509],
       [-29.46583748],
       [-30.64904495],
       [ -0.3893136 ],
       [-30.91261122],
       [-31.74984532],
       [-30.96871908],
       [-30.11090598],
       [-30.66033426],
       [-30.95803402],
       [-31.4667959 ],
       [-30.25623781],
       [-31.52468938],
       [  0.71185216]])
<<<<<<<<<<< STEP 8 >>>>>>>>>>>> + array([[ -5.00000095e-01],
       [ -5.00000010e-01],
       [ -5.00000091e-01],
       [  1.34322169e-02],
       [ -1.66060995e-04],
       [ -5.00000067e-01],
       [ -5.00000161e-01],
       [ -4.99999993e-01],
       [ -4.99999966e-01],
       [ -4.99999957e-01],
       [ -5.00000234e-01],
       [ -4.99999976e-01],
       [ -5.00000005e-01],
       [ -5.00000009e-01],
       [  1.72047210e-02],
       [ -5.00000163e-01],
       [ -5.00000055e-01],
       [ -4.03213404e-02],
       [ -5.00000089e-01],
       [ -5.00000008e-01],
       [ -4.99999991e-01],
       [ -5.00000079e-01],
       [ -6.53777671e-04],
       [ -5.00000145e-01],
       [  4.77750172e-03],
       [ -5.00000090e-01],
       [  1.02140296e-02],
       [ -5.00000163e-01],
       [ -4.99999978e-01],
       [  1.10890213e-02],
       [ -5.00000003e-01],
       [ -5.00000010e-01],
       [ -4.99999961e-01],
       [ -4.99999945e-01],
       [ -5.00000086e-01],
       [ -5.00000006e-01],
       [ -5.00000090e-01],
       [ -5.00000051e-01],
       [ -5.00000056e-01],
       [  8.31734719e-03]])
array([[-31.81349206],
       [-31.06536271],
       [-31.74284989],
       [ -0.48845908],
       [ -1.16340879],
       [-31.79903242],
       [-31.58990149],
       [-31.03424392],
       [-31.17092621],
       [-30.74241339],
       [-29.3581626 ],
       [-31.76409019],
       [-31.49562403],
       [-31.38752217],
       [  0.95194229],
       [-30.6470623 ],
       [-32.28046019],
       [ -1.67735239],
       [-31.99466215],
       [-30.80935978],
       [-30.79839035],
       [-31.78193148],
       [ -0.9144968 ],
       [-31.69665222],
       [ -0.14536428],
       [-32.00765208],
       [  1.03331912],
       [-29.96583764],
       [-31.14904493],
       [ -0.37822458],
       [-31.41261123],
       [-32.24984533],
       [-31.46871904],
       [-30.61090593],
       [-31.16033434],
       [-31.45803403],
       [-31.96679599],
       [-30.75623786],
       [-32.02468943],
       [  0.72016951]])
<<<<<<<<<<< STEP 9 >>>>>>>>>>>> + array([[ -5.00000073e-01],
       [ -5.00000007e-01],
       [ -5.00000071e-01],
       [  1.31321868e-02],
       [ -3.64667225e-04],
       [ -5.00000052e-01],
       [ -5.00000125e-01],
       [ -4.99999994e-01],
       [ -4.99999973e-01],
       [ -4.99999966e-01],
       [ -5.00000183e-01],
       [ -4.99999981e-01],
       [ -5.00000005e-01],
       [ -5.00000007e-01],
       [  1.70585903e-02],
       [ -5.00000128e-01],
       [ -5.00000043e-01],
       [ -4.10471222e-02],
       [ -5.00000069e-01],
       [ -5.00000005e-01],
       [ -4.99999992e-01],
       [ -5.00000061e-01],
       [ -9.56445200e-04],
       [ -5.00000113e-01],
       [  4.37593139e-03],
       [ -5.00000070e-01],
       [  1.03000616e-02],
       [ -5.00000130e-01],
       [ -4.99999982e-01],
       [  1.10018989e-02],
       [ -5.00000002e-01],
       [ -5.00000007e-01],
       [ -4.99999969e-01],
       [ -4.99999957e-01],
       [ -5.00000067e-01],
       [ -5.00000004e-01],
       [ -5.00000071e-01],
       [ -5.00000040e-01],
       [ -5.00000044e-01],
       [  8.04198086e-03]])
array([[-32.31349213],
       [-31.56536272],
       [-32.24284996],
       [ -0.47532689],
       [ -1.16377346],
       [-32.29903247],
       [-32.08990162],
       [-31.53424392],
       [-31.67092618],
       [-31.24241335],
       [-29.85816278],
       [-32.26409017],
       [-31.99562403],
       [-31.88752218],
       [  0.96900088],
       [-31.14706242],
       [-32.78046023],
       [ -1.71839951],
       [-32.49466222],
       [-31.30935979],
       [-31.29839034],
       [-32.28193154],
       [ -0.91545325],
       [-32.19665233],
       [ -0.14098834],
       [-32.50765215],
       [  1.04361918],
       [-30.46583777],
       [-31.64904491],
       [ -0.36722268],
       [-31.91261123],
       [-32.74984534],
       [-31.96871901],
       [-31.11090588],
       [-31.66033441],
       [-31.95803403],
       [-32.46679606],
       [-31.2562379 ],
       [-32.52468948],
       [  0.72821149]])
<<<<<<<<<<< STEP 10 >>>>>>>>>>>> + array([[-0.50000006],
       [-0.5       ],
       [-0.50000006],
       [ 0.01283972],
       [-0.00056308],
       [-0.50000004],
       [-0.5000001 ],
       [-0.5       ],
       [-0.49999998],
       [-0.49999997],
       [-0.50000014],
       [-0.49999998],
       [-0.5       ],
       [-0.5       ],
       [ 0.01691582],
       [-0.5000001 ],
       [-0.50000003],
       [-0.04183856],
       [-0.50000005],
       [-0.5       ],
       [-0.49999999],
       [-0.50000005],
       [-0.00125606],
       [-0.50000009],
       [ 0.00398237],
       [-0.50000005],
       [ 0.01038365],
       [-0.5000001 ],
       [-0.49999999],
       [ 0.01091426],
       [-0.5       ],
       [-0.5       ],
       [-0.49999998],
       [-0.49999997],
       [-0.50000005],
       [-0.5       ],
       [-0.50000006],
       [-0.50000003],
       [-0.50000003],
       [ 0.00777004]])
array([[-32.81349219],
       [-32.06536272],
       [-32.74285002],
       [ -0.46248718],
       [ -1.16433654],
       [-32.79903251],
       [-32.58990172],
       [-32.03424391],
       [-32.17092616],
       [-31.74241333],
       [-30.35816293],
       [-32.76409015],
       [-32.49562404],
       [-32.38752218],
       [  0.9859167 ],
       [-31.64706252],
       [-33.28046027],
       [ -1.76023807],
       [-32.99466228],
       [-31.80935979],
       [-31.79839033],
       [-32.78193159],
       [ -0.91670931],
       [-32.69665242],
       [ -0.13700598],
       [-33.00765221],
       [  1.05400283],
       [-30.96583788],
       [-32.1490449 ],
       [ -0.35630843],
       [-32.41261123],
       [-33.24984534],
       [-32.46871899],
       [-31.61090585],
       [-32.16033446],
       [-32.45803403],
       [-32.96679611],
       [-31.75623793],
       [-33.02468951],
       [  0.73598153]])
<<<<<<<<<<< STEP 11 >>>>>>>>>>>> + array([[-0.50000004],
       [-0.5       ],
       [-0.50000004],
       [ 0.01255438],
       [-0.00076133],
       [-0.50000003],
       [-0.50000008],
       [-0.5       ],
       [-0.49999998],
       [-0.49999998],
       [-0.50000011],
       [-0.49999999],
       [-0.5       ],
       [-0.5       ],
       [ 0.01677633],
       [-0.50000008],
       [-0.50000003],
       [-0.04270239],
       [-0.50000004],
       [-0.5       ],
       [-0.49999999],
       [-0.50000004],
       [-0.00155278],
       [-0.50000007],
       [ 0.00359623],
       [-0.50000004],
       [ 0.01046485],
       [-0.50000008],
       [-0.49999999],
       [ 0.01082618],
       [-0.5       ],
       [-0.5       ],
       [-0.49999998],
       [-0.49999997],
       [-0.50000004],
       [-0.5       ],
       [-0.50000004],
       [-0.50000002],
       [-0.50000003],
       [ 0.00750113]])
array([[-33.31349223],
       [-32.56536273],
       [-33.24285006],
       [ -0.4499328 ],
       [ -1.16509787],
       [-33.29903254],
       [-33.08990179],
       [-32.53424391],
       [-32.67092615],
       [-32.24241331],
       [-30.85816304],
       [-33.26409014],
       [-32.99562404],
       [-32.88752218],
       [  1.00269303],
       [-32.1470626 ],
       [-33.78046029],
       [ -1.80294046],
       [-33.49466232],
       [-32.30935979],
       [-32.29839033],
       [-33.28193163],
       [ -0.91826209],
       [-33.19665249],
       [ -0.13340975],
       [-33.50765225],
       [  1.06446768],
       [-31.46583796],
       [-32.64904489],
       [ -0.34548225],
       [-32.91261123],
       [-33.74984534],
       [-32.96871897],
       [-32.11090582],
       [-32.66033451],
       [-32.95803404],
       [-33.46679616],
       [-32.25623795],
       [-33.52468954],
       [  0.74348266]])
<<<<<<<<<<< STEP 12 >>>>>>>>>>>> + array([[-0.50000003],
       [-0.5       ],
       [-0.50000003],
       [ 0.01227578],
       [-0.0009594 ],
       [-0.50000002],
       [-0.50000006],
       [-0.5       ],
       [-0.49999999],
       [-0.49999998],
       [-0.50000009],
       [-0.49999999],
       [-0.5       ],
       [-0.5       ],
       [ 0.01664   ],
       [-0.50000006],
       [-0.50000002],
       [-0.04364631],
       [-0.50000003],
       [-0.5       ],
       [-0.5       ],
       [-0.50000003],
       [-0.00184673],
       [-0.50000005],
       [ 0.00321697],
       [-0.50000003],
       [ 0.0105437 ],
       [-0.50000007],
       [-0.49999999],
       [ 0.01073772],
       [-0.5       ],
       [-0.5       ],
       [-0.49999998],
       [-0.49999998],
       [-0.50000003],
       [-0.5       ],
       [-0.50000003],
       [-0.50000002],
       [-0.50000002],
       [ 0.00723483]])
array([[-33.81349227],
       [-33.06536273],
       [-33.74285009],
       [ -0.43765701],
       [ -1.16605727],
       [-33.79903257],
       [-33.58990185],
       [-33.0342439 ],
       [-33.17092613],
       [-32.74241329],
       [-31.35816312],
       [-33.76409013],
       [-33.49562404],
       [-33.38752219],
       [  1.01933303],
       [-32.64706266],
       [-34.28046031],
       [ -1.84658677],
       [-33.99466235],
       [-32.80935979],
       [-32.79839032],
       [-33.78193165],
       [ -0.92010882],
       [-33.69665254],
       [ -0.13019278],
       [-34.00765228],
       [  1.07501138],
       [-31.96583803],
       [-33.14904488],
       [ -0.33474453],
       [-33.41261123],
       [-34.24984535],
       [-33.46871895],
       [-32.6109058 ],
       [-33.16033454],
       [-33.45803404],
       [-33.96679619],
       [-32.75623797],
       [-34.02468956],
       [  0.75071749]])
<<<<<<<<<<< STEP 13 >>>>>>>>>>>> + array([[-0.50000003],
       [-0.5       ],
       [-0.50000003],
       [ 0.01200355],
       [-0.00115723],
       [-0.50000002],
       [-0.50000005],
       [-0.5       ],
       [-0.49999999],
       [-0.49999999],
       [-0.50000007],
       [-0.49999999],
       [-0.5       ],
       [-0.5       ],
       [ 0.01650674],
       [-0.50000005],
       [-0.50000002],
       [-0.04467918],
       [-0.50000003],
       [-0.5       ],
       [-0.5       ],
       [-0.50000002],
       [-0.00213797],
       [-0.50000004],
       [ 0.00284411],
       [-0.50000003],
       [ 0.0106202 ],
       [-0.50000005],
       [-0.49999999],
       [ 0.01064893],
       [-0.5       ],
       [-0.5       ],
       [-0.49999999],
       [-0.49999998],
       [-0.50000002],
       [-0.5       ],
       [-0.50000003],
       [-0.50000001],
       [-0.50000002],
       [ 0.00697076]])
array([[-34.31349229],
       [-33.56536273],
       [-34.24285012],
       [ -0.42565346],
       [ -1.1672145 ],
       [-34.29903259],
       [-34.0899019 ],
       [-33.5342439 ],
       [-33.67092612],
       [-33.24241328],
       [-31.85816319],
       [-34.26409012],
       [-33.99562404],
       [-33.88752219],
       [  1.03583977],
       [-33.14706271],
       [-34.78046033],
       [ -1.89126595],
       [-34.49466237],
       [-33.30935979],
       [-33.29839032],
       [-34.28193168],
       [ -0.92224679],
       [-34.19665259],
       [ -0.12734867],
       [-34.50765231],
       [  1.08563158],
       [-32.46583808],
       [-33.64904487],
       [ -0.3240956 ],
       [-33.91261123],
       [-34.74984535],
       [-33.96871894],
       [-33.11090578],
       [-33.66033456],
       [-33.95803404],
       [-34.46679622],
       [-33.25623798],
       [-34.52468957],
       [  0.75768825]])
<<<<<<<<<<< STEP 14 >>>>>>>>>>>> + array([[-0.50000002],
       [-0.5       ],
       [-0.50000002],
       [ 0.01173734],
       [-0.0013547 ],
       [-0.50000001],
       [-0.50000004],
       [-0.5       ],
       [-0.49999999],
       [-0.49999999],
       [-0.50000005],
       [-0.49999999],
       [-0.5       ],
       [-0.5       ],
       [ 0.01637642],
       [-0.50000004],
       [-0.50000001],
       [-0.04581121],
       [-0.50000002],
       [-0.5       ],
       [-0.5       ],
       [-0.50000002],
       [-0.00242652],
       [-0.50000003],
       [ 0.00247721],
       [-0.50000002],
       [ 0.01069434],
       [-0.50000004],
       [-0.49999999],
       [ 0.01055982],
       [-0.5       ],
       [-0.5       ],
       [-0.49999999],
       [-0.49999999],
       [-0.50000002],
       [-0.5       ],
       [-0.50000002],
       [-0.50000001],
       [-0.50000001],
       [ 0.00670852]])
array([[-34.81349231],
       [-34.06536273],
       [-34.74285014],
       [ -0.41391612],
       [ -1.1685692 ],
       [-34.7990326 ],
       [-34.58990194],
       [-34.0342439 ],
       [-34.17092611],
       [-33.74241327],
       [-32.35816325],
       [-34.76409012],
       [-34.49562405],
       [-34.38752219],
       [  1.05221619],
       [-33.64706275],
       [-35.28046034],
       [ -1.93707716],
       [-34.99466239],
       [-33.80935979],
       [-33.79839032],
       [-34.78193169],
       [ -0.92467331],
       [-34.69665262],
       [ -0.12487146],
       [-35.00765233],
       [  1.09632592],
       [-32.96583812],
       [-34.14904487],
       [ -0.31353577],
       [-34.41261123],
       [-35.24984535],
       [-34.46871893],
       [-33.61090577],
       [-34.16033458],
       [-34.45803404],
       [-34.96679624],
       [-33.75623799],
       [-35.02468958],
       [  0.76439677]])
<<<<<<<<<<< STEP 15 >>>>>>>>>>>> + array([[-0.50000002],
       [-0.5       ],
       [-0.50000002],
       [ 0.01147681],
       [-0.00155161],
       [-0.50000001],
       [-0.50000003],
       [-0.5       ],
       [-0.49999999],
       [-0.49999999],
       [-0.50000004],
       [-0.5       ],
       [-0.5       ],
       [-0.5       ],
       [ 0.0162489 ],
       [-0.50000003],
       [-0.50000001],
       [-0.04705421],
       [-0.50000002],
       [-0.5       ],
       [-0.5       ],
       [-0.50000001],
       [-0.00271234],
       [-0.50000003],
       [ 0.00211588],
       [-0.50000002],
       [ 0.01076606],
       [-0.50000003],
       [-0.5       ],
       [ 0.01047038],
       [-0.5       ],
       [-0.5       ],
       [-0.49999999],
       [-0.49999999],
       [-0.50000002],
       [-0.5       ],
       [-0.50000002],
       [-0.50000001],
       [-0.50000001],
       [ 0.00644772]])
array([[-35.31349233],
       [-34.56536273],
       [-35.24285015],
       [ -0.40243931],
       [ -1.17012081],
       [-35.29903261],
       [-35.08990196],
       [-34.5342439 ],
       [-34.67092611],
       [-34.24241326],
       [-32.85816329],
       [-35.26409011],
       [-34.99562405],
       [-34.88752219],
       [  1.06846509],
       [-34.14706278],
       [-35.78046035],
       [ -1.98413137],
       [-35.49466241],
       [-34.30935979],
       [-34.29839031],
       [-35.28193171],
       [ -0.92738565],
       [-35.19665264],
       [ -0.12275558],
       [-35.50765234],
       [  1.10709199],
       [-33.46583816],
       [-34.64904486],
       [ -0.30306539],
       [-34.91261122],
       [-35.74984535],
       [-34.96871892],
       [-34.11090576],
       [-34.6603346 ],
       [-34.95803404],
       [-35.46679626],
       [-34.256238  ],
       [-35.52468959],
       [  0.77084448]])
<<<<<<<<<<< STEP 16 >>>>>>>>>>>> + array([[-0.50000001],
       [-0.5       ],
       [-0.50000001],
       [ 0.01122166],
       [-0.00174766],
       [-0.50000001],
       [-0.50000002],
       [-0.5       ],
       [-0.49999999],
       [-0.49999999],
       [-0.50000003],
       [-0.5       ],
       [-0.5       ],
       [-0.5       ],
       [ 0.01612403],
       [-0.50000002],
       [-0.50000001],
       [-0.04842193],
       [-0.50000001],
       [-0.5       ],
       [-0.5       ],
       [-0.50000001],
       [-0.00299528],
       [-0.50000002],
       [ 0.0017598 ],
       [-0.50000001],
       [ 0.01083525],
       [-0.50000003],
       [-0.5       ],
       [ 0.01038055],
       [-0.5       ],
       [-0.5       ],
       [-0.49999999],
       [-0.49999999],
       [-0.50000001],
       [-0.5       ],
       [-0.50000001],
       [-0.50000001],
       [-0.50000001],
       [ 0.00618797]])
array([[-35.81349234],
       [-35.06536273],
       [-35.74285017],
       [ -0.39121765],
       [ -1.17186847],
       [-35.79903262],
       [-35.58990199],
       [-35.0342439 ],
       [-35.1709261 ],
       [-34.74241325],
       [-33.35816332],
       [-35.76409011],
       [-35.49562405],
       [-35.38752219],
       [  1.08458912],
       [-34.6470628 ],
       [-36.28046036],
       [ -2.0325533 ],
       [-35.99466242],
       [-34.80935979],
       [-34.79839031],
       [-35.78193172],
       [ -0.93038093],
       [-35.69665266],
       [ -0.12099579],
       [-36.00765235],
       [  1.11792724],
       [-33.96583818],
       [-35.14904486],
       [ -0.29268484],
       [-35.41261122],
       [-36.24984535],
       [-35.46871892],
       [-34.61090575],
       [-35.16033461],
       [-35.45803404],
       [-35.96679627],
       [-34.75623801],
       [-36.0246896 ],
       [  0.77703246]])
<<<<<<<<<<< STEP 17 >>>>>>>>>>>> + array([[-0.50000001],
       [-0.5       ],
       [-0.50000001],
       [ 0.01097158],
       [-0.00194242],
       [-0.50000001],
       [-0.50000002],
       [-0.5       ],
       [-0.5       ],
       [-0.5       ],
       [-0.50000003],
       [-0.5       ],
       [-0.5       ],
       [-0.5       ],
       [ 0.01600161],
       [-0.50000002],
       [-0.50000001],
       [-0.04993042],
       [-0.50000001],
       [-0.5       ],
       [-0.5       ],
       [-0.50000001],
       [-0.00327511],
       [-0.50000002],
       [ 0.0014087 ],
       [-0.50000001],
       [ 0.01090175],
       [-0.50000002],
       [-0.5       ],
       [ 0.01029027],
       [-0.5       ],
       [-0.5       ],
       [-0.5       ],
       [-0.49999999],
       [-0.50000001],
       [-0.5       ],
       [-0.50000001],
       [-0.50000001],
       [-0.50000001],
       [ 0.0059289 ]])
array([[-36.31349235],
       [-35.56536273],
       [-36.24285018],
       [ -0.38024607],
       [ -1.17381089],
       [-36.29903263],
       [-36.089902  ],
       [-35.53424389],
       [-35.6709261 ],
       [-35.24241325],
       [-33.85816334],
       [-36.26409011],
       [-35.99562405],
       [-35.88752219],
       [  1.10059073],
       [-35.14706282],
       [-36.78046036],
       [ -2.08248372],
       [-36.49466243],
       [-35.30935979],
       [-35.29839031],
       [-36.28193173],
       [ -0.93365604],
       [-36.19665268],
       [ -0.11958709],
       [-36.50765236],
       [  1.12882898],
       [-34.46583821],
       [-35.64904485],
       [ -0.28239457],
       [-35.91261122],
       [-36.74984535],
       [-35.96871891],
       [-35.11090575],
       [-35.66033462],
       [-35.95803404],
       [-36.46679628],
       [-35.25623801],
       [-36.52468961],
       [  0.78296135]])
<<<<<<<<<<< STEP 18 >>>>>>>>>>>> + array([[-0.50000001],
       [-0.5       ],
       [-0.50000001],
       [ 0.01072632],
       [-0.00213534],
       [-0.50000001],
       [-0.50000001],
       [-0.5       ],
       [-0.5       ],
       [-0.5       ],
       [-0.50000002],
       [-0.5       ],
       [-0.5       ],
       [-0.5       ],
       [ 0.01588144],
       [-0.50000001],
       [-0.5       ],
       [-0.0515985 ],
       [-0.50000001],
       [-0.5       ],
       [-0.5       ],
       [-0.50000001],
       [-0.00355145],
       [-0.50000001],
       [ 0.0010624 ],
       [-0.50000001],
       [ 0.01096532],
       [-0.50000002],
       [-0.5       ],
       [ 0.0101994 ],
       [-0.5       ],
       [-0.5       ],
       [-0.5       ],
       [-0.5       ],
       [-0.50000001],
       [-0.5       ],
       [-0.50000001],
       [-0.5       ],
       [-0.5       ],
       [ 0.00567012]])
array([[-36.81349236],
       [-36.06536273],
       [-36.74285018],
       [ -0.36951974],
       [ -1.17594623],
       [-36.79903264],
       [-36.58990202],
       [-36.03424389],
       [-36.17092609],
       [-35.74241324],
       [-34.35816336],
       [-36.7640901 ],
       [-36.49562405],
       [-36.38752219],
       [  1.11647217],
       [-35.64706283],
       [-37.28046037],
       [ -2.13408222],
       [-36.99466244],
       [-35.80935979],
       [-35.79839031],
       [-36.78193173],
       [ -0.93720749],
       [-36.69665269],
       [ -0.11852469],
       [-37.00765237],
       [  1.1397943 ],
       [-34.96583822],
       [-36.14904485],
       [ -0.27219517],
       [-36.41261122],
       [-37.24984535],
       [-36.46871891],
       [-35.61090574],
       [-36.16033463],
       [-36.45803404],
       [-36.96679629],
       [-35.75623802],
       [-37.02468961],
       [  0.78863147]])
<<<<<<<<<<< STEP 19 >>>>>>>>>>>> + array([[-0.50000001],
       [-0.5       ],
       [-0.50000001],
       [ 0.01048562],
       [-0.00232565],
       [-0.5       ],
       [-0.50000001],
       [-0.5       ],
       [-0.5       ],
       [-0.5       ],
       [-0.50000002],
       [-0.5       ],
       [-0.5       ],
       [-0.5       ],
       [ 0.01576326],
       [-0.50000001],
       [-0.5       ],
       [-0.05344839],
       [-0.50000001],
       [-0.5       ],
       [-0.5       ],
       [-0.5       ],
       [-0.00382375],
       [-0.50000001],
       [ 0.0007208 ],
       [-0.50000001],
       [ 0.01102565],
       [-0.50000001],
       [-0.5       ],
       [ 0.01010778],
       [-0.5       ],
       [-0.5       ],
       [-0.5       ],
       [-0.5       ],
       [-0.50000001],
       [-0.5       ],
       [-0.50000001],
       [-0.5       ],
       [-0.5       ],
       [ 0.00541125]])
array([[-37.31349236],
       [-36.56536273],
       [-37.24285019],
       [ -0.35903413],
       [ -1.17827187],
       [-37.29903264],
       [-37.08990203],
       [-36.53424389],
       [-36.67092609],
       [-36.24241324],
       [-34.85816338],
       [-37.2640901 ],
       [-36.99562405],
       [-36.88752219],
       [  1.13223543],
       [-36.14706284],
       [-37.78046037],
       [ -2.18753061],
       [-37.49466244],
       [-36.30935979],
       [-36.29839031],
       [-37.28193174],
       [ -0.94103124],
       [-37.1966527 ],
       [ -0.11780389],
       [-37.50765238],
       [  1.15081995],
       [-35.46583824],
       [-36.64904485],
       [ -0.26208739],
       [-36.91261122],
       [-37.74984535],
       [-36.9687189 ],
       [-36.11090574],
       [-36.66033463],
       [-36.95803404],
       [-37.4667963 ],
       [-36.25623802],
       [-37.52468961],
       [  0.79404272]])
<<<<<<<<<<< STEP 20 >>>>>>>>>>>> + array([[ -5.00000004e-01],
       [ -5.00000000e-01],
       [ -5.00000005e-01],
       [  1.02492316e-02],
       [ -2.51233923e-03],
       [ -5.00000003e-01],
       [ -5.00000008e-01],
       [ -4.99999999e-01],
       [ -4.99999998e-01],
       [ -4.99999998e-01],
       [ -5.00000012e-01],
       [ -4.99999998e-01],
       [ -5.00000001e-01],
       [ -5.00000000e-01],
       [  1.56467700e-02],
       [ -5.00000009e-01],
       [ -5.00000003e-01],
       [ -5.55064405e-02],
       [ -5.00000004e-01],
       [ -5.00000000e-01],
       [ -4.99999999e-01],
       [ -5.00000004e-01],
       [ -4.09127017e-03],
       [ -5.00000007e-01],
       [  3.83923994e-04],
       [ -5.00000005e-01],
       [  1.10823056e-02],
       [ -5.00000011e-01],
       [ -4.99999998e-01],
       [  1.00151713e-02],
       [ -4.99999999e-01],
       [ -5.00000000e-01],
       [ -4.99999998e-01],
       [ -4.99999997e-01],
       [ -5.00000004e-01],
       [ -5.00000000e-01],
       [ -5.00000005e-01],
       [ -5.00000002e-01],
       [ -5.00000003e-01],
       [  5.15193759e-03]])
array([[-37.81349237],
       [-37.06536273],
       [-37.74285019],
       [ -0.34878489],
       [ -1.18078421],
       [-37.79903264],
       [-37.58990203],
       [-37.03424389],
       [-37.17092609],
       [-36.74241324],
       [-35.35816339],
       [-37.7640901 ],
       [-37.49562405],
       [-37.38752219],
       [  1.1478822 ],
       [-36.64706285],
       [-38.28046037],
       [ -2.24303705],
       [-37.99466245],
       [-36.80935979],
       [-36.79839031],
       [-37.78193174],
       [ -0.94512251],
       [-37.69665271],
       [ -0.11741997],
       [-38.00765238],
       [  1.16190225],
       [-35.96583825],
       [-37.14904485],
       [ -0.25207222],
       [-37.41261122],
       [-38.24984535],
       [-37.4687189 ],
       [-36.61090574],
       [-37.16033464],
       [-37.45803404],
       [-37.9667963 ],
       [-36.75623802],
       [-38.02468962],
       [  0.79919466]])
<<<<<<<<<<< STEP 21 >>>>>>>>>>>> + array([[ -5.00000003e-01],
       [ -5.00000000e-01],
       [ -5.00000004e-01],
       [  1.00169488e-02],
       [ -2.69409790e-03],
       [ -5.00000003e-01],
       [ -5.00000006e-01],
       [ -4.99999999e-01],
       [ -4.99999998e-01],
       [ -4.99999998e-01],
       [ -5.00000009e-01],
       [ -4.99999999e-01],
       [ -5.00000001e-01],
       [ -5.00000000e-01],
       [  1.55315972e-02],
       [ -5.00000007e-01],
       [ -5.00000002e-01],
       [ -5.78040552e-02],
       [ -5.00000003e-01],
       [ -5.00000000e-01],
       [ -4.99999999e-01],
       [ -5.00000003e-01],
       [ -4.35298211e-03],
       [ -5.00000006e-01],
       [  5.19120437e-05],
       [ -5.00000004e-01],
       [  1.11347315e-02],
       [ -5.00000009e-01],
       [ -4.99999999e-01],
       [  9.92126838e-03],
       [ -4.99999999e-01],
       [ -5.00000000e-01],
       [ -4.99999998e-01],
       [ -4.99999998e-01],
       [ -5.00000003e-01],
       [ -5.00000000e-01],
       [ -5.00000004e-01],
       [ -5.00000002e-01],
       [ -5.00000002e-01],
       [  4.89182685e-03]])
array([[-38.31349237],
       [-37.56536273],
       [-38.2428502 ],
       [ -0.33876795],
       [ -1.18347831],
       [-38.29903265],
       [-38.08990204],
       [-37.53424389],
       [-37.67092609],
       [-37.24241323],
       [-35.8581634 ],
       [-38.2640901 ],
       [-37.99562406],
       [-37.88752219],
       [  1.1634138 ],
       [-37.14706286],
       [-38.78046037],
       [ -2.3008411 ],
       [-38.49466245],
       [-37.30935979],
       [-37.29839031],
       [-38.28193174],
       [ -0.94947549],
       [-38.19665271],
       [ -0.11736806],
       [-38.50765239],
       [  1.17303698],
       [-36.46583825],
       [-37.64904485],
       [ -0.24215095],
       [-37.91261122],
       [-38.74984535],
       [-37.9687189 ],
       [-37.11090573],
       [-37.66033464],
       [-37.95803404],
       [-38.4667963 ],
       [-37.25623803],
       [-38.52468962],
       [  0.80408649]])
<<<<<<<<<<< STEP 22 >>>>>>>>>>>> + array([[ -5.00000003e-01],
       [ -5.00000000e-01],
       [ -5.00000003e-01],
       [  9.78857349e-03],
       [ -2.86919755e-03],
       [ -5.00000002e-01],
       [ -5.00000005e-01],
       [ -5.00000000e-01],
       [ -4.99999999e-01],
       [ -4.99999999e-01],
       [ -5.00000007e-01],
       [ -4.99999999e-01],
       [ -5.00000001e-01],
       [ -5.00000000e-01],
       [  1.54172936e-02],
       [ -5.00000005e-01],
       [ -5.00000002e-01],
       [ -6.03789097e-02],
       [ -5.00000003e-01],
       [ -5.00000000e-01],
       [ -4.99999999e-01],
       [ -5.00000002e-01],
       [ -4.60751613e-03],
       [ -5.00000004e-01],
       [ -2.74922365e-04],
       [ -5.00000003e-01],
       [  1.11821855e-02],
       [ -5.00000007e-01],
       [ -4.99999999e-01],
       [  9.82566853e-03],
       [ -5.00000000e-01],
       [ -5.00000000e-01],
       [ -4.99999998e-01],
       [ -4.99999998e-01],
       [ -5.00000003e-01],
       [ -5.00000000e-01],
       [ -5.00000003e-01],
       [ -5.00000001e-01],
       [ -5.00000002e-01],
       [  4.63059215e-03]])
array([[-38.81349238],
       [-38.06536273],
       [-38.7428502 ],
       [ -0.32897937],
       [ -1.18634751],
       [-38.79903265],
       [-38.58990205],
       [-38.03424389],
       [-38.17092609],
       [-37.74241323],
       [-36.35816341],
       [-38.7640901 ],
       [-38.49562406],
       [-38.38752219],
       [  1.1788311 ],
       [-37.64706286],
       [-39.28046038],
       [ -2.36122001],
       [-38.99466245],
       [-37.80935979],
       [-37.79839031],
       [-38.78193175],
       [ -0.95408301],
       [-38.69665272],
       [ -0.11764298],
       [-39.00765239],
       [  1.18421917],
       [-36.96583826],
       [-38.14904485],
       [ -0.23232528],
       [-38.41261122],
       [-39.24984535],
       [-38.4687189 ],
       [-37.61090573],
       [-38.16033464],
       [-38.45803404],
       [-38.96679631],
       [-37.75623803],
       [-39.02468962],
       [  0.80871708]])
<<<<<<<<<<< STEP 23 >>>>>>>>>>>> + array([[-0.5       ],
       [-0.5       ],
       [-0.5       ],
       [ 0.00956393],
       [-0.00303539],
       [-0.5       ],
       [-0.5       ],
       [-0.5       ],
       [-0.5       ],
       [-0.5       ],
       [-0.50000001],
       [-0.5       ],
       [-0.5       ],
       [-0.5       ],
       [ 0.0153033 ],
       [-0.5       ],
       [-0.5       ],
       [-0.06327646],
       [-0.5       ],
       [-0.5       ],
       [-0.5       ],
       [-0.5       ],
       [-0.00485306],
       [-0.5       ],
       [-0.00059606],
       [-0.5       ],
       [ 0.01122371],
       [-0.50000001],
       [-0.5       ],
       [ 0.00972785],
       [-0.5       ],
       [-0.5       ],
       [-0.5       ],
       [-0.5       ],
       [-0.5       ],
       [-0.5       ],
       [-0.5       ],
       [-0.5       ],
       [-0.5       ],
       [ 0.00436794]])
array([[-39.31349238],
       [-38.56536273],
       [-39.2428502 ],
       [ -0.31941544],
       [ -1.1893829 ],
       [-39.29903265],
       [-39.08990205],
       [-38.53424389],
       [-38.67092609],
       [-38.24241323],
       [-36.85816341],
       [-39.2640901 ],
       [-38.99562406],
       [-38.88752219],
       [  1.1941344 ],
       [-38.14706287],
       [-39.78046038],
       [ -2.42449647],
       [-39.49466245],
       [-38.30935979],
       [-38.29839031],
       [-39.28193175],
       [ -0.95893606],
       [-39.19665272],
       [ -0.11823904],
       [-39.50765239],
       [  1.19544288],
       [-37.46583827],
       [-38.64904485],
       [ -0.22259743],
       [-38.91261122],
       [-39.74984535],
       [-38.9687189 ],
       [-38.11090573],
       [-38.66033464],
       [-38.95803404],
       [-39.46679631],
       [-38.25623803],
       [-39.52468962],
       [  0.81308502]])
<<<<<<<<<<< STEP 24 >>>>>>>>>>>> + array([[-0.5       ],
       [-0.5       ],
       [-0.5       ],
       [ 0.00934288],
       [-0.00318975],
       [-0.5       ],
       [-0.5       ],
       [-0.5       ],
       [-0.5       ],
       [-0.5       ],
       [-0.5       ],
       [-0.5       ],
       [-0.5       ],
       [-0.5       ],
       [ 0.01518894],
       [-0.5       ],
       [-0.5       ],
       [-0.0665519 ],
       [-0.5       ],
       [-0.5       ],
       [-0.5       ],
       [-0.5       ],
       [-0.00508721],
       [-0.5       ],
       [-0.0009107 ],
       [-0.5       ],
       [ 0.01125805],
       [-0.5       ],
       [-0.5       ],
       [ 0.00962714],
       [-0.5       ],
       [-0.5       ],
       [-0.5       ],
       [-0.5       ],
       [-0.5       ],
       [-0.5       ],
       [-0.5       ],
       [-0.5       ],
       [-0.5       ],
       [ 0.00410364]])
array([[-39.81349238],
       [-39.06536273],
       [-39.7428502 ],
       [ -0.31007256],
       [ -1.19257265],
       [-39.79903265],
       [-39.58990205],
       [-39.03424389],
       [-39.17092609],
       [-38.74241323],
       [-37.35816342],
       [-39.7640901 ],
       [-39.49562406],
       [-39.38752219],
       [  1.20932334],
       [-38.64706287],
       [-40.28046038],
       [ -2.49104837],
       [-39.99466246],
       [-38.80935979],
       [-38.79839031],
       [-39.78193175],
       [ -0.96402328],
       [-39.69665272],
       [ -0.11914974],
       [-40.00765239],
       [  1.20670092],
       [-37.96583827],
       [-39.14904485],
       [ -0.21297029],
       [-39.41261122],
       [-40.24984535],
       [-39.4687189 ],
       [-38.61090573],
       [-39.16033465],
       [-39.45803404],
       [-39.96679631],
       [-38.75623803],
       [-40.02468962],
       [  0.81718866]])
<<<<<<<<<<< STEP 25 >>>>>>>>>>>> + array([[-0.5       ],
       [-0.5       ],
       [-0.5       ],
       [ 0.00912529],
       [-0.00332847],
       [-0.5       ],
       [-0.5       ],
       [-0.5       ],
       [-0.5       ],
       [-0.5       ],
       [-0.5       ],
       [-0.5       ],
       [-0.5       ],
       [-0.5       ],
       [ 0.01507333],
       [-0.5       ],
       [-0.5       ],
       [-0.07027264],
       [-0.5       ],
       [-0.5       ],
       [-0.5       ],
       [-0.5       ],
       [-0.00530684],
       [-0.5       ],
       [-0.00121773],
       [-0.5       ],
       [ 0.01128359],
       [-0.5       ],
       [-0.5       ],
       [ 0.00952267],
       [-0.5       ],
       [-0.5       ],
       [-0.5       ],
       [-0.5       ],
       [-0.5       ],
       [-0.5       ],
       [-0.5       ],
       [-0.5       ],
       [-0.5       ],
       [ 0.00383754]])
array([[-40.31349238],
       [-39.56536273],
       [-40.2428502 ],
       [ -0.30094727],
       [ -1.19590112],
       [-40.29903265],
       [-40.08990206],
       [-39.53424389],
       [-39.67092608],
       [-39.24241323],
       [-37.85816342],
       [-40.26409009],
       [-39.99562406],
       [-39.88752219],
       [  1.22439668],
       [-39.14706287],
       [-40.78046038],
       [ -2.56132101],
       [-40.49466246],
       [-39.30935979],
       [-39.29839031],
       [-40.28193175],
       [ -0.96933012],
       [-40.19665272],
       [ -0.12036748],
       [-40.50765239],
       [  1.21798451],
       [-38.46583827],
       [-39.64904484],
       [ -0.20344762],
       [-39.91261122],
       [-40.74984535],
       [-39.9687189 ],
       [-39.11090573],
       [-39.66033465],
       [-39.95803404],
       [-40.46679631],
       [-39.25623803],
       [-40.52468962],
       [  0.8210262 ]])
<<<<<<<<<<< STEP 26 >>>>>>>>>>>> + array([[-0.5       ],
       [-0.5       ],
       [-0.5       ],
       [ 0.0089111 ],
       [-0.00344658],
       [-0.5       ],
       [-0.5       ],
       [-0.5       ],
       [-0.5       ],
       [-0.5       ],
       [-0.5       ],
       [-0.5       ],
       [-0.5       ],
       [-0.5       ],
       [ 0.0149554 ],
       [-0.5       ],
       [-0.5       ],
       [-0.07452157],
       [-0.5       ],
       [-0.5       ],
       [-0.5       ],
       [-0.5       ],
       [-0.00550783],
       [-0.5       ],
       [-0.00151557],
       [-0.5       ],
       [ 0.01129824],
       [-0.5       ],
       [-0.5       ],
       [ 0.00941331],
       [-0.5       ],
       [-0.5       ],
       [-0.5       ],
       [-0.5       ],
       [-0.5       ],
       [-0.5       ],
       [-0.5       ],
       [-0.5       ],
       [-0.5       ],
       [ 0.00356958]])
array([[-40.81349238],
       [-40.06536273],
       [-40.74285021],
       [ -0.29203617],
       [ -1.19934771],
       [-40.79903265],
       [-40.58990206],
       [-40.03424389],
       [-40.17092608],
       [-39.74241323],
       [-38.35816342],
       [-40.76409009],
       [-40.49562406],
       [-40.38752219],
       [  1.23935207],
       [-39.64706287],
       [-41.28046038],
       [ -2.63584258],
       [-40.99466246],
       [-39.80935979],
       [-39.79839031],
       [-40.78193175],
       [ -0.97483795],
       [-40.69665273],
       [ -0.12188305],
       [-41.00765239],
       [  1.22928276],
       [-38.96583828],
       [-40.14904484],
       [ -0.19403431],
       [-40.41261122],
       [-41.24984535],
       [-40.46871889],
       [-39.61090573],
       [-40.16033465],
       [-40.45803404],
       [-40.96679632],
       [-39.75623803],
       [-41.02468962],
       [  0.82459579]])
<<<<<<<<<<< STEP 27 >>>>>>>>>>>> + array([[-0.5       ],
       [-0.5       ],
       [-0.5       ],
       [ 0.00870025],
       [-0.00353759],
       [-0.5       ],
       [-0.5       ],
       [-0.5       ],
       [-0.5       ],
       [-0.5       ],
       [-0.5       ],
       [-0.5       ],
       [-0.5       ],
       [-0.5       ],
       [ 0.01483374],
       [-0.5       ],
       [-0.5       ],
       [-0.07940123],
       [-0.5       ],
       [-0.5       ],
       [-0.5       ],
       [-0.5       ],
       [-0.00568478],
       [-0.5       ],
       [-0.00180207],
       [-0.5       ],
       [ 0.01129928],
       [-0.5       ],
       [-0.5       ],
       [ 0.00929761],
       [-0.5       ],
       [-0.5       ],
       [-0.5       ],
       [-0.5       ],
       [-0.5       ],
       [-0.5       ],
       [-0.5       ],
       [-0.5       ],
       [-0.5       ],
       [ 0.00329992]])
array([[-41.31349238],
       [-40.56536273],
       [-41.24285021],
       [ -0.28333591],
       [ -1.20288529],
       [-41.29903265],
       [-41.08990206],
       [-40.53424389],
       [-40.67092608],
       [-40.24241323],
       [-38.85816343],
       [-41.26409009],
       [-40.99562406],
       [-40.88752219],
       [  1.25418581],
       [-40.14706287],
       [-41.78046038],
       [ -2.71524381],
       [-41.49466246],
       [-40.30935979],
       [-40.29839031],
       [-41.28193175],
       [ -0.98052272],
       [-41.19665273],
       [ -0.12368512],
       [-41.5076524 ],
       [  1.24058203],
       [-39.46583828],
       [-40.64904484],
       [ -0.1847367 ],
       [-40.91261122],
       [-41.74984535],
       [-40.96871889],
       [-40.11090573],
       [-40.66033465],
       [-40.95803404],
       [-41.46679632],
       [-40.25623803],
       [-41.52468963],
       [  0.8278957 ]])
<<<<<<<<<<< STEP 28 >>>>>>>>>>>> + array([[-0.5       ],
       [-0.5       ],
       [-0.5       ],
       [ 0.00849278],
       [-0.00359299],
       [-0.5       ],
       [-0.5       ],
       [-0.5       ],
       [-0.5       ],
       [-0.5       ],
       [-0.5       ],
       [-0.5       ],
       [-0.5       ],
       [-0.5       ],
       [ 0.01470658],
       [-0.5       ],
       [-0.5       ],
       [-0.08503912],
       [-0.5       ],
       [-0.5       ],
       [-0.5       ],
       [-0.5       ],
       [-0.00583061],
       [-0.5       ],
       [-0.00207433],
       [-0.5       ],
       [ 0.01128316],
       [-0.5       ],
       [-0.5       ],
       [ 0.00917369],
       [-0.5       ],
       [-0.5       ],
       [-0.5       ],
       [-0.5       ],
       [-0.5       ],
       [-0.5       ],
       [-0.5       ],
       [-0.5       ],
       [-0.5       ],
       [ 0.00302892]])
array([[-41.81349238],
       [-41.06536273],
       [-41.74285021],
       [ -0.27484313],
       [ -1.20647829],
       [-41.79903265],
       [-41.58990206],
       [-41.03424389],
       [-41.17092608],
       [-40.74241323],
       [-39.35816343],
       [-41.76409009],
       [-41.49562406],
       [-41.38752219],
       [  1.26889238],
       [-40.64706288],
       [-42.28046038],
       [ -2.80028293],
       [-41.99466246],
       [-40.80935979],
       [-40.79839031],
       [-41.78193175],
       [ -0.98635334],
       [-41.69665273],
       [ -0.12575945],
       [-42.0076524 ],
       [  1.2518652 ],
       [-39.96583828],
       [-41.14904484],
       [ -0.17556302],
       [-41.41261122],
       [-42.24984535],
       [-41.46871889],
       [-40.61090573],
       [-41.16033465],
       [-41.45803404],
       [-41.96679632],
       [-40.75623803],
       [-42.02468963],
       [  0.83092462]])
<<<<<<<<<<< STEP 29 >>>>>>>>>>>> + array([[-0.5       ],
       [-0.5       ],
       [-0.5       ],
       [ 0.00828876],
       [-0.00360167],
       [-0.5       ],
       [-0.5       ],
       [-0.5       ],
       [-0.5       ],
       [-0.5       ],
       [-0.5       ],
       [-0.5       ],
       [-0.5       ],
       [-0.5       ],
       [ 0.01457163],
       [-0.5       ],
       [-0.5       ],
       [-0.09159467],
       [-0.5       ],
       [-0.5       ],
       [-0.5       ],
       [-0.5       ],
       [-0.00593607],
       [-0.5       ],
       [-0.00232846],
       [-0.5       ],
       [ 0.01124529],
       [-0.5       ],
       [-0.5       ],
       [ 0.00903909],
       [-0.5       ],
       [-0.5       ],
       [-0.5       ],
       [-0.5       ],
       [-0.5       ],
       [-0.5       ],
       [-0.5       ],
       [-0.5       ],
       [-0.5       ],
       [ 0.00275731]])
array([[-42.31349238],
       [-41.56536273],
       [-42.24285021],
       [ -0.26655438],
       [ -1.21007996],
       [-42.29903265],
       [-42.08990206],
       [-41.53424389],
       [-41.67092608],
       [-41.24241323],
       [-39.85816343],
       [-42.26409009],
       [-41.99562406],
       [-41.88752219],
       [  1.28346402],
       [-41.14706288],
       [-42.78046038],
       [ -2.8918776 ],
       [-42.49466246],
       [-41.30935979],
       [-41.2983903 ],
       [-42.28193175],
       [ -0.9922894 ],
       [-42.19665273],
       [ -0.1280879 ],
       [-42.5076524 ],
       [  1.26311049],
       [-40.46583828],
       [-41.64904484],
       [ -0.16652392],
       [-41.91261122],
       [-42.74984535],
       [-41.96871889],
       [-41.11090573],
       [-41.66033465],
       [-41.95803404],
       [-42.46679632],
       [-41.25623803],
       [-42.52468963],
       [  0.83368193]])
<<<<<<<<<<< STEP 30 >>>>>>>>>>>> + array([[-0.5       ],
       [-0.5       ],
       [-0.5       ],
       [ 0.00808836],
       [-0.00354902],
       [-0.5       ],
       [-0.5       ],
       [-0.5       ],
       [-0.5       ],
       [-0.5       ],
       [-0.5       ],
       [-0.5       ],
       [-0.5       ],
       [-0.5       ],
       [ 0.01442597],
       [-0.5       ],
       [-0.5       ],
       [-0.09926784],
       [-0.5       ],
       [-0.5       ],
       [-0.5       ],
       [-0.5       ],
       [-0.00598898],
       [-0.5       ],
       [-0.00255928],
       [-0.5       ],
       [ 0.01117965],
       [-0.5       ],
       [-0.5       ],
       [ 0.00889063],
       [-0.5       ],
       [-0.5       ],
       [-0.5       ],
       [-0.5       ],
       [-0.5       ],
       [-0.5       ],
       [-0.5       ],
       [-0.5       ],
       [-0.5       ],
       [ 0.00248633]])
array([[-42.81349238],
       [-42.06536273],
       [-42.74285021],
       [ -0.25846602],
       [ -1.21362898],
       [-42.79903265],
       [-42.58990206],
       [-42.03424389],
       [-42.17092608],
       [-41.74241323],
       [-40.35816343],
       [-42.76409009],
       [-42.49562406],
       [-42.38752219],
       [  1.29788998],
       [-41.64706288],
       [-43.28046038],
       [ -2.99114544],
       [-42.99466246],
       [-41.80935979],
       [-41.7983903 ],
       [-42.78193175],
       [ -0.99827838],
       [-42.69665273],
       [ -0.13064718],
       [-43.0076524 ],
       [  1.27429015],
       [-40.96583828],
       [-42.14904484],
       [ -0.15763329],
       [-42.41261122],
       [-43.24984535],
       [-42.46871889],
       [-41.61090573],
       [-42.16033465],
       [-42.45803404],
       [-42.96679632],
       [-41.75623803],
       [-43.02468963],
       [  0.83616826]])
<<<<<<<<<<< STEP 31 >>>>>>>>>>>> + array([[-0.5       ],
       [-0.5       ],
       [-0.5       ],
       [ 0.00789188],
       [-0.0034159 ],
       [-0.5       ],
       [-0.5       ],
       [-0.5       ],
       [-0.5       ],
       [-0.5       ],
       [-0.5       ],
       [-0.5       ],
       [-0.5       ],
       [-0.5       ],
       [ 0.01426577],
       [-0.5       ],
       [-0.5       ],
       [-0.10830978],
       [-0.5       ],
       [-0.5       ],
       [-0.5       ],
       [-0.5       ],
       [-0.0059734 ],
       [-0.5       ],
       [-0.00275992],
       [-0.5       ],
       [ 0.01107842],
       [-0.5       ],
       [-0.5       ],
       [ 0.00872415],
       [-0.5       ],
       [-0.5       ],
       [-0.5       ],
       [-0.5       ],
       [-0.5       ],
       [-0.5       ],
       [-0.5       ],
       [-0.5       ],
       [-0.5       ],
       [ 0.00221791]])
array([[-43.31349238],
       [-42.56536273],
       [-43.24285021],
       [ -0.25057414],
       [ -1.21704488],
       [-43.29903266],
       [-43.08990206],
       [-42.53424389],
       [-42.67092608],
       [-42.24241323],
       [-40.85816343],
       [-43.26409009],
       [-42.99562406],
       [-42.88752219],
       [  1.31215575],
       [-42.14706288],
       [-43.78046038],
       [ -3.09945522],
       [-43.49466246],
       [-42.30935979],
       [-42.2983903 ],
       [-43.28193175],
       [ -1.00425178],
       [-43.19665273],
       [ -0.13340711],
       [-43.5076524 ],
       [  1.28536857],
       [-41.46583828],
       [-42.64904484],
       [ -0.14890913],
       [-42.91261122],
       [-43.74984535],
       [-42.96871889],
       [-42.11090573],
       [-42.66033465],
       [-42.95803404],
       [-43.46679632],
       [-42.25623803],
       [-43.52468963],
       [  0.83838617]])
<<<<<<<<<<< STEP 32 >>>>>>>>>>>> + array([[-0.5       ],
       [-0.5       ],
       [-0.5       ],
       [ 0.00769975],
       [-0.00317728],
       [-0.5       ],
       [-0.5       ],
       [-0.5       ],
       [-0.5       ],
       [-0.5       ],
       [-0.5       ],
       [-0.5       ],
       [-0.5       ],
       [-0.5       ],
       [ 0.01408613],
       [-0.5       ],
       [-0.5       ],
       [-0.11903518],
       [-0.5       ],
       [-0.5       ],
       [-0.5       ],
       [-0.5       ],
       [-0.00586851],
       [-0.5       ],
       [-0.00292134],
       [-0.5       ],
       [ 0.01093141],
       [-0.5       ],
       [-0.5       ],
       [ 0.00853425],
       [-0.5       ],
       [-0.5       ],
       [-0.5       ],
       [-0.5       ],
       [-0.5       ],
       [-0.5       ],
       [-0.5       ],
       [-0.5       ],
       [-0.5       ],
       [ 0.00195501]])
array([[-43.81349238],
       [-43.06536273],
       [-43.74285021],
       [ -0.24287439],
       [ -1.22022216],
       [-43.79903266],
       [-43.58990206],
       [-43.03424389],
       [-43.17092608],
       [-42.74241323],
       [-41.35816343],
       [-43.76409009],
       [-43.49562406],
       [-43.38752219],
       [  1.32624188],
       [-42.64706288],
       [-44.28046038],
       [ -3.2184904 ],
       [-43.99466246],
       [-42.80935979],
       [-42.7983903 ],
       [-43.78193175],
       [ -1.01012029],
       [-43.69665273],
       [ -0.13632845],
       [-44.0076524 ],
       [  1.29629998],
       [-41.96583829],
       [-43.14904484],
       [ -0.14037488],
       [-43.41261122],
       [-44.24984535],
       [-43.46871889],
       [-42.61090573],
       [-43.16033465],
       [-43.45803404],
       [-43.96679632],
       [-42.75623803],
       [-44.02468963],
       [  0.84034118]])
<<<<<<<<<<< STEP 33 >>>>>>>>>>>> + array([[-0.5       ],
       [-0.5       ],
       [-0.5       ],
       [ 0.00751258],
       [-0.00280074],
       [-0.5       ],
       [-0.5       ],
       [-0.5       ],
       [-0.5       ],
       [-0.5       ],
       [-0.5       ],
       [-0.5       ],
       [-0.5       ],
       [-0.5       ],
       [ 0.01388074],
       [-0.5       ],
       [-0.5       ],
       [-0.13183504],
       [-0.5       ],
       [-0.5       ],
       [-0.5       ],
       [-0.5       ],
       [-0.00564729],
       [-0.5       ],
       [-0.00303168],
       [-0.5       ],
       [ 0.01072545],
       [-0.5       ],
       [-0.5       ],
       [ 0.00831395],
       [-0.5       ],
       [-0.5       ],
       [-0.5       ],
       [-0.5       ],
       [-0.5       ],
       [-0.5       ],
       [-0.5       ],
       [-0.5       ],
       [-0.5       ],
       [ 0.00170197]])
array([[-44.31349238],
       [-43.56536273],
       [-44.24285021],
       [ -0.23536181],
       [ -1.2230229 ],
       [-44.29903266],
       [-44.08990206],
       [-43.53424389],
       [-43.67092608],
       [-43.24241323],
       [-41.85816343],
       [-44.26409009],
       [-43.99562406],
       [-43.88752219],
       [  1.34012261],
       [-43.14706288],
       [-44.78046038],
       [ -3.35032543],
       [-44.49466246],
       [-43.30935979],
       [-43.2983903 ],
       [-44.28193175],
       [ -1.01576758],
       [-44.19665273],
       [ -0.13936013],
       [-44.5076524 ],
       [  1.30702543],
       [-42.46583829],
       [-43.64904484],
       [ -0.13206093],
       [-43.91261122],
       [-44.74984535],
       [-43.96871889],
       [-43.11090573],
       [-43.66033465],
       [-43.95803404],
       [-44.46679632],
       [-43.25623803],
       [-44.52468963],
       [  0.84204315]])
<<<<<<<<<<< STEP 34 >>>>>>>>>>>> + array([[-0.5       ],
       [-0.5       ],
       [-0.5       ],
       [ 0.00733123],
       [-0.00224474],
       [-0.5       ],
       [-0.5       ],
       [-0.5       ],
       [-0.5       ],
       [-0.5       ],
       [-0.5       ],
       [-0.5       ],
       [-0.5       ],
       [-0.5       ],
       [ 0.01364157],
       [-0.5       ],
       [-0.5       ],
       [-0.14718635],
       [-0.5       ],
       [-0.5       ],
       [-0.5       ],
       [-0.5       ],
       [-0.00527509],
       [-0.5       ],
       [-0.00307561],
       [-0.5       ],
       [ 0.01044372],
       [-0.5       ],
       [-0.5       ],
       [ 0.00805436],
       [-0.5       ],
       [-0.5       ],
       [-0.5       ],
       [-0.5       ],
       [-0.5       ],
       [-0.5       ],
       [-0.5       ],
       [-0.5       ],
       [-0.5       ],
       [ 0.00146504]])
array([[-44.81349238],
       [-44.06536273],
       [-44.74285021],
       [ -0.22803058],
       [ -1.22526763],
       [-44.79903266],
       [-44.58990206],
       [-44.03424389],
       [-44.17092608],
       [-43.74241323],
       [-42.35816343],
       [-44.76409009],
       [-44.49562406],
       [-44.38752219],
       [  1.35376419],
       [-43.64706288],
       [-45.28046038],
       [ -3.49751178],
       [-44.99466246],
       [-43.80935979],
       [-43.7983903 ],
       [-44.78193175],
       [ -1.02104268],
       [-44.69665273],
       [ -0.14243574],
       [-45.0076524 ],
       [  1.31746915],
       [-42.96583829],
       [-44.14904484],
       [ -0.12400657],
       [-44.41261122],
       [-45.24984535],
       [-44.46871889],
       [-43.61090573],
       [-44.16033465],
       [-44.45803404],
       [-44.96679632],
       [-43.75623803],
       [-45.02468963],
       [  0.84350819]])
<<<<<<<<<<< STEP 35 >>>>>>>>>>>> + array([[-0.5       ],
       [-0.5       ],
       [-0.5       ],
       [ 0.00715687],
       [-0.00145747],
       [-0.5       ],
       [-0.5       ],
       [-0.5       ],
       [-0.5       ],
       [-0.5       ],
       [-0.5       ],
       [-0.5       ],
       [-0.5       ],
       [-0.5       ],
       [ 0.01335866],
       [-0.5       ],
       [-0.5       ],
       [-0.16565063],
       [-0.5       ],
       [-0.5       ],
       [-0.5       ],
       [-0.5       ],
       [-0.00470845],
       [-0.5       ],
       [-0.00303369],
       [-0.5       ],
       [ 0.0100652 ],
       [-0.5       ],
       [-0.5       ],
       [ 0.00774439],
       [-0.5       ],
       [-0.5       ],
       [-0.5       ],
       [-0.5       ],
       [-0.5       ],
       [-0.5       ],
       [-0.5       ],
       [-0.5       ],
       [-0.5       ],
       [ 0.00125307]])
array([[-45.31349238],
       [-44.56536273],
       [-45.24285021],
       [ -0.22087371],
       [ -1.2267251 ],
       [-45.29903266],
       [-45.08990206],
       [-44.53424389],
       [-44.67092608],
       [-44.24241323],
       [-42.85816343],
       [-45.26409009],
       [-44.99562406],
       [-44.88752219],
       [  1.36712285],
       [-44.14706288],
       [-45.78046038],
       [ -3.6631624 ],
       [-45.49466246],
       [-44.30935979],
       [-44.2983903 ],
       [-45.28193175],
       [ -1.02575113],
       [-45.19665273],
       [ -0.14546943],
       [-45.5076524 ],
       [  1.32753435],
       [-43.46583829],
       [-44.64904484],
       [ -0.11626217],
       [-44.91261122],
       [-45.74984535],
       [-44.96871889],
       [-44.11090573],
       [-44.66033465],
       [-44.95803404],
       [-45.46679632],
       [-44.25623803],
       [-45.52468963],
       [  0.84476125]])
<<<<<<<<<<< STEP 36 >>>>>>>>>>>> + array([[ -5.00000000e-01],
       [ -5.00000000e-01],
       [ -5.00000000e-01],
       [  6.99099941e-03],
       [ -3.76990002e-04],
       [ -5.00000000e-01],
       [ -5.00000000e-01],
       [ -5.00000000e-01],
       [ -5.00000000e-01],
       [ -5.00000000e-01],
       [ -5.00000000e-01],
       [ -5.00000000e-01],
       [ -5.00000000e-01],
       [ -5.00000000e-01],
       [  1.30200461e-02],
       [ -5.00000000e-01],
       [ -5.00000000e-01],
       [ -1.87845199e-01],
       [ -5.00000000e-01],
       [ -5.00000000e-01],
       [ -5.00000000e-01],
       [ -5.00000000e-01],
       [ -3.89481592e-03],
       [ -5.00000000e-01],
       [ -2.88201567e-03],
       [ -5.00000000e-01],
       [  9.56459800e-03],
       [ -5.00000000e-01],
       [ -5.00000000e-01],
       [  7.37080284e-03],
       [ -5.00000000e-01],
       [ -5.00000000e-01],
       [ -5.00000000e-01],
       [ -5.00000000e-01],
       [ -5.00000000e-01],
       [ -5.00000000e-01],
       [ -5.00000000e-01],
       [ -5.00000000e-01],
       [ -5.00000000e-01],
       [  1.07820348e-03]])
array([[-45.81349238],
       [-45.06536273],
       [-45.74285021],
       [ -0.21388271],
       [ -1.22710209],
       [-45.79903266],
       [-45.58990206],
       [-45.03424389],
       [-45.17092608],
       [-44.74241323],
       [-43.35816343],
       [-45.76409009],
       [-45.49562406],
       [-45.38752219],
       [  1.3801429 ],
       [-44.64706288],
       [-46.28046038],
       [ -3.8510076 ],
       [-45.99466246],
       [-44.80935979],
       [-44.7983903 ],
       [-45.78193175],
       [ -1.02964594],
       [-45.69665273],
       [ -0.14835144],
       [-46.0076524 ],
       [  1.33709895],
       [-43.96583829],
       [-45.14904484],
       [ -0.10889137],
       [-45.41261122],
       [-46.24984535],
       [-45.46871889],
       [-44.61090572],
       [-45.16033465],
       [-45.45803404],
       [-45.96679632],
       [-44.75623803],
       [-46.02468963],
       [  0.84583946]])
<<<<<<<<<<< STEP 37 >>>>>>>>>>>> + array([[-0.5       ],
       [-0.5       ],
       [-0.5       ],
       [ 0.00683555],
       [ 0.00106525],
       [-0.5       ],
       [-0.5       ],
       [-0.5       ],
       [-0.5       ],
       [-0.5       ],
       [-0.5       ],
       [-0.5       ],
       [-0.5       ],
       [-0.5       ],
       [ 0.01261231],
       [-0.5       ],
       [-0.5       ],
       [-0.21435901],
       [-0.5       ],
       [-0.5       ],
       [-0.5       ],
       [-0.5       ],
       [-0.00277469],
       [-0.5       ],
       [-0.00259276],
       [-0.5       ],
       [ 0.00891349],
       [-0.5       ],
       [-0.5       ],
       [ 0.0069189 ],
       [-0.5       ],
       [-0.5       ],
       [-0.5       ],
       [-0.5       ],
       [-0.5       ],
       [-0.5       ],
       [-0.5       ],
       [-0.5       ],
       [-0.5       ],
       [ 0.0009566 ]])
array([[-46.31349238],
       [-45.56536273],
       [-46.24285021],
       [ -0.20704716],
       [ -1.22603684],
       [-46.29903266],
       [-46.08990206],
       [-45.53424389],
       [-45.67092608],
       [-45.24241323],
       [-43.85816343],
       [-46.26409009],
       [-45.99562406],
       [-45.88752219],
       [  1.39275521],
       [-45.14706288],
       [-46.78046038],
       [ -4.06536661],
       [-46.49466246],
       [-45.30935979],
       [-45.2983903 ],
       [-46.28193175],
       [ -1.03242063],
       [-46.19665273],
       [ -0.15094421],
       [-46.5076524 ],
       [  1.34601244],
       [-44.46583829],
       [-45.64904484],
       [ -0.10197247],
       [-45.91261122],
       [-46.74984535],
       [-45.96871889],
       [-45.11090572],
       [-45.66033465],
       [-45.95803404],
       [-46.46679632],
       [-45.25623803],
       [-46.52468963],
       [  0.84679605]])
<<<<<<<<<<< STEP 38 >>>>>>>>>>>> + array([[-0.5       ],
       [-0.5       ],
       [-0.5       ],
       [ 0.00669289],
       [ 0.00293448],
       [-0.5       ],
       [-0.5       ],
       [-0.5       ],
       [-0.5       ],
       [-0.5       ],
       [-0.5       ],
       [-0.5       ],
       [-0.5       ],
       [-0.5       ],
       [ 0.01212219],
       [-0.5       ],
       [-0.5       ],
       [-0.24557329],
       [-0.5       ],
       [-0.5       ],
       [-0.5       ],
       [-0.5       ],
       [-0.00128827],
       [-0.5       ],
       [-0.00213638],
       [-0.5       ],
       [ 0.00808376],
       [-0.5       ],
       [-0.5       ],
       [ 0.00637458],
       [-0.5       ],
       [-0.5       ],
       [-0.5       ],
       [-0.5       ],
       [-0.5       ],
       [-0.5       ],
       [-0.5       ],
       [-0.5       ],
       [-0.5       ],
       [ 0.00090861]])
array([[-46.81349238],
       [-46.06536273],
       [-46.74285021],
       [ -0.20035427],
       [ -1.22310236],
       [-46.79903266],
       [-46.58990206],
       [-46.03424389],
       [-46.17092608],
       [-45.74241323],
       [-44.35816343],
       [-46.76409009],
       [-46.49562406],
       [-46.38752219],
       [  1.40487739],
       [-45.64706288],
       [-47.28046038],
       [ -4.3109399 ],
       [-46.99466246],
       [-45.80935979],
       [-45.7983903 ],
       [-46.78193175],
       [ -1.0337089 ],
       [-46.69665273],
       [ -0.15308058],
       [-47.0076524 ],
       [  1.3540962 ],
       [-44.96583829],
       [-46.14904484],
       [ -0.09559789],
       [-46.41261122],
       [-47.24984535],
       [-46.46871889],
       [-45.61090572],
       [-46.16033465],
       [-46.45803404],
       [-46.96679632],
       [-45.75623803],
       [-47.02468963],
       [  0.84770467]])
<<<<<<<<<<< STEP 39 >>>>>>>>>>>> + array([[-0.5       ],
       [-0.5       ],
       [-0.5       ],
       [ 0.00656571],
       [ 0.00527268],
       [-0.5       ],
       [-0.5       ],
       [-0.5       ],
       [-0.5       ],
       [-0.5       ],
       [-0.5       ],
       [-0.5       ],
       [-0.5       ],
       [-0.5       ],
       [ 0.01153979],
       [-0.5       ],
       [-0.5       ],
       [-0.2813553 ],
       [-0.5       ],
       [-0.5       ],
       [-0.5       ],
       [-0.5       ],
       [ 0.00061052],
       [-0.5       ],
       [-0.00148662],
       [-0.5       ],
       [ 0.00705479],
       [-0.5       ],
       [-0.5       ],
       [ 0.00572853],
       [-0.5       ],
       [-0.5       ],
       [-0.5       ],
       [-0.5       ],
       [-0.5       ],
       [-0.5       ],
       [-0.5       ],
       [-0.5       ],
       [-0.5       ],
       [ 0.00095784]])
array([[-47.31349238],
       [-46.56536273],
       [-47.24285021],
       [ -0.19378856],
       [ -1.21782967],
       [-47.29903266],
       [-47.08990206],
       [-46.53424389],
       [-46.67092608],
       [-46.24241323],
       [-44.85816343],
       [-47.26409009],
       [-46.99562406],
       [-46.88752219],
       [  1.41641718],
       [-46.14706288],
       [-47.78046038],
       [ -4.5922952 ],
       [-47.49466246],
       [-46.30935979],
       [-46.2983903 ],
       [-47.28193175],
       [ -1.03309838],
       [-47.19665273],
       [ -0.1545672 ],
       [-47.5076524 ],
       [  1.36115098],
       [-45.46583829],
       [-46.64904484],
       [ -0.08986936],
       [-46.91261122],
       [-47.74984535],
       [-46.96871889],
       [-46.11090572],
       [-46.66033465],
       [-46.95803404],
       [-47.46679632],
       [-46.25623803],
       [-47.52468963],
       [  0.84866251]])
<<<<<<<<<<< STEP 40 >>>>>>>>>>>> + array([[-0.5       ],
       [-0.5       ],
       [-0.5       ],
       [ 0.00645688],
       [ 0.00806747],
       [-0.5       ],
       [-0.5       ],
       [-0.5       ],
       [-0.5       ],
       [-0.5       ],
       [-0.5       ],
       [-0.5       ],
       [-0.5       ],
       [-0.5       ],
       [ 0.01086386],
       [-0.5       ],
       [-0.5       ],
       [-0.32066196],
       [-0.5       ],
       [-0.5       ],
       [-0.5       ],
       [-0.5       ],
       [ 0.0029315 ],
       [-0.5       ],
       [-0.00062914],
       [-0.5       ],
       [ 0.00582489],
       [-0.5       ],
       [-0.5       ],
       [ 0.00498274],
       [-0.5       ],
       [-0.5       ],
       [-0.5       ],
       [-0.5       ],
       [-0.5       ],
       [-0.5       ],
       [-0.5       ],
       [-0.5       ],
       [-0.5       ],
       [ 0.00112769]])
array([[-47.81349238],
       [-47.06536273],
       [-47.74285021],
       [ -0.18733167],
       [ -1.2097622 ],
       [-47.79903266],
       [-47.58990206],
       [-47.03424389],
       [-47.17092608],
       [-46.74241323],
       [-45.35816343],
       [-47.76409009],
       [-47.49562406],
       [-47.38752219],
       [  1.42728105],
       [-46.64706288],
       [-48.28046038],
       [ -4.91295716],
       [-47.99466246],
       [-46.80935979],
       [-46.7983903 ],
       [-47.78193175],
       [ -1.03016687],
       [-47.69665273],
       [ -0.15519634],
       [-48.0076524 ],
       [  1.36697587],
       [-45.96583829],
       [-47.14904484],
       [ -0.08488662],
       [-47.41261122],
       [-48.24984535],
       [-47.46871889],
       [-46.61090572],
       [-47.16033465],
       [-47.45803404],
       [-47.96679632],
       [-46.75623803],
       [-48.02468963],
       [  0.84979019]])
<<<<<<<<<<< STEP 41 >>>>>>>>>>>> + array([[ -5.00000000e-01],
       [ -5.00000000e-01],
       [ -5.00000000e-01],
       [  6.36904221e-03],
       [  1.12171647e-02],
       [ -5.00000000e-01],
       [ -5.00000000e-01],
       [ -5.00000000e-01],
       [ -5.00000000e-01],
       [ -5.00000000e-01],
       [ -5.00000000e-01],
       [ -5.00000000e-01],
       [ -5.00000000e-01],
       [ -5.00000000e-01],
       [  1.01077746e-02],
       [ -5.00000000e-01],
       [ -5.00000000e-01],
       [ -3.61255547e-01],
       [ -5.00000000e-01],
       [ -5.00000000e-01],
       [ -5.00000000e-01],
       [ -5.00000000e-01],
       [  5.62173378e-03],
       [ -5.00000000e-01],
       [  4.27940554e-04],
       [ -5.00000000e-01],
       [  4.42470088e-03],
       [ -5.00000000e-01],
       [ -5.00000000e-01],
       [  4.15801588e-03],
       [ -5.00000000e-01],
       [ -5.00000000e-01],
       [ -5.00000000e-01],
       [ -5.00000000e-01],
       [ -5.00000000e-01],
       [ -5.00000000e-01],
       [ -5.00000000e-01],
       [ -5.00000000e-01],
       [ -5.00000000e-01],
       [  1.43441060e-03]])
array([[-48.31349238],
       [-47.56536273],
       [-48.24285021],
       [ -0.18096263],
       [ -1.19854504],
       [-48.29903266],
       [-48.08990206],
       [-47.53424389],
       [-47.67092608],
       [-47.24241323],
       [-45.85816343],
       [-48.26409009],
       [-47.99562406],
       [-47.88752219],
       [  1.43738882],
       [-47.14706288],
       [-48.78046038],
       [ -5.2742127 ],
       [-48.49466246],
       [-47.30935979],
       [-47.2983903 ],
       [-48.28193175],
       [ -1.02454514],
       [-48.19665273],
       [ -0.1547684 ],
       [-48.5076524 ],
       [  1.37140057],
       [-46.46583829],
       [-47.64904484],
       [ -0.0807286 ],
       [-47.91261122],
       [-48.74984535],
       [-47.96871889],
       [-47.11090572],
       [-47.66033465],
       [-47.95803404],
       [-48.46679632],
       [-47.25623803],
       [-48.52468963],
       [  0.8512246 ]])
<<<<<<<<<<< STEP 42 >>>>>>>>>>>> + array([[-0.5       ],
       [-0.5       ],
       [-0.5       ],
       [ 0.00630408],
       [ 0.01451339],
       [-0.5       ],
       [-0.5       ],
       [-0.5       ],
       [-0.5       ],
       [-0.5       ],
       [-0.5       ],
       [-0.5       ],
       [-0.5       ],
       [-0.5       ],
       [ 0.00930308],
       [-0.5       ],
       [-0.5       ],
       [-0.39990608],
       [-0.5       ],
       [-0.5       ],
       [-0.5       ],
       [-0.5       ],
       [ 0.00854929],
       [-0.5       ],
       [ 0.00164615],
       [-0.5       ],
       [ 0.0029251 ],
       [-0.5       ],
       [-0.5       ],
       [ 0.00329815],
       [-0.5       ],
       [-0.5       ],
       [-0.5       ],
       [-0.5       ],
       [-0.5       ],
       [-0.5       ],
       [-0.5       ],
       [-0.5       ],
       [-0.5       ],
       [ 0.00187722]])
array([[-48.81349238],
       [-48.06536273],
       [-48.74285021],
       [ -0.17465855],
       [ -1.18403165],
       [-48.79903266],
       [-48.58990206],
       [-48.03424389],
       [-48.17092608],
       [-47.74241323],
       [-46.35816343],
       [-48.76409009],
       [-48.49562406],
       [-48.38752219],
       [  1.4466919 ],
       [-47.64706288],
       [-49.28046038],
       [ -5.67411879],
       [-48.99466246],
       [-47.80935979],
       [-47.7983903 ],
       [-48.78193175],
       [ -1.01599584],
       [-48.69665273],
       [ -0.15312225],
       [-49.0076524 ],
       [  1.37432567],
       [-46.96583829],
       [-48.14904484],
       [ -0.07743045],
       [-48.41261122],
       [-49.24984535],
       [-48.46871889],
       [-47.61090572],
       [-48.16033465],
       [-48.45803404],
       [-48.96679632],
       [-47.75623803],
       [-49.02468963],
       [  0.85310182]])
<<<<<<<<<<< STEP 43 >>>>>>>>>>>> + array([[-0.5       ],
       [-0.5       ],
       [-0.5       ],
       [ 0.00626263],
       [ 0.01766855],
       [-0.5       ],
       [-0.5       ],
       [-0.5       ],
       [-0.5       ],
       [-0.5       ],
       [-0.5       ],
       [-0.5       ],
       [-0.5       ],
       [-0.5       ],
       [ 0.00849609],
       [-0.5       ],
       [-0.5       ],
       [-0.43331311],
       [-0.5       ],
       [-0.5       ],
       [-0.5       ],
       [-0.5       ],
       [ 0.01151667],
       [-0.5       ],
       [ 0.00295901],
       [-0.5       ],
       [ 0.00142952],
       [-0.5       ],
       [-0.5       ],
       [ 0.00246478],
       [-0.5       ],
       [-0.5       ],
       [-0.5       ],
       [-0.5       ],
       [-0.5       ],
       [-0.5       ],
       [-0.5       ],
       [-0.5       ],
       [-0.5       ],
       [ 0.00243018]])
array([[-49.31349238],
       [-48.56536273],
       [-49.24285021],
       [ -0.16839592],
       [ -1.1663631 ],
       [-49.29903266],
       [-49.08990206],
       [-48.53424389],
       [-48.67092608],
       [-48.24241323],
       [-46.85816343],
       [-49.26409009],
       [-48.99562406],
       [-48.88752219],
       [  1.45518799],
       [-48.14706288],
       [-49.78046038],
       [ -6.10743189],
       [-49.49466246],
       [-48.30935979],
       [-48.2983903 ],
       [-49.28193175],
       [ -1.00447917],
       [-49.19665273],
       [ -0.15016324],
       [-49.5076524 ],
       [  1.3757552 ],
       [-47.46583829],
       [-48.64904484],
       [ -0.07496567],
       [-48.91261122],
       [-49.74984535],
       [-48.96871889],
       [-48.11090572],
       [-48.66033465],
       [-48.95803404],
       [-49.46679632],
       [-48.25623803],
       [-49.52468963],
       [  0.855532  ]])
<<<<<<<<<<< STEP 44 >>>>>>>>>>>> + array([[ -5.00000000e-01],
       [ -5.00000000e-01],
       [ -5.00000000e-01],
       [  6.24383911e-03],
       [  2.03929592e-02],
       [ -5.00000000e-01],
       [ -5.00000000e-01],
       [ -5.00000000e-01],
       [ -5.00000000e-01],
       [ -5.00000000e-01],
       [ -5.00000000e-01],
       [ -5.00000000e-01],
       [ -5.00000000e-01],
       [ -5.00000000e-01],
       [  7.73641549e-03],
       [ -5.00000000e-01],
       [ -5.00000000e-01],
       [ -4.59340932e-01],
       [ -5.00000000e-01],
       [ -5.00000000e-01],
       [ -5.00000000e-01],
       [ -5.00000000e-01],
       [  1.43090747e-02],
       [ -5.00000000e-01],
       [  4.28716238e-03],
       [ -5.00000000e-01],
       [  4.80881318e-05],
       [ -5.00000000e-01],
       [ -5.00000000e-01],
       [  1.72177852e-03],
       [ -5.00000000e-01],
       [ -5.00000000e-01],
       [ -5.00000000e-01],
       [ -5.00000000e-01],
       [ -5.00000000e-01],
       [ -5.00000000e-01],
       [ -5.00000000e-01],
       [ -5.00000000e-01],
       [ -5.00000000e-01],
       [  3.04370173e-03]])
array([[-49.81349238],
       [-49.06536273],
       [-49.74285021],
       [ -0.16215208],
       [ -1.14597014],
       [-49.79903266],
       [-49.58990206],
       [-49.03424389],
       [-49.17092608],
       [-48.74241323],
       [-47.35816343],
       [-49.76409009],
       [-49.49562406],
       [-49.38752219],
       [  1.4629244 ],
       [-48.64706288],
       [-50.28046038],
       [ -6.56677283],
       [-49.99466246],
       [-48.80935979],
       [-48.7983903 ],
       [-49.78193175],
       [ -0.99017009],
       [-49.69665273],
       [ -0.14587608],
       [-50.0076524 ],
       [  1.37580328],
       [-47.96583829],
       [-49.14904484],
       [ -0.0732439 ],
       [-49.41261122],
       [-50.24984535],
       [-49.46871889],
       [-48.61090572],
       [-49.16033465],
       [-49.45803404],
       [-49.96679632],
       [-48.75623803],
       [-50.02468963],
       [  0.85857571]])
<<<<<<<<<<< STEP 45 >>>>>>>>>>>> + array([[-0.5       ],
       [-0.5       ],
       [-0.5       ],
       [ 0.0062454 ],
       [ 0.02248241],
       [-0.5       ],
       [-0.5       ],
       [-0.5       ],
       [-0.5       ],
       [-0.5       ],
       [-0.5       ],
       [-0.5       ],
       [-0.5       ],
       [-0.5       ],
       [ 0.0070631 ],
       [-0.5       ],
       [-0.5       ],
       [-0.47766667],
       [-0.5       ],
       [-0.5       ],
       [-0.5       ],
       [-0.5       ],
       [ 0.01675404],
       [-0.5       ],
       [ 0.00555935],
       [-0.5       ],
       [-0.00113377],
       [-0.5       ],
       [-0.5       ],
       [ 0.00111681],
       [-0.5       ],
       [-0.5       ],
       [-0.5       ],
       [-0.5       ],
       [-0.5       ],
       [-0.5       ],
       [-0.5       ],
       [-0.5       ],
       [-0.5       ],
       [ 0.00365848]])
array([[-50.31349238],
       [-49.56536273],
       [-50.24285021],
       [ -0.15590668],
       [ -1.12348772],
       [-50.29903266],
       [-50.08990206],
       [-49.53424389],
       [-49.67092608],
       [-49.24241323],
       [-47.85816343],
       [-50.26409009],
       [-49.99562406],
       [-49.88752219],
       [  1.4699875 ],
       [-49.14706288],
       [-50.78046038],
       [ -7.04443949],
       [-50.49466246],
       [-49.30935979],
       [-49.2983903 ],
       [-50.28193175],
       [ -0.97341605],
       [-50.19665273],
       [ -0.14031673],
       [-50.5076524 ],
       [  1.37466952],
       [-48.46583829],
       [-49.64904484],
       [ -0.07212709],
       [-49.91261122],
       [-50.74984535],
       [-49.96871889],
       [-49.11090572],
       [-49.66033465],
       [-49.95803404],
       [-50.46679632],
       [-49.25623803],
       [-50.52468963],
       [  0.86223418]])
<<<<<<<<<<< STEP 46 >>>>>>>>>>>> + array([[-0.5       ],
       [-0.5       ],
       [-0.5       ],
       [ 0.00626405],
       [ 0.02386255],
       [-0.5       ],
       [-0.5       ],
       [-0.5       ],
       [-0.5       ],
       [-0.5       ],
       [-0.5       ],
       [-0.5       ],
       [-0.5       ],
       [-0.5       ],
       [ 0.00649659],
       [-0.5       ],
       [-0.5       ],
       [-0.48942635],
       [-0.5       ],
       [-0.5       ],
       [-0.5       ],
       [-0.5       ],
       [ 0.01875698],
       [-0.5       ],
       [ 0.00672673],
       [-0.5       ],
       [-0.00207335],
       [-0.5       ],
       [-0.5       ],
       [ 0.00067115],
       [-0.5       ],
       [-0.5       ],
       [-0.5       ],
       [-0.5       ],
       [-0.5       ],
       [-0.5       ],
       [-0.5       ],
       [-0.5       ],
       [-0.5       ],
       [ 0.00422362]])
array([[-50.81349238],
       [-50.06536273],
       [-50.74285021],
       [ -0.14964263],
       [ -1.09962517],
       [-50.79903266],
       [-50.58990206],
       [-50.03424389],
       [-50.17092608],
       [-49.74241323],
       [-48.35816343],
       [-50.76409009],
       [-50.49562406],
       [-50.38752219],
       [  1.47648409],
       [-49.64706288],
       [-51.28046038],
       [ -7.53386584],
       [-50.99466246],
       [-49.80935979],
       [-49.7983903 ],
       [-50.78193175],
       [ -0.95465907],
       [-50.69665273],
       [ -0.13359   ],
       [-51.0076524 ],
       [  1.37259616],
       [-48.96583829],
       [-50.14904484],
       [ -0.07145594],
       [-50.41261122],
       [-51.24984535],
       [-50.46871889],
       [-49.61090572],
       [-50.16033465],
       [-50.45803404],
       [-50.96679632],
       [-49.75623803],
       [-51.02468963],
       [  0.8664578 ]])
<<<<<<<<<<< STEP 47 >>>>>>>>>>>> + array([[ -5.00000000e-01],
       [ -5.00000000e-01],
       [ -5.00000000e-01],
       [  6.29614833e-03],
       [  2.45738691e-02],
       [ -5.00000000e-01],
       [ -5.00000000e-01],
       [ -5.00000000e-01],
       [ -5.00000000e-01],
       [ -5.00000000e-01],
       [ -5.00000000e-01],
       [ -5.00000000e-01],
       [ -5.00000000e-01],
       [ -5.00000000e-01],
       [  6.03958457e-03],
       [ -5.00000000e-01],
       [ -5.00000000e-01],
       [ -4.96353315e-01],
       [ -5.00000000e-01],
       [ -5.00000000e-01],
       [ -5.00000000e-01],
       [ -5.00000000e-01],
       [  2.02994241e-02],
       [ -5.00000000e-01],
       [  7.76526992e-03],
       [ -5.00000000e-01],
       [ -2.76860940e-03],
       [ -5.00000000e-01],
       [ -5.00000000e-01],
       [  3.81605073e-04],
       [ -5.00000000e-01],
       [ -5.00000000e-01],
       [ -5.00000000e-01],
       [ -5.00000000e-01],
       [ -5.00000000e-01],
       [ -5.00000000e-01],
       [ -5.00000000e-01],
       [ -5.00000000e-01],
       [ -5.00000000e-01],
       [  4.70758039e-03]])
array([[-51.31349238],
       [-50.56536273],
       [-51.24285021],
       [ -0.14334648],
       [ -1.0750513 ],
       [-51.29903266],
       [-51.08990206],
       [-50.53424389],
       [-50.67092608],
       [-50.24241323],
       [-48.85816343],
       [-51.26409009],
       [-50.99562406],
       [-50.88752219],
       [  1.48252368],
       [-50.14706288],
       [-51.78046038],
       [ -8.03021916],
       [-51.49466246],
       [-50.30935979],
       [-50.2983903 ],
       [-51.28193175],
       [ -0.93435965],
       [-51.19665273],
       [ -0.12582473],
       [-51.5076524 ],
       [  1.36982755],
       [-49.46583829],
       [-50.64904484],
       [ -0.07107433],
       [-50.91261122],
       [-51.74984535],
       [-50.96871889],
       [-50.11090572],
       [-50.66033465],
       [-50.95803404],
       [-51.46679632],
       [-50.25623803],
       [-51.52468963],
       [  0.87116538]])
<<<<<<<<<<< STEP 48 >>>>>>>>>>>> + array([[ -5.00000000e-01],
       [ -5.00000000e-01],
       [ -5.00000000e-01],
       [  6.33815405e-03],
       [  2.47248215e-02],
       [ -5.00000000e-01],
       [ -5.00000000e-01],
       [ -5.00000000e-01],
       [ -5.00000000e-01],
       [ -5.00000000e-01],
       [ -5.00000000e-01],
       [ -5.00000000e-01],
       [ -5.00000000e-01],
       [ -5.00000000e-01],
       [  5.68296270e-03],
       [ -5.00000000e-01],
       [ -5.00000000e-01],
       [ -5.00085215e-01],
       [ -5.00000000e-01],
       [ -5.00000000e-01],
       [ -5.00000000e-01],
       [ -5.00000000e-01],
       [  2.14145982e-02],
       [ -5.00000000e-01],
       [  8.66975468e-03],
       [ -5.00000000e-01],
       [ -3.24412672e-03],
       [ -5.00000000e-01],
       [ -5.00000000e-01],
       [  2.29394698e-04],
       [ -5.00000000e-01],
       [ -5.00000000e-01],
       [ -5.00000000e-01],
       [ -5.00000000e-01],
       [ -5.00000000e-01],
       [ -5.00000000e-01],
       [ -5.00000000e-01],
       [ -5.00000000e-01],
       [ -5.00000000e-01],
       [  5.09854572e-03]])
array([[-51.81349238],
       [-51.06536273],
       [-51.74285021],
       [ -0.13700833],
       [ -1.05032648],
       [-51.79903266],
       [-51.58990206],
       [-51.03424389],
       [-51.17092608],
       [-50.74241323],
       [-49.35816343],
       [-51.76409009],
       [-51.49562406],
       [-51.38752219],
       [  1.48820664],
       [-50.64706288],
       [-52.28046038],
       [ -8.53030437],
       [-51.99466246],
       [-50.80935979],
       [-50.7983903 ],
       [-51.78193175],
       [ -0.91294505],
       [-51.69665273],
       [ -0.11715497],
       [-52.0076524 ],
       [  1.36658343],
       [-49.96583829],
       [-51.14904484],
       [ -0.07084494],
       [-51.41261122],
       [-52.24984535],
       [-51.46871889],
       [-50.61090572],
       [-51.16033465],
       [-51.45803404],
       [-51.96679632],
       [-50.75623803],
       [-52.02468963],
       [  0.87626393]])
<<<<<<<<<<< STEP 49 >>>>>>>>>>>> + array([[ -5.00000000e-01],
       [ -5.00000000e-01],
       [ -5.00000000e-01],
       [  6.38692915e-03],
       [  2.44464192e-02],
       [ -5.00000000e-01],
       [ -5.00000000e-01],
       [ -5.00000000e-01],
       [ -5.00000000e-01],
       [ -5.00000000e-01],
       [ -5.00000000e-01],
       [ -5.00000000e-01],
       [ -5.00000000e-01],
       [ -5.00000000e-01],
       [  5.41217738e-03],
       [ -5.00000000e-01],
       [ -5.00000000e-01],
       [ -5.01868557e-01],
       [ -5.00000000e-01],
       [ -5.00000000e-01],
       [ -5.00000000e-01],
       [ -5.00000000e-01],
       [  2.21608036e-02],
       [ -5.00000000e-01],
       [  9.44613844e-03],
       [ -5.00000000e-01],
       [ -3.53634526e-03],
       [ -5.00000000e-01],
       [ -5.00000000e-01],
       [  1.89252171e-04],
       [ -5.00000000e-01],
       [ -5.00000000e-01],
       [ -5.00000000e-01],
       [ -5.00000000e-01],
       [ -5.00000000e-01],
       [ -5.00000000e-01],
       [ -5.00000000e-01],
       [ -5.00000000e-01],
       [ -5.00000000e-01],
       [  5.39876987e-03]])
array([[-52.31349238],
       [-51.56536273],
       [-52.24285021],
       [ -0.1306214 ],
       [ -1.02588006],
       [-52.29903266],
       [-52.08990206],
       [-51.53424389],
       [-51.67092608],
       [-51.24241323],
       [-49.85816343],
       [-52.26409009],
       [-51.99562406],
       [-51.88752219],
       [  1.49361882],
       [-51.14706288],
       [-52.78046038],
       [ -9.03217293],
       [-52.49466246],
       [-51.30935979],
       [-51.2983903 ],
       [-52.28193175],
       [ -0.89078424],
       [-52.19665273],
       [ -0.10770883],
       [-52.5076524 ],
       [  1.36304708],
       [-50.46583829],
       [-51.64904484],
       [ -0.07065569],
       [-51.91261122],
       [-52.74984535],
       [-51.96871889],
       [-51.11090572],
       [-51.66033465],
       [-51.95803404],
       [-52.46679632],
       [-51.25623803],
       [-52.52468963],
       [  0.8816627 ]])
