<<<<<<<<<<< STEP 0 >>>>>>>>>>>> + array([[-0.58408067],
       [-0.94630027],
       [-1.02111669],
       [-0.0444932 ],
       [-1.16681446],
       [-0.95370754],
       [-0.96835728],
       [-0.93597482],
       [-0.04385261],
       [-0.06386139],
       [-0.97001823],
       [-0.95799954],
       [-1.01574322],
       [ 0.01299507],
       [-0.0823596 ],
       [-0.85484496],
       [-0.04195105],
       [-0.93723063],
       [-0.96825667],
       [-0.0499652 ],
       [-0.04228697],
       [-0.95018101],
       [-1.01164965],
       [-1.01369037],
       [-0.9506597 ],
       [-1.03543814],
       [-0.9681682 ],
       [-1.0137168 ],
       [-0.85902127],
       [-0.9513321 ],
       [-0.95994968],
       [-0.95978211],
       [-0.96051307],
       [-0.03976068],
       [-0.04134179],
       [-1.04971861],
       [-1.02410313],
       [-1.03022104],
       [-0.94466333],
       [-0.9573134 ]])
array([[-0.58408067],
       [-0.94630027],
       [-1.02111669],
       [-0.0444932 ],
       [-1.16681446],
       [-0.95370754],
       [-0.96835728],
       [-0.93597482],
       [-0.04385261],
       [-0.06386139],
       [-0.97001823],
       [-0.95799954],
       [-1.01574322],
       [ 0.01299507],
       [-0.0823596 ],
       [-0.85484496],
       [-0.04195105],
       [-0.93723063],
       [-0.96825667],
       [-0.0499652 ],
       [-0.04228697],
       [-0.95018101],
       [-1.01164965],
       [-1.01369037],
       [-0.9506597 ],
       [-1.03543814],
       [-0.9681682 ],
       [-1.0137168 ],
       [-0.85902127],
       [-0.9513321 ],
       [-0.95994968],
       [-0.95978211],
       [-0.96051307],
       [-0.03976068],
       [-0.04134179],
       [-1.04971861],
       [-1.02410313],
       [-1.03022104],
       [-0.94466333],
       [-0.9573134 ]])
<<<<<<<<<<< STEP 1 >>>>>>>>>>>> + array([[-0.54668288],
       [-0.83001623],
       [-0.98290464],
       [-0.10178818],
       [-1.17600707],
       [-0.84637915],
       [-0.96805956],
       [-0.82450765],
       [-0.09096583],
       [-0.11387771],
       [-0.9734755 ],
       [-0.92252874],
       [-0.98469628],
       [-0.08393654],
       [-0.07319149],
       [-0.89706203],
       [-0.08435515],
       [-0.94870513],
       [-0.9708038 ],
       [-0.09716994],
       [-0.08795161],
       [-0.96902682],
       [-0.97418481],
       [-0.98560502],
       [-0.96454697],
       [-0.99116561],
       [-0.92610516],
       [-0.86124641],
       [-0.89353955],
       [-0.84336062],
       [-0.8473867 ],
       [-0.85149152],
       [-0.97220531],
       [-0.08176386],
       [-0.05732313],
       [-1.01274184],
       [-0.98600197],
       [-0.98153063],
       [-0.83998817],
       [-0.96300729]])
array([[-1.13076355],
       [-1.7763165 ],
       [-2.00402133],
       [-0.14628138],
       [-2.34282153],
       [-1.80008669],
       [-1.93641684],
       [-1.76048246],
       [-0.13481844],
       [-0.1777391 ],
       [-1.94349373],
       [-1.88052828],
       [-2.0004395 ],
       [-0.07094147],
       [-0.15555109],
       [-1.75190699],
       [-0.1263062 ],
       [-1.88593576],
       [-1.93906047],
       [-0.14713514],
       [-0.13023858],
       [-1.91920783],
       [-1.98583446],
       [-1.99929539],
       [-1.91520667],
       [-2.02660375],
       [-1.89427336],
       [-1.87496321],
       [-1.75256082],
       [-1.79469272],
       [-1.80733638],
       [-1.81127363],
       [-1.93271838],
       [-0.12152454],
       [-0.09866492],
       [-2.06246045],
       [-2.01010511],
       [-2.01175167],
       [-1.78465149],
       [-1.92032069]])
<<<<<<<<<<< STEP 2 >>>>>>>>>>>> + array([[-0.53002492],
       [-0.72821361],
       [-0.93630587],
       [-0.1181598 ],
       [-1.13697124],
       [-0.7472294 ],
       [-0.94330989],
       [-0.73094099],
       [-0.09908065],
       [-0.12717607],
       [-0.94210905],
       [-0.91449403],
       [-0.94292875],
       [-0.10951118],
       [-0.07295908],
       [-0.92021965],
       [-0.08863406],
       [-0.93330869],
       [-0.94708982],
       [-0.10769679],
       [-0.09952645],
       [-0.94965623],
       [-0.92949946],
       [-0.94651446],
       [-0.93374415],
       [-0.9486005 ],
       [-0.91742786],
       [-0.74231294],
       [-0.91216493],
       [-0.74631854],
       [-0.75188255],
       [-0.74910642],
       [-0.95125761],
       [-0.08017407],
       [-0.06842801],
       [-0.96377973],
       [-0.94605112],
       [-0.92976626],
       [-0.74554327],
       [-0.93615142]])
array([[-1.66078847],
       [-2.50453012],
       [-2.9403272 ],
       [-0.26444117],
       [-3.47979277],
       [-2.54731609],
       [-2.87972672],
       [-2.49142345],
       [-0.2338991 ],
       [-0.30491517],
       [-2.88560278],
       [-2.79502232],
       [-2.94336825],
       [-0.18045264],
       [-0.22851017],
       [-2.67212665],
       [-0.21494026],
       [-2.81924445],
       [-2.88615029],
       [-0.25483193],
       [-0.22976503],
       [-2.86886406],
       [-2.91533391],
       [-2.94580985],
       [-2.84895082],
       [-2.97520425],
       [-2.81170122],
       [-2.61727614],
       [-2.66472575],
       [-2.54101126],
       [-2.55921893],
       [-2.56038005],
       [-2.88397598],
       [-0.2016986 ],
       [-0.16709292],
       [-3.02624017],
       [-2.95615623],
       [-2.94151794],
       [-2.53019476],
       [-2.85647211]])
<<<<<<<<<<< STEP 3 >>>>>>>>>>>> + array([[-0.54158462],
       [-0.64555806],
       [-0.8708121 ],
       [-0.12120574],
       [-1.0572075 ],
       [-0.6642316 ],
       [-0.87981631],
       [-0.65457593],
       [-0.09366517],
       [-0.12886335],
       [-0.86602932],
       [-0.90187413],
       [-0.88282389],
       [-0.10612626],
       [-0.09582967],
       [-0.91147383],
       [-0.07839141],
       [-0.87455543],
       [-0.88201314],
       [-0.10308439],
       [-0.09716647],
       [-0.88848668],
       [-0.86355982],
       [-0.88916267],
       [-0.85249046],
       [-0.89197852],
       [-0.91103353],
       [-0.67801448],
       [-0.89504143],
       [-0.66451289],
       [-0.67378525],
       [-0.6646096 ],
       [-0.88804459],
       [-0.06234281],
       [-0.06115759],
       [-0.89778015],
       [-0.88967336],
       [-0.85673277],
       [-0.66420496],
       [-0.86607605]])
array([[-2.20237308],
       [-3.15008818],
       [-3.81113929],
       [-0.38564692],
       [-4.53700027],
       [-3.2115477 ],
       [-3.75954304],
       [-3.14599938],
       [-0.32756427],
       [-0.43377852],
       [-3.7516321 ],
       [-3.69689645],
       [-3.82619214],
       [-0.2865789 ],
       [-0.32433984],
       [-3.58360047],
       [-0.29333167],
       [-3.69379988],
       [-3.76816344],
       [-0.35791632],
       [-0.32693149],
       [-3.75735073],
       [-3.77889374],
       [-3.83497252],
       [-3.70144128],
       [-3.86718277],
       [-3.72273475],
       [-3.29529063],
       [-3.55976718],
       [-3.20552415],
       [-3.23300417],
       [-3.22498966],
       [-3.77202058],
       [-0.26404142],
       [-0.22825051],
       [-3.92402032],
       [-3.84582959],
       [-3.79825071],
       [-3.19439972],
       [-3.72254817]])
<<<<<<<<<<< STEP 4 >>>>>>>>>>>> + array([[-0.56510419],
       [-0.58375908],
       [-0.78341117],
       [-0.1186637 ],
       [-0.94463096],
       [-0.60055807],
       [-0.78804286],
       [-0.59652972],
       [-0.08476773],
       [-0.12528287],
       [-0.76188962],
       [-0.84816484],
       [-0.79910652],
       [-0.09490464],
       [-0.13856288],
       [-0.86329916],
       [-0.06659651],
       [-0.78282689],
       [-0.78760492],
       [-0.09119483],
       [-0.09125521],
       [-0.79853059],
       [-0.77369217],
       [-0.80721916],
       [-0.74278317],
       [-0.811915  ],
       [-0.87266867],
       [-0.64625691],
       [-0.83158551],
       [-0.60116005],
       [-0.61242802],
       [-0.60104803],
       [-0.79358591],
       [-0.04407742],
       [-0.03697117],
       [-0.80815458],
       [-0.80708485],
       [-0.76079634],
       [-0.59942446],
       [-0.76847402]])
array([[-2.76747727],
       [-3.73384726],
       [-4.59455046],
       [-0.50431062],
       [-5.48163122],
       [-3.81210577],
       [-4.5475859 ],
       [-3.74252911],
       [-0.412332  ],
       [-0.55906139],
       [-4.51352172],
       [-4.54506129],
       [-4.62529865],
       [-0.38148354],
       [-0.46290272],
       [-4.44689963],
       [-0.35992818],
       [-4.47662677],
       [-4.55576836],
       [-0.44911114],
       [-0.41818671],
       [-4.55588133],
       [-4.5525859 ],
       [-4.64219169],
       [-4.44422445],
       [-4.67909777],
       [-4.59540342],
       [-3.94154754],
       [-4.39135269],
       [-3.8066842 ],
       [-3.84543219],
       [-3.82603768],
       [-4.56560649],
       [-0.30811883],
       [-0.26522168],
       [-4.7321749 ],
       [-4.65291444],
       [-4.55904705],
       [-3.79382419],
       [-4.49102219]])
<<<<<<<<<<< STEP 5 >>>>>>>>>>>> + array([[-0.57732853],
       [-0.54512026],
       [-0.69658471],
       [-0.11078683],
       [-0.81536984],
       [-0.55898307],
       [-0.69613866],
       [-0.55953073],
       [-0.07447192],
       [-0.11638682],
       [-0.66681172],
       [-0.75738728],
       [-0.71131207],
       [-0.0822081 ],
       [-0.17935067],
       [-0.78032282],
       [-0.05735199],
       [-0.68892228],
       [-0.69428854],
       [-0.07695028],
       [-0.08408601],
       [-0.70604565],
       [-0.68592497],
       [-0.71864682],
       [-0.64706356],
       [-0.72389327],
       [-0.79391165],
       [-0.62365287],
       [-0.73754867],
       [-0.56001556],
       [-0.57098492],
       [-0.56024812],
       [-0.69856731],
       [-0.03192519],
       [-0.01636924],
       [-0.71417407],
       [-0.71747622],
       [-0.6716885 ],
       [-0.55689495],
       [-0.67679395]])
array([[-3.3448058 ],
       [-4.27896752],
       [-5.29113517],
       [-0.61509745],
       [-6.29700107],
       [-4.37108885],
       [-5.24372456],
       [-4.30205984],
       [-0.48680392],
       [-0.67544821],
       [-5.18033344],
       [-5.30244857],
       [-5.33661072],
       [-0.46369164],
       [-0.64225339],
       [-5.22722245],
       [-0.41728018],
       [-5.16554905],
       [-5.2500569 ],
       [-0.52606143],
       [-0.50227271],
       [-5.26192698],
       [-5.23851088],
       [-5.36083851],
       [-5.09128801],
       [-5.40299104],
       [-5.38931506],
       [-4.56520041],
       [-5.12890136],
       [-4.36669976],
       [-4.41641711],
       [-4.38628581],
       [-5.2641738 ],
       [-0.34004402],
       [-0.28159093],
       [-5.44634897],
       [-5.37039065],
       [-5.23073555],
       [-4.35071914],
       [-5.16781614]])
<<<<<<<<<<< STEP 6 >>>>>>>>>>>> + array([[-0.57527016],
       [-0.523869  ],
       [-0.63014933],
       [-0.09952863],
       [-0.70243935],
       [-0.53444543],
       [-0.62487979],
       [-0.53835002],
       [-0.06411911],
       [-0.10424391],
       [-0.60112198],
       [-0.67095413],
       [-0.64124164],
       [-0.06915682],
       [-0.20622391],
       [-0.69006299],
       [-0.05049472],
       [-0.61699023],
       [-0.62313206],
       [-0.06498679],
       [-0.07633031],
       [-0.63157643],
       [-0.62170236],
       [-0.64619075],
       [-0.58512716],
       [-0.64971764],
       [-0.70415985],
       [-0.60218987],
       [-0.65175406],
       [-0.53605773],
       [-0.54568924],
       [-0.53659131],
       [-0.62568966],
       [-0.02558302],
       [-0.01103591],
       [-0.63979937],
       [-0.64491757],
       [-0.61003562],
       [-0.53295085],
       [-0.60998744]])
array([[-3.92007596],
       [-4.80283652],
       [-5.9212845 ],
       [-0.71462607],
       [-6.99944042],
       [-4.90553428],
       [-5.86860435],
       [-4.84040986],
       [-0.55092303],
       [-0.77969212],
       [-5.78145542],
       [-5.9734027 ],
       [-5.97785236],
       [-0.53284847],
       [-0.8484773 ],
       [-5.91728544],
       [-0.46777489],
       [-5.78253929],
       [-5.87318896],
       [-0.59104822],
       [-0.57860302],
       [-5.8935034 ],
       [-5.86021323],
       [-6.00702926],
       [-5.67641517],
       [-6.05270868],
       [-6.09347491],
       [-5.16739027],
       [-5.78065542],
       [-4.90275749],
       [-4.96210634],
       [-4.92287712],
       [-5.88986346],
       [-0.36562704],
       [-0.29262684],
       [-6.08614834],
       [-6.01530822],
       [-5.84077118],
       [-4.88366999],
       [-5.77780358]])
<<<<<<<<<<< STEP 7 >>>>>>>>>>>> + array([[-0.56684513],
       [-0.51217825],
       [-0.58573844],
       [-0.08773867],
       [-0.62381735],
       [-0.51988406],
       [-0.57717061],
       [-0.52566556],
       [-0.05503303],
       [-0.09180286],
       [-0.56110443],
       [-0.61005593],
       [-0.59348866],
       [-0.05669483],
       [-0.22257409],
       [-0.61969707],
       [-0.04528206],
       [-0.57022635],
       [-0.57614524],
       [-0.05620416],
       [-0.06913191],
       [-0.58050065],
       [-0.58066137],
       [-0.59612057],
       [-0.54977575],
       [-0.59747341],
       [-0.63327686],
       [-0.58281377],
       [-0.59248005],
       [-0.52185229],
       [-0.52998703],
       [-0.52266791],
       [-0.577316  ],
       [-0.02263784],
       [-0.01718224],
       [-0.59013088],
       [-0.59508596],
       [-0.57245223],
       [-0.51956211],
       [-0.56691165]])
array([[-4.48692109],
       [-5.31501477],
       [-6.50702294],
       [-0.80236474],
       [-7.62325776],
       [-5.42541834],
       [-6.44577497],
       [-5.36607542],
       [-0.60595606],
       [-0.87149498],
       [-6.34255985],
       [-6.58345863],
       [-6.57134102],
       [-0.5895433 ],
       [-1.07105139],
       [-6.53698251],
       [-0.51305695],
       [-6.35276564],
       [-6.44933419],
       [-0.64725238],
       [-0.64773493],
       [-6.47400406],
       [-6.4408746 ],
       [-6.60314983],
       [-6.22619092],
       [-6.65018209],
       [-6.72675178],
       [-5.75020405],
       [-6.37313546],
       [-5.42460978],
       [-5.49209337],
       [-5.44554502],
       [-6.46717946],
       [-0.38826488],
       [-0.30980908],
       [-6.67627922],
       [-6.61039418],
       [-6.41322341],
       [-5.4032321 ],
       [-6.34471523]])
<<<<<<<<<<< STEP 8 >>>>>>>>>>>> + array([[-0.55733141],
       [-0.50530177],
       [-0.55749112],
       [-0.07714345],
       [-0.57483993],
       [-0.51086125],
       [-0.54732437],
       [-0.51726464],
       [-0.04769716],
       [-0.08082358],
       [-0.53739878],
       [-0.57158065],
       [-0.56286492],
       [-0.04566533],
       [-0.23478581],
       [-0.57353932],
       [-0.04139874],
       [-0.54172526],
       [-0.54691571],
       [-0.04994473],
       [-0.0632712 ],
       [-0.54832824],
       [-0.55515173],
       [-0.56395312],
       [-0.52979591],
       [-0.56376153],
       [-0.58625708],
       [-0.56662595],
       [-0.55574576],
       [-0.51288351],
       [-0.51966687],
       [-0.51390981],
       [-0.54714232],
       [-0.02145413],
       [-0.02863074],
       [-0.55899201],
       [-0.56308574],
       [-0.54972372],
       [-0.51145741],
       [-0.54045983]])
array([[-5.0442525 ],
       [-5.82031654],
       [-7.06451406],
       [-0.87950819],
       [-8.19809769],
       [-5.93627959],
       [-6.99309934],
       [-5.88334006],
       [-0.65365322],
       [-0.95231856],
       [-6.87995862],
       [-7.15503928],
       [-7.13420594],
       [-0.63520863],
       [-1.3058372 ],
       [-7.11052183],
       [-0.55445569],
       [-6.8944909 ],
       [-6.9962499 ],
       [-0.69719711],
       [-0.71100613],
       [-7.0223323 ],
       [-6.99602633],
       [-7.16710295],
       [-6.75598683],
       [-7.21394361],
       [-7.31300886],
       [-6.31682999],
       [-6.92888122],
       [-5.93749329],
       [-6.01176024],
       [-5.95945483],
       [-7.01432178],
       [-0.40971901],
       [-0.33843982],
       [-7.23527123],
       [-7.17347992],
       [-6.96294713],
       [-5.91468951],
       [-6.88517506]])
<<<<<<<<<<< STEP 9 >>>>>>>>>>>> + array([[-0.54854613],
       [-0.50106515],
       [-0.53963659],
       [-0.06837867],
       [-0.54537205],
       [-0.50512206],
       [-0.52911352],
       [-0.51136898],
       [-0.04206716],
       [-0.07192657],
       [-0.52327319],
       [-0.54778708],
       [-0.54338914],
       [-0.03637663],
       [-0.24691861],
       [-0.54508725],
       [-0.03866343],
       [-0.52466355],
       [-0.52903693],
       [-0.04561837],
       [-0.05895424],
       [-0.52875765],
       [-0.5390404 ],
       [-0.54364445],
       [-0.51821981],
       [-0.54257315],
       [-0.55674626],
       [-0.55354994],
       [-0.5336574 ],
       [-0.50699917],
       [-0.51264007],
       [-0.50814212],
       [-0.52872468],
       [-0.02123539],
       [-0.04203147],
       [-0.53962881],
       [-0.54283982],
       [-0.53550303],
       [-0.50623376],
       [-0.52448429]])
array([[-5.59279863],
       [-6.32138169],
       [-7.60415065],
       [-0.94788686],
       [-8.74346974],
       [-6.44140165],
       [-7.52221286],
       [-6.39470904],
       [-0.69572038],
       [-1.02424514],
       [-7.40323181],
       [-7.70282636],
       [-7.67759508],
       [-0.67158526],
       [-1.55275581],
       [-7.65560908],
       [-0.59311912],
       [-7.41915445],
       [-7.52528683],
       [-0.74281548],
       [-0.76996037],
       [-7.55108995],
       [-7.53506674],
       [-7.7107474 ],
       [-7.27420664],
       [-7.75651676],
       [-7.86975512],
       [-6.87037993],
       [-7.46253863],
       [-6.44449246],
       [-6.52440031],
       [-6.46759696],
       [-7.54304645],
       [-0.4309544 ],
       [-0.38047129],
       [-7.77490004],
       [-7.71631974],
       [-7.49845016],
       [-6.42092326],
       [-7.40965935]])
