<<<<<<<<<<< STEP 0 >>>>>>>>>>>> + array([[-0.5182214 ],
       [ 0.05193921],
       [ 0.11221833],
       [-0.51778223],
       [-0.51832946],
       [-0.52299454],
       [-0.53017742],
       [-0.52221081],
       [-0.52165079],
       [-0.51797592],
       [-0.51677888],
       [-0.02339886],
       [-0.51766307],
       [-0.51565843],
       [-0.50972459],
       [-0.52022159],
       [-0.52770729],
       [-0.50950311],
       [-0.51987567],
       [-0.52041118],
       [-0.51661768],
       [-0.51598708],
       [-0.51812538],
       [-0.51542897],
       [-0.51230046],
       [-0.52077477],
       [-0.52758774],
       [-0.52101863],
       [-0.12221792],
       [ 0.02273467],
       [ 0.04354929]])
array([[-7.23251059],
       [ 0.57139535],
       [-0.76039218],
       [-7.25168794],
       [-7.55780513],
       [-8.11678375],
       [-7.28456971],
       [-8.01973378],
       [-7.63254847],
       [-7.23986864],
       [-7.61499456],
       [-1.22643513],
       [-7.63175733],
       [-7.38854006],
       [-6.57709763],
       [-7.52415376],
       [-6.48313233],
       [-4.88126679],
       [-7.41222157],
       [-7.658794  ],
       [-7.39456409],
       [-6.88145147],
       [-7.59678887],
       [-7.27832024],
       [-7.00008631],
       [-7.52078164],
       [-6.78282608],
       [-7.82021352],
       [-1.28431809],
       [-0.85489033],
       [ 0.62963355]])
<<<<<<<<<<< STEP 1 >>>>>>>>>>>> + array([[-0.51278178],
       [ 0.05052618],
       [ 0.1274471 ],
       [-0.51247176],
       [-0.51274289],
       [-0.51614201],
       [-0.52126964],
       [-0.51547721],
       [-0.51534459],
       [-0.51272282],
       [-0.51139899],
       [-0.0075735 ],
       [-0.51206076],
       [-0.510693  ],
       [-0.50640247],
       [-0.51421435],
       [-0.51980211],
       [-0.50925974],
       [-0.51400032],
       [-0.5143231 ],
       [-0.51162638],
       [-0.51248211],
       [-0.51266682],
       [-0.5107814 ],
       [-0.50864645],
       [-0.51490533],
       [-0.5198096 ],
       [-0.51469092],
       [-0.13042395],
       [ 0.04367434],
       [ 0.04123971]])
array([[-7.74529237],
       [ 0.62192153],
       [-0.63294508],
       [-7.7641597 ],
       [-8.07054802],
       [-8.63292576],
       [-7.80583935],
       [-8.53521099],
       [-8.14789306],
       [-7.75259145],
       [-8.12639354],
       [-1.23400863],
       [-8.1438181 ],
       [-7.89923305],
       [-7.0835001 ],
       [-8.0383681 ],
       [-7.00293445],
       [-5.39052653],
       [-7.92622189],
       [-8.1731171 ],
       [-7.90619046],
       [-7.39393358],
       [-8.10945569],
       [-7.78910163],
       [-7.50873276],
       [-8.03568696],
       [-7.30263568],
       [-8.33490444],
       [-1.41474204],
       [-0.811216  ],
       [ 0.67087326]])
<<<<<<<<<<< STEP 2 >>>>>>>>>>>> + array([[-0.50909636],
       [ 0.04880693],
       [ 0.13512099],
       [-0.5088757 ],
       [-0.50899473],
       [-0.51149437],
       [-0.51520823],
       [-0.5109491 ],
       [-0.511     ],
       [-0.50912587],
       [-0.50786577],
       [ 0.00542707],
       [-0.50836359],
       [-0.50741791],
       [-0.50426924],
       [-0.51012757],
       [-0.51432465],
       [-0.50847845],
       [-0.50996299],
       [-0.51019782],
       [-0.50825465],
       [-0.50971814],
       [-0.50898382],
       [-0.50764731],
       [-0.50616442],
       [-0.51082064],
       [-0.5143919 ],
       [-0.51041478],
       [-0.14394426],
       [ 0.06264671],
       [ 0.03918546]])
array([[-8.25438873],
       [ 0.67072846],
       [-0.49782409],
       [-8.2730354 ],
       [-8.57954275],
       [-9.14442012],
       [-8.32104758],
       [-9.04616009],
       [-8.65889306],
       [-8.26171732],
       [-8.63425931],
       [-1.22858156],
       [-8.65218169],
       [-8.40665096],
       [-7.58776934],
       [-8.54849567],
       [-7.51725909],
       [-5.89900497],
       [-8.43618489],
       [-8.68331491],
       [-8.41444512],
       [-7.90365172],
       [-8.6184395 ],
       [-8.29674895],
       [-8.01489718],
       [-8.54650761],
       [-7.81702757],
       [-8.84531921],
       [-1.5586863 ],
       [-0.74856928],
       [ 0.71005872]])
<<<<<<<<<<< STEP 3 >>>>>>>>>>>> + array([[-0.50655561],
       [ 0.04687763],
       [ 0.13735059],
       [-0.50639766],
       [-0.50644088],
       [-0.50829001],
       [-0.5110131 ],
       [-0.50785237],
       [-0.50796167],
       [-0.50662677],
       [-0.5055148 ],
       [ 0.01628596],
       [-0.50589083],
       [-0.50522665],
       [-0.50289464],
       [-0.50730795],
       [-0.51048022],
       [-0.50742809],
       [-0.50715458],
       [-0.50736375],
       [-0.50593483],
       [-0.50754688],
       [-0.50645357],
       [-0.50549455],
       [-0.50445088],
       [-0.50793334],
       [-0.51056024],
       [-0.50747633],
       [-0.16295543],
       [ 0.07997745],
       [ 0.03734905]])
array([[-8.76094435],
       [ 0.71760609],
       [-0.3604735 ],
       [-8.77943305],
       [-9.08598363],
       [-9.65271013],
       [-8.83206068],
       [-9.55401246],
       [-9.16685473],
       [-8.7683441 ],
       [-9.13977411],
       [-1.2122956 ],
       [-9.15807252],
       [-8.91187761],
       [-8.09066398],
       [-9.05580362],
       [-8.02773931],
       [-6.40643306],
       [-8.94333946],
       [-9.19067866],
       [-8.92037994],
       [-8.4111986 ],
       [-9.12489307],
       [-8.8022435 ],
       [-8.51934805],
       [-9.05444095],
       [-8.32758782],
       [-9.35279554],
       [-1.72164174],
       [-0.66859183],
       [ 0.74740778]])
<<<<<<<<<<< STEP 4 >>>>>>>>>>>> + array([[-0.50477341],
       [ 0.04481055],
       [ 0.13581779],
       [-0.50466008],
       [-0.5046712 ],
       [-0.50604306],
       [-0.50805943],
       [-0.50569738],
       [-0.50580401],
       [-0.50486281],
       [-0.50392628],
       [ 0.02553052],
       [-0.50421109],
       [-0.50373673],
       [-0.5020014 ],
       [-0.50533229],
       [-0.50774269],
       [-0.50630953],
       [-0.5051739 ],
       [-0.50538585],
       [-0.50431002],
       [-0.50584785],
       [-0.50468415],
       [-0.50398907],
       [-0.50324784],
       [-0.50586089],
       [-0.50780866],
       [-0.50542213],
       [-0.1876675 ],
       [ 0.09576086],
       [ 0.03568748]])
array([[ -9.26571776],
       [  0.76241664],
       [ -0.22465571],
       [ -9.28409314],
       [ -9.59065483],
       [-10.1587532 ],
       [ -9.34012012],
       [-10.05970984],
       [ -9.67265874],
       [ -9.27320691],
       [ -9.6437004 ],
       [ -1.18676508],
       [ -9.66228361],
       [ -9.41561434],
       [ -8.59266538],
       [ -9.56113591],
       [ -8.535482  ],
       [ -6.91274259],
       [ -9.44851336],
       [ -9.69606451],
       [ -9.42468996],
       [ -8.91704645],
       [ -9.62957722],
       [ -9.30623256],
       [ -9.02259589],
       [ -9.56030184],
       [ -8.83539648],
       [ -9.85821767],
       [ -1.90930924],
       [ -0.57283097],
       [  0.78309525]])
<<<<<<<<<<< STEP 5 >>>>>>>>>>>> + array([[-0.50350418],
       [ 0.04265529],
       [ 0.13180841],
       [-0.50342295],
       [-0.50342376],
       [-0.50444188],
       [-0.50594651],
       [-0.50417289],
       [-0.50424964],
       [-0.50359783],
       [-0.50283562],
       [ 0.03352548],
       [-0.50305154],
       [-0.50270712],
       [-0.50141369],
       [-0.50392643],
       [-0.50576546],
       [-0.50524428],
       [-0.50375791],
       [-0.50398287],
       [-0.50315424],
       [-0.50452255],
       [-0.50342719],
       [-0.50291961],
       [-0.50238903],
       [-0.50435234],
       [-0.50580501],
       [-0.5039627 ],
       [-0.21814225],
       [ 0.10990299],
       [ 0.0341546 ]])
array([[ -9.76922193],
       [  0.80507194],
       [ -0.0928473 ],
       [ -9.78751608],
       [-10.09407859],
       [-10.66319507],
       [ -9.84606662],
       [-10.56388273],
       [-10.17690837],
       [ -9.77680474],
       [-10.14653601],
       [ -1.15323959],
       [-10.16533514],
       [ -9.91832146],
       [ -9.09407907],
       [-10.06506234],
       [ -9.04124746],
       [ -7.41798687],
       [ -9.95227127],
       [-10.20004738],
       [ -9.92784421],
       [ -9.421569  ],
       [-10.13300441],
       [ -9.80915218],
       [ -9.52498492],
       [-10.06465418],
       [ -9.34120149],
       [-10.36218038],
       [ -2.12745149],
       [ -0.46292798],
       [  0.81724986]])
<<<<<<<<<<< STEP 6 >>>>>>>>>>>> + array([[-0.50258905],
       [ 0.0404455 ],
       [ 0.12627044],
       [-0.50253102],
       [-0.50253013],
       [-0.50328448],
       [-0.50441407],
       [-0.50307864],
       [-0.50311632],
       [-0.50267732],
       [-0.50207485],
       [ 0.04049239],
       [-0.50223843],
       [-0.50198453],
       [-0.50102074],
       [-0.50291165],
       [-0.50431898],
       [-0.50429261],
       [-0.5027336 ],
       [-0.50297204],
       [-0.50232178],
       [-0.50349137],
       [-0.50252267],
       [-0.50215018],
       [-0.50176651],
       [-0.50324127],
       [-0.50432897],
       [-0.50291121],
       [-0.25399836],
       [ 0.12215766],
       [ 0.0327054 ]])
array([[-10.27181099],
       [  0.84551744],
       [  0.03342314],
       [-10.29004711],
       [-10.59660872],
       [-11.16647955],
       [-10.35048069],
       [-11.06696136],
       [-10.6800247 ],
       [-10.27948205],
       [-10.64861087],
       [ -1.11274721],
       [-10.66757358],
       [-10.42030599],
       [ -9.59509982],
       [-10.567974  ],
       [ -9.54556644],
       [ -7.92227948],
       [-10.45500487],
       [-10.70301942],
       [-10.43016598],
       [ -9.92506037],
       [-10.63552708],
       [-10.31130236],
       [-10.02675143],
       [-10.56789546],
       [ -9.84553046],
       [-10.86509159],
       [ -2.38144985],
       [ -0.34077032],
       [  0.84995526]])
<<<<<<<<<<< STEP 7 >>>>>>>>>>>> + array([[-0.50192281],
       [ 0.03820848],
       [ 0.11988313],
       [-0.50188157],
       [-0.50188092],
       [-0.50243817],
       [-0.50329026],
       [-0.50228368],
       [-0.502283  ],
       [-0.50199934],
       [-0.50153606],
       [ 0.04653722],
       [-0.50165969],
       [-0.50147008],
       [-0.50075282],
       [-0.50217022],
       [-0.50324943],
       [-0.50347533],
       [-0.50198631],
       [-0.5022335 ],
       [-0.50171643],
       [-0.50269082],
       [-0.50186518],
       [-0.50159111],
       [-0.50130967],
       [-0.5024159 ],
       [-0.50323229],
       [-0.50214527],
       [-0.29403758],
       [ 0.13216816],
       [ 0.03130179]])
array([[-10.7737338 ],
       [  0.88372592],
       [  0.15330627],
       [-10.79192868],
       [-11.09848964],
       [-11.66891772],
       [-10.85377095],
       [-11.56924505],
       [-11.1823077 ],
       [-10.7814814 ],
       [-11.15014692],
       [ -1.06620999],
       [-11.16923327],
       [-10.92177608],
       [-10.09585264],
       [-11.07014422],
       [-10.04881587],
       [ -8.42575481],
       [-10.95699118],
       [-11.20525292],
       [-10.93188241],
       [-10.42775119],
       [-11.13739226],
       [-10.81289347],
       [-10.5280611 ],
       [-11.07031135],
       [-10.34876275],
       [-11.36723686],
       [ -2.67548743],
       [ -0.20860216],
       [  0.88125705]])
<<<<<<<<<<< STEP 8 >>>>>>>>>>>> + array([[-0.50143405],
       [ 0.03597529],
       [ 0.11312405],
       [-0.50140491],
       [-0.50140405],
       [-0.5018142 ],
       [-0.50245942],
       [-0.50170074],
       [-0.50166794],
       [-0.50149574],
       [-0.50114877],
       [ 0.05168444],
       [-0.50124193],
       [-0.50109883],
       [-0.50056589],
       [-0.50162339],
       [-0.50245207],
       [-0.50279092],
       [-0.50143898],
       [-0.50168748],
       [-0.50127313],
       [-0.50207071],
       [-0.50138368],
       [-0.50118183],
       [-0.50097167],
       [-0.5017998 ],
       [-0.50241339],
       [-0.5015832 ],
       [-0.33596903],
       [ 0.13953679],
       [ 0.02991975]])
array([[-11.27516784],
       [  0.91970121],
       [  0.26643032],
       [-11.29333359],
       [-11.59989369],
       [-12.17073193],
       [-11.35623037],
       [-12.07094578],
       [-11.68397563],
       [-11.28297714],
       [-11.6512957 ],
       [ -1.01452555],
       [-11.6704752 ],
       [-11.42287491],
       [-10.59641853],
       [-11.57176761],
       [-10.55126794],
       [ -8.92854573],
       [-11.45843017],
       [-11.7069404 ],
       [-11.43315554],
       [-10.9298219 ],
       [-11.63877594],
       [-11.3140753 ],
       [-11.02903277],
       [-11.57211115],
       [-10.85117614],
       [-11.86882006],
       [ -3.01145646],
       [ -0.06906537],
       [  0.91117681]])
<<<<<<<<<<< STEP 9 >>>>>>>>>>>> + array([[-0.50107325],
       [ 0.03378789],
       [ 0.10632383],
       [-0.5010528 ],
       [-0.50105107],
       [-0.50135191],
       [-0.50184191],
       [-0.50127038],
       [-0.50121455],
       [-0.50111991],
       [-0.50086635],
       [ 0.05592083],
       [-0.50093631],
       [-0.50082743],
       [-0.500432  ],
       [-0.50121745],
       [-0.50185423],
       [-0.50222699],
       [-0.5010387 ],
       [-0.50127993],
       [-0.50094683],
       [-0.50159158],
       [-0.50102918],
       [-0.5008805 ],
       [-0.5007207 ],
       [-0.50133945],
       [-0.50180098],
       [-0.50116919],
       [-0.37656548],
       [ 0.14394275],
       [ 0.02855547]])
array([[-11.7762411 ],
       [  0.9534891 ],
       [  0.37275415],
       [-11.79438639],
       [-12.10094477],
       [-12.67208384],
       [-11.85807228],
       [-12.57221616],
       [-12.18519019],
       [-11.78409705],
       [-12.15216204],
       [ -0.95860472],
       [-12.17141151],
       [-11.92370234],
       [-11.09685053],
       [-12.07298505],
       [-11.05312217],
       [ -9.43077273],
       [-11.95946887],
       [-12.20822033],
       [-11.93410237],
       [-11.43141348],
       [-12.13980513],
       [-11.81495581],
       [-11.52975347],
       [-12.07345061],
       [-11.35297712],
       [-12.36998925],
       [ -3.38802194],
       [  0.07487738],
       [  0.93973228]])
<<<<<<<<<<< STEP 10 >>>>>>>>>>>> + array([[-0.50080557],
       [ 0.03169874],
       [ 0.09970458],
       [-0.50079128],
       [-0.50078852],
       [-0.50100866],
       [-0.50138159],
       [-0.50095121],
       [-0.50088218],
       [-0.50083899],
       [-0.50065756],
       [ 0.0592444 ],
       [-0.50070998],
       [-0.50062663],
       [-0.50033349],
       [-0.50091489],
       [-0.50140434],
       [-0.50176728],
       [-0.50074775],
       [-0.5009735 ],
       [-0.50070579],
       [-0.50122233],
       [-0.50076724],
       [-0.50065769],
       [-0.50053438],
       [-0.50099613],
       [-0.50134349],
       [-0.50086399],
       [-0.41247855],
       [ 0.14529071],
       [ 0.02722644]])
array([[-12.27704666],
       [  0.98518783],
       [  0.47245874],
       [-12.29517767],
       [-12.60173329],
       [-13.17309249],
       [-12.35945387],
       [-13.07316736],
       [-12.68607237],
       [-12.28493605],
       [-12.6528196 ],
       [ -0.89936032],
       [-12.67212149],
       [-12.42432897],
       [-11.59718402],
       [-12.57389995],
       [-11.5545265 ],
       [ -9.93254001],
       [-12.46021662],
       [-12.70919383],
       [-12.43480816],
       [-11.93263581],
       [-12.64057237],
       [-12.3156135 ],
       [-12.03028785],
       [-12.57444673],
       [-11.85432061],
       [-12.87085324],
       [ -3.80050048],
       [  0.22016809],
       [  0.96695872]])
<<<<<<<<<<< STEP 11 >>>>>>>>>>>> + array([[-0.50060612],
       [ 0.02976149],
       [ 0.09340509],
       [-0.50059616],
       [-0.50059264],
       [-0.50075362],
       [-0.50103788],
       [-0.50071375],
       [-0.50064031],
       [-0.50062902],
       [-0.50050132],
       [ 0.06169996],
       [-0.50054057],
       [-0.50047648],
       [-0.50025917],
       [-0.50068882],
       [-0.50106498],
       [-0.50139544],
       [-0.50053803],
       [-0.50074178],
       [-0.50052724],
       [-0.50093843],
       [-0.50057319],
       [-0.50049236],
       [-0.50039632],
       [-0.50074086],
       [-0.50100246],
       [-0.50063917],
       [-0.44138885],
       [ 0.14381064],
       [ 0.0259642 ]])
array([[-12.77765278],
       [  1.01494932],
       [  0.56586383],
       [-12.79577384],
       [-13.10232593],
       [-13.67384611],
       [-12.86049175],
       [-13.57388112],
       [-13.18671268],
       [-12.78556507],
       [-13.15332092],
       [ -0.83766035],
       [-13.17266206],
       [-12.92480545],
       [-12.09744319],
       [-13.07458877],
       [-12.05559149],
       [-10.43393545],
       [-12.96075464],
       [-13.20993561],
       [-12.9353354 ],
       [-12.43357423],
       [-13.14114556],
       [-12.81610586],
       [-12.53068417],
       [-13.07518759],
       [-12.35532307],
       [-13.37149241],
       [ -4.24188933],
       [  0.36397873],
       [  0.99292291]])
<<<<<<<<<<< STEP 12 >>>>>>>>>>>> + array([[-0.500457  ],
       [ 0.02801755],
       [ 0.08750034],
       [-0.50045006],
       [-0.50044618],
       [-0.50056402],
       [-0.5007809 ],
       [-0.50053665],
       [-0.50046541],
       [-0.50047211],
       [-0.50038328],
       [ 0.06338253],
       [-0.50041268],
       [-0.50036324],
       [-0.50020203],
       [-0.50051958],
       [-0.50080857],
       [-0.50109666],
       [-0.50038798],
       [-0.50056582],
       [-0.50039469],
       [-0.50072051],
       [-0.50042911],
       [-0.50036934],
       [-0.50029419],
       [-0.50055153],
       [-0.50074871],
       [-0.50047367],
       [-0.46268644],
       [ 0.14002706],
       [ 0.02480099]])
array([[-13.27810977],
       [  1.04296688],
       [  0.65336417],
       [-13.29622389],
       [-13.60277211],
       [-14.17441013],
       [-13.36127265],
       [-14.07441777],
       [-13.68717809],
       [-13.28603718],
       [-13.65370419],
       [ -0.77427782],
       [-13.67307474],
       [-13.42516869],
       [-12.59764522],
       [-13.57510834],
       [-12.55640005],
       [-10.93503211],
       [-13.46114262],
       [-13.71050143],
       [-13.43573009],
       [-12.93429474],
       [-13.64157467],
       [-13.3164752 ],
       [-13.03097836],
       [-13.57573912],
       [-12.85607179],
       [-13.87196608],
       [ -4.70457577],
       [  0.50400579],
       [  1.0177239 ]])
<<<<<<<<<<< STEP 13 >>>>>>>>>>>> + array([[-0.50034519],
       [ 0.02648731],
       [ 0.08202004],
       [-0.50034033],
       [-0.50033642],
       [-0.50042292],
       [-0.50058849],
       [-0.50040426],
       [-0.50033937],
       [-0.50035478],
       [-0.50029349],
       [ 0.06441296],
       [-0.50031555],
       [-0.50027734],
       [-0.50015757],
       [-0.50039261],
       [-0.50061452],
       [-0.50085814],
       [-0.50028105],
       [-0.50043183],
       [-0.50029607],
       [-0.50055337],
       [-0.50032192],
       [-0.50027759],
       [-0.50021867],
       [-0.50041126],
       [-0.50056001],
       [-0.50035179],
       [-0.47723641],
       [ 0.13461092],
       [ 0.02375802]])
array([[-13.77845497],
       [  1.06945419],
       [  0.73538421],
       [-13.79656422],
       [-14.10310853],
       [-14.67483305],
       [-13.86186114],
       [-14.57482203],
       [-14.18751746],
       [-13.78639196],
       [-14.15399768],
       [ -0.70986486],
       [-14.17339029],
       [-13.92544602],
       [-13.09780279],
       [-14.07550095],
       [-13.05701457],
       [-11.43589025],
       [-13.96142367],
       [-14.21093325],
       [-13.93602616],
       [-13.43484811],
       [-14.14189659],
       [-13.81675278],
       [-13.53119703],
       [-14.07615038],
       [-13.35663179],
       [-14.37231787],
       [ -5.18181218],
       [  0.63861672],
       [  1.04148192]])
<<<<<<<<<<< STEP 14 >>>>>>>>>>>> + array([[-0.50026117],
       [ 0.02517016],
       [ 0.07696529],
       [-0.50025774],
       [-0.500254  ],
       [-0.50031773],
       [-0.50044418],
       [-0.50030505],
       [-0.50024851],
       [-0.50026696],
       [-0.50022492],
       [ 0.06490928],
       [-0.50024151],
       [-0.50021193],
       [-0.50012277],
       [-0.50029715],
       [-0.50046745],
       [-0.50066892],
       [-0.5002048 ],
       [-0.50032962],
       [-0.50022254],
       [-0.50042519],
       [-0.50024199],
       [-0.50020899],
       [-0.5001628 ],
       [-0.50030726],
       [-0.50041958],
       [-0.50026189],
       [-0.48660541],
       [ 0.12821393],
       [ 0.0228413 ]])
array([[-14.27871614],
       [  1.09462435],
       [  0.81234949],
       [-14.29682196],
       [-14.60336253],
       [-15.17515078],
       [-14.36230532],
       [-15.07512708],
       [-14.68776597],
       [-14.28665892],
       [-14.6542226 ],
       [ -0.64495557],
       [-14.67363179],
       [-14.42565796],
       [-13.59792556],
       [-14.5757981 ],
       [-13.55748202],
       [-11.93655918],
       [-14.46162847],
       [-14.71126287],
       [-14.43624869],
       [-13.9352733 ],
       [-14.64213858],
       [-14.31696178],
       [-14.03135983],
       [-14.57645764],
       [-13.85705137],
       [-14.87257976],
       [ -5.66841758],
       [  0.76683064],
       [  1.06432322]])
<<<<<<<<<<< STEP 15 >>>>>>>>>>>> + array([[-0.50019789],
       [ 0.02405076],
       [ 0.07232114],
       [-0.50019545],
       [-0.50019199],
       [-0.50023914],
       [-0.50033573],
       [-0.50023055],
       [-0.50018282],
       [-0.50020111],
       [-0.50017243],
       [ 0.06497106],
       [-0.50018493],
       [-0.50016203],
       [-0.5000955 ],
       [-0.50022522],
       [-0.50035585],
       [-0.5005197 ],
       [-0.50015021],
       [-0.50025159],
       [-0.50016759],
       [-0.50032685],
       [-0.50018226],
       [-0.50015762],
       [-0.5001214 ],
       [-0.50023003],
       [-0.50031491],
       [-0.50019544],
       [-0.49237561],
       [ 0.12136624],
       [ 0.02204438]])
array([[-14.77891403],
       [  1.11867511],
       [  0.88467063],
       [-14.79701741],
       [-15.10355452],
       [-15.67538992],
       [-14.86264105],
       [-15.57535763],
       [-15.1879488 ],
       [-14.78686003],
       [-15.15439503],
       [ -0.57998452],
       [-15.17381672],
       [-14.92581998],
       [-14.09802105],
       [-15.07602332],
       [-14.05783787],
       [-12.43707888],
       [-14.96177868],
       [-15.21151446],
       [-14.93641628],
       [-14.43560015],
       [-15.14232084],
       [-14.81711939],
       [-14.53148122],
       [-15.07668767],
       [-14.35736628],
       [-15.3727752 ],
       [ -6.1607932 ],
       [  0.88819689],
       [  1.0863676 ]])
<<<<<<<<<<< STEP 16 >>>>>>>>>>>> + array([[-0.50015015],
       [ 0.02310628],
       [ 0.06806443],
       [-0.5001484 ],
       [-0.50014526],
       [-0.50018028],
       [-0.50025409],
       [-0.50017448],
       [-0.50013511],
       [-0.50015168],
       [-0.5001322 ],
       [ 0.06467736],
       [-0.50014164],
       [-0.50012391],
       [-0.50007414],
       [-0.50017092],
       [-0.50027105],
       [-0.50040264],
       [-0.50011086],
       [-0.50019201],
       [-0.50012644],
       [-0.50025136],
       [-0.50013752],
       [-0.50011906],
       [-0.50009066],
       [-0.50017256],
       [-0.50023677],
       [-0.50014619],
       [-0.49581091],
       [ 0.11444827],
       [ 0.02135371]])
array([[-15.27906419],
       [  1.14178139],
       [  0.95273507],
       [-15.29716581],
       [-15.60369978],
       [-16.1755702 ],
       [-15.36289514],
       [-16.07553211],
       [-15.68808391],
       [-15.28701171],
       [-15.65452723],
       [ -0.51530716],
       [-15.67395836],
       [-15.42594389],
       [-14.59809519],
       [-15.57619424],
       [-14.55810892],
       [-12.93748152],
       [-15.46188954],
       [-15.71170647],
       [-15.43654273],
       [-14.93585151],
       [-15.64245836],
       [-15.31723845],
       [-15.03157188],
       [-15.57686023],
       [-14.85760305],
       [-15.87292139],
       [ -6.6566041 ],
       [  1.00264516],
       [  1.10772131]])
<<<<<<<<<<< STEP 17 >>>>>>>>>>>> + array([[-0.50011407],
       [ 0.02231191],
       [ 0.06416814],
       [-0.5001128 ],
       [-0.50010999],
       [-0.50013612],
       [-0.50019253],
       [-0.50013221],
       [-0.50010027],
       [-0.50011451],
       [-0.50010136],
       [ 0.06409108],
       [-0.5001085 ],
       [-0.50009477],
       [-0.50005745],
       [-0.50012984],
       [-0.50020657],
       [-0.50031123],
       [-0.50008229],
       [-0.50014652],
       [-0.50009556],
       [-0.50019338],
       [-0.50010394],
       [-0.50009007],
       [-0.50006781],
       [-0.50012969],
       [-0.5001783 ],
       [-0.50010958],
       [-0.49779956],
       [ 0.10770713],
       [ 0.02075326]])
array([[-15.77917826],
       [  1.1640933 ],
       [  1.0169032 ],
       [-15.7972786 ],
       [-16.10380977],
       [-16.67570632],
       [-15.86308767],
       [-16.57566432],
       [-16.18818418],
       [-15.78712622],
       [-16.15462859],
       [ -0.45121608],
       [-16.17406685],
       [-15.92603866],
       [-15.09815265],
       [-16.07632409],
       [-15.05831549],
       [-13.43779275],
       [-15.96197183],
       [-16.211853  ],
       [-15.93663829],
       [-15.4360449 ],
       [-16.1425623 ],
       [-15.81732852],
       [-15.53163969],
       [-16.07698991],
       [-15.35778135],
       [-16.37303096],
       [ -7.15440366],
       [  1.11035229],
       [  1.12847457]])
<<<<<<<<<<< STEP 18 >>>>>>>>>>>> + array([[-0.50008677],
       [ 0.02164385],
       [ 0.06060387],
       [-0.50008583],
       [-0.50008334],
       [-0.50010292],
       [-0.50014604],
       [-0.50010029],
       [-0.5000747 ],
       [-0.50008653],
       [-0.50007771],
       [ 0.063264  ],
       [-0.50008311],
       [-0.5000725 ],
       [-0.50004444],
       [-0.50009873],
       [-0.5001575 ],
       [-0.50024011],
       [-0.50006139],
       [-0.50011181],
       [-0.50007234],
       [-0.50014883],
       [-0.50007868],
       [-0.50006823],
       [-0.50005079],
       [-0.50009764],
       [-0.50013448],
       [-0.5000823 ],
       [-0.49892023],
       [ 0.10128853],
       [ 0.02022735]])
array([[-16.27926503],
       [  1.18573715],
       [  1.07750708],
       [-16.29736443],
       [-16.60389311],
       [-17.17580924],
       [-16.3632337 ],
       [-17.07576462],
       [-16.68825888],
       [-16.28721275],
       [-16.6547063 ],
       [ -0.38795207],
       [-16.67414997],
       [-16.42611116],
       [-15.59819709],
       [-16.57642282],
       [-15.558473  ],
       [-13.93803287],
       [-16.46203322],
       [-16.7119648 ],
       [-16.43671063],
       [-15.93619372],
       [-16.64264098],
       [-16.31739675],
       [-16.03169048],
       [-16.57708755],
       [-15.85791583],
       [-16.87311327],
       [ -7.65332389],
       [  1.21164083],
       [  1.14870192]])
<<<<<<<<<<< STEP 19 >>>>>>>>>>>> + array([[-0.50006606],
       [ 0.02108075],
       [ 0.0573433 ],
       [-0.50006537],
       [-0.50006319],
       [-0.50007791],
       [-0.50011088],
       [-0.50007616],
       [-0.50005583],
       [-0.50006544],
       [-0.50005957],
       [ 0.0622405 ],
       [-0.50006367],
       [-0.50005547],
       [-0.50003433],
       [-0.50007514],
       [-0.50012014],
       [-0.50018496],
       [-0.50004599],
       [-0.50008531],
       [-0.50005485],
       [-0.50011457],
       [-0.50005965],
       [-0.50005177],
       [-0.50003809],
       [-0.50007363],
       [-0.50010157],
       [-0.50006193],
       [-0.49953266],
       [ 0.09526778],
       [ 0.01976211]])
array([[-16.77933109],
       [  1.2068179 ],
       [  1.13485038],
       [-16.7974298 ],
       [-17.1039563 ],
       [-17.67588715],
       [-16.86334458],
       [-17.57584077],
       [-17.18831471],
       [-16.7872782 ],
       [-17.15476586],
       [ -0.32571158],
       [-17.17421364],
       [-16.92616663],
       [-16.09823142],
       [-17.07649796],
       [-16.05859314],
       [-14.43821782],
       [-16.96207921],
       [-17.21205012],
       [-16.93676548],
       [-16.43630829],
       [-17.14270064],
       [-16.81744852],
       [-16.53172857],
       [-17.07716118],
       [-16.3580174 ],
       [-17.3731752 ],
       [ -8.15285655],
       [  1.30690861],
       [  1.16846403]])
<<<<<<<<<<< STEP 20 >>>>>>>>>>>> + array([[-0.50005035],
       [ 0.02060408],
       [ 0.05435905],
       [-0.50004983],
       [-0.50004794],
       [-0.50005905],
       [-0.50008426],
       [-0.50005788],
       [-0.50004185],
       [-0.50004954],
       [-0.50004566],
       [ 0.06105957],
       [-0.50004878],
       [-0.50004244],
       [-0.50002648],
       [-0.50005722],
       [-0.50009167],
       [-0.5001423 ],
       [-0.50003457],
       [-0.5000651 ],
       [-0.50004164],
       [-0.50008821],
       [-0.50004529],
       [-0.50003932],
       [-0.50002861],
       [-0.50005561],
       [-0.50007682],
       [-0.50004668],
       [-0.49985378],
       [ 0.08967426],
       [ 0.01934582]])
array([[-17.27938145],
       [  1.22742198],
       [  1.18920943],
       [-17.29747963],
       [-17.60400425],
       [-18.1759462 ],
       [-17.36342884],
       [-18.07589866],
       [-17.68835655],
       [-17.28732773],
       [-17.65481153],
       [ -0.26465201],
       [-17.67426242],
       [-17.42620908],
       [-16.5982579 ],
       [-17.57655518],
       [-16.55868481],
       [-14.93836012],
       [-17.46211378],
       [-17.71211522],
       [-17.43680712],
       [-16.9363965 ],
       [-17.64274592],
       [-17.31748784],
       [-17.03175718],
       [-17.57721679],
       [-16.85809422],
       [-17.87322188],
       [ -8.65271033],
       [  1.39658287],
       [  1.18780985]])
<<<<<<<<<<< STEP 21 >>>>>>>>>>>> + array([[-0.50003841],
       [ 0.02019806],
       [ 0.05162524],
       [-0.50003802],
       [-0.5000364 ],
       [-0.5000448 ],
       [-0.50006408],
       [-0.50004403],
       [-0.50003144],
       [-0.50003753],
       [-0.500035  ],
       [ 0.0597559 ],
       [-0.50003737],
       [-0.50003248],
       [-0.5000204 ],
       [-0.5000436 ],
       [-0.50006997],
       [-0.50010936],
       [-0.50002607],
       [-0.50004968],
       [-0.50003166],
       [-0.50006794],
       [-0.50003442],
       [-0.50002991],
       [-0.50002151],
       [-0.50004206],
       [-0.50005817],
       [-0.50003524],
       [-0.50001163],
       [ 0.08450898],
       [ 0.01896893]])
array([[-17.77941986],
       [  1.24762004],
       [  1.24083467],
       [-17.79751765],
       [-18.10404064],
       [-18.67599099],
       [-17.86349292],
       [-18.57594268],
       [-18.18838799],
       [-17.78736526],
       [-18.15484653],
       [ -0.20489611],
       [-18.1742998 ],
       [-17.92624156],
       [-17.0982783 ],
       [-18.07659878],
       [-17.05875478],
       [-15.43846948],
       [-17.96213984],
       [-18.2121649 ],
       [-17.93683878],
       [-17.43646444],
       [-18.14278034],
       [-17.81751774],
       [-17.53177869],
       [-18.07725885],
       [-17.35815239],
       [-18.37325711],
       [ -9.15272196],
       [  1.48109185],
       [  1.20677877]])
<<<<<<<<<<< STEP 22 >>>>>>>>>>>> + array([[-0.50002933],
       [ 0.01984942],
       [ 0.04911782],
       [-0.50002903],
       [-0.50002764],
       [-0.50003402],
       [-0.50004877],
       [-0.50003352],
       [-0.50002368],
       [-0.50002845],
       [-0.50002683],
       [ 0.05836023],
       [-0.50002864],
       [-0.50002487],
       [-0.5000157 ],
       [-0.50003325],
       [-0.50005343],
       [-0.50008398],
       [-0.5000197 ],
       [-0.50003792],
       [-0.5000241 ],
       [-0.50005233],
       [-0.5000262 ],
       [-0.50002277],
       [-0.50001619],
       [-0.50003185],
       [-0.5000441 ],
       [-0.50002664],
       [-0.50008048],
       [ 0.0797563 ],
       [ 0.01862379]])
array([[-18.27944919],
       [  1.26746947],
       [  1.28995249],
       [-18.29754668],
       [-18.60406829],
       [-19.17602501],
       [-18.3635417 ],
       [-19.0759762 ],
       [-18.68841167],
       [-18.28739371],
       [-18.65487336],
       [ -0.14653588],
       [-18.67432843],
       [-18.42626643],
       [-17.59829399],
       [-18.57663203],
       [-17.55880821],
       [-15.93855347],
       [-18.46215954],
       [-18.71220282],
       [-18.43686288],
       [-17.93651677],
       [-18.64280654],
       [-18.31754051],
       [-18.03179488],
       [-18.57729071],
       [-17.85819649],
       [-18.87328375],
       [ -9.65280243],
       [  1.56084814],
       [  1.22540256]])
<<<<<<<<<<< STEP 23 >>>>>>>>>>>> + array([[-0.50002241],
       [ 0.01954706],
       [ 0.04681471],
       [-0.50002219],
       [-0.50002101],
       [-0.50002585],
       [-0.50003715],
       [-0.50002553],
       [-0.50001786],
       [-0.50002158],
       [-0.50002057],
       [ 0.05689956],
       [-0.50002194],
       [-0.50001904],
       [-0.50001207],
       [-0.50002537],
       [-0.50004081],
       [-0.50006445],
       [-0.50001492],
       [-0.50002895],
       [-0.50001837],
       [-0.50004031],
       [-0.50001996],
       [-0.50001736],
       [-0.5000122 ],
       [-0.50002415],
       [-0.50003347],
       [-0.50002017],
       [-0.50010265],
       [ 0.07539164],
       [ 0.01830434]])
array([[-18.7794716 ],
       [  1.28701652],
       [  1.33676721],
       [-18.79756887],
       [-19.10408929],
       [-19.67605087],
       [-18.86357885],
       [-19.57600174],
       [-19.18842953],
       [-18.78741529],
       [-19.15489393],
       [ -0.08963632],
       [-19.17435038],
       [-18.92628546],
       [-18.09830607],
       [-19.07665739],
       [-18.05884902],
       [-16.43861792],
       [-18.96217446],
       [-19.21223177],
       [-18.93688125],
       [-18.43655708],
       [-19.1428265 ],
       [-18.81755787],
       [-18.53180708],
       [-19.07731486],
       [-18.35822997],
       [-19.37330392],
       [-10.15290509],
       [  1.63623978],
       [  1.2437069 ]])
<<<<<<<<<<< STEP 24 >>>>>>>>>>>> + array([[-0.50001714],
       [ 0.01928175],
       [ 0.04469581],
       [-0.50001697],
       [-0.50001597],
       [-0.50001967],
       [-0.50002831],
       [-0.50001947],
       [-0.5000135 ],
       [-0.50001639],
       [-0.50001577],
       [ 0.05539725],
       [-0.50001682],
       [-0.50001458],
       [-0.50000928],
       [-0.50001936],
       [-0.50003118],
       [-0.50004944],
       [-0.50001131],
       [-0.50002211],
       [-0.50001401],
       [-0.50003106],
       [-0.50001522],
       [-0.50001324],
       [-0.50000921],
       [-0.50001833],
       [-0.50002543],
       [-0.50001528],
       [-0.50010183],
       [ 0.07138626],
       [ 0.01800581]])
array([[-19.27948874],
       [  1.30629827],
       [  1.38146302],
       [-19.29758583],
       [-19.60410527],
       [-20.17607053],
       [-19.36360716],
       [-20.0760212 ],
       [-19.68844303],
       [-19.28743167],
       [-19.6549097 ],
       [ -0.03423907],
       [-19.67436719],
       [-19.42630004],
       [-18.59831534],
       [-19.57667675],
       [-18.5588802 ],
       [-16.93866736],
       [-19.46218577],
       [-19.71225388],
       [-19.43689526],
       [-18.93658814],
       [-19.64284172],
       [-19.31757111],
       [-19.03181629],
       [-19.57733319],
       [-18.8582554 ],
       [-19.8733192 ],
       [-10.65300692],
       [  1.70762604],
       [  1.26171271]])
<<<<<<<<<<< STEP 25 >>>>>>>>>>>> + array([[-0.50001312],
       [ 0.01904588],
       [ 0.04274297],
       [-0.50001298],
       [-0.50001215],
       [-0.50001497],
       [-0.50002159],
       [-0.50001485],
       [-0.50001021],
       [-0.50001245],
       [-0.50001209],
       [ 0.05387321],
       [-0.50001289],
       [-0.50001117],
       [-0.50000712],
       [-0.50001479],
       [-0.50002383],
       [-0.50003791],
       [-0.50000859],
       [-0.50001689],
       [-0.5000107 ],
       [-0.50002394],
       [-0.50001162],
       [-0.50001011],
       [-0.50000696],
       [-0.50001393],
       [-0.50001934],
       [-0.5000116 ],
       [-0.50009089],
       [ 0.06771027],
       [ 0.01772447]])
array([[ -1.97795019e+01],
       [  1.32534415e+00],
       [  1.42420599e+00],
       [ -1.97975988e+01],
       [ -2.01041174e+01],
       [ -2.06760855e+01],
       [ -1.98636288e+01],
       [ -2.05760361e+01],
       [ -2.01884532e+01],
       [ -1.97874441e+01],
       [ -2.01549218e+01],
       [  1.96341394e-02],
       [ -2.01743801e+01],
       [ -1.99263112e+01],
       [ -1.90983225e+01],
       [ -2.00766915e+01],
       [ -1.90589040e+01],
       [ -1.74387053e+01],
       [ -1.99621944e+01],
       [ -2.02122708e+01],
       [ -1.99369060e+01],
       [ -1.94366121e+01],
       [ -2.01428533e+01],
       [ -1.98175812e+01],
       [ -1.95318232e+01],
       [ -2.00773471e+01],
       [ -1.93582747e+01],
       [ -2.03733308e+01],
       [ -1.11530978e+01],
       [  1.77533631e+00],
       [  1.27943718e+00]])
<<<<<<<<<<< STEP 26 >>>>>>>>>>>> + array([[-0.50001004],
       [ 0.01883318],
       [ 0.04093987],
       [-0.50000994],
       [-0.50000925],
       [-0.50001141],
       [-0.50001648],
       [-0.50001133],
       [-0.50000774],
       [-0.50000946],
       [-0.50000927],
       [ 0.05234407],
       [-0.50000988],
       [-0.50000856],
       [-0.50000547],
       [-0.5000113 ],
       [-0.50001822],
       [-0.50002907],
       [-0.50000653],
       [-0.5000129 ],
       [-0.50000818],
       [-0.50001845],
       [-0.50000888],
       [-0.50000773],
       [-0.50000526],
       [-0.5000106 ],
       [-0.50001472],
       [-0.50000881],
       [-0.50007661],
       [ 0.06433427],
       [ 0.0174574 ]])
array([[-20.2795119 ],
       [  1.34417732],
       [  1.46514586],
       [-20.29760876],
       [-20.60412667],
       [-21.17609691],
       [-20.36364523],
       [-21.07604739],
       [-20.68846098],
       [-20.28745359],
       [-20.65493105],
       [  0.07197821],
       [-20.67438996],
       [-20.42631977],
       [-19.59832793],
       [-20.57670284],
       [-19.55892226],
       [-17.93873434],
       [-20.46220089],
       [-20.71228367],
       [-20.43691414],
       [-19.93663053],
       [-20.64286221],
       [-20.31758895],
       [-20.03182851],
       [-20.57735772],
       [-19.85828947],
       [-20.87333961],
       [-11.65317442],
       [  1.83967058],
       [  1.29689458]])
<<<<<<<<<<< STEP 27 >>>>>>>>>>>> + array([[-0.50000769],
       [ 0.01863853],
       [ 0.03927187],
       [-0.50000762],
       [-0.50000704],
       [-0.5000087 ],
       [-0.50001258],
       [-0.50000866],
       [-0.50000587],
       [-0.5000072 ],
       [-0.50000711],
       [ 0.0508235 ],
       [-0.50000757],
       [-0.50000656],
       [-0.5000042 ],
       [-0.50000864],
       [-0.50001394],
       [-0.50002228],
       [-0.50000497],
       [-0.50000986],
       [-0.50000626],
       [-0.50001422],
       [-0.50000679],
       [-0.50000591],
       [-0.50000398],
       [-0.50000807],
       [-0.50001122],
       [-0.5000067 ],
       [-0.50006234],
       [ 0.0612304 ],
       [ 0.01720232]])
array([[-20.77951959],
       [  1.36281585],
       [  1.50441773],
       [-20.79761637],
       [-21.10413371],
       [-21.67610561],
       [-20.86365782],
       [-21.57605604],
       [-21.18846685],
       [-20.78746078],
       [-21.15493816],
       [  0.12280171],
       [-21.17439754],
       [-20.92632632],
       [-20.09833213],
       [-21.07671147],
       [-20.05893619],
       [-18.43875662],
       [-20.96220586],
       [-21.21229353],
       [-20.93692039],
       [-20.43664475],
       [-21.142869  ],
       [-20.81759487],
       [-20.53183249],
       [-21.07736579],
       [-20.35830068],
       [-21.37334631],
       [-12.15323676],
       [  1.90090098],
       [  1.3140969 ]])
<<<<<<<<<<< STEP 28 >>>>>>>>>>>> + array([[-0.5000059 ],
       [ 0.01845777],
       [ 0.03772591],
       [-0.50000584],
       [-0.50000537],
       [-0.50000663],
       [-0.50000961],
       [-0.50000661],
       [-0.50000446],
       [-0.50000548],
       [-0.50000545],
       [ 0.04932247],
       [-0.50000581],
       [-0.50000503],
       [-0.50000322],
       [-0.5000066 ],
       [-0.50001066],
       [-0.50001708],
       [-0.50000378],
       [-0.50000754],
       [-0.50000479],
       [-0.50001096],
       [-0.50000519],
       [-0.50000453],
       [-0.50000302],
       [-0.50000615],
       [-0.50000855],
       [-0.5000051 ],
       [-0.50004955],
       [ 0.05837281],
       [ 0.01695746]])
array([[-21.27952549],
       [  1.38127362],
       [  1.54214364],
       [-21.29762221],
       [-21.60413908],
       [-22.17611224],
       [-21.36366743],
       [-22.07606266],
       [-21.68847131],
       [-21.28746626],
       [-21.65494361],
       [  0.17212418],
       [-21.67440335],
       [-21.42633135],
       [-20.59833535],
       [-21.57671807],
       [-20.55894686],
       [-18.9387737 ],
       [-21.46220964],
       [-21.71230107],
       [-21.43692518],
       [-20.93665572],
       [-21.64287419],
       [-21.31759939],
       [-21.03183551],
       [-21.57737193],
       [-20.85830924],
       [-21.87335141],
       [-12.65328631],
       [  1.9592738 ],
       [  1.33105436]])
<<<<<<<<<<< STEP 29 >>>>>>>>>>>> + array([[-0.50000452],
       [ 0.01828756],
       [ 0.03629031],
       [-0.50000448],
       [-0.50000409],
       [-0.50000506],
       [-0.50000735],
       [-0.50000506],
       [-0.50000339],
       [-0.50000417],
       [-0.50000418],
       [ 0.04784964],
       [-0.50000446],
       [-0.50000385],
       [-0.50000247],
       [-0.50000505],
       [-0.50000816],
       [-0.50001309],
       [-0.50000288],
       [-0.50000577],
       [-0.50000367],
       [-0.50000845],
       [-0.50000398],
       [-0.50000347],
       [-0.50000229],
       [-0.50000469],
       [-0.50000653],
       [-0.50000388],
       [-0.50003875],
       [ 0.05573783],
       [ 0.01672143]])
array([[-21.77953001],
       [  1.39956118],
       [  1.57843395],
       [-21.79762668],
       [-22.10414316],
       [-22.6761173 ],
       [-21.86367478],
       [-22.57606772],
       [-22.18847469],
       [-21.78747044],
       [-22.15494779],
       [  0.21997382],
       [-22.1744078 ],
       [-21.9263352 ],
       [-21.09833782],
       [-22.07672313],
       [-21.05895502],
       [-19.43878679],
       [-21.96221253],
       [-22.21230683],
       [-21.93692885],
       [-21.43666417],
       [-22.14287817],
       [-21.81760286],
       [-21.53183779],
       [-22.07737662],
       [-21.35831576],
       [-22.37335529],
       [-13.15332507],
       [  2.01501162],
       [  1.34777579]])
<<<<<<<<<<< STEP 30 >>>>>>>>>>>> + array([[-0.50000347],
       [ 0.01812519],
       [ 0.03495467],
       [-0.50000343],
       [-0.50000312],
       [-0.50000387],
       [-0.50000562],
       [-0.50000387],
       [-0.50000258],
       [-0.50000318],
       [-0.50000321],
       [ 0.0464116 ],
       [-0.50000342],
       [-0.50000296],
       [-0.50000189],
       [-0.50000387],
       [-0.50000625],
       [-0.50001003],
       [-0.5000022 ],
       [-0.50000441],
       [-0.50000281],
       [-0.50000652],
       [-0.50000305],
       [-0.50000266],
       [-0.50000174],
       [-0.50000358],
       [-0.50000498],
       [-0.50000296],
       [-0.50002995],
       [ 0.05330397],
       [ 0.01649312]])
array([[-22.27953349],
       [  1.41768637],
       [  1.61338862],
       [-22.29763012],
       [-22.60414628],
       [-23.17612117],
       [-22.3636804 ],
       [-23.07607158],
       [-22.68847727],
       [-22.28747362],
       [-22.654951  ],
       [  0.26638542],
       [-22.67441122],
       [-22.42633816],
       [-21.59833971],
       [-22.57672699],
       [-21.55896126],
       [-19.93879682],
       [-22.46221472],
       [-22.71231124],
       [-22.43693166],
       [-21.93667069],
       [-22.64288121],
       [-22.31760552],
       [-22.03183953],
       [-22.5773802 ],
       [-21.85832075],
       [-22.87335825],
       [-13.65335502],
       [  2.06831559],
       [  1.36426891]])
<<<<<<<<<<< STEP 31 >>>>>>>>>>>> + array([[-0.50000267],
       [ 0.01796856],
       [ 0.03370969],
       [-0.50000264],
       [-0.50000238],
       [-0.50000295],
       [-0.5000043 ],
       [-0.50000296],
       [-0.50000196],
       [-0.50000242],
       [-0.50000246],
       [ 0.04501325],
       [-0.50000262],
       [-0.50000227],
       [-0.50000145],
       [-0.50000296],
       [-0.50000478],
       [-0.50000769],
       [-0.50000168],
       [-0.50000338],
       [-0.50000216],
       [-0.50000503],
       [-0.50000234],
       [-0.50000204],
       [-0.50000132],
       [-0.50000273],
       [-0.50000381],
       [-0.50000226],
       [-0.50002296],
       [ 0.05105189],
       [ 0.01627169]])
array([[-22.77953615],
       [  1.43565493],
       [  1.64709831],
       [-22.79763276],
       [-23.10414866],
       [-23.67612412],
       [-22.8636847 ],
       [-23.57607454],
       [-23.18847923],
       [-22.78747604],
       [-23.15495347],
       [  0.31139867],
       [-23.17441384],
       [-22.92634043],
       [-22.09834116],
       [-23.07672995],
       [-22.05896605],
       [-20.43880451],
       [-22.9622164 ],
       [-23.21231462],
       [-22.93693382],
       [-22.43667571],
       [-23.14288355],
       [-22.81760756],
       [-22.53184085],
       [-23.07738293],
       [-22.35832455],
       [-23.37336051],
       [-14.15337798],
       [  2.11936748],
       [  1.3805406 ]])
<<<<<<<<<<< STEP 32 >>>>>>>>>>>> + array([[-0.50000205],
       [ 0.01781598],
       [ 0.0325471 ],
       [-0.50000203],
       [-0.50000182],
       [-0.50000226],
       [-0.50000329],
       [-0.50000227],
       [-0.50000149],
       [-0.50000185],
       [-0.50000189],
       [ 0.04365804],
       [-0.50000201],
       [-0.50000174],
       [-0.50000111],
       [-0.50000227],
       [-0.50000367],
       [-0.50000589],
       [-0.50000128],
       [-0.50000258],
       [-0.50000166],
       [-0.50000388],
       [-0.50000179],
       [-0.50000156],
       [-0.500001  ],
       [-0.50000209],
       [-0.50000291],
       [-0.50000172],
       [-0.50001748],
       [ 0.04896423],
       [ 0.01605646]])
array([[-23.2795382 ],
       [  1.45347091],
       [  1.67964541],
       [-23.29763478],
       [-23.60415048],
       [-24.17612638],
       [-23.36368799],
       [-24.07607681],
       [-23.68848072],
       [-23.28747789],
       [-23.65495536],
       [  0.35505671],
       [-23.67441586],
       [-23.42634217],
       [-22.59834227],
       [-23.57673222],
       [-22.55896971],
       [-20.9388104 ],
       [-23.46221768],
       [-23.7123172 ],
       [-23.43693548],
       [-22.93667959],
       [-23.64288534],
       [-23.31760912],
       [-23.03184185],
       [-23.57738502],
       [-22.85832746],
       [-23.87336223],
       [-14.65339546],
       [  2.16833171],
       [  1.39659706]])
<<<<<<<<<<< STEP 33 >>>>>>>>>>>> + array([[-0.50000157],
       [ 0.01766617],
       [ 0.03145949],
       [-0.50000156],
       [-0.50000139],
       [-0.50000173],
       [-0.50000252],
       [-0.50000174],
       [-0.50000114],
       [-0.50000141],
       [-0.50000145],
       [ 0.04234824],
       [-0.50000155],
       [-0.50000134],
       [-0.50000085],
       [-0.50000174],
       [-0.50000281],
       [-0.50000452],
       [-0.50000098],
       [-0.50000198],
       [-0.50000127],
       [-0.50000299],
       [-0.50000137],
       [-0.5000012 ],
       [-0.50000076],
       [-0.5000016 ],
       [-0.50000223],
       [-0.50000132],
       [-0.50001325],
       [ 0.04702542],
       [ 0.01584688]])
array([[-23.77953977],
       [  1.47113708],
       [  1.71110489],
       [-23.79763634],
       [-24.10415187],
       [-24.67612811],
       [-23.86369051],
       [-24.57607855],
       [-24.18848186],
       [-23.7874793 ],
       [-24.15495681],
       [  0.39740495],
       [-24.1744174 ],
       [-23.9263435 ],
       [-23.09834313],
       [-24.07673396],
       [-23.05897252],
       [-21.43881492],
       [-23.96221866],
       [-24.21231918],
       [-23.93693675],
       [-23.43668258],
       [-24.14288671],
       [-23.81761032],
       [-23.53184261],
       [-24.07738662],
       [-23.35832969],
       [-24.37336355],
       [-15.1534087 ],
       [  2.21535713],
       [  1.41244394]])
<<<<<<<<<<< STEP 34 >>>>>>>>>>>> + array([[-0.50000121],
       [ 0.01751813],
       [ 0.03044025],
       [-0.5000012 ],
       [-0.50000106],
       [-0.50000132],
       [-0.50000193],
       [-0.50000133],
       [-0.50000087],
       [-0.50000108],
       [-0.50000111],
       [ 0.04108514],
       [-0.50000119],
       [-0.50000103],
       [-0.50000065],
       [-0.50000133],
       [-0.50000215],
       [-0.50000347],
       [-0.50000075],
       [-0.50000152],
       [-0.50000098],
       [-0.50000231],
       [-0.50000106],
       [-0.50000092],
       [-0.50000058],
       [-0.50000122],
       [-0.5000017 ],
       [-0.50000101],
       [-0.50001   ],
       [ 0.04522157],
       [ 0.01564252]])
array([[-24.27954098],
       [  1.48865521],
       [  1.74154515],
       [-24.29763753],
       [-24.60415293],
       [-25.17612943],
       [-24.36369244],
       [-25.07607988],
       [-24.68848273],
       [-24.28748038],
       [-24.65495792],
       [  0.43849009],
       [-24.67441859],
       [-24.42634453],
       [-23.59834378],
       [-24.57673529],
       [-23.55897468],
       [-21.93881839],
       [-24.46221941],
       [-24.7123207 ],
       [-24.43693772],
       [-23.93668489],
       [-24.64288777],
       [-24.31761125],
       [-24.03184319],
       [-24.57738784],
       [-23.8583314 ],
       [-24.87336456],
       [-15.65341871],
       [  2.26057871],
       [  1.42808646]])
<<<<<<<<<<< STEP 35 >>>>>>>>>>>> + array([[-0.50000093],
       [ 0.01737115],
       [ 0.02948348],
       [-0.50000092],
       [-0.50000081],
       [-0.50000101],
       [-0.50000148],
       [-0.50000102],
       [-0.50000066],
       [-0.50000082],
       [-0.50000086],
       [ 0.03986928],
       [-0.50000091],
       [-0.50000079],
       [-0.5000005 ],
       [-0.50000102],
       [-0.50000165],
       [-0.50000266],
       [-0.50000057],
       [-0.50000116],
       [-0.50000075],
       [-0.50000178],
       [-0.50000081],
       [-0.50000071],
       [-0.50000044],
       [-0.50000094],
       [-0.50000131],
       [-0.50000077],
       [-0.50000753],
       [ 0.04354025],
       [ 0.01544304]])
array([[-24.77954191],
       [  1.50602636],
       [  1.77102863],
       [-24.79763845],
       [-25.10415374],
       [-25.67613045],
       [-24.86369392],
       [-25.5760809 ],
       [-25.18848339],
       [-24.78748121],
       [-25.15495878],
       [  0.47835937],
       [-25.1744195 ],
       [-24.92634532],
       [-24.09834429],
       [-25.07673631],
       [-24.05897633],
       [-22.43882105],
       [-24.96221998],
       [-25.21232186],
       [-24.93693847],
       [-24.43668666],
       [-25.14288858],
       [-24.81761196],
       [-24.53184363],
       [-25.07738877],
       [-24.3583327 ],
       [-25.37336533],
       [-16.15342624],
       [  2.30411896],
       [  1.4435295 ]])
<<<<<<<<<<< STEP 36 >>>>>>>>>>>> + array([[-0.50000072],
       [ 0.01722466],
       [ 0.02858388],
       [-0.50000071],
       [-0.50000062],
       [-0.50000078],
       [-0.50000114],
       [-0.50000078],
       [-0.50000051],
       [-0.50000063],
       [-0.50000066],
       [ 0.03870058],
       [-0.5000007 ],
       [-0.50000061],
       [-0.50000039],
       [-0.50000078],
       [-0.50000127],
       [-0.50000204],
       [-0.50000044],
       [-0.50000089],
       [-0.50000058],
       [-0.50000137],
       [-0.50000062],
       [-0.50000055],
       [-0.50000034],
       [-0.50000072],
       [-0.500001  ],
       [-0.50000059],
       [-0.50000566],
       [ 0.04197035],
       [ 0.01524813]])
array([[-25.27954263],
       [  1.52325102],
       [  1.79961252],
       [-25.29763916],
       [-25.60415435],
       [-26.17613122],
       [-25.36369506],
       [-26.07608168],
       [-25.6884839 ],
       [-25.28748184],
       [-25.65495944],
       [  0.51705995],
       [-25.6744202 ],
       [-25.42634592],
       [-24.59834467],
       [-25.57673709],
       [-24.55897759],
       [-22.93882309],
       [-25.46222041],
       [-25.71232275],
       [-25.43693905],
       [-24.93668804],
       [-25.6428892 ],
       [-25.3176125 ],
       [-25.03184397],
       [-25.57738949],
       [-24.8583337 ],
       [-25.87336591],
       [-16.65343191],
       [  2.34608931],
       [  1.45877763]])
<<<<<<<<<<< STEP 37 >>>>>>>>>>>> + array([[-0.50000055],
       [ 0.01707831],
       [ 0.02773669],
       [-0.50000054],
       [-0.50000047],
       [-0.50000059],
       [-0.50000087],
       [-0.5000006 ],
       [-0.50000039],
       [-0.50000048],
       [-0.50000051],
       [ 0.03757848],
       [-0.50000054],
       [-0.50000047],
       [-0.5000003 ],
       [-0.5000006 ],
       [-0.50000097],
       [-0.50000156],
       [-0.50000033],
       [-0.50000068],
       [-0.50000044],
       [-0.50000106],
       [-0.50000048],
       [-0.50000042],
       [-0.50000026],
       [-0.50000055],
       [-0.50000077],
       [-0.50000045],
       [-0.50000425],
       [ 0.04050194],
       [ 0.01505758]])
array([[-25.77954318],
       [  1.54032933],
       [  1.82734921],
       [-25.7976397 ],
       [-26.10415483],
       [-26.67613182],
       [-25.86369593],
       [-26.57608228],
       [-26.18848428],
       [-25.78748232],
       [-26.15495994],
       [  0.55463844],
       [-26.17442074],
       [-25.92634639],
       [-25.09834497],
       [-26.07673769],
       [-25.05897857],
       [-23.43882465],
       [-25.96222075],
       [-26.21232344],
       [-25.9369395 ],
       [-25.4366891 ],
       [-26.14288968],
       [-25.81761292],
       [-25.53184423],
       [-26.07739004],
       [-25.35833447],
       [-26.37336637],
       [-17.15343616],
       [  2.38659125],
       [  1.47383521]])
<<<<<<<<<<< STEP 38 >>>>>>>>>>>> + array([[-0.50000042],
       [ 0.01693184],
       [ 0.02693765],
       [-0.50000042],
       [-0.50000036],
       [-0.50000046],
       [-0.50000067],
       [-0.50000046],
       [-0.5000003 ],
       [-0.50000037],
       [-0.50000039],
       [ 0.03650207],
       [-0.50000041],
       [-0.50000036],
       [-0.50000023],
       [-0.50000046],
       [-0.50000075],
       [-0.5000012 ],
       [-0.50000026],
       [-0.50000052],
       [-0.50000034],
       [-0.50000082],
       [-0.50000037],
       [-0.50000032],
       [-0.5000002 ],
       [-0.50000042],
       [-0.50000059],
       [-0.50000035],
       [-0.50000319],
       [ 0.03912615],
       [ 0.01487117]])
array([[-26.2795436 ],
       [  1.55726116],
       [  1.85428685],
       [-26.29764012],
       [-26.60415519],
       [-27.17613227],
       [-26.3636966 ],
       [-27.07608274],
       [-26.68848458],
       [-26.28748269],
       [-26.65496033],
       [  0.5911405 ],
       [-26.67442115],
       [-26.42634675],
       [-25.59834519],
       [-26.57673816],
       [-25.55897931],
       [-23.93882585],
       [-26.462221  ],
       [-26.71232396],
       [-26.43693984],
       [-25.93668992],
       [-26.64289005],
       [-26.31761324],
       [-26.03184442],
       [-26.57739046],
       [-25.85833506],
       [-26.87336671],
       [-17.65343935],
       [  2.4257174 ],
       [  1.48870638]])
<<<<<<<<<<< STEP 39 >>>>>>>>>>>> + array([[-0.50000033],
       [ 0.0167851 ],
       [ 0.0261829 ],
       [-0.50000032],
       [-0.50000028],
       [-0.50000035],
       [-0.50000051],
       [-0.50000035],
       [-0.50000023],
       [-0.50000028],
       [-0.5000003 ],
       [ 0.03547016],
       [-0.50000032],
       [-0.50000028],
       [-0.50000017],
       [-0.50000035],
       [-0.50000057],
       [-0.50000092],
       [-0.5000002 ],
       [-0.5000004 ],
       [-0.50000026],
       [-0.50000063],
       [-0.50000028],
       [-0.50000025],
       [-0.50000015],
       [-0.50000032],
       [-0.50000045],
       [-0.50000026],
       [-0.50000239],
       [ 0.03783501],
       [ 0.01468873]])
array([[-26.77954393],
       [  1.57404626],
       [  1.88046975],
       [-26.79764044],
       [-27.10415547],
       [-27.67613262],
       [-26.86369711],
       [-27.5760831 ],
       [-27.18848481],
       [-26.78748297],
       [-27.15496063],
       [  0.62661066],
       [-27.17442147],
       [-26.92634702],
       [-26.09834537],
       [-27.07673851],
       [-26.05897988],
       [-24.43882677],
       [-26.9622212 ],
       [-27.21232436],
       [-26.9369401 ],
       [-26.43669055],
       [-27.14289033],
       [-26.81761349],
       [-26.53184457],
       [-27.07739078],
       [-26.35833551],
       [-27.37336698],
       [-18.15344173],
       [  2.46355241],
       [  1.50339511]])
