<<<<<<<<<<< STEP 0 >>>>>>>>>>>> + array([[-0.89141319],
       [-0.25965167],
       [-0.34104024],
       [-0.90868287],
       [-0.47486431],
       [-1.15208852],
       [-1.10468364],
       [-1.0869445 ],
       [-0.46095599],
       [-0.62336045],
       [-1.00925204],
       [ 0.00969185],
       [-0.99272492],
       [-0.94045537],
       [-0.76927794],
       [-0.96390775],
       [-1.01627874],
       [-0.87425953],
       [-0.98423624],
       [-1.05172506],
       [-0.95909288],
       [-0.94196544],
       [-1.00691542],
       [-0.92536914],
       [-0.87564386],
       [-0.95459629],
       [ 0.02161467],
       [-1.05275347],
       [-0.35696203],
       [ 0.10701171],
       [-0.29401208]])
array([[-0.89141319],
       [-0.25965167],
       [-0.34104024],
       [-0.90868287],
       [-0.47486431],
       [-1.15208852],
       [-1.10468364],
       [-1.0869445 ],
       [-0.46095599],
       [-0.62336045],
       [-1.00925204],
       [ 0.00969185],
       [-0.99272492],
       [-0.94045537],
       [-0.76927794],
       [-0.96390775],
       [-1.01627874],
       [-0.87425953],
       [-0.98423624],
       [-1.05172506],
       [-0.95909288],
       [-0.94196544],
       [-1.00691542],
       [-0.92536914],
       [-0.87564386],
       [-0.95459629],
       [ 0.02161467],
       [-1.05275347],
       [-0.35696203],
       [ 0.10701171],
       [-0.29401208]])
<<<<<<<<<<< STEP 1 >>>>>>>>>>>> + array([[-0.8756296 ],
       [-0.30227094],
       [-0.54507481],
       [-0.88129733],
       [-0.60733551],
       [-1.07383563],
       [-1.03093844],
       [-1.04153244],
       [-0.5577482 ],
       [-0.70961589],
       [-0.95872481],
       [-0.06062512],
       [-0.95728107],
       [-0.90611519],
       [-0.73172189],
       [-0.92686325],
       [-0.9425571 ],
       [-0.86583099],
       [-0.91036983],
       [-0.96687422],
       [-0.91478577],
       [-0.79045665],
       [-0.9573195 ],
       [-0.88510254],
       [-0.78110544],
       [-0.88607025],
       [-0.12965925],
       [-0.99384602],
       [-0.39912578],
       [ 0.04237379],
       [-0.31542333]])
array([[-1.76704279],
       [-0.56192261],
       [-0.88611505],
       [-1.7899802 ],
       [-1.08219983],
       [-2.22592415],
       [-2.13562209],
       [-2.12847694],
       [-1.01870419],
       [-1.33297634],
       [-1.96797685],
       [-0.05093327],
       [-1.95000598],
       [-1.84657056],
       [-1.50099983],
       [-1.890771  ],
       [-1.95883584],
       [-1.74009052],
       [-1.89460607],
       [-2.01859928],
       [-1.87387865],
       [-1.73242209],
       [-1.96423492],
       [-1.81047168],
       [-1.65674931],
       [-1.84066654],
       [-0.10804459],
       [-2.04659948],
       [-0.75608781],
       [ 0.1493855 ],
       [-0.60943541]])
<<<<<<<<<<< STEP 2 >>>>>>>>>>>> + array([[-0.84626704],
       [-0.29179922],
       [-0.72070423],
       [-0.84468685],
       [-0.69096083],
       [-0.94918753],
       [-0.92930628],
       [-0.95075892],
       [-0.63023947],
       [-0.71945476],
       [-0.88504409],
       [-0.10952942],
       [-0.88521927],
       [-0.84792486],
       [-0.68726432],
       [-0.83841546],
       [-0.85081892],
       [-0.81940601],
       [-0.8249564 ],
       [-0.85987007],
       [-0.85582867],
       [-0.67497207],
       [-0.88517696],
       [-0.83111651],
       [-0.70301748],
       [-0.79649573],
       [-0.21616553],
       [-0.89940402],
       [-0.41942093],
       [ 0.01062535],
       [-0.3362562 ]])
array([[-2.61330983],
       [-0.85372183],
       [-1.60681927],
       [-2.63466705],
       [-1.77316066],
       [-3.17511168],
       [-3.06492837],
       [-3.07923586],
       [-1.64894366],
       [-2.0524311 ],
       [-2.85302094],
       [-0.16046269],
       [-2.83522525],
       [-2.69449542],
       [-2.18826416],
       [-2.72918647],
       [-2.80965476],
       [-2.55949652],
       [-2.71956247],
       [-2.87846935],
       [-2.72970732],
       [-2.40739416],
       [-2.84941188],
       [-2.64158819],
       [-2.35976679],
       [-2.63716227],
       [-0.32421012],
       [-2.9460035 ],
       [-1.17550874],
       [ 0.16001085],
       [-0.94569161]])
<<<<<<<<<<< STEP 3 >>>>>>>>>>>> + array([[-0.79161444],
       [-0.26108783],
       [-0.80006134],
       [-0.78738459],
       [-0.70300775],
       [-0.82720407],
       [-0.82422757],
       [-0.84387838],
       [-0.65233824],
       [-0.68020444],
       [-0.79398119],
       [-0.12814099],
       [-0.79342302],
       [-0.77214921],
       [-0.63819731],
       [-0.7459252 ],
       [-0.75994873],
       [-0.74436919],
       [-0.73832848],
       [-0.75729785],
       [-0.78635731],
       [-0.60958232],
       [-0.80396121],
       [-0.76764163],
       [-0.64335571],
       [-0.7170682 ],
       [-0.23274623],
       [-0.80199488],
       [-0.42653636],
       [ 0.01199513],
       [-0.35795987]])
array([[-3.40492427],
       [-1.11480967],
       [-2.40688061],
       [-3.42205164],
       [-2.47616841],
       [-4.00231575],
       [-3.88915594],
       [-3.92311424],
       [-2.3012819 ],
       [-2.73263554],
       [-3.64700213],
       [-0.28860368],
       [-3.62864827],
       [-3.46664463],
       [-2.82646147],
       [-3.47511166],
       [-3.56960349],
       [-3.30386572],
       [-3.45789095],
       [-3.6357672 ],
       [-3.51606463],
       [-3.01697648],
       [-3.65337309],
       [-3.40922982],
       [-3.0031225 ],
       [-3.35423047],
       [-0.55695635],
       [-3.74799837],
       [-1.6020451 ],
       [ 0.17200597],
       [-1.30365148]])
<<<<<<<<<<< STEP 4 >>>>>>>>>>>> + array([[-0.71655356],
       [-0.23579456],
       [-0.76872976],
       [-0.71274338],
       [-0.66875035],
       [-0.72583991],
       [-0.72856336],
       [-0.74134931],
       [-0.63200698],
       [-0.63242238],
       [-0.70513175],
       [-0.11722547],
       [-0.70484651],
       [-0.69351874],
       [-0.59502269],
       [-0.67078454],
       [-0.68287428],
       [-0.67060795],
       [-0.66456165],
       [-0.67586862],
       [-0.70858055],
       [-0.57771258],
       [-0.71889196],
       [-0.69598278],
       [-0.59956571],
       [-0.65518323],
       [-0.19192245],
       [-0.71364917],
       [-0.43042654],
       [ 0.02369654],
       [-0.38132562]])
array([[-4.12147783],
       [-1.35060422],
       [-3.17561037],
       [-4.13479502],
       [-3.14491875],
       [-4.72815565],
       [-4.61771929],
       [-4.66446355],
       [-2.93328888],
       [-3.36505792],
       [-4.35213389],
       [-0.40582915],
       [-4.33349478],
       [-4.16016337],
       [-3.42148415],
       [-4.14589621],
       [-4.25247777],
       [-3.97447367],
       [-4.1224526 ],
       [-4.31163582],
       [-4.22464518],
       [-3.59468905],
       [-4.37226505],
       [-4.1052126 ],
       [-3.60268822],
       [-4.00941369],
       [-0.74887879],
       [-4.46164755],
       [-2.03247165],
       [ 0.19570251],
       [-1.68497711]])
<<<<<<<<<<< STEP 5 >>>>>>>>>>>> + array([[-0.64405933],
       [-0.22273479],
       [-0.69075619],
       [-0.64158374],
       [-0.62380801],
       [-0.64972037],
       [-0.65236964],
       [-0.6586987 ],
       [-0.59626234],
       [-0.59377658],
       [-0.63338569],
       [-0.08804832],
       [-0.63375092],
       [-0.62705532],
       [-0.56302165],
       [-0.61536456],
       [-0.62386619],
       [-0.61263225],
       [-0.60920587],
       [-0.61739753],
       [-0.63791601],
       [-0.56096947],
       [-0.64437321],
       [-0.63014735],
       [-0.56913096],
       [-0.60858221],
       [-0.12016901],
       [-0.64261111],
       [-0.43694552],
       [ 0.03371994],
       [-0.40456088]])
array([[-4.76553716],
       [-1.57333901],
       [-3.86636656],
       [-4.77637876],
       [-3.76872676],
       [-5.37787602],
       [-5.27008893],
       [-5.32316225],
       [-3.52955122],
       [-3.9588345 ],
       [-4.98551958],
       [-0.49387747],
       [-4.9672457 ],
       [-4.78721869],
       [-3.9845058 ],
       [-4.76126076],
       [-4.87634396],
       [-4.58710592],
       [-4.73165848],
       [-4.92903335],
       [-4.86256119],
       [-4.15565852],
       [-5.01663827],
       [-4.73535995],
       [-4.17181918],
       [-4.61799591],
       [-0.86904781],
       [-5.10425866],
       [-2.46941716],
       [ 0.22942244],
       [-2.08953799]])
<<<<<<<<<<< STEP 6 >>>>>>>>>>>> + array([[-0.59029069],
       [-0.22110223],
       [-0.62228446],
       [-0.58890843],
       [-0.58598883],
       [-0.59752056],
       [-0.59889485],
       [-0.60116457],
       [-0.56445806],
       [-0.56583064],
       [-0.58358806],
       [-0.05220793],
       [-0.58437421],
       [-0.5798698 ],
       [-0.5412834 ],
       [-0.57699308],
       [-0.58233486],
       [-0.57244769],
       [-0.57100297],
       [-0.57786034],
       [-0.58631817],
       [-0.54931989],
       [-0.59068671],
       [-0.58169147],
       [-0.54821081],
       [-0.57497269],
       [-0.04741807],
       [-0.59238051],
       [-0.44696924],
       [ 0.04318329],
       [-0.42612639]])
array([[-5.35582785],
       [-1.79444124],
       [-4.48865103],
       [-5.3652872 ],
       [-4.35471559],
       [-5.97539658],
       [-5.86898379],
       [-5.92432682],
       [-4.09400927],
       [-4.52466514],
       [-5.56910764],
       [-0.5460854 ],
       [-5.55161991],
       [-5.36708849],
       [-4.5257892 ],
       [-5.33825384],
       [-5.45867882],
       [-5.15955361],
       [-5.30266145],
       [-5.50689369],
       [-5.44887936],
       [-4.70497841],
       [-5.60732498],
       [-5.31705142],
       [-4.72002999],
       [-5.1929686 ],
       [-0.91646588],
       [-5.69663916],
       [-2.9163864 ],
       [ 0.27260573],
       [-2.51566438]])
<<<<<<<<<<< STEP 7 >>>>>>>>>>>> + array([[-0.55523564],
       [-0.22974692],
       [-0.5756662 ],
       [-0.55453957],
       [-0.55876671],
       [-0.56354301],
       [-0.56392598],
       [-0.56408099],
       [-0.54191136],
       [-0.54633016],
       [-0.55176091],
       [-0.01655284],
       [-0.55269175],
       [-0.54942472],
       [-0.5270953 ],
       [-0.55144688],
       [-0.55463341],
       [-0.54636446],
       [-0.54589906],
       [-0.55193703],
       [-0.55281175],
       [-0.53960255],
       [-0.55592588],
       [-0.55007581],
       [-0.53383645],
       [-0.5516776 ],
       [ 0.01163848],
       [-0.55945221],
       [-0.45916626],
       [ 0.05255218],
       [-0.44507067]])
array([[-5.91106349],
       [-2.02418817],
       [-5.06431723],
       [-5.91982676],
       [-4.9134823 ],
       [-6.53893959],
       [-6.43290977],
       [-6.48840781],
       [-4.63592063],
       [-5.0709953 ],
       [-6.12086855],
       [-0.56263824],
       [-6.10431166],
       [-5.9165132 ],
       [-5.0528845 ],
       [-5.88970072],
       [-6.01331223],
       [-5.70591807],
       [-5.84856051],
       [-6.05883072],
       [-6.00169112],
       [-5.24458096],
       [-6.16325086],
       [-5.86712723],
       [-5.25386643],
       [-5.7446462 ],
       [-0.9048274 ],
       [-6.25609137],
       [-3.37555266],
       [ 0.32515791],
       [-2.96073504]])
<<<<<<<<<<< STEP 8 >>>>>>>>>>>> + array([[-0.53346903],
       [-0.24794514],
       [-0.54633701],
       [-0.53316567],
       [-0.54032015],
       [-0.54180732],
       [-0.54162537],
       [-0.54080687],
       [-0.52735033],
       [-0.53289261],
       [-0.53204386],
       [ 0.01611168],
       [-0.53295405],
       [-0.53049911],
       [-0.51796831],
       [-0.53468711],
       [-0.53655408],
       [-0.52985736],
       [-0.52977646],
       [-0.53506919],
       [-0.53202458],
       [-0.53126597],
       [-0.53431753],
       [-0.53040733],
       [-0.52398123],
       [-0.53584434],
       [ 0.05491082],
       [-0.53848125],
       [-0.47140828],
       [ 0.06048139],
       [-0.4606724 ]])
array([[-6.44453251],
       [-2.2721333 ],
       [-5.61065424],
       [-6.45299243],
       [-5.45380245],
       [-7.08074691],
       [-6.97453513],
       [-7.02921468],
       [-5.16327096],
       [-5.60388792],
       [-6.65291241],
       [-0.54652656],
       [-6.63726571],
       [-6.44701231],
       [-5.57085281],
       [-6.42438783],
       [-6.5498663 ],
       [-6.23577543],
       [-6.37833697],
       [-6.59389991],
       [-6.5337157 ],
       [-5.77584693],
       [-6.69756839],
       [-6.39753456],
       [-5.77784766],
       [-6.28049054],
       [-0.84991657],
       [-6.79457263],
       [-3.84696094],
       [ 0.3856393 ],
       [-3.42140744]])
<<<<<<<<<<< STEP 9 >>>>>>>>>>>> + array([[-0.52017919],
       [-0.27483443],
       [-0.52831347],
       [-0.52008932],
       [-0.52804911],
       [-0.52788939],
       [-0.52744015],
       [-0.52625648],
       [-0.51826518],
       [-0.52362564],
       [-0.5199285 ],
       [ 0.04485593],
       [-0.52074186],
       [-0.51886593],
       [-0.51209365],
       [-0.52368363],
       [-0.52477821],
       [-0.51945882],
       [-0.51950079],
       [-0.52403234],
       [-0.51932948],
       [-0.5242587 ],
       [-0.52105211],
       [-0.5183749 ],
       [-0.51720101],
       [-0.52511569],
       [ 0.08476422],
       [-0.52519544],
       [-0.48190285],
       [ 0.06605868],
       [-0.47270866]])
array([[-6.9647117 ],
       [-2.54696773],
       [-6.13896771],
       [-6.97308175],
       [-5.98185157],
       [-7.60863629],
       [-7.50197528],
       [-7.55547116],
       [-5.68153614],
       [-6.12751356],
       [-7.17284091],
       [-0.50167063],
       [-7.15800757],
       [-6.96587824],
       [-6.08294646],
       [-6.94807147],
       [-7.07464452],
       [-6.75523425],
       [-6.89783776],
       [-7.11793225],
       [-7.05304518],
       [-6.30010562],
       [-7.2186205 ],
       [-6.91590946],
       [-6.29504867],
       [-6.80560623],
       [-0.76515235],
       [-7.31976807],
       [-4.3288638 ],
       [ 0.45169798],
       [-3.8941161 ]])
