<<<<<<<<<<< STEP 0 >>>>>>>>>>>> + array([[-0.95502152],
       [ 0.03906052],
       [-1.03369418],
       [-0.96302075],
       [ 0.02980461],
       [-0.96928411],
       [-0.88467332],
       [-0.95976459],
       [-1.03448806],
       [-1.02032849],
       [-0.95518653],
       [-1.02731873],
       [-0.95477917],
       [-1.03012623],
       [-0.03887194],
       [-1.01777789],
       [-1.15326512],
       [-0.97182585],
       [-1.03216171],
       [-1.03141861],
       [ 0.02928752],
       [-1.02968475],
       [-0.02160742],
       [ 0.01770101],
       [-0.98059611],
       [-0.96362843],
       [-0.58293488],
       [-0.0462114 ],
       [-0.95806552],
       [-0.00742871],
       [-1.03164241],
       [-0.95633673],
       [-0.96480726],
       [-0.96366275],
       [-1.03744479],
       [ 0.02924087],
       [-0.06270309],
       [-0.87674003],
       [-1.02872874],
       [-1.02871939]])
array([[-0.95502152],
       [ 0.03906052],
       [-1.03369418],
       [-0.96302075],
       [ 0.02980461],
       [-0.96928411],
       [-0.88467332],
       [-0.95976459],
       [-1.03448806],
       [-1.02032849],
       [-0.95518653],
       [-1.02731873],
       [-0.95477917],
       [-1.03012623],
       [-0.03887194],
       [-1.01777789],
       [-1.15326512],
       [-0.97182585],
       [-1.03216171],
       [-1.03141861],
       [ 0.02928752],
       [-1.02968475],
       [-0.02160742],
       [ 0.01770101],
       [-0.98059611],
       [-0.96362843],
       [-0.58293488],
       [-0.0462114 ],
       [-0.95806552],
       [-0.00742871],
       [-1.03164241],
       [-0.95633673],
       [-0.96480726],
       [-0.96366275],
       [-1.03744479],
       [ 0.02924087],
       [-0.06270309],
       [-0.87674003],
       [-1.02872874],
       [-1.02871939]])
<<<<<<<<<<< STEP 1 >>>>>>>>>>>> + array([[-0.82171158],
       [-0.03565773],
       [-0.92036287],
       [-0.9624468 ],
       [-0.04963838],
       [-0.96676229],
       [-0.92357446],
       [-0.9628153 ],
       [-1.03317972],
       [-1.02231451],
       [-0.82046372],
       [-1.00498054],
       [-0.95801724],
       [-1.01294716],
       [-0.1066415 ],
       [-0.91108777],
       [-1.09225421],
       [-0.95843128],
       [-0.91763664],
       [-1.01891455],
       [-0.07412334],
       [-1.02446784],
       [-0.09786587],
       [-0.05544109],
       [-0.84644299],
       [-0.96674759],
       [-0.59990052],
       [-0.11583061],
       [-0.94856371],
       [ 0.00312884],
       [-1.02441611],
       [-0.9735134 ],
       [-0.96884088],
       [-0.96421319],
       [-1.02662119],
       [-0.04242576],
       [-0.07379434],
       [-0.80346022],
       [-0.92204489],
       [-1.02150004]])
array([[-1.77673309],
       [ 0.00340278],
       [-1.95405705],
       [-1.92546755],
       [-0.01983377],
       [-1.9360464 ],
       [-1.80824779],
       [-1.92257989],
       [-2.06766778],
       [-2.042643  ],
       [-1.77565025],
       [-2.03229927],
       [-1.91279642],
       [-2.04307339],
       [-0.14551344],
       [-1.92886566],
       [-2.24551934],
       [-1.93025712],
       [-1.94979834],
       [-2.05033316],
       [-0.04483582],
       [-2.05415259],
       [-0.11947329],
       [-0.03774008],
       [-1.8270391 ],
       [-1.93037602],
       [-1.1828354 ],
       [-0.16204201],
       [-1.90662924],
       [-0.00429987],
       [-2.05605852],
       [-1.92985013],
       [-1.93364813],
       [-1.92787594],
       [-2.06406597],
       [-0.01318489],
       [-0.13649743],
       [-1.68020024],
       [-1.95077363],
       [-2.05021944]])
<<<<<<<<<<< STEP 2 >>>>>>>>>>>> + array([[-0.70748612],
       [-0.05699803],
       [-0.80710909],
       [-0.95684787],
       [-0.07389891],
       [-0.96171359],
       [-0.95254315],
       [-0.95261062],
       [-1.00795038],
       [-1.00019835],
       [-0.70487249],
       [-0.98013655],
       [-0.95288172],
       [-0.9923337 ],
       [-0.12346732],
       [-0.80683368],
       [-1.00028638],
       [-0.94952077],
       [-0.81216846],
       [-0.99533001],
       [-0.12830357],
       [-1.00561373],
       [-0.11884633],
       [-0.07905177],
       [-0.73056456],
       [-0.95894341],
       [-0.61402368],
       [-0.1363887 ],
       [-0.94418531],
       [ 0.02219218],
       [-1.00314208],
       [-0.98953593],
       [-0.95162235],
       [-0.95764072],
       [-1.00584102],
       [-0.06519034],
       [-0.09664692],
       [-0.71171601],
       [-0.81766045],
       [-1.00436065]])
array([[-2.48421921],
       [-0.05359525],
       [-2.76116615],
       [-2.88231542],
       [-0.09373268],
       [-2.89775999],
       [-2.76079094],
       [-2.87519051],
       [-3.07561817],
       [-3.04284135],
       [-2.48052274],
       [-3.01243581],
       [-2.86567814],
       [-3.03540709],
       [-0.26898076],
       [-2.73569934],
       [-3.24580571],
       [-2.87977789],
       [-2.76196681],
       [-3.04566317],
       [-0.17313939],
       [-3.05976632],
       [-0.23831962],
       [-0.11679185],
       [-2.55760366],
       [-2.88931943],
       [-1.79685908],
       [-0.29843071],
       [-2.85081455],
       [ 0.01789231],
       [-3.05920061],
       [-2.91938606],
       [-2.88527049],
       [-2.88551666],
       [-3.06990699],
       [-0.07837523],
       [-0.23314436],
       [-2.39191625],
       [-2.76843408],
       [-3.05458009]])
<<<<<<<<<<< STEP 3 >>>>>>>>>>>> + array([[-0.625852  ],
       [-0.05005625],
       [-0.72829543],
       [-0.92962976],
       [-0.0736253 ],
       [-0.93788837],
       [-0.94738091],
       [-0.91613043],
       [-0.96101292],
       [-0.95480321],
       [-0.62189615],
       [-0.93366773],
       [-0.92778799],
       [-0.95833049],
       [-0.11793123],
       [-0.7330441 ],
       [-0.9183664 ],
       [-0.92034589],
       [-0.74003478],
       [-0.94930097],
       [-0.14232525],
       [-0.96808053],
       [-0.11618982],
       [-0.07716526],
       [-0.64924983],
       [-0.93350582],
       [-0.62513349],
       [-0.13693081],
       [-0.91885734],
       [ 0.04639097],
       [-0.9625232 ],
       [-0.9750796 ],
       [-0.90797572],
       [-0.93114882],
       [-0.96674369],
       [-0.06301778],
       [-0.12970264],
       [-0.63001161],
       [-0.74432089],
       [-0.96703341]])
array([[-3.11007121],
       [-0.1036515 ],
       [-3.48946158],
       [-3.81194518],
       [-0.16735798],
       [-3.83564836],
       [-3.70817185],
       [-3.79132094],
       [-4.03663109],
       [-3.99764456],
       [-3.10241889],
       [-3.94610355],
       [-3.79346613],
       [-3.99373758],
       [-0.386912  ],
       [-3.46874343],
       [-4.16417211],
       [-3.80012378],
       [-3.50200159],
       [-3.99496414],
       [-0.31546464],
       [-4.02784685],
       [-0.35450944],
       [-0.19395711],
       [-3.20685348],
       [-3.82282525],
       [-2.42199257],
       [-0.43536152],
       [-3.76967188],
       [ 0.06428328],
       [-4.0217238 ],
       [-3.89446567],
       [-3.79324621],
       [-3.81666548],
       [-4.03665069],
       [-0.14139301],
       [-0.36284699],
       [-3.02192786],
       [-3.51275497],
       [-4.0216135 ]])
<<<<<<<<<<< STEP 4 >>>>>>>>>>>> + array([[-0.56981173],
       [-0.03471881],
       [-0.67714165],
       [-0.86615104],
       [-0.06698922],
       [-0.87784253],
       [-0.89502133],
       [-0.84169885],
       [-0.88502793],
       [-0.87913875],
       [-0.56421061],
       [-0.85291023],
       [-0.8693054 ],
       [-0.89788169],
       [-0.10549998],
       [-0.68363201],
       [-0.84016874],
       [-0.85355983],
       [-0.69129185],
       [-0.86975888],
       [-0.13927441],
       [-0.90000701],
       [-0.10692222],
       [-0.06763456],
       [-0.59252233],
       [-0.87812916],
       [-0.63056958],
       [-0.13173449],
       [-0.85599321],
       [ 0.07041561],
       [-0.89133052],
       [-0.91692054],
       [-0.82838383],
       [-0.86915675],
       [-0.89810851],
       [-0.0532449 ],
       [-0.17093918],
       [-0.57061589],
       [-0.69405322],
       [-0.89676056]])
array([[-3.67988293],
       [-0.13837031],
       [-4.16660322],
       [-4.67809623],
       [-0.23434721],
       [-4.7134909 ],
       [-4.60319318],
       [-4.63301979],
       [-4.92165902],
       [-4.87678331],
       [-3.6666295 ],
       [-4.79901378],
       [-4.66277153],
       [-4.89161927],
       [-0.49241197],
       [-4.15237544],
       [-5.00434086],
       [-4.65368361],
       [-4.19329344],
       [-4.86472301],
       [-0.45473905],
       [-4.92785385],
       [-0.46143166],
       [-0.26159167],
       [-3.79937582],
       [-4.70095441],
       [-3.05256215],
       [-0.56709601],
       [-4.6256651 ],
       [ 0.13469889],
       [-4.91305432],
       [-4.81138621],
       [-4.62163004],
       [-4.68582223],
       [-4.9347592 ],
       [-0.19463791],
       [-0.53378618],
       [-3.59254375],
       [-4.20680819],
       [-4.91837407]])
<<<<<<<<<<< STEP 5 >>>>>>>>>>>> + array([[-0.5352215 ],
       [-0.02078005],
       [-0.64041074],
       [-0.77195611],
       [-0.05937616],
       [-0.78343788],
       [-0.80055669],
       [-0.74269902],
       [-0.78643152],
       [-0.78068374],
       [-0.52809309],
       [-0.75158458],
       [-0.77953069],
       [-0.80812382],
       [-0.09168951],
       [-0.64661133],
       [-0.75241968],
       [-0.75839293],
       [-0.6529793 ],
       [-0.76837985],
       [-0.12995511],
       [-0.80243415],
       [-0.09616975],
       [-0.05716772],
       [-0.55379275],
       [-0.79077296],
       [-0.62459314],
       [-0.12321091],
       [-0.76369263],
       [ 0.08191582],
       [-0.79351536],
       [-0.81969435],
       [-0.72728443],
       [-0.77490091],
       [-0.80212504],
       [-0.04246924],
       [-0.20889684],
       [-0.53439289],
       [-0.65406139],
       [-0.79743768]])
array([[-4.21510443],
       [-0.15915036],
       [-4.80701396],
       [-5.45005233],
       [-0.29372337],
       [-5.49692877],
       [-5.40374987],
       [-5.37571881],
       [-5.70809054],
       [-5.65746705],
       [-4.1947226 ],
       [-5.55059836],
       [-5.44230222],
       [-5.6997431 ],
       [-0.58410148],
       [-4.79898677],
       [-5.75676053],
       [-5.41207654],
       [-4.84627274],
       [-5.63310286],
       [-0.58469416],
       [-5.730288  ],
       [-0.55760141],
       [-0.31875939],
       [-4.35316857],
       [-5.49172737],
       [-3.67715528],
       [-0.69030691],
       [-5.38935772],
       [ 0.21661471],
       [-5.70656969],
       [-5.63108056],
       [-5.34891448],
       [-5.46072314],
       [-5.73688423],
       [-0.23710715],
       [-0.74268302],
       [-4.12693665],
       [-4.86086959],
       [-5.71581175]])
<<<<<<<<<<< STEP 6 >>>>>>>>>>>> + array([[-0.51726952],
       [-0.01182988],
       [-0.61065924],
       [-0.67919312],
       [-0.05119903],
       [-0.68758188],
       [-0.69901319],
       [-0.65475191],
       [-0.694167  ],
       [-0.68916011],
       [-0.50932511],
       [-0.6638054 ],
       [-0.68657176],
       [-0.71287915],
       [-0.07871349],
       [-0.61588597],
       [-0.66698661],
       [-0.66859169],
       [-0.61995042],
       [-0.67829044],
       [-0.11740266],
       [-0.70533298],
       [-0.08523073],
       [-0.04713814],
       [-0.52938596],
       [-0.69651384],
       [-0.60828745],
       [-0.11121104],
       [-0.67455587],
       [ 0.07446191],
       [-0.69866015],
       [-0.71685829],
       [-0.64030901],
       [-0.68105036],
       [-0.705831  ],
       [-0.03287416],
       [-0.23081424],
       [-0.51606748],
       [-0.61975111],
       [-0.7006382 ]])
array([[-4.73237394],
       [-0.17098025],
       [-5.4176732 ],
       [-6.12924545],
       [-0.34492239],
       [-6.18451065],
       [-6.10276306],
       [-6.03047072],
       [-6.40225754],
       [-6.34662716],
       [-4.70404771],
       [-6.21440376],
       [-6.12887398],
       [-6.41262225],
       [-0.66281497],
       [-5.41487274],
       [-6.42374715],
       [-6.08066823],
       [-5.46622316],
       [-6.3113933 ],
       [-0.70209682],
       [-6.43562098],
       [-0.64283214],
       [-0.36589753],
       [-4.88255452],
       [-6.18824121],
       [-4.28544273],
       [-0.80151795],
       [-6.0639136 ],
       [ 0.29107662],
       [-6.40522983],
       [-6.34793885],
       [-5.98922349],
       [-6.1417735 ],
       [-6.44271524],
       [-0.26998131],
       [-0.97349726],
       [-4.64300412],
       [-5.4806207 ],
       [-6.41644995]])
<<<<<<<<<<< STEP 7 >>>>>>>>>>>> + array([[-0.50843808],
       [-0.0069268 ],
       [-0.58658782],
       [-0.61108742],
       [-0.04287418],
       [-0.6165323 ],
       [-0.62129793],
       [-0.59452992],
       [-0.62708527],
       [-0.62294105],
       [-0.50050262],
       [-0.60413314],
       [-0.61559206],
       [-0.63860937],
       [-0.06765671],
       [-0.59086908],
       [-0.6019354 ],
       [-0.6040757 ],
       [-0.59292262],
       [-0.61562123],
       [-0.10377773],
       [-0.63320038],
       [-0.07505995],
       [-0.03787055],
       [-0.51473638],
       [-0.62294674],
       [-0.58928739],
       [-0.09771866],
       [-0.60957553],
       [ 0.05615215],
       [-0.62878194],
       [-0.63817441],
       [-0.58226923],
       [-0.6120936 ],
       [-0.63289526],
       [-0.02498188],
       [-0.23780764],
       [-0.50719682],
       [-0.59209128],
       [-0.62959879]])
array([[-5.24081202],
       [-0.17790704],
       [-6.00426102],
       [-6.74033288],
       [-0.38779658],
       [-6.80104296],
       [-6.72406099],
       [-6.62500064],
       [-7.02934281],
       [-6.96956821],
       [-5.20455033],
       [-6.8185369 ],
       [-6.74446604],
       [-7.05123161],
       [-0.73047168],
       [-6.00574182],
       [-7.02568255],
       [-6.68474393],
       [-6.05914578],
       [-6.92701453],
       [-0.80587455],
       [-7.06882136],
       [-0.71789209],
       [-0.40376808],
       [-5.39729091],
       [-6.81118795],
       [-4.87473012],
       [-0.89923661],
       [-6.67348912],
       [ 0.34722877],
       [-7.03401177],
       [-6.98611326],
       [-6.57149272],
       [-6.75386711],
       [-7.07561049],
       [-0.29496319],
       [-1.2113049 ],
       [-5.15020094],
       [-6.07271198],
       [-7.04604873]])
<<<<<<<<<<< STEP 8 >>>>>>>>>>>> + array([[-0.50358712],
       [-0.00420861],
       [-0.56780762],
       [-0.56764695],
       [-0.03522903],
       [-0.57114071],
       [-0.57118585],
       [-0.55735667],
       [-0.58363229],
       [-0.58016525],
       [-0.49622089],
       [-0.56696773],
       [-0.56950943],
       [-0.58948553],
       [-0.05872146],
       [-0.57128013],
       [-0.55948696],
       [-0.56313771],
       [-0.57204245],
       [-0.57595755],
       [-0.09090112],
       [-0.58647318],
       [-0.06631137],
       [-0.02974407],
       [-0.50598099],
       [-0.57480063],
       [-0.57232454],
       [-0.08490675],
       [-0.56799057],
       [ 0.03624965],
       [-0.58357534],
       [-0.58692271],
       [-0.54717226],
       [-0.5681599 ],
       [-0.5851891 ],
       [-0.0186326 ],
       [-0.23800029],
       [-0.50237889],
       [-0.57101148],
       [-0.58381349]])
array([[-5.74439914],
       [-0.18211565],
       [-6.57206864],
       [-7.30797983],
       [-0.42302561],
       [-7.37218367],
       [-7.29524683],
       [-7.18235731],
       [-7.6129751 ],
       [-7.54973346],
       [-5.70077122],
       [-7.38550463],
       [-7.31397547],
       [-7.64071714],
       [-0.78919314],
       [-6.57702195],
       [-7.58516951],
       [-7.24788164],
       [-6.63118823],
       [-7.50297208],
       [-0.89677566],
       [-7.65529454],
       [-0.78420346],
       [-0.43351216],
       [-5.90327189],
       [-7.38598858],
       [-5.44705466],
       [-0.98414335],
       [-7.2414797 ],
       [ 0.38347842],
       [-7.61758711],
       [-7.57303596],
       [-7.11866498],
       [-7.32202701],
       [-7.66079959],
       [-0.31359579],
       [-1.44930519],
       [-5.65257983],
       [-6.64372346],
       [-7.62986222]])
<<<<<<<<<<< STEP 9 >>>>>>>>>>>> + array([[-0.50061181],
       [-0.00258398],
       [-0.55334169],
       [-0.54119445],
       [-0.02870101],
       [-0.54348374],
       [-0.54087917],
       [-0.5349829 ],
       [-0.55626505],
       [-0.55331489],
       [-0.49408182],
       [-0.5440711 ],
       [-0.54137769],
       [-0.55866941],
       [-0.05170383],
       [-0.55613286],
       [-0.53351596],
       [-0.53820055],
       [-0.55618967],
       [-0.55119026],
       [-0.0796496 ],
       [-0.55726919],
       [-0.05917345],
       [-0.02290953],
       [-0.50079146],
       [-0.5452754 ],
       [-0.55840132],
       [-0.07379983],
       [-0.54245406],
       [ 0.01860056],
       [-0.55532485],
       [-0.55523328],
       [-0.52650513],
       [-0.54143056],
       [-0.55542053],
       [-0.0135587 ],
       [-0.23737785],
       [-0.49946907],
       [-0.555169  ],
       [-0.55527839]])
array([[-6.24501095],
       [-0.18469963],
       [-7.12541033],
       [-7.84917428],
       [-0.45172662],
       [-7.9156674 ],
       [-7.836126  ],
       [-7.71734021],
       [-8.16924016],
       [-8.10304835],
       [-6.19485304],
       [-7.92957574],
       [-7.85535316],
       [-8.19938655],
       [-0.84089698],
       [-7.13315481],
       [-8.11868547],
       [-7.78608219],
       [-7.1873779 ],
       [-8.05416234],
       [-0.97642526],
       [-8.21256373],
       [-0.84337691],
       [-0.45642169],
       [-6.40406336],
       [-7.93126397],
       [-6.00545598],
       [-1.05794318],
       [-7.78393375],
       [ 0.40207898],
       [-8.17291196],
       [-8.12826925],
       [-7.64517011],
       [-7.86345757],
       [-8.21622013],
       [-0.32715449],
       [-1.68668304],
       [-6.1520489 ],
       [-7.19889246],
       [-8.18514061]])
