<<<<<<<<<<< STEP 0 >>>>>>>>>>>> + array([[-0.51750177],
       [-0.6179186 ],
       [-0.52350977],
       [-0.57470642],
       [-0.22442958],
       [-0.563382  ],
       [-0.50275299],
       [-0.00115105],
       [-0.50811533],
       [-0.52759882],
       [-0.56433815],
       [-0.71319357],
       [-0.05916205],
       [-0.62273313],
       [-0.5817547 ],
       [-0.52040198],
       [-0.5608664 ],
       [-0.56136829],
       [-0.56555456],
       [-0.56947009],
       [-0.51929111],
       [-0.73878286],
       [-0.49091518],
       [-0.53387408],
       [-0.57173133],
       [-0.52950637],
       [-0.56874171],
       [-0.53609899],
       [-0.36764352],
       [-0.62371235],
       [-0.52308549],
       [-0.57170401],
       [-0.34286766],
       [-0.51766175],
       [-0.5696184 ],
       [-0.52291927],
       [-0.51403648],
       [-0.61694541],
       [-0.56895377],
       [-0.6777261 ]])
array([[-7.96875136],
       [-7.78423195],
       [-7.54725521],
       [-8.8944442 ],
       [-1.52371059],
       [-8.73374386],
       [-7.96987665],
       [-0.88621517],
       [-7.97690333],
       [-8.18825143],
       [-7.43893766],
       [-6.05857827],
       [-2.16695676],
       [-7.79390911],
       [-8.88296592],
       [-8.19999659],
       [-8.50643275],
       [-8.74560423],
       [-8.85719945],
       [-8.9064885 ],
       [-8.05681743],
       [-6.96578887],
       [-7.55723127],
       [-8.66141656],
       [-8.82336115],
       [-7.52624893],
       [-8.79830933],
       [-8.16113236],
       [-5.99535525],
       [-7.64663105],
       [-8.13320851],
       [-8.78805331],
       [-4.03914761],
       [-8.09060794],
       [-8.90950916],
       [-8.09821124],
       [-7.97473653],
       [-7.42115496],
       [-8.74700599],
       [-7.01572756]])
<<<<<<<<<<< STEP 1 >>>>>>>>>>>> + array([[-0.51000561],
       [-0.57777302],
       [-0.51451297],
       [-0.54985664],
       [-0.2313171 ],
       [-0.54191033],
       [-0.50053682],
       [ 0.00220729],
       [-0.5028164 ],
       [-0.51716078],
       [-0.54273431],
       [-0.65233081],
       [-0.05607572],
       [-0.58003082],
       [-0.55480281],
       [-0.5118251 ],
       [-0.54051367],
       [-0.54154045],
       [-0.54332572],
       [-0.54691036],
       [-0.5123043 ],
       [-0.6509874 ],
       [-0.49106739],
       [-0.52381235],
       [-0.54898293],
       [-0.51772458],
       [-0.54585568],
       [-0.52339707],
       [-0.40935919],
       [-0.58449384],
       [-0.51497619],
       [-0.54849594],
       [-0.34007351],
       [-0.50936996],
       [-0.54622815],
       [-0.515368  ],
       [-0.5070543 ],
       [-0.57873596],
       [-0.54542484],
       [-0.62123358]])
array([[-8.47875697],
       [-8.36200497],
       [-8.06176818],
       [-9.44430085],
       [-1.75502769],
       [-9.2756542 ],
       [-8.47041347],
       [-0.88400788],
       [-8.47971973],
       [-8.70541222],
       [-7.98167197],
       [-6.71090908],
       [-2.22303248],
       [-8.37393993],
       [-9.43776874],
       [-8.71182168],
       [-9.04694643],
       [-9.28714468],
       [-9.40052517],
       [-9.45339886],
       [-8.56912173],
       [-7.61677626],
       [-8.04829866],
       [-9.18522891],
       [-9.37234409],
       [-8.04397351],
       [-9.34416501],
       [-8.68452942],
       [-6.40471444],
       [-8.23112489],
       [-8.6481847 ],
       [-9.33654924],
       [-4.37922111],
       [-8.5999779 ],
       [-9.45573731],
       [-8.61357924],
       [-8.48179084],
       [-7.99989092],
       [-9.29243083],
       [-7.63696114]])
<<<<<<<<<<< STEP 2 >>>>>>>>>>>> + array([[-0.50570022],
       [-0.5507191 ],
       [-0.5086393 ],
       [-0.53282498],
       [-0.23686229],
       [-0.52745532],
       [-0.50010637],
       [ 0.00578345],
       [-0.50041799],
       [-0.51048927],
       [-0.52760201],
       [-0.6058505 ],
       [-0.05653923],
       [-0.55149716],
       [-0.53605207],
       [-0.50671363],
       [-0.52651188],
       [-0.52801374],
       [-0.5281837 ],
       [-0.53119717],
       [-0.50778227],
       [-0.59598165],
       [-0.49231377],
       [-0.51709645],
       [-0.53298606],
       [-0.5099735 ],
       [-0.53027055],
       [-0.51467772],
       [-0.44501722],
       [-0.55745038],
       [-0.50956757],
       [-0.53231571],
       [-0.34439245],
       [-0.50463905],
       [-0.53032465],
       [-0.51026885],
       [-0.50310043],
       [-0.55240823],
       [-0.52952418],
       [-0.58304724]])
array([[-8.98445719],
       [-8.91272407],
       [-8.57040748],
       [-9.97712583],
       [-1.99188998],
       [-9.80310952],
       [-8.97051984],
       [-0.87822443],
       [-8.98013772],
       [-9.21590148],
       [-8.50927398],
       [-7.31675958],
       [-2.27957171],
       [-8.92543709],
       [-9.97382081],
       [-9.21853531],
       [-9.57345831],
       [-9.81515842],
       [-9.92870887],
       [-9.98459603],
       [-9.076904  ],
       [-8.21275791],
       [-8.54061243],
       [-9.70232536],
       [-9.90533015],
       [-8.55394701],
       [-9.87443557],
       [-9.19920715],
       [-6.84973166],
       [-8.78857527],
       [-9.15775227],
       [-9.86886496],
       [-4.72361356],
       [-9.10461695],
       [-9.98606197],
       [-9.12384809],
       [-8.98489127],
       [-8.55229915],
       [-9.82195501],
       [-8.22000838]])
<<<<<<<<<<< STEP 3 >>>>>>>>>>>> + array([[-0.50324127],
       [-0.53323661],
       [-0.5049734 ],
       [-0.52167922],
       [-0.24513318],
       [-0.51812282],
       [-0.5002124 ],
       [ 0.00905907],
       [-0.49945536],
       [-0.50635559],
       [-0.51761513],
       [-0.57342434],
       [-0.06069064],
       [-0.53319128],
       [-0.52365763],
       [-0.50372526],
       [-0.51738424],
       [-0.51910928],
       [-0.51834253],
       [-0.5207547 ],
       [-0.5048782 ],
       [-0.56191919],
       [-0.49375461],
       [-0.51253306],
       [-0.52225344],
       [-0.50515601],
       [-0.52008802],
       [-0.50897359],
       [-0.47078553],
       [-0.53946116],
       [-0.50601762],
       [-0.52156378],
       [-0.35716367],
       [-0.50205489],
       [-0.51996767],
       [-0.50684712],
       [-0.50095559],
       [-0.53511479],
       [-0.51926219],
       [-0.5578839 ]])
array([[ -9.48769845],
       [ -9.44596067],
       [ -9.07538087],
       [-10.49880505],
       [ -2.23702316],
       [-10.32123234],
       [ -9.47073224],
       [ -0.86916537],
       [ -9.47959308],
       [ -9.72225708],
       [ -9.02688911],
       [ -7.89018392],
       [ -2.34026236],
       [ -9.45862837],
       [-10.49747844],
       [ -9.72226057],
       [-10.09084255],
       [-10.33426769],
       [-10.4470514 ],
       [-10.50535073],
       [ -9.5817822 ],
       [ -8.7746771 ],
       [ -9.03436704],
       [-10.21485842],
       [-10.42758359],
       [ -9.05910302],
       [-10.39452359],
       [ -9.70818074],
       [ -7.32051718],
       [ -9.32803643],
       [ -9.66376989],
       [-10.39042873],
       [ -5.08077723],
       [ -9.60667184],
       [-10.50602963],
       [ -9.63069521],
       [ -9.48584686],
       [ -9.08741394],
       [-10.34121721],
       [ -8.77789228]])
<<<<<<<<<<< STEP 4 >>>>>>>>>>>> + array([[-0.50184255],
       [-0.52207111],
       [-0.50274949],
       [-0.51449737],
       [-0.25877255],
       [-0.5121783 ],
       [-0.50041546],
       [ 0.01183719],
       [-0.49917347],
       [-0.50383484],
       [-0.51116542],
       [-0.55131839],
       [-0.06875786],
       [-0.52158405],
       [-0.51561473],
       [-0.50200614],
       [-0.5115528 ],
       [-0.51329873],
       [-0.51205536],
       [-0.51393262],
       [-0.503024  ],
       [-0.54065568],
       [-0.4950643 ],
       [-0.50936695],
       [-0.51516899],
       [-0.50226988],
       [-0.51352261],
       [-0.50533469],
       [-0.48766293],
       [-0.52755529],
       [-0.50371693],
       [-0.51453709],
       [-0.37628749],
       [-0.50070409],
       [-0.51332149],
       [-0.50456289],
       [-0.4998508 ],
       [-0.5238972 ],
       [-0.5127435 ],
       [-0.54123707]])
array([[ -9.989541  ],
       [ -9.96803178],
       [ -9.57813036],
       [-11.01330243],
       [ -2.49579571],
       [-10.83341064],
       [ -9.9711477 ],
       [ -0.85732817],
       [ -9.97876655],
       [-10.22609192],
       [ -9.53805453],
       [ -8.44150231],
       [ -2.40902021],
       [ -9.98021242],
       [-11.01309317],
       [-10.22426671],
       [-10.60239535],
       [-10.84756643],
       [-10.95910676],
       [-11.01928335],
       [-10.0848062 ],
       [ -9.31533278],
       [ -9.52943134],
       [-10.72422537],
       [-10.94275258],
       [ -9.5613729 ],
       [-10.90804619],
       [-10.21351543],
       [ -7.80818011],
       [ -9.85559172],
       [-10.16748682],
       [-10.90496583],
       [ -5.45706472],
       [-10.10737594],
       [-11.01935113],
       [-10.1352581 ],
       [ -9.98569765],
       [ -9.61131113],
       [-10.8539607 ],
       [ -9.31912935]])
<<<<<<<<<<< STEP 5 >>>>>>>>>>>> + array([[-0.50104924],
       [-0.51494127],
       [-0.50143238],
       [-0.50987827],
       [-0.28000681],
       [-0.50839229],
       [-0.50058035],
       [ 0.01408843],
       [-0.49918993],
       [-0.50230878],
       [-0.50704038],
       [-0.53628844],
       [-0.08135434],
       [-0.51423221],
       [-0.51042284],
       [-0.50103343],
       [-0.50784608],
       [-0.50949222],
       [-0.5080545 ],
       [-0.50949462],
       [-0.50184607],
       [-0.52722728],
       [-0.49615036],
       [-0.50712353],
       [-0.51050601],
       [-0.50059821],
       [-0.50929163],
       [-0.50305017],
       [-0.49796441],
       [-0.5196213 ],
       [-0.50224213],
       [-0.5099601 ],
       [-0.39854567],
       [-0.50003849],
       [-0.50906548],
       [-0.50304211],
       [-0.49932534],
       [-0.51661186],
       [-0.50861279],
       [-0.53007057]])
array([[-10.49059024],
       [-10.48297305],
       [-10.07956274],
       [-11.52318069],
       [ -2.77580252],
       [-11.34180293],
       [-10.47172805],
       [ -0.84323974],
       [-10.47795648],
       [-10.7284007 ],
       [-10.0450949 ],
       [ -8.97779075],
       [ -2.49037455],
       [-10.49444463],
       [-11.52351601],
       [-10.72530014],
       [-11.11024143],
       [-11.35705865],
       [-11.46716126],
       [-11.52877798],
       [-10.58665227],
       [ -9.84256006],
       [-10.0255817 ],
       [-11.2313489 ],
       [-11.45325859],
       [-10.06197111],
       [-11.41733783],
       [-10.7165656 ],
       [ -8.30614452],
       [-10.37521302],
       [-10.66972895],
       [-11.41492593],
       [ -5.85561039],
       [-10.60741443],
       [-11.5284166 ],
       [-10.63830021],
       [-10.48502299],
       [-10.127923  ],
       [-11.3625735 ],
       [ -9.84919992]])
<<<<<<<<<<< STEP 6 >>>>>>>>>>>> + array([[-0.50059915],
       [-0.5103679 ],
       [-0.50067365],
       [-0.50689294],
       [-0.31117899],
       [-0.50596283],
       [-0.50067868],
       [ 0.01584835],
       [-0.49931472],
       [-0.50138636],
       [-0.5044213 ],
       [-0.5260456 ],
       [-0.09969679],
       [-0.50956272],
       [-0.50707122],
       [-0.50049348],
       [-0.50548329],
       [-0.50697161],
       [-0.50550202],
       [-0.50660362],
       [-0.50110244],
       [-0.51865494],
       [-0.49700977],
       [-0.50550192],
       [-0.50742743],
       [-0.49967113],
       [-0.50654897],
       [-0.5016367 ],
       [-0.50385221],
       [-0.51427257],
       [-0.50130856],
       [-0.50697093],
       [-0.42076789],
       [-0.49974037],
       [-0.50632853],
       [-0.50203159],
       [-0.4991114 ],
       [-0.51184663],
       [-0.50598339],
       [-0.52245245]])
array([[-10.99118939],
       [-10.99334095],
       [-10.58023639],
       [-12.03007363],
       [ -3.08698151],
       [-11.84776576],
       [-10.97240673],
       [ -0.82739139],
       [-10.9772712 ],
       [-11.22978706],
       [-10.5495162 ],
       [ -9.50383635],
       [ -2.59007134],
       [-11.00400735],
       [-12.03058723],
       [-11.22579362],
       [-11.61572472],
       [-11.86403026],
       [-11.97266328],
       [-12.0353816 ],
       [-11.08775471],
       [-10.361215  ],
       [-10.52259147],
       [-11.73685082],
       [-11.96068602],
       [-10.56164224],
       [-11.9238868 ],
       [-11.21820231],
       [ -8.80999673],
       [-10.88948559],
       [-11.17103751],
       [-11.92189686],
       [ -6.27637829],
       [-11.1071548 ],
       [-12.03474513],
       [-11.14033181],
       [-10.98413439],
       [-10.63976963],
       [-11.86855689],
       [-10.37165237]])
<<<<<<<<<<< STEP 7 >>>>>>>>>>>> + array([[-0.50034226],
       [-0.50741062],
       [-0.50025255],
       [-0.50494475],
       [-0.35464202],
       [-0.50438183],
       [-0.50071692],
       [ 0.01717292],
       [-0.49945889],
       [-0.50082748],
       [-0.50277167],
       [-0.5190366 ],
       [-0.12578625],
       [-0.50658166],
       [-0.504901  ],
       [-0.50020088],
       [-0.50396321],
       [-0.50527509],
       [-0.50386185],
       [-0.50471063],
       [-0.50063721],
       [-0.51312607],
       [-0.49767169],
       [-0.50430858],
       [-0.50538077],
       [-0.49919249],
       [-0.50475177],
       [-0.50077761],
       [-0.50693801],
       [-0.51061447],
       [-0.50072709],
       [-0.50500576],
       [-0.44058327],
       [-0.49963106],
       [-0.50455231],
       [-0.50136166],
       [-0.49905833],
       [-0.50869431],
       [-0.50429265],
       [-0.51715906]])
array([[-11.49153165],
       [-11.50075156],
       [-11.08048894],
       [-12.53501837],
       [ -3.44162353],
       [-12.35214759],
       [-11.47312365],
       [ -0.81021847],
       [-11.47673009],
       [-11.73061454],
       [-11.05228787],
       [-10.02287295],
       [ -2.71585758],
       [-11.51058901],
       [-12.53548823],
       [-11.72599449],
       [-12.11968793],
       [-12.36930535],
       [-12.47652513],
       [-12.54009222],
       [-11.58839192],
       [-10.87434106],
       [-11.02026317],
       [-12.2411594 ],
       [-12.46606679],
       [-11.06083472],
       [-12.42863856],
       [-11.71897991],
       [ -9.31693474],
       [-11.40010006],
       [-11.67176461],
       [-12.42690262],
       [ -6.71696156],
       [-11.60678586],
       [-12.53929744],
       [-11.64169347],
       [-11.48319272],
       [-11.14846394],
       [-12.37284954],
       [-10.88881143]])
<<<<<<<<<<< STEP 8 >>>>>>>>>>>> + array([[-0.50019386],
       [-0.50546797],
       [-0.50003016],
       [-0.50365211],
       [-0.41155197],
       [-0.50332803],
       [-0.50070986],
       [ 0.01812492],
       [-0.49958645],
       [-0.50048777],
       [-0.50174107],
       [-0.51419478],
       [-0.16238633],
       [-0.5046593 ],
       [-0.50348439],
       [-0.50004742],
       [-0.50296597],
       [-0.50410423],
       [-0.5027933 ],
       [-0.50345623],
       [-0.50034997],
       [-0.50950997],
       [-0.49817466],
       [-0.50341616],
       [-0.50400209],
       [-0.49898086],
       [-0.50355202],
       [-0.500269  ],
       [-0.50828997],
       [-0.50806454],
       [-0.50037237],
       [-0.50369637],
       [-0.45680074],
       [-0.49961389],
       [-0.50337949],
       [-0.50091883],
       [-0.49908607],
       [-0.50656927],
       [-0.50318504],
       [-0.51339989]])
array([[-11.99172551],
       [-12.00621954],
       [-11.5805191 ],
       [-13.03867048],
       [ -3.8531755 ],
       [-12.85547561],
       [-11.97383352],
       [ -0.79209355],
       [-11.97631654],
       [-12.23110231],
       [-11.55402894],
       [-10.53706773],
       [ -2.87824391],
       [-12.01524831],
       [-13.03897262],
       [-12.22604191],
       [-12.62265389],
       [-12.87340959],
       [-12.97931843],
       [-13.04354845],
       [-12.08874189],
       [-11.38385103],
       [-11.51843783],
       [-12.74457556],
       [-12.97006888],
       [-11.55981559],
       [-12.93219058],
       [-12.21924891],
       [ -9.82522472],
       [-11.90816459],
       [-12.17213697],
       [-12.93059898],
       [ -7.1737623 ],
       [-12.10639975],
       [-13.04267693],
       [-12.1426123 ],
       [-11.98227879],
       [-11.65503321],
       [-12.87603458],
       [-11.40221132]])
<<<<<<<<<<< STEP 9 >>>>>>>>>>>> + array([[-0.50010687],
       [-0.50414482],
       [-0.49991869],
       [-0.50276666],
       [-0.47865626],
       [-0.50259299],
       [-0.50067004],
       [ 0.01877473],
       [-0.49968772],
       [-0.50028214],
       [-0.50109981],
       [-0.51076498],
       [-0.21218056],
       [-0.50338974],
       [-0.50254014],
       [-0.49997069],
       [-0.5022829 ],
       [-0.50325898],
       [-0.50207702],
       [-0.50260057],
       [-0.50017643],
       [-0.50707692],
       [-0.49855743],
       [-0.50273728],
       [-0.50304681],
       [-0.49893039],
       [-0.50272151],
       [-0.49998226],
       [-0.50854084],
       [-0.50623187],
       [-0.50016178],
       [-0.50279754],
       [-0.46931946],
       [-0.49963948],
       [-0.50257641],
       [-0.50062744],
       [-0.49915737],
       [-0.50508215],
       [-0.50243147],
       [-0.51064115]])
array([[-12.49183237],
       [-12.51036436],
       [-12.08043778],
       [-13.54143715],
       [ -4.33183176],
       [-13.3580686 ],
       [-12.47450355],
       [ -0.77331881],
       [-12.47600425],
       [-12.73138445],
       [-12.05512876],
       [-11.04783271],
       [ -3.09042447],
       [-12.51863806],
       [-13.54151276],
       [-12.7260126 ],
       [-13.12493679],
       [-13.37666857],
       [-13.48139545],
       [-13.54614902],
       [-12.58891831],
       [-11.89092795],
       [-12.01699525],
       [-13.24731284],
       [-13.47311569],
       [-12.05874598],
       [-13.43491209],
       [-12.71923117],
       [-10.33376555],
       [-12.41439646],
       [-12.67229875],
       [-13.43339652],
       [ -7.64308175],
       [-12.60603924],
       [-13.54525335],
       [-12.64323974],
       [-12.48143616],
       [-12.16011535],
       [-13.37846605],
       [-11.91285247]])
