<<<<<<<<<<< STEP 0 >>>>>>>>>>>> + array([[ -5.02659484e-01],
       [ -5.01130278e-01],
       [ -5.00215205e-01],
       [ -5.02597952e-01],
       [ -5.00356813e-01],
       [ -5.30665972e-03],
       [ -5.00464633e-01],
       [ -5.01098290e-01],
       [ -5.00939490e-01],
       [ -5.00086460e-01],
       [  3.82278207e-04],
       [ -5.00290160e-01],
       [ -5.00513054e-01],
       [ -5.00992254e-01],
       [ -5.00100453e-01],
       [ -5.00310161e-01],
       [ -5.00922569e-01],
       [ -9.38505257e-04],
       [ -5.00303034e-01],
       [ -5.00220778e-01],
       [ -3.24606102e-03],
       [ -4.74507566e-04],
       [ -1.20291767e-03],
       [ -7.21612457e-03],
       [ -5.00328563e-01],
       [ -5.01080843e-01],
       [ -5.02633241e-01],
       [ -5.00537662e-01],
       [ -2.43485885e-04],
       [ -5.00082239e-01],
       [ -6.86053134e-03],
       [ -5.00375168e-01],
       [ -5.02527363e-01],
       [ -7.98288099e-03],
       [ -5.02615804e-01],
       [ -5.01194353e-01],
       [ -5.01030108e-01],
       [ -5.00365437e-01],
       [ -5.02542024e-01],
       [ -5.01025196e-01]])
array([[-13.01501426],
       [-14.33647372],
       [-13.98119892],
       [-13.04083155],
       [-11.65939418],
       [ -0.85579776],
       [-13.98566447],
       [-14.27074692],
       [-14.30761456],
       [-11.67750099],
       [ -0.33366792],
       [-11.65489445],
       [-13.81459761],
       [-14.34732477],
       [-13.71372252],
       [-11.64793526],
       [-14.10373122],
       [ -0.39926967],
       [-13.99655393],
       [-13.78648854],
       [ -0.86649149],
       [ -0.43802163],
       [ -0.35760394],
       [ -1.00479515],
       [-13.78146744],
       [-14.1640523 ],
       [-13.01671319],
       [-15.07392228],
       [ -0.3638578 ],
       [-11.64574366],
       [ -1.0171058 ],
       [-13.88749505],
       [-11.9138043 ],
       [ -1.04398168],
       [-13.01413204],
       [-14.26204896],
       [-14.11136265],
       [-14.09528607],
       [-13.06551282],
       [-14.42116323]])
<<<<<<<<<<< STEP 1 >>>>>>>>>>>> + array([[ -5.02049123e-01],
       [ -5.00817410e-01],
       [ -5.00116140e-01],
       [ -5.02001855e-01],
       [ -5.00318534e-01],
       [ -4.67637392e-03],
       [ -5.00299105e-01],
       [ -5.00807137e-01],
       [ -5.00678697e-01],
       [ -5.00103536e-01],
       [  5.70696469e-04],
       [ -5.00265042e-01],
       [ -5.00340713e-01],
       [ -5.00718893e-01],
       [ -5.00038411e-01],
       [ -5.00282626e-01],
       [ -5.00674780e-01],
       [ -6.59271872e-04],
       [ -5.00183994e-01],
       [ -5.00130812e-01],
       [ -2.56003008e-03],
       [ -9.58955285e-05],
       [ -9.64353561e-04],
       [ -6.41954051e-03],
       [ -5.00214381e-01],
       [ -5.00796266e-01],
       [ -5.02028995e-01],
       [ -5.00351792e-01],
       [  2.99909693e-05],
       [ -5.00099016e-01],
       [ -6.03277821e-03],
       [ -5.00246190e-01],
       [ -5.01933639e-01],
       [ -7.13377821e-03],
       [ -5.02014422e-01],
       [ -5.00871309e-01],
       [ -5.00757627e-01],
       [ -5.00230792e-01],
       [ -5.01956591e-01],
       [ -5.00742818e-01]])
array([[-13.51706338],
       [-14.83729113],
       [-14.48131506],
       [-13.54283341],
       [-12.15971271],
       [ -0.86047414],
       [-14.48596357],
       [-14.77155406],
       [-14.80829326],
       [-12.17760453],
       [ -0.33309722],
       [-12.15515949],
       [-14.31493832],
       [-14.84804366],
       [-14.21376093],
       [-12.14821789],
       [-14.604406  ],
       [ -0.39992894],
       [-14.49673793],
       [-14.28661935],
       [ -0.86905152],
       [ -0.43811753],
       [ -0.3585683 ],
       [ -1.01121469],
       [-14.28168182],
       [-14.66484857],
       [-13.51874218],
       [-15.57427407],
       [ -0.36382781],
       [-12.14584268],
       [ -1.02313857],
       [-14.38774124],
       [-12.41573794],
       [ -1.05111545],
       [-13.51614646],
       [-14.76292027],
       [-14.61212028],
       [-14.59551687],
       [-13.56746941],
       [-14.92190605]])
<<<<<<<<<<< STEP 2 >>>>>>>>>>>> + array([[ -5.01582628e-01],
       [ -5.00598651e-01],
       [ -5.00059264e-01],
       [ -5.01546312e-01],
       [ -5.00273153e-01],
       [ -4.18533865e-03],
       [ -5.00194911e-01],
       [ -5.00599520e-01],
       [ -5.00496607e-01],
       [ -5.00102642e-01],
       [  7.17094182e-04],
       [ -5.00230427e-01],
       [ -5.00229661e-01],
       [ -5.00527368e-01],
       [ -5.00005754e-01],
       [ -5.00245223e-01],
       [ -5.00499151e-01],
       [ -4.41925420e-04],
       [ -5.00111781e-01],
       [ -5.00076941e-01],
       [ -2.02609599e-03],
       [  1.98962779e-04],
       [ -7.78503530e-04],
       [ -5.79814140e-03],
       [ -5.00141808e-01],
       [ -5.00592709e-01],
       [ -5.01567210e-01],
       [ -5.00233398e-01],
       [  2.42716547e-04],
       [ -5.00097927e-01],
       [ -5.38664444e-03],
       [ -5.00163860e-01],
       [ -5.01485331e-01],
       [ -6.47113046e-03],
       [ -5.01555190e-01],
       [ -5.00643038e-01],
       [ -5.00563141e-01],
       [ -5.00147102e-01],
       [ -5.01509944e-01],
       [ -5.00544920e-01]])
array([[-14.01864601],
       [-15.33788978],
       [-14.98137432],
       [-14.04437972],
       [-12.65998587],
       [ -0.86465948],
       [-14.98615849],
       [-15.27215358],
       [-15.30878987],
       [-12.67770717],
       [ -0.33238013],
       [-12.65538992],
       [-14.81516798],
       [-15.34857103],
       [-14.71376668],
       [-12.64846311],
       [-15.10490515],
       [ -0.40037086],
       [-14.99684971],
       [-14.7866963 ],
       [ -0.87107762],
       [ -0.43791856],
       [ -0.3593468 ],
       [ -1.01701283],
       [-14.78182363],
       [-15.16544128],
       [-14.02030939],
       [-16.07450747],
       [ -0.3635851 ],
       [-12.64594061],
       [ -1.02852522],
       [-14.8879051 ],
       [-12.91722327],
       [ -1.05758658],
       [-14.01770165],
       [-15.26356331],
       [-15.11268342],
       [-15.09566397],
       [-14.06897936],
       [-15.42245097]])
<<<<<<<<<<< STEP 3 >>>>>>>>>>>> + array([[ -5.01224648e-01],
       [ -5.00443334e-01],
       [ -5.00027260e-01],
       [ -5.01196743e-01],
       [ -5.00228267e-01],
       [ -3.80338531e-03],
       [ -5.00128745e-01],
       [ -5.00449388e-01],
       [ -5.00367496e-01],
       [ -5.00093318e-01],
       [  8.30760678e-04],
       [ -5.00194262e-01],
       [ -5.00157217e-01],
       [ -5.00391121e-01],
       [ -4.99989822e-01],
       [ -5.00206363e-01],
       [ -5.00372856e-01],
       [ -2.72850853e-04],
       [ -5.00067964e-01],
       [ -5.00044806e-01],
       [ -1.61121390e-03],
       [  4.28450089e-04],
       [ -6.33773941e-04],
       [ -5.31421235e-03],
       [ -5.00095200e-01],
       [ -5.00445095e-01],
       [ -5.01212851e-01],
       [ -5.00157170e-01],
       [  4.08062651e-04],
       [ -5.00088570e-01],
       [ -4.88301358e-03],
       [ -5.00110722e-01],
       [ -5.01144622e-01],
       [ -5.95488525e-03],
       [ -5.01203029e-01],
       [ -5.00479356e-01],
       [ -5.00422381e-01],
       [ -5.00094763e-01],
       [ -5.01167681e-01],
       [ -5.00404110e-01]])
array([[-14.51987066],
       [-15.83833312],
       [-15.48140158],
       [-14.54557646],
       [-13.16021413],
       [ -0.86846286],
       [-15.48628723],
       [-15.77260297],
       [-15.80915736],
       [-13.17780049],
       [ -0.33154936],
       [-13.15558418],
       [-15.3153252 ],
       [-15.84896215],
       [-15.21375651],
       [-13.14866947],
       [-15.60527801],
       [ -0.40064371],
       [-15.49691767],
       [-15.2867411 ],
       [ -0.87268883],
       [ -0.43749011],
       [ -0.35998058],
       [ -1.02232704],
       [-15.28191883],
       [-15.66588637],
       [-14.52152224],
       [-16.57466464],
       [ -0.36317703],
       [-13.14602918],
       [ -1.03340823],
       [-15.38801582],
       [-13.41836789],
       [ -1.06354147],
       [-14.51890468],
       [-15.76404267],
       [-15.6131058 ],
       [-15.59575873],
       [-14.57014704],
       [-15.92285508]])
<<<<<<<<<<< STEP 4 >>>>>>>>>>>> + array([[ -5.00949053e-01],
       [ -5.00331470e-01],
       [ -5.00009786e-01],
       [ -5.00927610e-01],
       [ -5.00187450e-01],
       [ -3.50679363e-03],
       [ -5.00086296e-01],
       [ -5.00339445e-01],
       [ -5.00274616e-01],
       [ -5.00080812e-01],
       [  9.18936620e-04],
       [ -5.00160459e-01],
       [ -5.00109313e-01],
       [ -5.00292814e-01],
       [ -4.99983178e-01],
       [ -5.00170162e-01],
       [ -5.00280829e-01],
       [ -1.41413940e-04],
       [ -5.00041368e-01],
       [ -5.00025732e-01],
       [ -1.28941229e-03],
       [  6.06951866e-04],
       [ -5.21108137e-04],
       [ -4.93801840e-03],
       [ -5.00064910e-01],
       [ -5.00336722e-01],
       [ -5.00940035e-01],
       [ -5.00107490e-01],
       [  5.36476457e-04],
       [ -5.00076190e-01],
       [ -4.49104659e-03],
       [ -5.00075994e-01],
       [ -5.00884313e-01],
       [ -5.55343610e-03],
       [ -5.00932064e-01],
       [ -5.00360398e-01],
       [ -5.00319219e-01],
       [ -5.00061787e-01],
       [ -5.00904479e-01],
       [ -5.00302496e-01]])
array([[-15.02081971],
       [-16.33866458],
       [-15.98141137],
       [-15.04650407],
       [-13.66040158],
       [ -0.87196966],
       [-15.98637353],
       [-16.27294241],
       [-16.30943198],
       [-13.6778813 ],
       [ -0.33063043],
       [-13.65574464],
       [-15.81543451],
       [-16.34925496],
       [-15.71373968],
       [-13.64883963],
       [-16.10555883],
       [ -0.40078513],
       [-15.99695904],
       [-15.78676683],
       [ -0.87397824],
       [ -0.43688316],
       [ -0.36050168],
       [ -1.02726506],
       [-15.78198374],
       [-16.16622309],
       [-15.02246228],
       [-17.07477213],
       [ -0.36264056],
       [-13.64610537],
       [ -1.03789928],
       [-15.88809181],
       [-13.9192522 ],
       [ -1.06909491],
       [-15.01983675],
       [-16.26440306],
       [-16.11342502],
       [-16.09582052],
       [-15.07105152],
       [-16.42315757]])
<<<<<<<<<<< STEP 5 >>>>>>>>>>>> + array([[ -5.00736338e-01],
       [ -5.00249845e-01],
       [ -5.00000692e-01],
       [ -5.00719861e-01],
       [ -5.00152053e-01],
       [ -3.27695019e-03],
       [ -5.00058741e-01],
       [ -5.00258034e-01],
       [ -5.00206913e-01],
       [ -5.00067887e-01],
       [  9.87263919e-04],
       [ -5.00130672e-01],
       [ -5.00077170e-01],
       [ -5.00220962e-01],
       [ -4.99981501e-01],
       [ -5.00138343e-01],
       [ -5.00212979e-01],
       [ -3.93145340e-05],
       [ -5.00025218e-01],
       [ -5.00014487e-01],
       [ -1.04032266e-03],
       [  7.45709092e-04],
       [ -4.33437092e-04],
       [ -4.64617399e-03],
       [ -5.00044960e-01],
       [ -5.00256295e-01],
       [ -5.00729451e-01],
       [ -5.00074671e-01],
       [  6.36111916e-04],
       [ -5.00063515e-01],
       [ -4.18649061e-03],
       [ -5.00052982e-01],
       [ -5.00684580e-01],
       [ -5.24190658e-03],
       [ -5.00723015e-01],
       [ -5.00272900e-01],
       [ -5.00242775e-01],
       [ -5.00040828e-01],
       [ -5.00701506e-01],
       [ -5.00228223e-01]])
array([[-15.52155605],
       [-16.83891443],
       [-16.48141206],
       [-15.54722393],
       [-14.16055364],
       [ -0.87524661],
       [-16.48643227],
       [-16.77320045],
       [-16.80963889],
       [-14.17794919],
       [ -0.32964316],
       [-14.15587531],
       [-16.31551168],
       [-16.84947592],
       [-16.21372119],
       [-14.14897798],
       [-16.60577181],
       [ -0.40082444],
       [-16.49698426],
       [-16.28678132],
       [ -0.87501857],
       [ -0.43613745],
       [ -0.36093512],
       [ -1.03191123],
       [-16.2820287 ],
       [-16.66647939],
       [-15.52319173],
       [-17.5748468 ],
       [ -0.36200445],
       [-14.14616888],
       [ -1.04208577],
       [-16.38814479],
       [-14.41993678],
       [ -1.07433681],
       [-15.52055976],
       [-16.76467596],
       [-16.61366779],
       [-16.59586135],
       [-15.57175302],
       [-16.9233858 ]])
<<<<<<<<<<< STEP 6 >>>>>>>>>>>> + array([[ -5.00571823e-01],
       [ -5.00189594e-01],
       [ -4.99996346e-01],
       [ -5.00559163e-01],
       [ -5.00122254e-01],
       [ -3.09927062e-03],
       [ -5.00040618e-01],
       [ -5.00197171e-01],
       [ -5.00156978e-01],
       [ -5.00055885e-01],
       [  1.04013761e-03],
       [ -5.00105343e-01],
       [ -5.00055269e-01],
       [ -5.00167843e-01],
       [ -4.99982317e-01],
       [ -5.00111343e-01],
       [ -5.00162441e-01],
       [  3.99222438e-05],
       [ -5.00015404e-01],
       [ -5.00007917e-01],
       [ -8.47996614e-04],
       [  8.53496547e-04],
       [ -3.65246367e-04],
       [ -4.42032151e-03],
       [ -5.00031630e-01],
       [ -5.00196052e-01],
       [ -5.00566568e-01],
       [ -5.00052672e-01],
       [  7.13328618e-04],
       [ -5.00051846e-01],
       [ -3.95030844e-03],
       [ -5.00037506e-01],
       [ -5.00530800e-01],
       [ -5.00075601e-03],
       [ -5.00561392e-01],
       [ -5.00207862e-01],
       [ -5.00185588e-01],
       [ -5.00027371e-01],
       [ -5.00544632e-01],
       [ -5.00173316e-01]])
array([[-16.02212787],
       [-17.33910402],
       [-16.98140841],
       [-16.0477831 ],
       [-14.66067589],
       [ -0.87834588],
       [-16.98647288],
       [-17.27339762],
       [-17.30979587],
       [-14.67800507],
       [ -0.32860303],
       [-14.65598066],
       [-16.81556695],
       [-17.34964377],
       [-16.7137035 ],
       [-14.64908932],
       [-17.10593425],
       [ -0.40078452],
       [-16.99699966],
       [-16.78678924],
       [ -0.87586656],
       [ -0.43528396],
       [ -0.36130037],
       [ -1.03633155],
       [-16.78206033],
       [-17.16667544],
       [-16.0237583 ],
       [-18.07489947],
       [ -0.36129112],
       [-14.64622073],
       [ -1.04603608],
       [-16.8881823 ],
       [-14.92046758],
       [ -1.07933757],
       [-16.02112115],
       [-17.26488383],
       [-17.11385338],
       [-17.09588872],
       [-16.07229766],
       [-17.42355911]])
<<<<<<<<<<< STEP 7 >>>>>>>>>>>> + array([[ -5.00444384e-01],
       [ -5.00144670e-01],
       [ -4.99994619e-01],
       [ -5.00434657e-01],
       [ -5.00097659e-01],
       [ -2.96234042e-03],
       [ -5.00028526e-01],
       [ -5.00151299e-01],
       [ -5.00119770e-01],
       [ -5.00045362e-01],
       [  1.08098075e-03],
       [ -5.00084300e-01],
       [ -5.00040112e-01],
       [ -5.00128185e-01],
       [ -4.99984240e-01],
       [ -5.00088954e-01],
       [ -5.00124468e-01],
       [  1.01345306e-04],
       [ -5.00009435e-01],
       [ -5.00004127e-01],
       [ -6.99962028e-04],
       [  9.37158798e-04],
       [ -3.12235994e-04],
       [ -4.24607082e-03],
       [ -5.00022585e-01],
       [ -5.00150574e-01],
       [ -5.00440377e-01],
       [ -5.00037698e-01],
       [  7.73084156e-04],
       [ -5.00041702e-01],
       [ -3.76757853e-03],
       [ -5.00026935e-01],
       [ -5.00412078e-01],
       [ -4.81465817e-03],
       [ -5.00436226e-01],
       [ -5.00159085e-01],
       [ -5.00142464e-01],
       [ -5.00018629e-01],
       [ -5.00423173e-01],
       [ -5.00132327e-01]])
array([[-16.52257226],
       [-17.83924869],
       [-17.48140303],
       [-16.54821775],
       [-15.16077355],
       [ -0.88130822],
       [-17.48650141],
       [-17.77354892],
       [-17.80991564],
       [-15.17805043],
       [ -0.32752205],
       [-15.15606496],
       [-17.31560706],
       [-17.84977195],
       [-17.21368774],
       [-15.14917827],
       [-17.60605872],
       [ -0.40068318],
       [-17.4970091 ],
       [-17.28679336],
       [ -0.87656652],
       [ -0.4343468 ],
       [ -0.3616126 ],
       [ -1.04057763],
       [-17.28208291],
       [-17.66682601],
       [-16.52419867],
       [-18.57493717],
       [ -0.36051803],
       [-15.14626243],
       [ -1.04980366],
       [-17.38820924],
       [-15.42087966],
       [ -1.08415223],
       [-16.52155738],
       [-17.76504291],
       [-17.61399584],
       [-17.59590735],
       [-16.57272083],
       [-17.92369144]])
<<<<<<<<<<< STEP 8 >>>>>>>>>>>> + array([[ -5.00345540e-01],
       [ -5.00110888e-01],
       [ -4.99994277e-01],
       [ -5.00338067e-01],
       [ -5.00077637e-01],
       [ -2.85723365e-03],
       [ -5.00020335e-01],
       [ -5.00116493e-01],
       [ -5.00091802e-01],
       [ -5.00036450e-01],
       [  1.11245896e-03],
       [ -5.00067093e-01],
       [ -5.00029460e-01],
       [ -5.00098327e-01],
       [ -4.99986518e-01],
       [ -5.00070680e-01],
       [ -5.00095727e-01],
       [  1.48890388e-04],
       [ -5.00005801e-01],
       [ -5.00001980e-01],
       [ -5.86474508e-04],
       [  1.00203190e-03],
       [ -2.71053999e-04],
       [ -4.11215403e-03],
       [ -5.00016351e-01],
       [ -5.00116020e-01],
       [ -5.00342487e-01],
       [ -5.00027345e-01],
       [  8.19241788e-04],
       [ -5.00033187e-01],
       [ -3.62661823e-03],
       [ -5.00019600e-01],
       [ -5.00320223e-01],
       [ -4.67160627e-03],
       [ -5.00339166e-01],
       [ -5.00122225e-01],
       [ -5.00109726e-01],
       [ -5.00012876e-01],
       [ -5.00329005e-01],
       [ -5.00101472e-01]])
array([[-17.0229178 ],
       [-18.33935958],
       [-17.9813973 ],
       [-17.04855582],
       [-15.66085119],
       [ -0.88416545],
       [-17.98652175],
       [-18.27366541],
       [-18.31000744],
       [-15.67808688],
       [ -0.32640959],
       [-15.65613205],
       [-17.81563652],
       [-18.34987028],
       [-17.71367426],
       [-15.64924895],
       [-18.10615445],
       [ -0.40053428],
       [-17.9970149 ],
       [-17.78679534],
       [ -0.877153  ],
       [ -0.43334476],
       [ -0.36188366],
       [ -1.04468978],
       [-17.78209926],
       [-18.16694203],
       [-17.02454116],
       [-19.07496451],
       [ -0.35969879],
       [-15.64629562],
       [ -1.05343027],
       [-17.88822884],
       [-15.92119988],
       [ -1.08882383],
       [-17.02189655],
       [-18.26516514],
       [-18.11410557],
       [-18.09592022],
       [-17.07304983],
       [-18.42379291]])
<<<<<<<<<<< STEP 9 >>>>>>>>>>>> + array([[ -5.00268800e-01],
       [ -5.00085303e-01],
       [ -4.99994618e-01],
       [ -5.00263060e-01],
       [ -5.00061496e-01],
       [ -2.77697509e-03],
       [ -5.00014698e-01],
       [ -5.00089937e-01],
       [ -5.00070627e-01],
       [ -5.00029074e-01],
       [  1.13664779e-03],
       [ -5.00053180e-01],
       [ -5.00021863e-01],
       [ -5.00075690e-01],
       [ -4.99988767e-01],
       [ -5.00055930e-01],
       [ -5.00073841e-01],
       [  1.85624724e-04],
       [ -5.00003584e-01],
       [ -5.00000795e-01],
       [ -4.99926315e-04],
       [  1.05227422e-03],
       [ -2.39087970e-04],
       [ -4.00975551e-03],
       [ -5.00011985e-01],
       [ -5.00089626e-01],
       [ -5.00266475e-01],
       [ -5.00020075e-01],
       [  8.54811192e-04],
       [ -5.00026204e-01],
       [ -3.51828865e-03],
       [ -5.00014432e-01],
       [ -5.00249034e-01],
       [ -4.56220239e-03],
       [ -5.00263823e-01],
       [ -5.00094197e-01],
       [ -5.00084736e-01],
       [ -5.00009036e-01],
       [ -5.00255916e-01],
       [ -5.00078085e-01]])
array([[-17.5231866 ],
       [-18.83944489],
       [-18.48139192],
       [-17.54881888],
       [-16.16091268],
       [ -0.88694243],
       [-18.48653644],
       [-18.77375535],
       [-18.81007807],
       [-16.17811596],
       [ -0.32527294],
       [-16.15618523],
       [-18.31565839],
       [-18.84994597],
       [-18.21366303],
       [-16.14930488],
       [-18.60622829],
       [ -0.40034866],
       [-18.49701848],
       [-18.28679614],
       [ -0.87765293],
       [ -0.43229249],
       [ -0.36212275],
       [ -1.04869953],
       [-18.28211125],
       [-18.66703166],
       [-17.52480763],
       [-19.57498459],
       [ -0.35884398],
       [-16.14632182],
       [ -1.05694856],
       [-18.38824327],
       [-16.42144892],
       [ -1.09338603],
       [-17.52216037],
       [-18.76525933],
       [-18.61419031],
       [-18.59592926],
       [-17.57330575],
       [-18.923871  ]])
<<<<<<<<<<< STEP 10 >>>>>>>>>>>> + array([[ -5.00209175e-01],
       [ -5.00065811e-01],
       [ -4.99995251e-01],
       [ -5.00204766e-01],
       [ -5.00048578e-01],
       [ -2.71611663e-03],
       [ -5.00010758e-01],
       [ -5.00069583e-01],
       [ -5.00054497e-01],
       [ -5.00023064e-01],
       [  1.15516319e-03],
       [ -5.00042023e-01],
       [ -5.00016371e-01],
       [ -5.00058429e-01],
       [ -4.99990806e-01],
       [ -5.00044122e-01],
       [ -5.00057094e-01],
       [  2.13938243e-04],
       [ -5.00002228e-01],
       [ -5.00000167e-01],
       [ -4.34381170e-04],
       [  1.09112537e-03],
       [ -2.14302213e-04],
       [ -3.93198262e-03],
       [ -5.00008883e-01],
       [ -5.00069377e-01],
       [ -5.00207405e-01],
       [ -5.00014895e-01],
       [  8.82136599e-04],
       [ -5.00020569e-01],
       [ -3.43544551e-03],
       [ -5.00010737e-01],
       [ -5.00193787e-01],
       [ -4.47909567e-03],
       [ -5.00205291e-01],
       [ -5.00072775e-01],
       [ -5.00065577e-01],
       [ -5.00006435e-01],
       [ -5.00199139e-01],
       [ -5.00060256e-01]])
array([[-18.02339577],
       [-19.3395107 ],
       [-18.98138717],
       [-18.04902365],
       [-16.66096126],
       [ -0.88965854],
       [-18.9865472 ],
       [-19.27382493],
       [-19.31013257],
       [-16.67813902],
       [ -0.32411778],
       [-16.65622725],
       [-18.81567476],
       [-19.3500044 ],
       [-18.71365383],
       [-16.649349  ],
       [-19.10628538],
       [ -0.40013472],
       [-18.99702071],
       [-18.78679631],
       [ -0.87808731],
       [ -0.43120137],
       [ -0.36233705],
       [ -1.05263152],
       [-18.78212013],
       [-19.16710104],
       [-18.02501504],
       [-20.07499948],
       [ -0.35796184],
       [-16.64634239],
       [ -1.06038401],
       [-18.88825401],
       [-16.9216427 ],
       [ -1.09786513],
       [-18.02236566],
       [-19.26533211],
       [-19.11425588],
       [-19.09593569],
       [-18.07350489],
       [-19.42393125]])
<<<<<<<<<<< STEP 11 >>>>>>>>>>>> + array([[ -5.00162819e-01],
       [ -5.00050890e-01],
       [ -4.99995967e-01],
       [ -5.00159433e-01],
       [ -5.00038294e-01],
       [ -2.67040466e-03],
       [ -5.00007962e-01],
       [ -5.00053927e-01],
       [ -5.00042151e-01],
       [ -5.00018221e-01],
       [  1.16926318e-03],
       [ -5.00033129e-01],
       [ -5.00012352e-01],
       [ -5.00045206e-01],
       [ -4.99992569e-01],
       [ -5.00034724e-01],
       [ -5.00044228e-01],
       [  2.35692861e-04],
       [ -5.00001397e-01],
       [ -4.99999857e-01],
       [ -3.85209020e-04],
       [  1.12110864e-03],
       [ -1.95110624e-04],
       [ -3.87344900e-03],
       [ -5.00006646e-01],
       [ -5.00053790e-01],
       [ -5.00161474e-01],
       [ -5.00011152e-01],
       [  9.03043653e-04],
       [ -5.00016072e-01],
       [ -3.37250669e-03],
       [ -5.00008058e-01],
       [ -5.00150867e-01],
       [ -4.41653955e-03],
       [ -5.00159790e-01],
       [ -5.00056336e-01],
       [ -5.00050834e-01],
       [ -5.00004644e-01],
       [ -5.00155004e-01],
       [ -5.00046601e-01]])
array([[-18.52355859],
       [-19.83956159],
       [-19.48138314],
       [-18.54918308],
       [-17.16099955],
       [ -0.89232895],
       [-19.48655516],
       [-19.77387886],
       [-19.81017472],
       [-17.17815724],
       [ -0.32294851],
       [-17.15626038],
       [-19.31568711],
       [-19.8500496 ],
       [-19.2136464 ],
       [-17.14938373],
       [-19.60632961],
       [ -0.39989903],
       [-19.49702211],
       [-19.28679616],
       [ -0.87847252],
       [ -0.43008026],
       [ -0.36253216],
       [ -1.05650497],
       [-19.28212678],
       [-19.66715483],
       [-18.52517651],
       [-20.57501063],
       [ -0.3570588 ],
       [-17.14635846],
       [ -1.06375652],
       [-19.38826206],
       [-17.42179357],
       [ -1.10228167],
       [-18.52252545],
       [-19.76538844],
       [-19.61430672],
       [-19.59594034],
       [-18.57365989],
       [-19.92397786]])
<<<<<<<<<<< STEP 12 >>>>>>>>>>>> + array([[ -5.00126763e-01],
       [ -5.00039424e-01],
       [ -4.99996658e-01],
       [ -5.00124164e-01],
       [ -5.00030139e-01],
       [ -2.63651922e-03],
       [ -5.00005950e-01],
       [ -5.00041849e-01],
       [ -5.00032662e-01],
       [ -5.00014350e-01],
       [  1.17992711e-03],
       [ -5.00026071e-01],
       [ -5.00009378e-01],
       [ -5.00035037e-01],
       [ -4.99994048e-01],
       [ -5.00027280e-01],
       [ -5.00034312e-01],
       [  2.52338964e-04],
       [ -5.00000885e-01],
       [ -4.99999723e-01],
       [ -3.48799821e-04],
       [  1.14418907e-03],
       [ -1.80277511e-04],
       [ -3.82994697e-03],
       [ -5.00005012e-01],
       [ -5.00041758e-01],
       [ -5.00125741e-01],
       [ -5.00008414e-01],
       [  9.18953973e-04],
       [ -5.00012515e-01],
       [ -3.32511241e-03],
       [ -5.00006092e-01],
       [ -5.00117496e-01],
       [ -4.37004342e-03],
       [ -5.00124401e-01],
       [ -5.00043677e-01],
       [ -5.00039458e-01],
       [ -5.00003394e-01],
       [ -5.00120679e-01],
       [ -5.00036104e-01]])
array([[-19.02368535],
       [-20.33960101],
       [-19.9813798 ],
       [-19.04930724],
       [-17.66102969],
       [ -0.89496547],
       [-19.98656111],
       [-20.27392071],
       [-20.31020738],
       [-17.67817159],
       [ -0.32176859],
       [-17.65628645],
       [-19.81569649],
       [-20.35008464],
       [-19.71364045],
       [-17.64941101],
       [-20.10636393],
       [ -0.39964669],
       [-19.99702299],
       [-19.78679589],
       [ -0.87882132],
       [ -0.42893607],
       [ -0.36271244],
       [ -1.06033491],
       [-19.78213179],
       [-20.16719658],
       [-19.02530225],
       [-21.07501905],
       [ -0.35613985],
       [-17.64637098],
       [ -1.06708163],
       [-19.88826816],
       [-17.92191107],
       [ -1.10665171],
       [-19.02264985],
       [-20.26543212],
       [-20.11434617],
       [-20.09594373],
       [-19.07378057],
       [-20.42401396]])
<<<<<<<<<<< STEP 13 >>>>>>>>>>>> + array([[ -5.00098708e-01],
       [ -5.00030585e-01],
       [ -4.99997277e-01],
       [ -5.00096712e-01],
       [ -5.00023691e-01],
       [ -2.61186964e-03],
       [ -5.00004482e-01],
       [ -5.00032510e-01],
       [ -5.00025347e-01],
       [ -5.00011275e-01],
       [  1.18791732e-03],
       [ -5.00020488e-01],
       [ -5.00007156e-01],
       [ -5.00027193e-01],
       [ -4.99995264e-01],
       [ -5.00021401e-01],
       [ -5.00026650e-01],
       [  2.65006267e-04],
       [ -5.00000568e-01],
       [ -4.99999685e-01],
       [ -3.22339562e-04],
       [  1.16189674e-03],
       [ -1.68840243e-04],
       [ -3.79819067e-03],
       [ -5.00003805e-01],
       [ -5.00032449e-01],
       [ -5.00097932e-01],
       [ -5.00006389e-01],
       [  9.30974472e-04],
       [ -5.00009718e-01],
       [ -3.28985866e-03],
       [ -5.00004634e-01],
       [ -5.00091533e-01],
       [ -4.33609933e-03],
       [ -5.00096867e-01],
       [ -5.00033904e-01],
       [ -5.00030659e-01],
       [ -5.00002507e-01],
       [ -5.00093972e-01],
       [ -5.00028011e-01]])
array([[-19.52378406],
       [-20.83963159],
       [-20.48137708],
       [-19.54940396],
       [-18.16105338],
       [ -0.89757734],
       [-20.4865656 ],
       [-20.77395322],
       [-20.81023273],
       [-18.17818287],
       [ -0.32058067],
       [-18.15630694],
       [-20.31570364],
       [-20.85011183],
       [-20.21363572],
       [-18.14943241],
       [-20.60639058],
       [ -0.39938168],
       [-20.49702356],
       [-20.28679557],
       [ -0.87914365],
       [ -0.42777417],
       [ -0.36288128],
       [ -1.0641331 ],
       [-20.2821356 ],
       [-20.66722903],
       [-19.52540019],
       [-21.57502544],
       [ -0.35520887],
       [-18.1463807 ],
       [ -1.07037149],
       [-20.38827279],
       [-18.4220026 ],
       [ -1.11098781],
       [-19.52274672],
       [-20.76546602],
       [-20.61437683],
       [-20.59594624],
       [-19.57387454],
       [-20.92404197]])
<<<<<<<<<<< STEP 14 >>>>>>>>>>>> + array([[ -5.00076872e-01],
       [ -5.00023754e-01],
       [ -4.99997807e-01],
       [ -5.00075340e-01],
       [ -5.00018605e-01],
       [ -2.59443479e-03],
       [ -5.00003399e-01],
       [ -5.00025276e-01],
       [ -5.00019693e-01],
       [ -5.00008843e-01],
       [  1.19382723e-03],
       [ -5.00016084e-01],
       [ -5.00005484e-01],
       [ -5.00021129e-01],
       [ -4.99996251e-01],
       [ -5.00016772e-01],
       [ -5.00020718e-01],
       [  2.74574652e-04],
       [ -5.00000370e-01],
       [ -4.99999695e-01],
       [ -3.03635184e-04],
       [  1.17542295e-03],
       [ -1.60048954e-04],
       [ -3.77561468e-03],
       [ -5.00002905e-01],
       [ -5.00025236e-01],
       [ -5.00076283e-01],
       [ -5.00004876e-01],
       [  9.39966963e-04],
       [ -5.00007531e-01],
       [ -3.26408829e-03],
       [ -5.00003543e-01],
       [ -5.00071323e-01],
       [ -4.31196764e-03],
       [ -5.00075437e-01],
       [ -5.00026343e-01],
       [ -5.00023841e-01],
       [ -5.00001869e-01],
       [ -5.00073186e-01],
       [ -5.00021755e-01]])
array([[-20.02386093],
       [-21.33965535],
       [-20.98137488],
       [-20.0494793 ],
       [-18.66107199],
       [ -0.90017177],
       [-20.986569  ],
       [-21.27397849],
       [-21.31025242],
       [-18.67819171],
       [ -0.31938684],
       [-18.65632302],
       [-20.81570913],
       [-21.35013296],
       [-20.71363197],
       [-18.64944918],
       [-21.10641129],
       [ -0.39910711],
       [-20.99702393],
       [-20.78679527],
       [ -0.87944729],
       [ -0.42659875],
       [ -0.36304132],
       [ -1.06790872],
       [-20.7821385 ],
       [-21.16725427],
       [-20.02547647],
       [-22.07503031],
       [ -0.3542689 ],
       [-18.64638823],
       [ -1.07363558],
       [-20.88827633],
       [-18.92207392],
       [ -1.11529978],
       [-20.02282215],
       [-21.26549237],
       [-21.11440067],
       [-21.09594811],
       [-20.07394773],
       [-21.42406373]])
<<<<<<<<<<< STEP 15 >>>>>>>>>>>> + array([[ -5.00059872e-01],
       [ -5.00018466e-01],
       [ -4.99998250e-01],
       [ -5.00058697e-01],
       [ -5.00014601e-01],
       [ -2.58263806e-03],
       [ -5.00002593e-01],
       [ -5.00019665e-01],
       [ -5.00015314e-01],
       [ -5.00006925e-01],
       [  1.19811875e-03],
       [ -5.00012616e-01],
       [ -5.00004216e-01],
       [ -5.00016431e-01],
       [ -4.99997043e-01],
       [ -5.00013133e-01],
       [ -5.00016118e-01],
       [  2.81729378e-04],
       [ -5.00000245e-01],
       [ -4.99999726e-01],
       [ -2.90977835e-04],
       [  1.18569514e-03],
       [ -1.53319537e-04],
       [ -3.76021648e-03],
       [ -5.00002227e-01],
       [ -5.00019638e-01],
       [ -5.00059426e-01],
       [ -5.00003738e-01],
       [  9.46602404e-04],
       [ -5.00005826e-01],
       [ -3.24572757e-03],
       [ -5.00002720e-01],
       [ -5.00055585e-01],
       [ -4.29550916e-03],
       [ -5.00058754e-01],
       [ -5.00020483e-01],
       [ -5.00018552e-01],
       [ -5.00001405e-01],
       [ -5.00057004e-01],
       [ -5.00016911e-01]])
array([[-20.5239208 ],
       [-21.83967381],
       [-21.48137313],
       [-20.54953799],
       [-19.16108659],
       [ -0.90275441],
       [-21.48657159],
       [-21.77399816],
       [-21.81026773],
       [-19.17819864],
       [ -0.31818872],
       [-19.15633564],
       [-21.31571334],
       [-21.85014939],
       [-21.21362901],
       [-19.14946231],
       [-21.60642741],
       [ -0.39882538],
       [-21.49702418],
       [-21.28679499],
       [ -0.87973827],
       [ -0.42541305],
       [ -0.36319464],
       [ -1.07166894],
       [-21.28214073],
       [-21.66727391],
       [-20.52553589],
       [-22.57503405],
       [ -0.3533223 ],
       [-19.14639405],
       [ -1.0768813 ],
       [-21.38827905],
       [-19.42212951],
       [ -1.11959529],
       [-20.52288091],
       [-21.76551285],
       [-21.61441923],
       [-21.59594951],
       [-20.57400473],
       [-21.92408064]])
<<<<<<<<<<< STEP 16 >>>>>>>>>>>> + array([[ -5.00046636e-01],
       [ -5.00014365e-01],
       [ -4.99998612e-01],
       [ -5.00045734e-01],
       [ -5.00011452e-01],
       [ -2.57524978e-03],
       [ -5.00001986e-01],
       [ -5.00015307e-01],
       [ -5.00011917e-01],
       [ -5.00005418e-01],
       [  1.20115141e-03],
       [ -5.00009890e-01],
       [ -5.00003250e-01],
       [ -5.00012786e-01],
       [ -4.99997674e-01],
       [ -5.00010277e-01],
       [ -5.00012546e-01],
       [  2.87004106e-04],
       [ -5.00000166e-01],
       [ -4.99999765e-01],
       [ -2.83036134e-04],
       [  1.19343530e-03],
       [ -1.48197021e-04],
       [ -3.75043314e-03],
       [ -5.00001714e-01],
       [ -5.00015289e-01],
       [ -5.00046298e-01],
       [ -5.00002875e-01],
       [  9.51403136e-04],
       [ -5.00004500e-01],
       [ -3.23315834e-03],
       [ -5.00002094e-01],
       [ -5.00043326e-01],
       [ -4.28505384e-03],
       [ -5.00045764e-01],
       [ -5.00015936e-01],
       [ -5.00014443e-01],
       [ -5.00001063e-01],
       [ -5.00044404e-01],
       [ -5.00013154e-01]])
array([[-21.02396744],
       [-22.33968818],
       [-21.98137175],
       [-21.04958373],
       [-19.66109804],
       [ -0.90532966],
       [-21.98657357],
       [-22.27401346],
       [-22.31027965],
       [-19.67820405],
       [ -0.31698757],
       [-19.65634553],
       [-21.81571659],
       [-22.35016218],
       [-21.71362668],
       [-19.64947259],
       [-22.10643996],
       [ -0.39853838],
       [-21.99702434],
       [-21.78679476],
       [ -0.8800213 ],
       [ -0.42421962],
       [ -0.36334284],
       [ -1.07541937],
       [-21.78214244],
       [-22.1672892 ],
       [-21.02558219],
       [-23.07503693],
       [ -0.3523709 ],
       [-19.64639855],
       [ -1.08011446],
       [-21.88828115],
       [-19.92217283],
       [ -1.12388034],
       [-21.02292667],
       [-22.26552879],
       [-22.11443367],
       [-22.09595058],
       [-21.07404914],
       [-22.42409379]])
<<<<<<<<<<< STEP 17 >>>>>>>>>>>> + array([[ -5.00036328e-01],
       [ -5.00011180e-01],
       [ -4.99998905e-01],
       [ -5.00035636e-01],
       [ -5.00008978e-01],
       [ -2.57131097e-03],
       [ -5.00001528e-01],
       [ -5.00011919e-01],
       [ -5.00009279e-01],
       [ -5.00004235e-01],
       [  1.20320505e-03],
       [ -5.00007749e-01],
       [ -5.00002511e-01],
       [ -5.00009955e-01],
       [ -4.99998175e-01],
       [ -5.00008038e-01],
       [ -5.00009770e-01],
       [  2.90814424e-04],
       [ -5.00000115e-01],
       [ -4.99999804e-01],
       [ -2.78772905e-04],
       [  1.19920546e-03],
       [ -1.44327028e-04],
       [ -3.74504502e-03],
       [ -5.00001323e-01],
       [ -5.00011907e-01],
       [ -5.00036072e-01],
       [ -5.00002217e-01],
       [  9.54775793e-04],
       [ -5.00003473e-01],
       [ -3.22511809e-03],
       [ -5.00001617e-01],
       [ -5.00033774e-01],
       [ -4.27929805e-03],
       [ -5.00035649e-01],
       [ -5.00012404e-01],
       [ -5.00011248e-01],
       [ -5.00000809e-01],
       [ -5.00034591e-01],
       [ -5.00010238e-01]])
array([[-21.52400377],
       [-22.83969936],
       [-22.48137065],
       [-21.54961936],
       [-20.16110702],
       [ -0.90790097],
       [-22.4865751 ],
       [-22.77402538],
       [-22.81028893],
       [-20.17820829],
       [ -0.31578437],
       [-20.15635328],
       [-22.3157191 ],
       [-22.85017213],
       [-22.21362486],
       [-20.14948063],
       [-22.60644973],
       [ -0.39824756],
       [-22.49702446],
       [-22.28679456],
       [ -0.88030008],
       [ -0.42302041],
       [ -0.36348717],
       [ -1.07916441],
       [-22.28214377],
       [-22.6673011 ],
       [-21.52561826],
       [-23.57503914],
       [ -0.35141612],
       [-20.14640203],
       [ -1.08333958],
       [-22.38828276],
       [-20.42220661],
       [ -1.12815964],
       [-21.52296232],
       [-22.76554119],
       [-22.61444492],
       [-22.59595139],
       [-21.57408373],
       [-22.92410403]])
<<<<<<<<<<< STEP 18 >>>>>>>>>>>> + array([[ -5.00028300e-01],
       [ -5.00008706e-01],
       [ -4.99999139e-01],
       [ -5.00027769e-01],
       [ -5.00007036e-01],
       [ -2.57007382e-03],
       [ -5.00001178e-01],
       [ -5.00009284e-01],
       [ -5.00007228e-01],
       [ -5.00003308e-01],
       [  1.20449750e-03],
       [ -5.00006070e-01],
       [ -5.00001943e-01],
       [ -5.00007754e-01],
       [ -4.99998570e-01],
       [ -5.00006285e-01],
       [ -5.00007611e-01],
       [  2.93483958e-04],
       [ -5.00000081e-01],
       [ -4.99999840e-01],
       [ -2.77380236e-04],
       [  1.20344311e-03],
       [ -1.41433541e-04],
       [ -3.74310046e-03],
       [ -5.00001023e-01],
       [ -5.00009277e-01],
       [ -5.00028106e-01],
       [ -5.00001713e-01],
       [  9.57036923e-04],
       [ -5.00002677e-01],
       [ -3.22062190e-03],
       [ -5.00001251e-01],
       [ -5.00026330e-01],
       [ -4.27722432e-03],
       [ -5.00027771e-01],
       [ -5.00009659e-01],
       [ -5.00008763e-01],
       [ -5.00000618e-01],
       [ -5.00026948e-01],
       [ -5.00007971e-01]])
array([[-22.02403207],
       [-23.33970807],
       [-22.98136979],
       [-22.04964713],
       [-20.66111406],
       [ -0.91047104],
       [-22.98657628],
       [-23.27403467],
       [-23.31029616],
       [-20.6782116 ],
       [ -0.31457987],
       [-20.65635935],
       [-22.81572105],
       [-23.35017989],
       [-22.71362343],
       [-20.64948692],
       [-23.10645734],
       [ -0.39795408],
       [-22.99702454],
       [-22.7867944 ],
       [ -0.88057746],
       [ -0.42181697],
       [ -0.3636286 ],
       [ -1.08290751],
       [-22.78214479],
       [-23.16731038],
       [-22.02564637],
       [-24.07504086],
       [ -0.35045909],
       [-20.6464047 ],
       [ -1.0865602 ],
       [-22.88828402],
       [-20.92223294],
       [ -1.13243687],
       [-22.02299009],
       [-23.26555085],
       [-23.11445368],
       [-23.095952  ],
       [-22.07411067],
       [-23.424112  ]])
<<<<<<<<<<< STEP 19 >>>>>>>>>>>> + array([[ -5.00022047e-01],
       [ -5.00006781e-01],
       [ -4.99999325e-01],
       [ -5.00021640e-01],
       [ -5.00005513e-01],
       [ -2.57095525e-03],
       [ -5.00000911e-01],
       [ -5.00007234e-01],
       [ -5.00005632e-01],
       [ -5.00002583e-01],
       [  1.20519830e-03],
       [ -5.00004753e-01],
       [ -5.00001506e-01],
       [ -5.00006042e-01],
       [ -4.99998881e-01],
       [ -5.00004912e-01],
       [ -5.00005931e-01],
       [  2.95264716e-04],
       [ -5.00000058e-01],
       [ -4.99999871e-01],
       [ -2.78228853e-04],
       [  1.20648880e-03],
       [ -1.39301580e-04],
       [ -3.74385696e-03],
       [ -5.00000793e-01],
       [ -5.00007229e-01],
       [ -5.00021900e-01],
       [ -5.00001326e-01],
       [  9.58432941e-04],
       [ -5.00002063e-01],
       [ -3.21890147e-03],
       [ -5.00000970e-01],
       [ -5.00020528e-01],
       [ -4.27803857e-03],
       [ -5.00021635e-01],
       [ -5.00007523e-01],
       [ -5.00006829e-01],
       [ -5.00000474e-01],
       [ -5.00020995e-01],
       [ -5.00006208e-01]])
array([[-22.52405411],
       [-23.83971485],
       [-23.48136911],
       [-22.54966877],
       [-21.16111957],
       [ -0.913042  ],
       [-23.48657719],
       [-23.7740419 ],
       [-23.81030179],
       [-21.17821418],
       [ -0.31337467],
       [-21.1563641 ],
       [-23.31572255],
       [-23.85018593],
       [-23.21362231],
       [-21.14949183],
       [-23.60646327],
       [ -0.39765881],
       [-23.4970246 ],
       [-23.28679427],
       [ -0.88085569],
       [ -0.42061048],
       [ -0.3637679 ],
       [ -1.08665137],
       [-23.28214558],
       [-23.66731761],
       [-22.52566827],
       [-24.57504218],
       [ -0.34950065],
       [-21.14640676],
       [ -1.0897791 ],
       [-23.38828498],
       [-21.42225347],
       [ -1.1367149 ],
       [-22.52301173],
       [-23.76555837],
       [-23.61446051],
       [-23.59595248],
       [-22.57413167],
       [-23.92411821]])
<<<<<<<<<<< STEP 20 >>>>>>>>>>>> + array([[ -5.00017176e-01],
       [ -5.00005283e-01],
       [ -4.99999471e-01],
       [ -5.00016864e-01],
       [ -5.00004319e-01],
       [ -2.57350066e-03],
       [ -5.00000705e-01],
       [ -5.00005637e-01],
       [ -5.00004390e-01],
       [ -5.00002016e-01],
       [  1.20543938e-03],
       [ -5.00003720e-01],
       [ -5.00001168e-01],
       [ -5.00004709e-01],
       [ -4.99999125e-01],
       [ -5.00003839e-01],
       [ -5.00004622e-01],
       [  2.96352935e-04],
       [ -5.00000043e-01],
       [ -4.99999897e-01],
       [ -2.80828661e-04],
       [  1.20860759e-03],
       [ -1.37763706e-04],
       [ -3.74673528e-03],
       [ -5.00000615e-01],
       [ -5.00005634e-01],
       [ -5.00017065e-01],
       [ -5.00001028e-01],
       [  9.59155663e-04],
       [ -5.00001588e-01],
       [ -3.21935754e-03],
       [ -5.00000752e-01],
       [ -5.00016006e-01],
       [ -4.28112117e-03],
       [ -5.00016855e-01],
       [ -5.00005861e-01],
       [ -5.00005322e-01],
       [ -5.00000365e-01],
       [ -5.00016358e-01],
       [ -5.00004836e-01]])
array([[-23.02407129],
       [-24.33972013],
       [-23.98136858],
       [-23.04968564],
       [-21.66112389],
       [ -0.9156155 ],
       [-23.9865779 ],
       [-24.27404754],
       [-24.31030618],
       [-21.6782162 ],
       [ -0.31216923],
       [-21.65636782],
       [-23.81572372],
       [-24.35019064],
       [-23.71362143],
       [-21.64949567],
       [-24.10646789],
       [ -0.39736246],
       [-23.99702464],
       [-23.78679417],
       [ -0.88113651],
       [ -0.41940187],
       [ -0.36390567],
       [ -1.09039811],
       [-23.7821462 ],
       [-24.16732324],
       [-23.02568534],
       [-25.07504321],
       [ -0.3485415 ],
       [-21.64640835],
       [ -1.09299846],
       [-23.88828574],
       [-21.92226947],
       [ -1.14099603],
       [-23.02302858],
       [-24.26556423],
       [-24.11446583],
       [-24.09595284],
       [-23.07414803],
       [-24.42412304]])
<<<<<<<<<<< STEP 21 >>>>>>>>>>>> + array([[ -5.00013381e-01],
       [ -5.00004117e-01],
       [ -4.99999587e-01],
       [ -5.00013142e-01],
       [ -5.00003383e-01],
       [ -2.57735564e-03],
       [ -5.00000547e-01],
       [ -5.00004393e-01],
       [ -5.00003422e-01],
       [ -5.00001573e-01],
       [  1.20532347e-03],
       [ -5.00002912e-01],
       [ -5.00000907e-01],
       [ -5.00003670e-01],
       [ -4.99999317e-01],
       [ -5.00002999e-01],
       [ -5.00003603e-01],
       [  2.96901416e-04],
       [ -5.00000032e-01],
       [ -4.99999918e-01],
       [ -2.84797988e-04],
       [  1.21000580e-03],
       [ -1.36689513e-04],
       [ -3.75128360e-03],
       [ -5.00000478e-01],
       [ -5.00004392e-01],
       [ -5.00013298e-01],
       [ -5.00000798e-01],
       [  9.59354400e-04],
       [ -5.00001222e-01],
       [ -3.22152274e-03],
       [ -5.00000584e-01],
       [ -5.00012480e-01],
       [ -4.28598861e-03],
       [ -5.00013131e-01],
       [ -5.00004567e-01],
       [ -5.00004149e-01],
       [ -5.00000281e-01],
       [ -5.00012745e-01],
       [ -5.00003768e-01]])
array([[-23.52408467],
       [-24.83972425],
       [-24.48136817],
       [-23.54969878],
       [-22.16112727],
       [ -0.91819285],
       [-24.48657844],
       [-24.77405193],
       [-24.8103096 ],
       [-22.17821777],
       [ -0.31096391],
       [-22.15637073],
       [-24.31572463],
       [-24.85019431],
       [-24.21362075],
       [-22.14949867],
       [-24.6064715 ],
       [ -0.39706556],
       [-24.49702467],
       [-24.28679409],
       [ -0.88142131],
       [ -0.41819187],
       [ -0.36404236],
       [ -1.09414939],
       [-24.28214667],
       [-24.66732763],
       [-23.52569863],
       [-25.57504401],
       [ -0.34758214],
       [-22.14640957],
       [ -1.09621998],
       [-24.38828632],
       [-22.42228195],
       [ -1.14528201],
       [-23.52304171],
       [-24.7655688 ],
       [-24.61446998],
       [-24.59595312],
       [-23.57416077],
       [-24.92412681]])
<<<<<<<<<<< STEP 22 >>>>>>>>>>>> + array([[ -5.00010426e-01],
       [ -5.00003209e-01],
       [ -4.99999678e-01],
       [ -5.00010242e-01],
       [ -5.00002649e-01],
       [ -2.58224396e-03],
       [ -5.00000425e-01],
       [ -5.00003424e-01],
       [ -5.00002668e-01],
       [ -5.00001227e-01],
       [  1.20493048e-03],
       [ -5.00002279e-01],
       [ -5.00000705e-01],
       [ -5.00002862e-01],
       [ -4.99999466e-01],
       [ -5.00002343e-01],
       [ -5.00002809e-01],
       [  2.97029138e-04],
       [ -5.00000024e-01],
       [ -4.99999935e-01],
       [ -2.89839629e-04],
       [  1.21084403e-03],
       [ -1.35977437e-04],
       [ -3.75714951e-03],
       [ -5.00000372e-01],
       [ -5.00003424e-01],
       [ -5.00010363e-01],
       [ -5.00000620e-01],
       [  9.59145376e-04],
       [ -5.00000940e-01],
       [ -3.22503258e-03],
       [ -5.00000454e-01],
       [ -5.00009732e-01],
       [ -4.29226370e-03],
       [ -5.00010231e-01],
       [ -5.00003559e-01],
       [ -5.00003234e-01],
       [ -5.00000217e-01],
       [ -5.00009930e-01],
       [ -5.00002937e-01]])
array([[-24.0240951 ],
       [-25.33972746],
       [-24.98136785],
       [-24.04970902],
       [-22.66112992],
       [ -0.9207751 ],
       [-24.98657887],
       [-25.27405536],
       [-25.31031227],
       [-22.678219  ],
       [ -0.30975898],
       [-22.65637301],
       [-24.81572533],
       [-25.35019717],
       [-24.71362022],
       [-22.64950101],
       [-25.1064743 ],
       [ -0.39676853],
       [-24.9970247 ],
       [-24.78679402],
       [ -0.88171115],
       [ -0.41698102],
       [ -0.36417833],
       [ -1.09790654],
       [-24.78214705],
       [-25.16733106],
       [-24.025709  ],
       [-26.07504463],
       [ -0.346623  ],
       [-22.64641051],
       [ -1.09944502],
       [-24.88828678],
       [-22.92229169],
       [ -1.14957428],
       [-24.02305194],
       [-25.26557236],
       [-25.11447321],
       [-25.09595334],
       [-24.0741707 ],
       [-25.42412975]])
<<<<<<<<<<< STEP 23 >>>>>>>>>>>> + array([[ -5.00008123e-01],
       [ -5.00002501e-01],
       [ -4.99999749e-01],
       [ -5.00007982e-01],
       [ -5.00002074e-01],
       [ -2.58795031e-03],
       [ -5.00000330e-01],
       [ -5.00002670e-01],
       [ -5.00002081e-01],
       [ -5.00000957e-01],
       [  1.20432264e-03],
       [ -5.00001783e-01],
       [ -5.00000548e-01],
       [ -5.00002231e-01],
       [ -4.99999584e-01],
       [ -5.00001830e-01],
       [ -5.00002190e-01],
       [  2.96828740e-04],
       [ -5.00000019e-01],
       [ -4.99999949e-01],
       [ -2.95722173e-04],
       [  1.21124726e-03],
       [ -1.35548379e-04],
       [ -3.76405818e-03],
       [ -5.00000289e-01],
       [ -5.00002669e-01],
       [ -5.00008075e-01],
       [ -5.00000482e-01],
       [  9.58619057e-04],
       [ -5.00000722e-01],
       [ -3.22960285e-03],
       [ -5.00000353e-01],
       [ -5.00007589e-01],
       [ -4.29965216e-03],
       [ -5.00007971e-01],
       [ -5.00002774e-01],
       [ -5.00002522e-01],
       [ -5.00000168e-01],
       [ -5.00007737e-01],
       [ -5.00002289e-01]])
array([[-24.52410322],
       [-25.83972996],
       [-25.4813676 ],
       [-24.549717  ],
       [-23.16113199],
       [ -0.92336305],
       [-25.4865792 ],
       [-25.77405803],
       [-25.81031435],
       [-23.17821995],
       [ -0.30855465],
       [-23.1563748 ],
       [-25.31572588],
       [-25.8501994 ],
       [-25.2136198 ],
       [-23.14950284],
       [-25.60647649],
       [ -0.3964717 ],
       [-25.49702471],
       [-25.28679397],
       [ -0.88200687],
       [ -0.41576978],
       [ -0.36431388],
       [ -1.1016706 ],
       [-25.28214734],
       [-25.66733373],
       [-24.52571707],
       [-26.57504511],
       [ -0.34566438],
       [-23.14641124],
       [ -1.10267462],
       [-25.38828713],
       [-23.42229927],
       [ -1.15387393],
       [-24.52305991],
       [-25.76557513],
       [-25.61447574],
       [-25.59595351],
       [-24.57417844],
       [-25.92413204]])
<<<<<<<<<<< STEP 24 >>>>>>>>>>>> + array([[ -5.00006329e-01],
       [ -5.00001950e-01],
       [ -4.99999804e-01],
       [ -5.00006221e-01],
       [ -5.00001624e-01],
       [ -2.59430691e-03],
       [ -5.00000257e-01],
       [ -5.00002081e-01],
       [ -5.00001623e-01],
       [ -5.00000746e-01],
       [  1.20354835e-03],
       [ -5.00001395e-01],
       [ -5.00000426e-01],
       [ -5.00001740e-01],
       [ -4.99999675e-01],
       [ -5.00001430e-01],
       [ -5.00001708e-01],
       [  2.96372352e-04],
       [ -5.00000015e-01],
       [ -4.99999960e-01],
       [ -3.02265460e-04],
       [  1.21131280e-03],
       [ -1.35340739e-04],
       [ -3.77179531e-03],
       [ -5.00000225e-01],
       [ -5.00002081e-01],
       [ -5.00006293e-01],
       [ -5.00000375e-01],
       [  9.57845859e-04],
       [ -5.00000555e-01],
       [ -3.23501196e-03],
       [ -5.00000275e-01],
       [ -5.00005918e-01],
       [ -4.30792449e-03],
       [ -5.00006210e-01],
       [ -5.00002162e-01],
       [ -5.00001966e-01],
       [ -5.00000130e-01],
       [ -5.00006029e-01],
       [ -5.00001784e-01]])
array([[-25.02410955],
       [-26.33973191],
       [-25.9813674 ],
       [-25.04972323],
       [-23.66113362],
       [ -0.92595736],
       [-25.98657945],
       [-26.27406011],
       [-26.31031597],
       [-23.6782207 ],
       [ -0.30735111],
       [-23.65637619],
       [-25.81572631],
       [-26.35020114],
       [-25.71361947],
       [-23.64950427],
       [-26.1064782 ],
       [ -0.39617533],
       [-25.99702473],
       [-25.78679393],
       [ -0.88230914],
       [ -0.41455846],
       [ -0.36444922],
       [ -1.10544239],
       [-25.78214756],
       [-26.16733581],
       [-25.02572336],
       [-27.07504549],
       [ -0.34470653],
       [-23.64641179],
       [ -1.10590963],
       [-25.8882874 ],
       [-23.92230519],
       [ -1.15818185],
       [-25.02306612],
       [-26.26557729],
       [-26.1144777 ],
       [-26.09595364],
       [-25.07418447],
       [-26.42413382]])
<<<<<<<<<<< STEP 25 >>>>>>>>>>>> + array([[ -5.00004931e-01],
       [ -5.00001520e-01],
       [ -4.99999848e-01],
       [ -5.00004849e-01],
       [ -5.00001272e-01],
       [ -2.60118305e-03],
       [ -5.00000200e-01],
       [ -5.00001623e-01],
       [ -5.00001266e-01],
       [ -5.00000582e-01],
       [  1.20264532e-03],
       [ -5.00001092e-01],
       [ -5.00000331e-01],
       [ -5.00001357e-01],
       [ -4.99999747e-01],
       [ -5.00001116e-01],
       [ -5.00001332e-01],
       [  2.95716133e-04],
       [ -5.00000012e-01],
       [ -4.99999969e-01],
       [ -3.09329250e-04],
       [  1.21111635e-03],
       [ -1.35306544e-04],
       [ -3.78019386e-03],
       [ -5.00000175e-01],
       [ -5.00001623e-01],
       [ -5.00004904e-01],
       [ -5.00000291e-01],
       [  9.56880588e-04],
       [ -5.00000426e-01],
       [ -3.24108717e-03],
       [ -5.00000214e-01],
       [ -5.00004615e-01],
       [ -4.31690168e-03],
       [ -5.00004839e-01],
       [ -5.00001685e-01],
       [ -5.00001533e-01],
       [ -5.00000101e-01],
       [ -5.00004698e-01],
       [ -5.00001391e-01]])
array([[-25.52411448],
       [-26.83973343],
       [-26.48136725],
       [-25.54972807],
       [-24.16113489],
       [ -0.92855854],
       [-26.48657965],
       [-26.77406173],
       [-26.81031724],
       [-24.17822128],
       [ -0.30614846],
       [-24.15637728],
       [-26.31572664],
       [-26.8502025 ],
       [-26.21361922],
       [-24.14950539],
       [-26.60647953],
       [ -0.39587961],
       [-26.49702474],
       [-26.2867939 ],
       [ -0.88261847],
       [ -0.41334735],
       [ -0.36458453],
       [ -1.10922259],
       [-26.28214774],
       [-26.66733743],
       [-25.52572827],
       [-27.57504578],
       [ -0.34374965],
       [-24.14641222],
       [ -1.10915072],
       [-26.38828762],
       [-24.42230981],
       [ -1.16249876],
       [-25.52307096],
       [-26.76557898],
       [-26.61447924],
       [-26.59595374],
       [-25.57418917],
       [-26.92413521]])
<<<<<<<<<<< STEP 26 >>>>>>>>>>>> + array([[ -5.00003842e-01],
       [ -5.00001185e-01],
       [ -4.99999882e-01],
       [ -5.00003779e-01],
       [ -5.00000996e-01],
       [ -2.60847692e-03],
       [ -5.00000155e-01],
       [ -5.00001265e-01],
       [ -5.00000987e-01],
       [ -5.00000454e-01],
       [  1.20164285e-03],
       [ -5.00000854e-01],
       [ -5.00000258e-01],
       [ -5.00001058e-01],
       [ -4.99999803e-01],
       [ -5.00000872e-01],
       [ -5.00001039e-01],
       [  2.94903803e-04],
       [ -5.00000009e-01],
       [ -4.99999976e-01],
       [ -3.16804399e-04],
       [  1.21071687e-03],
       [ -1.35408437e-04],
       [ -3.78912361e-03],
       [ -5.00000137e-01],
       [ -5.00001265e-01],
       [ -5.00003822e-01],
       [ -5.00000227e-01],
       [  9.55765900e-04],
       [ -5.00000327e-01],
       [ -3.24769385e-03],
       [ -5.00000167e-01],
       [ -5.00003599e-01],
       [ -4.32644421e-03],
       [ -5.00003770e-01],
       [ -5.00001314e-01],
       [ -5.00001196e-01],
       [ -5.00000078e-01],
       [ -5.00003660e-01],
       [ -5.00001084e-01]])
array([[-26.02411832],
       [-27.33973461],
       [-26.98136713],
       [-26.04973185],
       [-24.66113589],
       [ -0.93116702],
       [-26.98657981],
       [-27.27406299],
       [-27.31031823],
       [-24.67822174],
       [ -0.30494682],
       [-24.65637814],
       [-26.8157269 ],
       [-27.35020356],
       [-26.71361902],
       [-24.64950626],
       [-27.10648057],
       [ -0.39558471],
       [-26.99702475],
       [-26.78679388],
       [ -0.88293527],
       [ -0.41213663],
       [ -0.36471994],
       [ -1.11301171],
       [-26.78214787],
       [-27.1673387 ],
       [-26.02573209],
       [-28.075046  ],
       [ -0.34279389],
       [-24.64641255],
       [ -1.11239841],
       [-26.88828779],
       [-24.9223134 ],
       [ -1.1668252 ],
       [-26.02307473],
       [-27.26558029],
       [-27.11448043],
       [-27.09595382],
       [-26.07419283],
       [-27.4241363 ]])
<<<<<<<<<<< STEP 27 >>>>>>>>>>>> + array([[ -5.00002993e-01],
       [ -5.00000924e-01],
       [ -4.99999908e-01],
       [ -5.00002945e-01],
       [ -5.00000779e-01],
       [ -2.61610924e-03],
       [ -5.00000121e-01],
       [ -5.00000986e-01],
       [ -5.00000770e-01],
       [ -5.00000354e-01],
       [  1.20056379e-03],
       [ -5.00000668e-01],
       [ -5.00000200e-01],
       [ -5.00000825e-01],
       [ -4.99999846e-01],
       [ -5.00000681e-01],
       [ -5.00000810e-01],
       [  2.93969401e-04],
       [ -5.00000007e-01],
       [ -4.99999981e-01],
       [ -3.24605985e-04],
       [  1.21016022e-03],
       [ -1.35617327e-04],
       [ -3.79848313e-03],
       [ -5.00000106e-01],
       [ -5.00000987e-01],
       [ -5.00002978e-01],
       [ -5.00000177e-01],
       [  9.54534995e-04],
       [ -5.00000251e-01],
       [ -3.25472707e-03],
       [ -5.00000130e-01],
       [ -5.00002806e-01],
       [ -4.33644328e-03],
       [ -5.00002938e-01],
       [ -5.00001024e-01],
       [ -5.00000932e-01],
       [ -5.00000061e-01],
       [ -5.00002852e-01],
       [ -5.00000845e-01]])
array([[-26.52412132],
       [-27.83973554],
       [-27.48136704],
       [-26.5497348 ],
       [-25.16113667],
       [ -0.93378313],
       [-27.48657993],
       [-27.77406398],
       [-27.810319  ],
       [-25.17822209],
       [ -0.30374625],
       [-25.15637881],
       [-27.3157271 ],
       [-27.85020438],
       [-27.21361887],
       [-25.14950694],
       [-27.60648138],
       [ -0.39529074],
       [-27.49702476],
       [-27.28679386],
       [ -0.88325988],
       [ -0.41092647],
       [ -0.36485556],
       [ -1.11681019],
       [-27.28214798],
       [-27.66733968],
       [-26.52573507],
       [-28.57504618],
       [ -0.34183935],
       [-25.1464128 ],
       [ -1.11565314],
       [-27.38828792],
       [-25.42231621],
       [ -1.17116164],
       [-26.52307767],
       [-27.76558132],
       [-27.61448136],
       [-27.59595388],
       [-26.57419568],
       [-27.92413714]])
<<<<<<<<<<< STEP 28 >>>>>>>>>>>> + array([[ -5.00002332e-01],
       [ -5.00000721e-01],
       [ -4.99999928e-01],
       [ -5.00002295e-01],
       [ -5.00000610e-01],
       [ -2.62401832e-03],
       [ -5.00000094e-01],
       [ -5.00000769e-01],
       [ -5.00000601e-01],
       [ -5.00000276e-01],
       [  1.19942588e-03],
       [ -5.00000523e-01],
       [ -5.00000156e-01],
       [ -5.00000644e-01],
       [ -4.99999880e-01],
       [ -5.00000532e-01],
       [ -5.00000632e-01],
       [  2.92939420e-04],
       [ -5.00000006e-01],
       [ -4.99999985e-01],
       [ -3.32667949e-04],
       [  1.20948211e-03],
       [ -1.35910562e-04],
       [ -3.80819339e-03],
       [ -5.00000083e-01],
       [ -5.00000770e-01],
       [ -5.00002321e-01],
       [ -5.00000137e-01],
       [  9.53213708e-04],
       [ -5.00000193e-01],
       [ -3.26210511e-03],
       [ -5.00000101e-01],
       [ -5.00002188e-01],
       [ -4.34681417e-03],
       [ -5.00002289e-01],
       [ -5.00000798e-01],
       [ -5.00000727e-01],
       [ -5.00000047e-01],
       [ -5.00002223e-01],
       [ -5.00000659e-01]])
array([[-27.02412365],
       [-28.33973626],
       [-27.98136697],
       [-27.04973709],
       [-25.66113728],
       [ -0.93640714],
       [-27.98658003],
       [-28.27406475],
       [-28.3103196 ],
       [-25.67822236],
       [ -0.30254683],
       [-25.65637933],
       [-27.81572725],
       [-28.35020503],
       [-27.71361875],
       [-25.64950747],
       [-28.10648201],
       [ -0.3949978 ],
       [-27.99702476],
       [-27.78679384],
       [ -0.88359255],
       [ -0.40971699],
       [ -0.36499147],
       [ -1.12061839],
       [-27.78214806],
       [-28.16734045],
       [-27.02573739],
       [-29.07504632],
       [ -0.34088614],
       [-25.64641299],
       [ -1.11891524],
       [-27.88828802],
       [-25.9223184 ],
       [ -1.17550846],
       [-27.02307996],
       [-28.26558211],
       [-28.11448209],
       [-28.09595393],
       [-27.0741979 ],
       [-28.4241378 ]])
<<<<<<<<<<< STEP 29 >>>>>>>>>>>> + array([[ -5.00001817e-01],
       [ -5.00000562e-01],
       [ -4.99999944e-01],
       [ -5.00001789e-01],
       [ -5.00000478e-01],
       [ -2.63215617e-03],
       [ -5.00000073e-01],
       [ -5.00000600e-01],
       [ -5.00000469e-01],
       [ -5.00000215e-01],
       [  1.19824295e-03],
       [ -5.00000409e-01],
       [ -5.00000121e-01],
       [ -5.00000502e-01],
       [ -4.99999906e-01],
       [ -5.00000415e-01],
       [ -5.00000493e-01],
       [  2.91834485e-04],
       [ -5.00000005e-01],
       [ -4.99999989e-01],
       [ -3.40938930e-04],
       [  1.20871033e-03],
       [ -1.36270509e-04],
       [ -3.81819292e-03],
       [ -5.00000065e-01],
       [ -5.00000600e-01],
       [ -5.00001809e-01],
       [ -5.00000107e-01],
       [  9.51822144e-04],
       [ -5.00000148e-01],
       [ -3.26976434e-03],
       [ -5.00000079e-01],
       [ -5.00001707e-01],
       [ -4.35749087e-03],
       [ -5.00001783e-01],
       [ -5.00000622e-01],
       [ -5.00000567e-01],
       [ -5.00000037e-01],
       [ -5.00001732e-01],
       [ -5.00000514e-01]])
array([[-27.52412546],
       [-28.83973682],
       [-28.48136691],
       [-27.54973888],
       [-26.16113775],
       [ -0.9390393 ],
       [-28.4865801 ],
       [-28.77406535],
       [-28.81032007],
       [-26.17822258],
       [ -0.30134858],
       [-26.15637974],
       [-28.31572737],
       [-28.85020553],
       [-28.21361866],
       [-26.14950788],
       [-28.60648251],
       [ -0.39470596],
       [-28.49702477],
       [-28.28679383],
       [ -0.88393349],
       [ -0.40850828],
       [ -0.36512774],
       [ -1.12443658],
       [-28.28214813],
       [-28.66734105],
       [-27.5257392 ],
       [-29.57504642],
       [ -0.33993432],
       [-26.14641314],
       [ -1.12218501],
       [-28.3882881 ],
       [-26.42232011],
       [ -1.17986595],
       [-27.52308174],
       [-28.76558274],
       [-28.61448266],
       [-28.59595396],
       [-27.57419963],
       [-28.92413832]])
