<<<<<<<<<<< STEP 0 >>>>>>>>>>>> + array([[ -1.02160863e+00],
       [ -8.11997993e-03],
       [ -9.31360326e-01],
       [ -1.31791906e-02],
       [ -9.32895113e-01],
       [ -9.97980145e-01],
       [ -8.50323209e-01],
       [ -1.00782604e+00],
       [ -7.20190267e-02],
       [ -9.18659252e-01],
       [ -9.38901175e-01],
       [ -9.50654697e-01],
       [ -8.64015446e-01],
       [ -1.04377805e+00],
       [ -9.45999412e-01],
       [ -9.48355644e-01],
       [ -6.01649720e-02],
       [ -9.14937371e-01],
       [ -9.46096668e-01],
       [ -9.44783314e-01],
       [ -1.06144402e+00],
       [ -9.49164348e-01],
       [ -9.83212857e-01],
       [ -1.01704726e+00],
       [ -9.64836958e-01],
       [ -1.02080899e+00],
       [ -4.00427436e-02],
       [ -1.99562902e-01],
       [ -9.36667727e-01],
       [ -9.49881800e-01],
       [ -4.69220661e-02],
       [ -9.38483240e-01],
       [ -5.86062138e-01],
       [ -3.52683761e-02],
       [ -1.03921761e+00],
       [  7.96932643e-04],
       [ -5.64475330e-02],
       [ -9.26377972e-01],
       [ -1.03068711e+00],
       [ -1.02491596e+00]])
array([[ -1.02160863e+00],
       [ -8.11997993e-03],
       [ -9.31360326e-01],
       [ -1.31791906e-02],
       [ -9.32895113e-01],
       [ -9.97980145e-01],
       [ -8.50323209e-01],
       [ -1.00782604e+00],
       [ -7.20190267e-02],
       [ -9.18659252e-01],
       [ -9.38901175e-01],
       [ -9.50654697e-01],
       [ -8.64015446e-01],
       [ -1.04377805e+00],
       [ -9.45999412e-01],
       [ -9.48355644e-01],
       [ -6.01649720e-02],
       [ -9.14937371e-01],
       [ -9.46096668e-01],
       [ -9.44783314e-01],
       [ -1.06144402e+00],
       [ -9.49164348e-01],
       [ -9.83212857e-01],
       [ -1.01704726e+00],
       [ -9.64836958e-01],
       [ -1.02080899e+00],
       [ -4.00427436e-02],
       [ -1.99562902e-01],
       [ -9.36667727e-01],
       [ -9.49881800e-01],
       [ -4.69220661e-02],
       [ -9.38483240e-01],
       [ -5.86062138e-01],
       [ -3.52683761e-02],
       [ -1.03921761e+00],
       [  7.96932643e-04],
       [ -5.64475330e-02],
       [ -9.26377972e-01],
       [ -1.03068711e+00],
       [ -1.02491596e+00]])
<<<<<<<<<<< STEP 1 >>>>>>>>>>>> + array([[-0.96603281],
       [-0.02409938],
       [-0.82063554],
       [-0.06639154],
       [-0.82563815],
       [-0.91956491],
       [-0.75465022],
       [-0.93405611],
       [-0.11805457],
       [-0.89775969],
       [-0.94501255],
       [-0.94595679],
       [-0.76781042],
       [-1.00455998],
       [-0.83213623],
       [-0.83770701],
       [-0.11258623],
       [-0.8033946 ],
       [-0.97632421],
       [-0.83210379],
       [-1.01852061],
       [-0.95605879],
       [-0.87246338],
       [-0.96360982],
       [-0.98001441],
       [-0.9830475 ],
       [-0.06721185],
       [-0.20322747],
       [-0.95618888],
       [-0.98046996],
       [-0.099818  ],
       [-0.92542886],
       [-0.54686336],
       [-0.0727411 ],
       [-0.98668529],
       [-0.02914869],
       [-0.10746493],
       [-0.93514947],
       [-0.97301762],
       [-0.9609842 ]])
array([[-1.98764144],
       [-0.03221936],
       [-1.75199587],
       [-0.07957073],
       [-1.75853326],
       [-1.91754506],
       [-1.60497343],
       [-1.94188215],
       [-0.19007359],
       [-1.81641894],
       [-1.88391372],
       [-1.89661149],
       [-1.63182586],
       [-2.04833804],
       [-1.77813564],
       [-1.78606266],
       [-0.1727512 ],
       [-1.71833197],
       [-1.92242088],
       [-1.7768871 ],
       [-2.07996464],
       [-1.90522314],
       [-1.85567624],
       [-1.98065708],
       [-1.94485136],
       [-2.00385649],
       [-0.10725459],
       [-0.40279037],
       [-1.8928566 ],
       [-1.93035176],
       [-0.14674007],
       [-1.8639121 ],
       [-1.1329255 ],
       [-0.10800947],
       [-2.0259029 ],
       [-0.02835176],
       [-0.16391246],
       [-1.86152744],
       [-2.00370473],
       [-1.98590016]])
<<<<<<<<<<< STEP 2 >>>>>>>>>>>> + array([[-0.9094865 ],
       [-0.0376123 ],
       [-0.72637564],
       [-0.07691626],
       [-0.72929418],
       [-0.83220913],
       [-0.68296822],
       [-0.84616126],
       [-0.12686996],
       [-0.82255032],
       [-0.90252702],
       [-0.89186295],
       [-0.695427  ],
       [-0.97176577],
       [-0.73323651],
       [-0.7380858 ],
       [-0.12417619],
       [-0.70813686],
       [-0.96708786],
       [-0.7366772 ],
       [-0.98180662],
       [-0.91369947],
       [-0.77316118],
       [-0.89631861],
       [-0.95427059],
       [-0.94823198],
       [-0.06031043],
       [-0.17512788],
       [-0.92267148],
       [-0.97024044],
       [-0.12038106],
       [-0.84898987],
       [-0.53535264],
       [-0.07813022],
       [-0.92276255],
       [-0.05601684],
       [-0.12015561],
       [-0.90089776],
       [-0.91767917],
       [-0.89765117]])
array([[-2.89712794],
       [-0.06983166],
       [-2.47837151],
       [-0.15648699],
       [-2.48782744],
       [-2.74975419],
       [-2.28794165],
       [-2.7880434 ],
       [-0.31694356],
       [-2.63896927],
       [-2.78644074],
       [-2.78847444],
       [-2.32725286],
       [-3.02010381],
       [-2.51137215],
       [-2.52414846],
       [-0.29692739],
       [-2.42646883],
       [-2.88950874],
       [-2.5135643 ],
       [-3.06177126],
       [-2.81892261],
       [-2.62883742],
       [-2.87697569],
       [-2.89912195],
       [-2.95208847],
       [-0.16756502],
       [-0.57791825],
       [-2.81552808],
       [-2.9005922 ],
       [-0.26712113],
       [-2.71290198],
       [-1.66827814],
       [-0.1861397 ],
       [-2.94866545],
       [-0.0843686 ],
       [-0.28406807],
       [-2.7624252 ],
       [-2.9213839 ],
       [-2.88355134]])
<<<<<<<<<<< STEP 3 >>>>>>>>>>>> + array([[-0.83288658],
       [-0.05897152],
       [-0.65264192],
       [-0.07316174],
       [-0.65271545],
       [-0.73727794],
       [-0.62899926],
       [-0.743436  ],
       [-0.11926019],
       [-0.72074058],
       [-0.81766098],
       [-0.80127501],
       [-0.63883444],
       [-0.91446433],
       [-0.65534534],
       [-0.65969893],
       [-0.11561265],
       [-0.63622298],
       [-0.90907988],
       [-0.66242396],
       [-0.91600183],
       [-0.83107178],
       [-0.69253324],
       [-0.81277417],
       [-0.88748424],
       [-0.89001865],
       [-0.04888476],
       [-0.12615964],
       [-0.84590264],
       [-0.90679928],
       [-0.13113676],
       [-0.73619418],
       [-0.54501904],
       [-0.0750255 ],
       [-0.83709131],
       [-0.09015711],
       [-0.11841594],
       [-0.83506297],
       [-0.84511656],
       [-0.83099962]])
array([[-3.73001452],
       [-0.12880318],
       [-3.13101343],
       [-0.22964873],
       [-3.14054289],
       [-3.48703213],
       [-2.91694092],
       [-3.5314794 ],
       [-0.43620375],
       [-3.35970985],
       [-3.60410173],
       [-3.58974945],
       [-2.9660873 ],
       [-3.93456814],
       [-3.16671749],
       [-3.18384739],
       [-0.41254004],
       [-3.06269181],
       [-3.79858862],
       [-3.17598826],
       [-3.97777308],
       [-3.64999439],
       [-3.32137066],
       [-3.68974986],
       [-3.7866062 ],
       [-3.84210713],
       [-0.21644978],
       [-0.70407789],
       [-3.66143072],
       [-3.80739147],
       [-0.39825788],
       [-3.44909615],
       [-2.21329719],
       [-0.2611652 ],
       [-3.78575675],
       [-0.17452571],
       [-0.40248401],
       [-3.59748817],
       [-3.76650046],
       [-3.71455095]])
<<<<<<<<<<< STEP 4 >>>>>>>>>>>> + array([[-0.74133452],
       [-0.08033418],
       [-0.6009038 ],
       [-0.06672382],
       [-0.59844261],
       [-0.65522614],
       [-0.58964976],
       [-0.65313522],
       [-0.10469975],
       [-0.63172525],
       [-0.72148687],
       [-0.70912546],
       [-0.59780482],
       [-0.81613581],
       [-0.60124813],
       [-0.60600604],
       [-0.09903353],
       [-0.58700325],
       [-0.80621734],
       [-0.60978515],
       [-0.81235108],
       [-0.73222772],
       [-0.63071828],
       [-0.7275654 ],
       [-0.78944331],
       [-0.79935177],
       [-0.04142189],
       [-0.07905647],
       [-0.74914715],
       [-0.80102819],
       [-0.13441002],
       [-0.63601466],
       [-0.55638704],
       [-0.06996914],
       [-0.74238152],
       [-0.11911949],
       [-0.1107525 ],
       [-0.7544343 ],
       [-0.75624511],
       [-0.75703438]])
array([[-4.47134904],
       [-0.20913736],
       [-3.73191723],
       [-0.29637255],
       [-3.7389855 ],
       [-4.14225827],
       [-3.50659067],
       [-4.18461462],
       [-0.5409035 ],
       [-3.9914351 ],
       [-4.3255886 ],
       [-4.29887491],
       [-3.56389212],
       [-4.75070395],
       [-3.76796561],
       [-3.78985343],
       [-0.51157356],
       [-3.64969506],
       [-4.60480596],
       [-3.78577341],
       [-4.79012416],
       [-4.38222211],
       [-3.95208894],
       [-4.41731526],
       [-4.57604951],
       [-4.6414589 ],
       [-0.25787167],
       [-0.78313436],
       [-4.41057787],
       [-4.60841967],
       [-0.5326679 ],
       [-4.08511081],
       [-2.76968422],
       [-0.33113434],
       [-4.52813827],
       [-0.2936452 ],
       [-0.51323651],
       [-4.35192248],
       [-4.52274557],
       [-4.47158533]])
<<<<<<<<<<< STEP 5 >>>>>>>>>>>> + array([[-0.65980387],
       [-0.0951767 ],
       [-0.56772058],
       [-0.06063197],
       [-0.56347638],
       [-0.5988356 ],
       [-0.56258299],
       [-0.59320877],
       [-0.08984153],
       [-0.57311109],
       [-0.6419431 ],
       [-0.63595175],
       [-0.57052707],
       [-0.71091431],
       [-0.56723763],
       [-0.57280668],
       [-0.08344015],
       [-0.55548449],
       [-0.69860842],
       [-0.57479048],
       [-0.71052957],
       [-0.6467996 ],
       [-0.58605172],
       [-0.65609195],
       [-0.69100194],
       [-0.70381213],
       [-0.03660802],
       [-0.04904442],
       [-0.66227429],
       [-0.69824533],
       [-0.1281343 ],
       [-0.5715772 ],
       [-0.55946722],
       [-0.0643785 ],
       [-0.66197087],
       [-0.13520201],
       [-0.10027006],
       [-0.67445297],
       [-0.67400861],
       [-0.68272428]])
array([[-5.13115291],
       [-0.30431407],
       [-4.29963781],
       [-0.35700452],
       [-4.30246187],
       [-4.74109387],
       [-4.06917366],
       [-4.7778234 ],
       [-0.63074503],
       [-4.56454619],
       [-4.9675317 ],
       [-4.93482666],
       [-4.1344192 ],
       [-5.46161827],
       [-4.33520324],
       [-4.3626601 ],
       [-0.59501371],
       [-4.20517955],
       [-5.30341439],
       [-4.36056389],
       [-5.50065374],
       [-5.02902171],
       [-4.53814065],
       [-5.07340721],
       [-5.26705145],
       [-5.34527103],
       [-0.29447969],
       [-0.83217878],
       [-5.07285216],
       [-5.306665  ],
       [-0.66080219],
       [-4.65668802],
       [-3.32915144],
       [-0.39551284],
       [-5.19010914],
       [-0.42884722],
       [-0.61350656],
       [-5.02637545],
       [-5.19675418],
       [-5.15430961]])
<<<<<<<<<<< STEP 6 >>>>>>>>>>>> + array([[-0.60206437],
       [-0.10439413],
       [-0.54664817],
       [-0.05523787],
       [-0.54163244],
       [-0.56424233],
       [-0.54457584],
       [-0.55912674],
       [-0.07747853],
       [-0.53948961],
       [-0.58700682],
       [-0.58472237],
       [-0.55242956],
       [-0.63231875],
       [-0.54588065],
       [-0.55192317],
       [-0.07110303],
       [-0.53564483],
       [-0.61950428],
       [-0.55171528],
       [-0.63655542],
       [-0.5878145 ],
       [-0.55579719],
       [-0.60374211],
       [-0.61745022],
       [-0.63068551],
       [-0.03345498],
       [-0.03487332],
       [-0.60060996],
       [-0.62441797],
       [-0.11596081],
       [-0.53675615],
       [-0.55594193],
       [-0.059545  ],
       [-0.60508993],
       [-0.14170829],
       [-0.08882465],
       [-0.61121133],
       [-0.61397777],
       [-0.62249009]])
array([[-5.73321728],
       [-0.4087082 ],
       [-4.84628598],
       [-0.41224239],
       [-4.84409432],
       [-5.30533619],
       [-4.61374951],
       [-5.33695014],
       [-0.70822357],
       [-5.1040358 ],
       [-5.55453852],
       [-5.51954903],
       [-4.68684876],
       [-6.09393701],
       [-4.88108389],
       [-4.91458328],
       [-0.66611675],
       [-4.74082438],
       [-5.92291866],
       [-4.91227917],
       [-6.13720916],
       [-5.61683621],
       [-5.09393785],
       [-5.67714932],
       [-5.88450168],
       [-5.97595653],
       [-0.32793467],
       [-0.86705209],
       [-5.67346212],
       [-5.93108297],
       [-0.776763  ],
       [-5.19344417],
       [-3.88509337],
       [-0.45505784],
       [-5.79519907],
       [-0.5705555 ],
       [-0.70233121],
       [-5.63758678],
       [-5.81073195],
       [-5.7767997 ]])
<<<<<<<<<<< STEP 7 >>>>>>>>>>>> + array([[-0.56533649],
       [-0.11097455],
       [-0.53268516],
       [-0.05082855],
       [-0.52770134],
       [-0.54354972],
       [-0.53245368],
       [-0.54006306],
       [-0.06783908],
       [-0.52106402],
       [-0.55227349],
       [-0.55142123],
       [-0.53986285],
       [-0.58231173],
       [-0.53179104],
       [-0.5377267 ],
       [-0.06158943],
       [-0.5229325 ],
       [-0.5699548 ],
       [-0.53613215],
       [-0.58882956],
       [-0.55125917],
       [-0.53604517],
       [-0.56855971],
       [-0.57028974],
       [-0.58293813],
       [-0.03154447],
       [-0.02975213],
       [-0.56156171],
       [-0.5773862 ],
       [-0.10244468],
       [-0.51883266],
       [-0.54970652],
       [-0.05594739],
       [-0.56830754],
       [-0.14408505],
       [-0.07800755],
       [-0.56844205],
       [-0.57491263],
       [-0.58070515]])
array([[-6.29855377],
       [-0.51968275],
       [-5.37897114],
       [-0.46307094],
       [-5.37179565],
       [-5.84888591],
       [-5.14620319],
       [-5.8770132 ],
       [-0.77606264],
       [-5.62509981],
       [-6.10681201],
       [-6.07097027],
       [-5.22671161],
       [-6.67624875],
       [-5.41287493],
       [-5.45230998],
       [-0.72770618],
       [-5.26375688],
       [-6.49287347],
       [-5.44841132],
       [-6.72603872],
       [-6.16809538],
       [-5.62998302],
       [-6.24570903],
       [-6.45479141],
       [-6.55889466],
       [-0.35947914],
       [-0.89680422],
       [-6.23502384],
       [-6.50846918],
       [-0.87920768],
       [-5.71227683],
       [-4.43479989],
       [-0.51100523],
       [-6.36350661],
       [-0.71464055],
       [-0.78033876],
       [-6.20602882],
       [-6.38564458],
       [-6.35750485]])
<<<<<<<<<<< STEP 8 >>>>>>>>>>>> + array([[-0.54265023],
       [-0.11671946],
       [-0.52306492],
       [-0.04761019],
       [-0.51855025],
       [-0.5309948 ],
       [-0.52407827],
       [-0.52869446],
       [-0.06055034],
       [-0.5111454 ],
       [-0.53107467],
       [-0.5306688 ],
       [-0.53076818],
       [-0.55190915],
       [-0.52212666],
       [-0.52754369],
       [-0.05440394],
       [-0.51460453],
       [-0.54047089],
       [-0.5253481 ],
       [-0.55886137],
       [-0.52944407],
       [-0.52325379],
       [-0.54584099],
       [-0.54169622],
       [-0.55333837],
       [-0.03053954],
       [-0.02921415],
       [-0.5377544 ],
       [-0.54838039],
       [-0.08999875],
       [-0.50941333],
       [-0.54294604],
       [-0.05361805],
       [-0.54517959],
       [-0.14548745],
       [-0.06867359],
       [-0.5414767 ],
       [-0.5502879 ],
       [-0.55353885]])
array([[-6.84120399],
       [-0.63640221],
       [-5.90203607],
       [-0.51068114],
       [-5.8903459 ],
       [-6.3798807 ],
       [-5.67028146],
       [-6.40570766],
       [-0.83661298],
       [-6.13624521],
       [-6.63788668],
       [-6.60163907],
       [-5.75747979],
       [-7.22815789],
       [-5.93500159],
       [-5.97985367],
       [-0.78211011],
       [-5.77836141],
       [-7.03334435],
       [-5.97375942],
       [-7.28490009],
       [-6.69753945],
       [-6.15323681],
       [-6.79155002],
       [-6.99648763],
       [-7.11223304],
       [-0.39001868],
       [-0.92601837],
       [-6.77277824],
       [-7.05684956],
       [-0.96920644],
       [-6.22169016],
       [-4.97774593],
       [-0.56462328],
       [-6.90868619],
       [-0.860128  ],
       [-0.84901235],
       [-6.74750552],
       [-6.93593248],
       [-6.91104371]])
<<<<<<<<<<< STEP 9 >>>>>>>>>>>> + array([[-0.52859253],
       [-0.12241692],
       [-0.51628585],
       [-0.04560072],
       [-0.51240941],
       [-0.5231434 ],
       [-0.51815137],
       [-0.52135924],
       [-0.05523642],
       [-0.50592194],
       [-0.51829297],
       [-0.51801483],
       [-0.52400494],
       [-0.53347731],
       [-0.51535927],
       [-0.52007269],
       [-0.04918683],
       [-0.50906989],
       [-0.52316465],
       [-0.51776525],
       [-0.53991203],
       [-0.51658196],
       [-0.51493677],
       [-0.53130415],
       [-0.5246438 ],
       [-0.53510906],
       [-0.03021298],
       [-0.03119566],
       [-0.52334012],
       [-0.53051068],
       [-0.07950542],
       [-0.50429215],
       [-0.53656163],
       [-0.05246558],
       [-0.5306143 ],
       [-0.14727624],
       [-0.06108032],
       [-0.52489824],
       [-0.53469788],
       [-0.53613757]])
array([[-7.36979652],
       [-0.75881914],
       [-6.41832192],
       [-0.55628186],
       [-6.40275531],
       [-6.90302411],
       [-6.18843283],
       [-6.9270669 ],
       [-0.89184941],
       [-6.64216715],
       [-7.15617965],
       [-7.11965389],
       [-6.28148473],
       [-7.7616352 ],
       [-6.45036086],
       [-6.49992636],
       [-0.83129695],
       [-6.2874313 ],
       [-7.55650901],
       [-6.49152467],
       [-7.82481212],
       [-7.21412141],
       [-6.66817359],
       [-7.32285417],
       [-7.52113143],
       [-7.64734209],
       [-0.42023165],
       [-0.95721403],
       [-7.29611837],
       [-7.58736025],
       [-1.04871186],
       [-6.72598231],
       [-5.51430756],
       [-0.61708886],
       [-7.43930049],
       [-1.00740424],
       [-0.91009267],
       [-7.27240376],
       [-7.47063036],
       [-7.44718128]])
