<<<<<<<<<<< STEP 0 >>>>>>>>>>>> + array([[-0.50000089],
       [-0.50000105],
       [-0.50000173],
       [-0.50000229],
       [-0.49999971],
       [-0.50014566],
       [-0.50000009],
       [-0.49999975],
       [-0.50000109],
       [-0.50006382],
       [-0.50000106],
       [-0.50008749],
       [-0.50000132],
       [-0.50000093],
       [-0.49999985],
       [-0.50001034],
       [-0.50000078],
       [-0.49999955],
       [-0.50000074],
       [-0.50000118],
       [-0.50000001],
       [-0.5000009 ],
       [-0.5000011 ],
       [ 0.01292326],
       [-0.50000001],
       [-0.50000118],
       [-0.50000072],
       [-0.01138782],
       [-0.50000021],
       [-0.50000111],
       [-0.06157816],
       [-0.47440237],
       [-0.49999995],
       [ 0.00283285],
       [-0.50000006],
       [-0.49999986],
       [-0.17222546],
       [-0.49999967],
       [-0.50000266],
       [-0.50000234]])
array([[-28.40627682],
       [-28.72257823],
       [-26.63890279],
       [-27.63831241],
       [-27.8672258 ],
       [-18.68569282],
       [-28.30517366],
       [-28.03679037],
       [-28.02707054],
       [-20.84600729],
       [-28.48391275],
       [-20.13992656],
       [-27.7118587 ],
       [-28.49357387],
       [-26.73507301],
       [-24.45514593],
       [-28.33109326],
       [-27.89211358],
       [-27.09650297],
       [-28.30223531],
       [-26.97471885],
       [-28.45786696],
       [-26.6912994 ],
       [  0.45876787],
       [-28.06643968],
       [-28.5415041 ],
       [-26.82292303],
       [ -1.67646767],
       [-28.20077682],
       [-28.31683874],
       [ -2.94957439],
       [ -6.55376262],
       [-27.82849294],
       [ -0.2263291 ],
       [-27.81839513],
       [-28.07785753],
       [ -3.73335798],
       [-27.45765443],
       [-26.6455068 ],
       [-27.78685575]])
<<<<<<<<<<< STEP 1 >>>>>>>>>>>> + array([[-0.50000071],
       [-0.50000083],
       [-0.50000139],
       [-0.50000181],
       [-0.49999977],
       [-0.50011572],
       [-0.50000007],
       [-0.4999998 ],
       [-0.50000087],
       [-0.50005053],
       [-0.50000083],
       [-0.50006919],
       [-0.50000104],
       [-0.50000075],
       [-0.49999985],
       [-0.50000819],
       [-0.50000065],
       [-0.49999968],
       [-0.50000058],
       [-0.50000091],
       [-0.5       ],
       [-0.50000072],
       [-0.50000088],
       [ 0.01239815],
       [-0.5       ],
       [-0.50000092],
       [-0.50000056],
       [-0.01124599],
       [-0.50000015],
       [-0.50000091],
       [-0.07051999],
       [-0.48439673],
       [-0.49999999],
       [ 0.00220905],
       [-0.5       ],
       [-0.4999999 ],
       [-0.19203619],
       [-0.49999975],
       [-0.50000211],
       [-0.50000173]])
array([[-28.90627753],
       [-29.22257906],
       [-27.13890418],
       [-28.13831422],
       [-28.36722557],
       [-19.18580855],
       [-28.80517373],
       [-28.53679018],
       [-28.52707141],
       [-21.34605781],
       [-28.98391358],
       [-20.63999575],
       [-28.21185974],
       [-28.99357462],
       [-27.23507286],
       [-24.95515412],
       [-28.83109391],
       [-28.39211326],
       [-27.59650355],
       [-28.80223621],
       [-27.47471885],
       [-28.95786768],
       [-27.19130028],
       [  0.47116602],
       [-28.56643968],
       [-29.04150502],
       [-27.32292358],
       [ -1.68771367],
       [-28.70077697],
       [-28.81683965],
       [ -3.02009438],
       [ -7.03815935],
       [-28.32849292],
       [ -0.22412005],
       [-28.31839513],
       [-28.57785744],
       [ -3.92539416],
       [-27.95765418],
       [-27.14550891],
       [-28.28685748]])
<<<<<<<<<<< STEP 2 >>>>>>>>>>>> + array([[-0.50000056],
       [-0.50000066],
       [-0.50000111],
       [-0.50000143],
       [-0.49999981],
       [-0.50009182],
       [-0.50000005],
       [-0.49999985],
       [-0.5000007 ],
       [-0.50004003],
       [-0.50000065],
       [-0.50005469],
       [-0.50000083],
       [-0.5000006 ],
       [-0.49999986],
       [-0.50000648],
       [-0.50000054],
       [-0.49999976],
       [-0.50000046],
       [-0.5000007 ],
       [-0.5       ],
       [-0.50000057],
       [-0.50000071],
       [ 0.01193602],
       [-0.49999999],
       [-0.50000072],
       [-0.50000043],
       [-0.01121092],
       [-0.50000011],
       [-0.50000074],
       [-0.08059234],
       [-0.49075619],
       [-0.50000001],
       [ 0.00158351],
       [-0.49999997],
       [-0.49999993],
       [-0.21582227],
       [-0.4999998 ],
       [-0.50000168],
       [-0.50000129]])
array([[-29.40627809],
       [-29.72257972],
       [-27.63890528],
       [-28.63831564],
       [-28.86722538],
       [-19.68590037],
       [-29.30517378],
       [-29.03679002],
       [-29.0270721 ],
       [-21.84609785],
       [-29.48391423],
       [-21.14005043],
       [-28.71186057],
       [-29.49357522],
       [-27.73507273],
       [-25.4551606 ],
       [-29.33109445],
       [-28.89211302],
       [-28.096504  ],
       [-29.30223692],
       [-27.97471885],
       [-29.45786825],
       [-27.691301  ],
       [  0.48310204],
       [-29.06643967],
       [-29.54150574],
       [-27.82292402],
       [ -1.69892459],
       [-29.20077708],
       [-29.31684038],
       [ -3.10068672],
       [ -7.52891554],
       [-28.82849293],
       [ -0.22253654],
       [-28.8183951 ],
       [-29.07785737],
       [ -4.14121643],
       [-28.45765398],
       [-27.64551059],
       [-28.78685876]])
<<<<<<<<<<< STEP 3 >>>>>>>>>>>> + array([[-0.50000044],
       [-0.50000052],
       [-0.50000087],
       [-0.50000113],
       [-0.49999985],
       [-0.5000727 ],
       [-0.50000004],
       [-0.49999988],
       [-0.50000056],
       [-0.50003172],
       [-0.50000051],
       [-0.50004314],
       [-0.50000066],
       [-0.50000048],
       [-0.49999988],
       [-0.50000511],
       [-0.50000044],
       [-0.49999983],
       [-0.50000036],
       [-0.50000054],
       [-0.5       ],
       [-0.50000046],
       [-0.50000058],
       [ 0.01154121],
       [-0.49999999],
       [-0.50000057],
       [-0.50000033],
       [-0.01120088],
       [-0.50000008],
       [-0.5000006 ],
       [-0.09214528],
       [-0.4946495 ],
       [-0.50000002],
       [ 0.00094976],
       [-0.49999996],
       [-0.49999995],
       [-0.24429568],
       [-0.49999985],
       [-0.50000133],
       [-0.50000096]])
array([[-29.90627853],
       [-30.22258024],
       [-28.13890615],
       [-29.13831677],
       [-29.36722523],
       [-20.18597307],
       [-29.80517381],
       [-29.53678991],
       [-29.52707266],
       [-22.34612956],
       [-29.98391474],
       [-21.64009358],
       [-29.21186123],
       [-29.9935757 ],
       [-28.2350726 ],
       [-25.95516571],
       [-29.83109488],
       [-29.39211285],
       [-28.59650436],
       [-29.80223746],
       [-28.47471885],
       [-29.95786871],
       [-28.19130158],
       [  0.49464325],
       [-29.56643965],
       [-30.04150631],
       [-28.32292435],
       [ -1.71012547],
       [-29.70077716],
       [-29.81684098],
       [ -3.192832  ],
       [ -8.02356504],
       [-29.32849295],
       [ -0.22158678],
       [-29.31839506],
       [-29.57785732],
       [ -4.38551212],
       [-28.95765383],
       [-28.14551193],
       [-29.28685973]])
<<<<<<<<<<< STEP 4 >>>>>>>>>>>> + array([[ -5.00000350e-01],
       [ -5.00000410e-01],
       [ -5.00000672e-01],
       [ -5.00000886e-01],
       [ -4.99999881e-01],
       [ -5.00057380e-01],
       [ -5.00000029e-01],
       [ -4.99999909e-01],
       [ -5.00000442e-01],
       [ -5.00025106e-01],
       [ -5.00000404e-01],
       [ -5.00033919e-01],
       [ -5.00000530e-01],
       [ -5.00000386e-01],
       [ -4.99999892e-01],
       [ -5.00004031e-01],
       [ -5.00000354e-01],
       [ -4.99999873e-01],
       [ -5.00000283e-01],
       [ -5.00000422e-01],
       [ -4.99999996e-01],
       [ -5.00000364e-01],
       [ -5.00000475e-01],
       [  1.12134992e-02],
       [ -4.99999985e-01],
       [ -5.00000448e-01],
       [ -5.00000257e-01],
       [ -1.10810125e-02],
       [ -5.00000060e-01],
       [ -5.00000478e-01],
       [ -1.05571753e-01],
       [ -4.96956341e-01],
       [ -5.00000022e-01],
       [  2.92345843e-04],
       [ -4.99999955e-01],
       [ -4.99999966e-01],
       [ -2.77883956e-01],
       [ -4.99999882e-01],
       [ -5.00001057e-01],
       [ -5.00000726e-01]])
array([[-30.40627888],
       [-30.72258065],
       [-28.63890682],
       [-29.63831765],
       [-29.86722512],
       [-20.68603045],
       [-30.30517384],
       [-30.03678981],
       [-30.0270731 ],
       [-22.84615467],
       [-30.48391515],
       [-22.1401275 ],
       [-29.71186176],
       [-30.49357609],
       [-28.7350725 ],
       [-26.45516974],
       [-30.33109524],
       [-29.89211272],
       [-29.09650464],
       [-30.30223788],
       [-28.97471885],
       [-30.45786907],
       [-28.69130205],
       [  0.50585675],
       [-30.06643964],
       [-30.54150676],
       [-28.82292461],
       [ -1.72120649],
       [-30.20077722],
       [-30.31684146],
       [ -3.29840375],
       [ -8.52052138],
       [-29.82849297],
       [ -0.22129443],
       [-29.81839502],
       [-30.07785729],
       [ -4.66339607],
       [-29.45765371],
       [-28.64551299],
       [-29.78686045]])
<<<<<<<<<<< STEP 5 >>>>>>>>>>>> + array([[ -5.00000276e-01],
       [ -5.00000322e-01],
       [ -5.00000508e-01],
       [ -5.00000697e-01],
       [ -4.99999906e-01],
       [ -5.00045075e-01],
       [ -5.00000021e-01],
       [ -4.99999931e-01],
       [ -5.00000350e-01],
       [ -5.00019826e-01],
       [ -5.00000317e-01],
       [ -5.00026522e-01],
       [ -5.00000426e-01],
       [ -5.00000307e-01],
       [ -4.99999909e-01],
       [ -5.00003168e-01],
       [ -5.00000285e-01],
       [ -4.99999906e-01],
       [ -5.00000224e-01],
       [ -5.00000328e-01],
       [ -4.99999994e-01],
       [ -5.00000289e-01],
       [ -5.00000391e-01],
       [  1.09512115e-02],
       [ -4.99999985e-01],
       [ -5.00000353e-01],
       [ -5.00000194e-01],
       [ -1.06836335e-02],
       [ -5.00000047e-01],
       [ -5.00000381e-01],
       [ -1.21245067e-01],
       [ -4.98280474e-01],
       [ -5.00000022e-01],
       [ -4.05613880e-04],
       [ -4.99999957e-01],
       [ -4.99999976e-01],
       [ -3.16307950e-01],
       [ -4.99999908e-01],
       [ -5.00000834e-01],
       [ -5.00000550e-01]])
array([[-30.90627916],
       [-31.22258097],
       [-29.13890733],
       [-30.13831835],
       [-30.36722502],
       [-21.18607552],
       [-30.80517386],
       [-30.53678975],
       [-30.52707345],
       [-23.3461745 ],
       [-30.98391547],
       [-22.64015402],
       [-30.21186219],
       [-30.99357639],
       [-29.2350724 ],
       [-26.95517291],
       [-30.83109552],
       [-30.39211263],
       [-29.59650487],
       [-30.80223821],
       [-29.47471884],
       [-30.95786936],
       [-29.19130244],
       [  0.51680796],
       [-30.56643963],
       [-31.04150711],
       [-29.3229248 ],
       [ -1.73189012],
       [-30.70077726],
       [-30.81684184],
       [ -3.41964882],
       [ -9.01880185],
       [-30.32849299],
       [ -0.22170004],
       [-30.31839497],
       [-30.57785726],
       [ -4.97970402],
       [-29.95765362],
       [-29.14551382],
       [-30.286861  ]])
<<<<<<<<<<< STEP 6 >>>>>>>>>>>> + array([[-0.50000022],
       [-0.50000025],
       [-0.50000037],
       [-0.50000055],
       [-0.49999993],
       [-0.50003519],
       [-0.50000002],
       [-0.49999995],
       [-0.50000028],
       [-0.5000156 ],
       [-0.50000025],
       [-0.50002058],
       [-0.50000034],
       [-0.50000024],
       [-0.49999993],
       [-0.50000248],
       [-0.50000023],
       [-0.49999993],
       [-0.50000018],
       [-0.50000025],
       [-0.49999999],
       [-0.50000023],
       [-0.50000032],
       [ 0.01075186],
       [-0.49999999],
       [-0.50000028],
       [-0.50000014],
       [-0.00984273],
       [-0.50000004],
       [-0.5000003 ],
       [-0.13943171],
       [-0.4990149 ],
       [-0.50000002],
       [-0.00115387],
       [-0.49999996],
       [-0.49999998],
       [-0.35802503],
       [-0.49999993],
       [-0.50000066],
       [-0.50000042]])
array([[-31.40627937],
       [-31.72258122],
       [-29.6389077 ],
       [-30.6383189 ],
       [-30.86722495],
       [-21.68611072],
       [-31.30517388],
       [-31.03678969],
       [-31.02707372],
       [-23.8461901 ],
       [-31.48391571],
       [-23.1401746 ],
       [-30.71186253],
       [-31.49357664],
       [-29.73507233],
       [-27.45517539],
       [-31.33109575],
       [-30.89211256],
       [-30.09650504],
       [-31.30223847],
       [-29.97471883],
       [-31.45786959],
       [-29.69130277],
       [  0.52755982],
       [-31.06643961],
       [-31.54150739],
       [-29.82292495],
       [ -1.74173285],
       [-31.2007773 ],
       [-31.31684214],
       [ -3.55908053],
       [ -9.51781676],
       [-30.82849302],
       [ -0.22285391],
       [-30.81839494],
       [-31.07785724],
       [ -5.33772906],
       [-30.45765355],
       [-29.64551448],
       [-30.78686142]])
<<<<<<<<<<< STEP 7 >>>>>>>>>>>> + array([[-0.50000017],
       [-0.5000002 ],
       [-0.50000026],
       [-0.50000043],
       [-0.49999994],
       [-0.50002728],
       [-0.50000001],
       [-0.49999996],
       [-0.50000021],
       [-0.50001221],
       [-0.50000019],
       [-0.50001584],
       [-0.50000028],
       [-0.50000019],
       [-0.49999994],
       [-0.50000193],
       [-0.50000018],
       [-0.49999995],
       [-0.50000014],
       [-0.5000002 ],
       [-0.49999999],
       [-0.50000018],
       [-0.50000027],
       [ 0.01061077],
       [-0.49999999],
       [-0.50000022],
       [-0.5000001 ],
       [-0.00844828],
       [-0.50000003],
       [-0.50000024],
       [-0.16021249],
       [-0.499408  ],
       [-0.50000002],
       [-0.00194624],
       [-0.49999997],
       [-0.49999999],
       [-0.39988784],
       [-0.49999994],
       [-0.50000051],
       [-0.50000032]])
array([[-31.90627954],
       [-32.22258142],
       [-30.13890797],
       [-31.13831933],
       [-31.36722489],
       [-22.186138  ],
       [-31.80517389],
       [-31.53678966],
       [-31.52707394],
       [-24.34620231],
       [-31.98391591],
       [-23.64019044],
       [-31.21186281],
       [-31.99357683],
       [-30.23507227],
       [-27.95517732],
       [-31.83109593],
       [-31.39211251],
       [-30.59650518],
       [-31.80223866],
       [-30.47471882],
       [-31.95786977],
       [-30.19130303],
       [  0.53817059],
       [-31.5664396 ],
       [-32.04150761],
       [-30.32292505],
       [ -1.75018114],
       [-31.70077733],
       [-31.81684237],
       [ -3.71929302],
       [-10.01722476],
       [-31.32849303],
       [ -0.22480016],
       [-31.3183949 ],
       [-31.57785723],
       [ -5.7376169 ],
       [-30.95765349],
       [-30.14551499],
       [-31.28686173]])
<<<<<<<<<<< STEP 8 >>>>>>>>>>>> + array([[-0.50000013],
       [-0.50000015],
       [-0.50000018],
       [-0.50000033],
       [-0.49999996],
       [-0.50002099],
       [-0.50000001],
       [-0.49999997],
       [-0.50000017],
       [-0.50000951],
       [-0.50000015],
       [-0.50001207],
       [-0.50000022],
       [-0.50000015],
       [-0.49999996],
       [-0.5000015 ],
       [-0.50000014],
       [-0.49999996],
       [-0.50000011],
       [-0.50000015],
       [-0.49999999],
       [-0.50000014],
       [-0.50000022],
       [ 0.01051921],
       [-0.49999999],
       [-0.50000017],
       [-0.50000007],
       [-0.00650256],
       [-0.50000003],
       [-0.50000018],
       [-0.18349853],
       [-0.49961351],
       [-0.50000001],
       [-0.00275499],
       [-0.49999997],
       [-0.49999999],
       [-0.437658  ],
       [-0.49999996],
       [-0.5000004 ],
       [-0.50000024]])
array([[-32.40627968],
       [-32.72258157],
       [-30.63890814],
       [-31.63831966],
       [-31.86722485],
       [-22.68615899],
       [-32.3051739 ],
       [-32.03678963],
       [-32.02707411],
       [-24.84621182],
       [-32.48391606],
       [-24.14020251],
       [-31.71186303],
       [-32.49357698],
       [-30.73507223],
       [-28.45517882],
       [-32.33109607],
       [-31.89211247],
       [-31.09650529],
       [-32.30223882],
       [-30.97471881],
       [-32.45786992],
       [-30.69130326],
       [  0.5486898 ],
       [-32.06643959],
       [-32.54150778],
       [-30.82292512],
       [ -1.7566837 ],
       [-32.20077736],
       [-32.31684256],
       [ -3.90279155],
       [-10.51683827],
       [-31.82849305],
       [ -0.22755514],
       [-31.81839488],
       [-32.07785723],
       [ -6.1752749 ],
       [-31.45765345],
       [-30.64551538],
       [-31.78686197]])
<<<<<<<<<<< STEP 9 >>>>>>>>>>>> + array([[-0.5000001 ],
       [-0.50000012],
       [-0.50000011],
       [-0.50000026],
       [-0.49999997],
       [-0.50001605],
       [-0.50000001],
       [-0.49999998],
       [-0.50000013],
       [-0.50000736],
       [-0.50000011],
       [-0.50000913],
       [-0.50000018],
       [-0.50000012],
       [-0.49999997],
       [-0.50000115],
       [-0.50000011],
       [-0.49999997],
       [-0.50000008],
       [-0.50000012],
       [-0.49999999],
       [-0.50000011],
       [-0.50000018],
       [ 0.0104645 ],
       [-0.49999999],
       [-0.50000013],
       [-0.50000005],
       [-0.00413082],
       [-0.50000002],
       [-0.50000014],
       [-0.20919938],
       [-0.49972344],
       [-0.50000001],
       [-0.00353345],
       [-0.49999998],
       [-0.5       ],
       [-0.46760856],
       [-0.49999997],
       [-0.50000031],
       [-0.50000018]])
array([[-32.90627978],
       [-33.22258168],
       [-31.13890826],
       [-32.13831992],
       [-32.36722482],
       [-23.18617504],
       [-32.8051739 ],
       [-32.53678961],
       [-32.52707423],
       [-25.34621918],
       [-32.98391617],
       [-24.64021164],
       [-32.21186322],
       [-32.9935771 ],
       [-31.23507219],
       [-28.95517997],
       [-32.83109618],
       [-32.39211244],
       [-31.59650537],
       [-32.80223893],
       [-31.4747188 ],
       [-32.95787003],
       [-31.19130344],
       [  0.5591543 ],
       [-32.56643958],
       [-33.04150791],
       [-31.32292517],
       [ -1.76081452],
       [-32.70077738],
       [-32.8168427 ],
       [ -4.11199093],
       [-11.0165617 ],
       [-32.32849306],
       [ -0.23108859],
       [-32.31839486],
       [-32.57785722],
       [ -6.64288346],
       [-31.95765341],
       [-31.14551569],
       [-32.28686215]])
<<<<<<<<<<< STEP 10 >>>>>>>>>>>> + array([[-0.50000008],
       [-0.50000009],
       [-0.50000007],
       [-0.5000002 ],
       [-0.49999998],
       [-0.50001221],
       [-0.5       ],
       [-0.49999999],
       [-0.5000001 ],
       [-0.50000566],
       [-0.50000009],
       [-0.50000686],
       [-0.50000014],
       [-0.50000009],
       [-0.49999998],
       [-0.50000089],
       [-0.50000008],
       [-0.49999998],
       [-0.50000006],
       [-0.50000009],
       [-0.49999999],
       [-0.50000009],
       [-0.50000015],
       [ 0.01043351],
       [-0.49999999],
       [-0.5000001 ],
       [-0.50000003],
       [-0.00151412],
       [-0.50000002],
       [-0.50000011],
       [-0.23741587],
       [-0.49978917],
       [-0.50000001],
       [-0.00422666],
       [-0.49999998],
       [-0.5       ],
       [-0.48818874],
       [-0.49999997],
       [-0.50000024],
       [-0.50000014]])
array([[-33.40627986],
       [-33.72258177],
       [-31.63890832],
       [-32.63832011],
       [-32.86722479],
       [-23.68618725],
       [-33.30517391],
       [-33.0367896 ],
       [-33.02707433],
       [-25.84622484],
       [-33.48391626],
       [-25.1402185 ],
       [-32.71186336],
       [-33.49357719],
       [-31.73507217],
       [-29.45518086],
       [-33.33109626],
       [-32.89211242],
       [-32.09650544],
       [-33.30223902],
       [-31.97471879],
       [-33.45787011],
       [-31.69130359],
       [  0.56958781],
       [-33.06643958],
       [-33.54150802],
       [-31.8229252 ],
       [ -1.76232863],
       [-33.2007774 ],
       [-33.31684281],
       [ -4.34940679],
       [-11.51635087],
       [-32.82849307],
       [ -0.23531525],
       [-32.81839484],
       [-33.07785722],
       [ -7.1310722 ],
       [-32.45765339],
       [-31.64551593],
       [-32.78686229]])
<<<<<<<<<<< STEP 11 >>>>>>>>>>>> + array([[-0.50000006],
       [-0.50000007],
       [-0.50000004],
       [-0.50000015],
       [-0.49999998],
       [-0.50000924],
       [-0.5       ],
       [-0.49999999],
       [-0.50000007],
       [-0.50000433],
       [-0.50000007],
       [-0.50000514],
       [-0.50000011],
       [-0.50000007],
       [-0.49999998],
       [-0.50000068],
       [-0.50000006],
       [-0.49999998],
       [-0.50000005],
       [-0.50000007],
       [-0.49999999],
       [-0.50000007],
       [-0.50000012],
       [ 0.01041729],
       [-0.5       ],
       [-0.50000008],
       [-0.50000002],
       [ 0.00121396],
       [-0.50000002],
       [-0.50000008],
       [-0.26839804],
       [-0.49983616],
       [-0.50000001],
       [-0.00478212],
       [-0.49999999],
       [-0.5       ],
       [-0.50029718],
       [-0.49999998],
       [-0.50000018],
       [-0.5000001 ]])
array([[-33.90627992],
       [-34.22258184],
       [-32.13890836],
       [-33.13832027],
       [-33.36722477],
       [-24.18619649],
       [-33.80517391],
       [-33.53678959],
       [-33.52707441],
       [-26.34622917],
       [-33.98391633],
       [-25.64022364],
       [-33.21186347],
       [-33.99357726],
       [-32.23507216],
       [-29.95518153],
       [-33.83109633],
       [-33.3921124 ],
       [-32.59650549],
       [-33.80223909],
       [-32.47471878],
       [-33.95787018],
       [-32.19130371],
       [  0.5800051 ],
       [-33.56643957],
       [-34.0415081 ],
       [-32.32292522],
       [ -1.76111468],
       [-33.70077741],
       [-33.81684289],
       [ -4.61780484],
       [-12.01618703],
       [-33.32849307],
       [ -0.24009736],
       [-33.31839483],
       [-33.57785722],
       [ -7.63136938],
       [-32.95765337],
       [-32.14551611],
       [-33.28686239]])
<<<<<<<<<<< STEP 12 >>>>>>>>>>>> + array([[-0.50000005],
       [-0.50000005],
       [-0.50000002],
       [-0.50000012],
       [-0.49999999],
       [-0.50000696],
       [-0.5       ],
       [-0.49999999],
       [-0.50000006],
       [-0.50000328],
       [-0.50000005],
       [-0.50000383],
       [-0.50000009],
       [-0.50000005],
       [-0.49999999],
       [-0.50000052],
       [-0.50000005],
       [-0.49999999],
       [-0.50000004],
       [-0.50000005],
       [-0.49999999],
       [-0.50000005],
       [-0.50000009],
       [ 0.01041297],
       [-0.5       ],
       [-0.50000006],
       [-0.50000001],
       [ 0.00402281],
       [-0.50000001],
       [-0.50000006],
       [-0.30218177],
       [-0.49987499],
       [-0.5       ],
       [-0.00515462],
       [-0.49999999],
       [-0.5       ],
       [-0.50617383],
       [-0.49999998],
       [-0.50000014],
       [-0.50000008]])
array([[-34.40627997],
       [-34.72258189],
       [-32.63890838],
       [-33.63832039],
       [-33.86722476],
       [-24.68620345],
       [-34.30517391],
       [-34.03678958],
       [-34.02707446],
       [-26.84623245],
       [-34.48391638],
       [-26.14022746],
       [-33.71186356],
       [-34.49357731],
       [-32.73507215],
       [-30.45518205],
       [-34.33109638],
       [-33.89211239],
       [-33.09650552],
       [-34.30223914],
       [-32.97471878],
       [-34.45787023],
       [-32.6913038 ],
       [  0.59041807],
       [-34.06643957],
       [-34.54150816],
       [-32.82292523],
       [ -1.75709187],
       [-34.20077743],
       [-34.31684296],
       [ -4.91998661],
       [-12.51606201],
       [-33.82849308],
       [ -0.24525199],
       [-33.81839482],
       [-34.07785722],
       [ -8.13754322],
       [-33.45765335],
       [-32.64551624],
       [-33.78686247]])
<<<<<<<<<<< STEP 13 >>>>>>>>>>>> + array([[-0.50000004],
       [-0.50000004],
       [-0.50000001],
       [-0.50000009],
       [-0.49999999],
       [-0.50000521],
       [-0.5       ],
       [-0.5       ],
       [-0.50000004],
       [-0.50000245],
       [-0.50000004],
       [-0.50000283],
       [-0.50000007],
       [-0.50000004],
       [-0.49999999],
       [-0.50000039],
       [-0.50000004],
       [-0.49999999],
       [-0.50000003],
       [-0.50000004],
       [-0.49999999],
       [-0.50000004],
       [-0.50000007],
       [ 0.01042187],
       [-0.5       ],
       [-0.50000005],
       [-0.50000001],
       [ 0.0069581 ],
       [-0.50000001],
       [-0.50000005],
       [-0.33809421],
       [-0.49990888],
       [-0.5       ],
       [-0.00530846],
       [-0.49999999],
       [-0.5       ],
       [-0.50814767],
       [-0.49999999],
       [-0.5000001 ],
       [-0.50000006]])
array([[-34.90628001],
       [-35.22258193],
       [-33.13890839],
       [-34.13832047],
       [-34.36722475],
       [-25.18620866],
       [-34.80517391],
       [-34.53678958],
       [-34.52707451],
       [-27.3462349 ],
       [-34.98391642],
       [-26.6402303 ],
       [-34.21186363],
       [-34.99357735],
       [-33.23507214],
       [-30.95518244],
       [-34.83109641],
       [-34.39211238],
       [-33.59650555],
       [-34.80223918],
       [-33.47471877],
       [-34.95787027],
       [-33.19130387],
       [  0.60083994],
       [-34.56643957],
       [-35.04150821],
       [-33.32292524],
       [ -1.75013376],
       [-34.70077744],
       [-34.816843  ],
       [ -5.25808082],
       [-13.0159709 ],
       [-34.32849308],
       [ -0.25056044],
       [-34.31839481],
       [-34.57785722],
       [ -8.64569089],
       [-33.95765334],
       [-33.14551635],
       [-34.28686252]])
<<<<<<<<<<< STEP 14 >>>>>>>>>>>> + array([[-0.50000003],
       [-0.50000003],
       [-0.5       ],
       [-0.50000007],
       [-0.49999999],
       [-0.50000387],
       [-0.5       ],
       [-0.5       ],
       [-0.50000003],
       [-0.50000181],
       [-0.50000003],
       [-0.50000208],
       [-0.50000005],
       [-0.50000003],
       [-0.5       ],
       [-0.50000029],
       [-0.50000003],
       [-0.49999999],
       [-0.50000002],
       [-0.50000003],
       [-0.5       ],
       [-0.50000003],
       [-0.50000005],
       [ 0.0104453 ],
       [-0.5       ],
       [-0.50000004],
       [-0.5       ],
       [ 0.01006344],
       [-0.50000001],
       [-0.50000003],
       [-0.37443582],
       [-0.49993803],
       [-0.5       ],
       [-0.00522394],
       [-0.5       ],
       [-0.5       ],
       [-0.50801084],
       [-0.49999999],
       [-0.50000008],
       [-0.50000004]])
array([[-35.40628003],
       [-35.72258196],
       [-33.6389084 ],
       [-34.63832054],
       [-34.86722474],
       [-25.68621253],
       [-35.30517391],
       [-35.03678958],
       [-35.02707454],
       [-27.84623671],
       [-35.48391644],
       [-27.14023238],
       [-34.71186368],
       [-35.49357738],
       [-33.73507214],
       [-31.45518273],
       [-35.33109644],
       [-34.89211237],
       [-34.09650557],
       [-35.30223921],
       [-33.97471877],
       [-35.4578703 ],
       [-33.69130392],
       [  0.61128524],
       [-35.06643956],
       [-35.54150824],
       [-33.82292525],
       [ -1.74007032],
       [-35.20077744],
       [-35.31684304],
       [ -5.63251664],
       [-13.51590893],
       [-34.82849308],
       [ -0.25578439],
       [-34.81839481],
       [-35.07785722],
       [ -9.15370173],
       [-34.45765333],
       [-33.64551642],
       [-34.78686257]])
<<<<<<<<<<< STEP 15 >>>>>>>>>>>> + array([[-0.50000002],
       [-0.50000002],
       [-0.5       ],
       [-0.50000005],
       [-0.5       ],
       [-0.50000285],
       [-0.5       ],
       [-0.5       ],
       [-0.50000002],
       [-0.50000131],
       [-0.50000002],
       [-0.50000151],
       [-0.50000004],
       [-0.50000002],
       [-0.5       ],
       [-0.50000022],
       [-0.50000002],
       [-0.49999999],
       [-0.50000001],
       [-0.50000002],
       [-0.5       ],
       [-0.50000002],
       [-0.50000003],
       [ 0.01048073],
       [-0.5       ],
       [-0.50000003],
       [-0.5       ],
       [ 0.01330353],
       [-0.50000001],
       [-0.50000003],
       [-0.40865124],
       [-0.49996179],
       [-0.5       ],
       [-0.00490882],
       [-0.5       ],
       [-0.5       ],
       [-0.50693287],
       [-0.49999999],
       [-0.50000006],
       [-0.50000003]])
array([[-35.90628005],
       [-36.22258198],
       [-34.1389084 ],
       [-35.13832059],
       [-35.36722474],
       [-26.18621538],
       [-35.80517391],
       [-35.53678957],
       [-35.52707456],
       [-28.34623802],
       [-35.98391647],
       [-27.64023389],
       [-35.21186372],
       [-35.9935774 ],
       [-34.23507214],
       [-31.95518295],
       [-35.83109646],
       [-35.39211236],
       [-34.59650558],
       [-35.80223923],
       [-34.47471876],
       [-35.95787032],
       [-34.19130395],
       [  0.62176597],
       [-35.56643956],
       [-36.04150827],
       [-34.32292525],
       [ -1.72676679],
       [-35.70077745],
       [-35.81684306],
       [ -6.04116787],
       [-14.01587072],
       [-35.32849309],
       [ -0.26069321],
       [-35.31839481],
       [-35.57785722],
       [ -9.6606346 ],
       [-34.95765332],
       [-34.14551648],
       [-35.2868626 ]])
<<<<<<<<<<< STEP 16 >>>>>>>>>>>> + array([[-0.50000001],
       [-0.50000002],
       [-0.5       ],
       [-0.50000004],
       [-0.5       ],
       [-0.50000208],
       [-0.5       ],
       [-0.5       ],
       [-0.50000002],
       [-0.50000094],
       [-0.50000002],
       [-0.50000109],
       [-0.50000003],
       [-0.50000002],
       [-0.5       ],
       [-0.50000016],
       [-0.50000001],
       [-0.5       ],
       [-0.50000001],
       [-0.50000002],
       [-0.5       ],
       [-0.50000002],
       [-0.50000002],
       [ 0.01052049],
       [-0.5       ],
       [-0.50000002],
       [-0.5       ],
       [ 0.01653657],
       [-0.5       ],
       [-0.50000002],
       [-0.43811433],
       [-0.4999797 ],
       [-0.5       ],
       [-0.00440555],
       [-0.5       ],
       [-0.5       ],
       [-0.505591  ],
       [-0.49999999],
       [-0.50000004],
       [-0.50000002]])
array([[-36.40628007],
       [-36.722582  ],
       [-34.6389084 ],
       [-35.63832063],
       [-35.86722474],
       [-26.68621745],
       [-36.30517391],
       [-36.03678957],
       [-36.02707458],
       [-28.84623896],
       [-36.48391648],
       [-28.14023498],
       [-35.71186375],
       [-36.49357742],
       [-34.73507214],
       [-32.45518312],
       [-36.33109647],
       [-35.89211236],
       [-35.09650559],
       [-36.30223925],
       [-34.97471876],
       [-36.45787034],
       [-34.69130397],
       [  0.63228646],
       [-36.06643956],
       [-36.54150829],
       [-34.82292525],
       [ -1.71023022],
       [-36.20077745],
       [-36.31684308],
       [ -6.4792822 ],
       [-14.51585042],
       [-35.82849309],
       [ -0.26509876],
       [-35.8183948 ],
       [-36.07785722],
       [-10.1662256 ],
       [-35.45765331],
       [-34.64551652],
       [-35.78686262]])
<<<<<<<<<<< STEP 17 >>>>>>>>>>>> + array([[-0.50000001],
       [-0.50000001],
       [-0.5       ],
       [-0.50000003],
       [-0.5       ],
       [-0.50000151],
       [-0.5       ],
       [-0.5       ],
       [-0.50000001],
       [-0.50000067],
       [-0.50000001],
       [-0.50000079],
       [-0.50000002],
       [-0.50000001],
       [-0.5       ],
       [-0.50000012],
       [-0.50000001],
       [-0.5       ],
       [-0.50000001],
       [-0.50000001],
       [-0.5       ],
       [-0.50000001],
       [-0.50000002],
       [ 0.01055382],
       [-0.5       ],
       [-0.50000001],
       [-0.5       ],
       [ 0.0195564 ],
       [-0.5       ],
       [-0.50000001],
       [-0.46114633],
       [-0.49999201],
       [-0.5       ],
       [-0.00378405],
       [-0.5       ],
       [-0.5       ],
       [-0.50432642],
       [-0.5       ],
       [-0.50000003],
       [-0.50000002]])
array([[-36.90628008],
       [-37.22258201],
       [-35.1389084 ],
       [-36.13832066],
       [-36.36722473],
       [-27.18621897],
       [-36.80517392],
       [-36.53678957],
       [-36.52707459],
       [-29.34623963],
       [-36.98391649],
       [-28.64023577],
       [-36.21186376],
       [-36.99357743],
       [-35.23507215],
       [-32.95518323],
       [-36.83109648],
       [-36.39211236],
       [-35.5965056 ],
       [-36.80223926],
       [-35.47471876],
       [-36.95787035],
       [-35.19130399],
       [  0.64284027],
       [-36.56643956],
       [-37.0415083 ],
       [-35.32292525],
       [ -1.69067381],
       [-36.70077746],
       [-36.81684309],
       [ -6.94042853],
       [-15.01584242],
       [-36.32849309],
       [ -0.2688828 ],
       [-36.3183948 ],
       [-36.57785722],
       [-10.67055202],
       [-35.95765331],
       [-35.14551655],
       [-36.28686264]])
<<<<<<<<<<< STEP 18 >>>>>>>>>>>> + array([[-0.50000001],
       [-0.50000001],
       [-0.5       ],
       [-0.50000002],
       [-0.5       ],
       [-0.5000011 ],
       [-0.5       ],
       [-0.5       ],
       [-0.50000001],
       [-0.50000047],
       [-0.50000001],
       [-0.50000056],
       [-0.50000001],
       [-0.50000001],
       [-0.5       ],
       [-0.50000009],
       [-0.50000001],
       [-0.5       ],
       [-0.5       ],
       [-0.50000001],
       [-0.5       ],
       [-0.50000001],
       [-0.50000001],
       [ 0.0105709 ],
       [-0.5       ],
       [-0.50000001],
       [-0.5       ],
       [ 0.02217409],
       [-0.5       ],
       [-0.50000001],
       [-0.47753712],
       [-0.49999959],
       [-0.5       ],
       [-0.00312077],
       [-0.5       ],
       [-0.5       ],
       [-0.50327226],
       [-0.5       ],
       [-0.50000002],
       [-0.50000001]])
array([[-37.40628009],
       [-37.72258202],
       [-35.6389084 ],
       [-36.63832068],
       [-36.86722473],
       [-27.68622006],
       [-37.30517392],
       [-37.03678957],
       [-37.0270746 ],
       [-29.8462401 ],
       [-37.4839165 ],
       [-29.14023633],
       [-36.71186378],
       [-37.49357744],
       [-35.73507215],
       [-33.45518332],
       [-37.33109649],
       [-36.89211235],
       [-36.0965056 ],
       [-37.30223927],
       [-35.97471876],
       [-37.45787036],
       [-35.691304  ],
       [  0.65341117],
       [-37.06643956],
       [-37.54150831],
       [-35.82292525],
       [ -1.66849972],
       [-37.20077746],
       [-37.3168431 ],
       [ -7.41796565],
       [-15.51584201],
       [-36.82849309],
       [ -0.27200358],
       [-36.8183948 ],
       [-37.07785722],
       [-11.17382428],
       [-36.45765331],
       [-35.64551657],
       [-36.78686265]])
<<<<<<<<<<< STEP 19 >>>>>>>>>>>> + array([[-0.50000001],
       [-0.50000001],
       [-0.5       ],
       [-0.50000002],
       [-0.5       ],
       [-0.5000008 ],
       [-0.5       ],
       [-0.5       ],
       [-0.50000001],
       [-0.50000033],
       [-0.50000001],
       [-0.50000041],
       [-0.50000001],
       [-0.50000001],
       [-0.5       ],
       [-0.50000007],
       [-0.50000001],
       [-0.5       ],
       [-0.5       ],
       [-0.50000001],
       [-0.5       ],
       [-0.50000001],
       [-0.50000001],
       [ 0.01056589],
       [-0.5       ],
       [-0.50000001],
       [-0.5       ],
       [ 0.02427955],
       [-0.5       ],
       [-0.50000001],
       [-0.48825754],
       [-0.50000367],
       [-0.5       ],
       [-0.00247759],
       [-0.5       ],
       [-0.5       ],
       [-0.50244869],
       [-0.5       ],
       [-0.50000002],
       [-0.50000001]])
array([[-37.90628009],
       [-38.22258202],
       [-36.1389084 ],
       [-37.1383207 ],
       [-37.36722473],
       [-28.18622087],
       [-37.80517392],
       [-37.53678957],
       [-37.5270746 ],
       [-30.34624043],
       [-37.98391651],
       [-29.64023674],
       [-37.21186379],
       [-37.99357745],
       [-36.23507216],
       [-33.95518339],
       [-37.83109649],
       [-37.39211235],
       [-36.59650561],
       [-37.80223928],
       [-36.47471876],
       [-37.95787036],
       [-36.191304  ],
       [  0.66397706],
       [-37.56643956],
       [-38.04150832],
       [-36.32292525],
       [ -1.64422017],
       [-37.70077746],
       [-37.81684311],
       [ -7.90622319],
       [-16.01584568],
       [-37.32849309],
       [ -0.27448116],
       [-37.3183948 ],
       [-37.57785722],
       [-11.67627298],
       [-36.9576533 ],
       [-36.14551659],
       [-37.28686266]])
<<<<<<<<<<< STEP 20 >>>>>>>>>>>> + array([[-0.5       ],
       [-0.5       ],
       [-0.5       ],
       [-0.50000001],
       [-0.5       ],
       [-0.50000059],
       [-0.5       ],
       [-0.5       ],
       [-0.5       ],
       [-0.50000024],
       [-0.5       ],
       [-0.50000029],
       [-0.50000001],
       [-0.5       ],
       [-0.5       ],
       [-0.50000005],
       [-0.5       ],
       [-0.5       ],
       [-0.5       ],
       [-0.5       ],
       [-0.5       ],
       [-0.5       ],
       [-0.5       ],
       [ 0.01053739],
       [-0.5       ],
       [-0.50000001],
       [-0.5       ],
       [ 0.02585228],
       [-0.5       ],
       [-0.5       ],
       [-0.49476591],
       [-0.50000542],
       [-0.5       ],
       [-0.0018923 ],
       [-0.5       ],
       [-0.5       ],
       [-0.50182675],
       [-0.5       ],
       [-0.50000001],
       [-0.50000001]])
array([[-38.4062801 ],
       [-38.72258203],
       [-36.6389084 ],
       [-37.63832071],
       [-37.86722473],
       [-28.68622145],
       [-38.30517392],
       [-38.03678957],
       [-38.02707461],
       [-30.84624067],
       [-38.48391651],
       [-30.14023703],
       [-37.71186379],
       [-38.49357745],
       [-36.73507216],
       [-34.45518344],
       [-38.3310965 ],
       [-37.89211235],
       [-37.09650561],
       [-38.30223928],
       [-36.97471876],
       [-38.45787037],
       [-36.69130401],
       [  0.67451445],
       [-38.06643956],
       [-38.54150832],
       [-36.82292525],
       [ -1.61836789],
       [-38.20077746],
       [-38.31684312],
       [ -8.4009891 ],
       [-16.5158511 ],
       [-37.82849309],
       [ -0.27637346],
       [-37.8183948 ],
       [-38.07785722],
       [-12.17809973],
       [-37.4576533 ],
       [-36.6455166 ],
       [-37.78686266]])
<<<<<<<<<<< STEP 21 >>>>>>>>>>>> + array([[-0.5       ],
       [-0.5       ],
       [-0.5       ],
       [-0.50000001],
       [-0.5       ],
       [-0.50000043],
       [-0.5       ],
       [-0.5       ],
       [-0.5       ],
       [-0.50000017],
       [-0.5       ],
       [-0.50000021],
       [-0.5       ],
       [-0.5       ],
       [-0.5       ],
       [-0.50000004],
       [-0.5       ],
       [-0.5       ],
       [-0.5       ],
       [-0.5       ],
       [-0.5       ],
       [-0.5       ],
       [-0.5       ],
       [ 0.01048723],
       [-0.5       ],
       [-0.5       ],
       [-0.5       ],
       [ 0.02693593],
       [-0.5       ],
       [-0.5       ],
       [-0.49844642],
       [-0.50000579],
       [-0.5       ],
       [-0.00138087],
       [-0.5       ],
       [-0.5       ],
       [-0.50136432],
       [-0.5       ],
       [-0.50000001],
       [-0.5       ]])
array([[-38.9062801 ],
       [-39.22258203],
       [-37.1389084 ],
       [-38.13832072],
       [-38.36722473],
       [-29.18622188],
       [-38.80517392],
       [-38.53678957],
       [-38.52707461],
       [-31.34624084],
       [-38.98391652],
       [-30.64023725],
       [-38.2118638 ],
       [-38.99357745],
       [-37.23507216],
       [-34.95518347],
       [-38.8310965 ],
       [-38.39211235],
       [-37.59650561],
       [-38.80223929],
       [-37.47471876],
       [-38.95787037],
       [-37.19130401],
       [  0.68500168],
       [-38.56643956],
       [-39.04150833],
       [-37.32292525],
       [ -1.59143196],
       [-38.70077746],
       [-38.81684312],
       [ -8.89943552],
       [-17.01585689],
       [-38.32849309],
       [ -0.27775433],
       [-38.3183948 ],
       [-38.57785722],
       [-12.67946406],
       [-37.9576533 ],
       [-37.14551661],
       [-38.28686267]])
<<<<<<<<<<< STEP 22 >>>>>>>>>>>> + array([[-0.5       ],
       [-0.5       ],
       [-0.5       ],
       [-0.50000001],
       [-0.5       ],
       [-0.50000032],
       [-0.5       ],
       [-0.5       ],
       [-0.5       ],
       [-0.50000012],
       [-0.5       ],
       [-0.50000016],
       [-0.5       ],
       [-0.5       ],
       [-0.5       ],
       [-0.50000003],
       [-0.5       ],
       [-0.5       ],
       [-0.5       ],
       [-0.5       ],
       [-0.5       ],
       [-0.5       ],
       [-0.5       ],
       [ 0.01041885],
       [-0.5       ],
       [-0.5       ],
       [-0.5       ],
       [ 0.02760529],
       [-0.5       ],
       [-0.5       ],
       [-0.50036418],
       [-0.50000543],
       [-0.5       ],
       [-0.00094467],
       [-0.5       ],
       [-0.5       ],
       [-0.50102214],
       [-0.5       ],
       [-0.50000001],
       [-0.5       ]])
array([[-39.4062801 ],
       [-39.72258203],
       [-37.6389084 ],
       [-38.63832072],
       [-38.86722473],
       [-29.68622221],
       [-39.30517392],
       [-39.03678957],
       [-39.02707461],
       [-31.84624096],
       [-39.48391652],
       [-31.1402374 ],
       [-38.7118638 ],
       [-39.49357746],
       [-37.73507216],
       [-35.4551835 ],
       [-39.3310965 ],
       [-38.89211235],
       [-38.09650561],
       [-39.30223929],
       [-37.97471876],
       [-39.45787037],
       [-37.69130401],
       [  0.69542053],
       [-39.06643956],
       [-39.54150833],
       [-37.82292525],
       [ -1.56382667],
       [-39.20077746],
       [-39.31684312],
       [ -9.39979971],
       [-17.51586233],
       [-38.82849309],
       [ -0.278699  ],
       [-38.8183948 ],
       [-39.07785722],
       [-13.1804862 ],
       [-38.4576533 ],
       [-37.64551661],
       [-38.78686267]])
<<<<<<<<<<< STEP 23 >>>>>>>>>>>> + array([[-0.5       ],
       [-0.5       ],
       [-0.5       ],
       [-0.50000001],
       [-0.5       ],
       [-0.50000024],
       [-0.5       ],
       [-0.5       ],
       [-0.5       ],
       [-0.50000009],
       [-0.5       ],
       [-0.50000012],
       [-0.5       ],
       [-0.5       ],
       [-0.5       ],
       [-0.50000002],
       [-0.5       ],
       [-0.5       ],
       [-0.5       ],
       [-0.5       ],
       [-0.5       ],
       [-0.5       ],
       [-0.5       ],
       [ 0.01033606],
       [-0.5       ],
       [-0.5       ],
       [-0.5       ],
       [ 0.02794197],
       [-0.5       ],
       [-0.5       ],
       [-0.5012457 ],
       [-0.50000475],
       [-0.5       ],
       [-0.0005774 ],
       [-0.5       ],
       [-0.5       ],
       [-0.5007687 ],
       [-0.5       ],
       [-0.5       ],
       [-0.5       ]])
array([[-39.9062801 ],
       [-40.22258203],
       [-38.1389084 ],
       [-39.13832073],
       [-39.36722473],
       [-30.18622244],
       [-39.80517392],
       [-39.53678957],
       [-39.52707461],
       [-32.34624105],
       [-39.98391652],
       [-31.64023752],
       [-39.21186381],
       [-39.99357746],
       [-38.23507217],
       [-35.95518352],
       [-39.8310965 ],
       [-39.39211235],
       [-38.59650561],
       [-39.80223929],
       [-38.47471876],
       [-39.95787037],
       [-38.19130401],
       [  0.70575659],
       [-39.56643956],
       [-40.04150833],
       [-38.32292525],
       [ -1.53588469],
       [-39.70077746],
       [-39.81684312],
       [ -9.90104541],
       [-18.01586708],
       [-39.32849309],
       [ -0.2792764 ],
       [-39.3183948 ],
       [-39.57785722],
       [-13.6812549 ],
       [-38.9576533 ],
       [-38.14551662],
       [-39.28686268]])
<<<<<<<<<<< STEP 24 >>>>>>>>>>>> + array([[ -5.00000001e-01],
       [ -5.00000001e-01],
       [ -5.00000000e-01],
       [ -5.00000004e-01],
       [ -5.00000000e-01],
       [ -5.00000180e-01],
       [ -5.00000000e-01],
       [ -5.00000000e-01],
       [ -5.00000001e-01],
       [ -5.00000066e-01],
       [ -5.00000001e-01],
       [ -5.00000087e-01],
       [ -5.00000002e-01],
       [ -5.00000001e-01],
       [ -5.00000002e-01],
       [ -5.00000016e-01],
       [ -5.00000001e-01],
       [ -4.99999999e-01],
       [ -5.00000000e-01],
       [ -5.00000001e-01],
       [ -5.00000000e-01],
       [ -5.00000001e-01],
       [ -5.00000000e-01],
       [  1.02424450e-02],
       [ -5.00000000e-01],
       [ -5.00000002e-01],
       [ -5.00000000e-01],
       [  2.80212570e-02],
       [ -5.00000000e-01],
       [ -5.00000001e-01],
       [ -5.01550464e-01],
       [ -5.00003981e-01],
       [ -5.00000000e-01],
       [ -2.69757702e-04],
       [ -5.00000000e-01],
       [ -5.00000000e-01],
       [ -5.00580295e-01],
       [ -4.99999999e-01],
       [ -5.00000003e-01],
       [ -5.00000002e-01]])
array([[-40.40628011],
       [-40.72258204],
       [-38.63890839],
       [-39.63832073],
       [-39.86722473],
       [-30.68622263],
       [-40.30517392],
       [-40.03678957],
       [-40.02707461],
       [-32.84624112],
       [-40.48391652],
       [-32.1402376 ],
       [-39.71186381],
       [-40.49357746],
       [-38.73507217],
       [-36.45518354],
       [-40.33109651],
       [-39.89211235],
       [-39.09650561],
       [-40.30223929],
       [-38.97471876],
       [-40.45787037],
       [-38.69130401],
       [  0.71599904],
       [-40.06643956],
       [-40.54150833],
       [-38.82292525],
       [ -1.50786344],
       [-40.20077746],
       [-40.31684313],
       [-10.40259587],
       [-18.51587106],
       [-39.82849309],
       [ -0.27954616],
       [-39.8183948 ],
       [-40.07785722],
       [-14.1818352 ],
       [-39.4576533 ],
       [-38.64551662],
       [-39.78686268]])
<<<<<<<<<<< STEP 25 >>>>>>>>>>>> + array([[ -5.00000001e-01],
       [ -5.00000001e-01],
       [ -5.00000000e-01],
       [ -5.00000003e-01],
       [ -5.00000000e-01],
       [ -5.00000136e-01],
       [ -5.00000000e-01],
       [ -5.00000000e-01],
       [ -5.00000001e-01],
       [ -5.00000049e-01],
       [ -5.00000001e-01],
       [ -5.00000065e-01],
       [ -5.00000001e-01],
       [ -5.00000001e-01],
       [ -5.00000001e-01],
       [ -5.00000012e-01],
       [ -5.00000001e-01],
       [ -5.00000000e-01],
       [ -5.00000000e-01],
       [ -5.00000001e-01],
       [ -5.00000000e-01],
       [ -5.00000001e-01],
       [ -5.00000000e-01],
       [  1.01410440e-02],
       [ -5.00000000e-01],
       [ -5.00000001e-01],
       [ -5.00000000e-01],
       [  2.79069429e-02],
       [ -5.00000000e-01],
       [ -5.00000001e-01],
       [ -5.01554394e-01],
       [ -5.00003241e-01],
       [ -5.00000000e-01],
       [ -1.20123546e-05],
       [ -5.00000000e-01],
       [ -5.00000000e-01],
       [ -5.00439583e-01],
       [ -4.99999999e-01],
       [ -5.00000003e-01],
       [ -5.00000002e-01]])
array([[-40.90628011],
       [-41.22258204],
       [-39.13890839],
       [-40.13832074],
       [-40.36722473],
       [-31.18622276],
       [-40.80517392],
       [-40.53678957],
       [-40.52707462],
       [-33.34624117],
       [-40.98391652],
       [-32.64023767],
       [-40.21186381],
       [-40.99357746],
       [-39.23507217],
       [-36.95518355],
       [-40.83109651],
       [-40.39211235],
       [-39.59650561],
       [-40.80223929],
       [-39.47471876],
       [-40.95787037],
       [-39.19130401],
       [  0.72614008],
       [-40.56643956],
       [-41.04150833],
       [-39.32292525],
       [ -1.47995649],
       [-40.70077747],
       [-40.81684313],
       [-10.90415026],
       [-19.0158743 ],
       [-40.32849309],
       [ -0.27955817],
       [-40.3183948 ],
       [-40.57785722],
       [-14.68227478],
       [-39.9576533 ],
       [-39.14551662],
       [-40.28686268]])
<<<<<<<<<<< STEP 26 >>>>>>>>>>>> + array([[ -5.00000001e-01],
       [ -5.00000001e-01],
       [ -5.00000000e-01],
       [ -5.00000002e-01],
       [ -5.00000000e-01],
       [ -5.00000103e-01],
       [ -5.00000000e-01],
       [ -5.00000000e-01],
       [ -5.00000001e-01],
       [ -5.00000037e-01],
       [ -5.00000001e-01],
       [ -5.00000049e-01],
       [ -5.00000001e-01],
       [ -5.00000001e-01],
       [ -5.00000001e-01],
       [ -5.00000009e-01],
       [ -5.00000001e-01],
       [ -5.00000000e-01],
       [ -5.00000000e-01],
       [ -5.00000001e-01],
       [ -5.00000000e-01],
       [ -5.00000001e-01],
       [ -5.00000000e-01],
       [  1.00343408e-02],
       [ -5.00000000e-01],
       [ -5.00000001e-01],
       [ -5.00000000e-01],
       [  2.76505497e-02],
       [ -5.00000000e-01],
       [ -5.00000001e-01],
       [ -5.01416446e-01],
       [ -5.00002586e-01],
       [ -5.00000000e-01],
       [  2.04755268e-04],
       [ -5.00000000e-01],
       [ -5.00000000e-01],
       [ -5.00333997e-01],
       [ -5.00000000e-01],
       [ -5.00000002e-01],
       [ -5.00000001e-01]])
array([[-41.40628011],
       [-41.72258204],
       [-39.63890839],
       [-40.63832074],
       [-40.86722473],
       [-31.68622286],
       [-41.30517392],
       [-41.03678957],
       [-41.02707462],
       [-33.84624121],
       [-41.48391652],
       [-33.14023772],
       [-40.71186381],
       [-41.49357746],
       [-39.73507217],
       [-37.45518356],
       [-41.33109651],
       [-40.89211235],
       [-40.09650561],
       [-41.30223929],
       [-39.97471876],
       [-41.45787038],
       [-39.69130401],
       [  0.73617442],
       [-41.06643956],
       [-41.54150833],
       [-39.82292525],
       [ -1.45230594],
       [-41.20077747],
       [-41.31684313],
       [-11.40556671],
       [-19.51587689],
       [-40.82849309],
       [ -0.27935342],
       [-40.8183948 ],
       [-41.07785722],
       [-15.18260878],
       [-40.4576533 ],
       [-39.64551663],
       [-40.78686268]])
<<<<<<<<<<< STEP 27 >>>>>>>>>>>> + array([[ -5.00000001e-01],
       [ -5.00000001e-01],
       [ -5.00000000e-01],
       [ -5.00000002e-01],
       [ -5.00000000e-01],
       [ -5.00000079e-01],
       [ -5.00000000e-01],
       [ -5.00000000e-01],
       [ -5.00000001e-01],
       [ -5.00000028e-01],
       [ -5.00000001e-01],
       [ -5.00000037e-01],
       [ -5.00000001e-01],
       [ -5.00000001e-01],
       [ -5.00000001e-01],
       [ -5.00000007e-01],
       [ -5.00000000e-01],
       [ -5.00000000e-01],
       [ -5.00000000e-01],
       [ -5.00000001e-01],
       [ -5.00000000e-01],
       [ -5.00000001e-01],
       [ -5.00000000e-01],
       [  9.92429200e-03],
       [ -5.00000000e-01],
       [ -5.00000001e-01],
       [ -5.00000000e-01],
       [  2.72924775e-02],
       [ -5.00000000e-01],
       [ -5.00000001e-01],
       [ -5.01224490e-01],
       [ -5.00002034e-01],
       [ -5.00000000e-01],
       [  3.88228746e-04],
       [ -5.00000000e-01],
       [ -5.00000000e-01],
       [ -5.00254423e-01],
       [ -5.00000000e-01],
       [ -5.00000001e-01],
       [ -5.00000001e-01]])
array([[-41.90628011],
       [-42.22258204],
       [-40.13890839],
       [-41.13832074],
       [-41.36722473],
       [-32.18622294],
       [-41.80517392],
       [-41.53678957],
       [-41.52707462],
       [-34.34624123],
       [-41.98391652],
       [-33.64023776],
       [-41.21186381],
       [-41.99357746],
       [-40.23507217],
       [-37.95518356],
       [-41.83109651],
       [-41.39211235],
       [-40.59650561],
       [-41.80223929],
       [-40.47471876],
       [-41.95787038],
       [-40.19130401],
       [  0.74609871],
       [-41.56643956],
       [-42.04150833],
       [-40.32292525],
       [ -1.42501347],
       [-41.70077747],
       [-41.81684313],
       [-11.9067912 ],
       [-20.01587892],
       [-41.32849309],
       [ -0.27896519],
       [-41.3183948 ],
       [-41.57785722],
       [-15.6828632 ],
       [-40.9576533 ],
       [-40.14551663],
       [-41.28686268]])
<<<<<<<<<<< STEP 28 >>>>>>>>>>>> + array([[-0.5       ],
       [-0.5       ],
       [-0.5       ],
       [-0.5       ],
       [-0.5       ],
       [-0.50000006],
       [-0.5       ],
       [-0.5       ],
       [-0.5       ],
       [-0.50000002],
       [-0.5       ],
       [-0.50000003],
       [-0.5       ],
       [-0.5       ],
       [-0.5       ],
       [-0.50000001],
       [-0.5       ],
       [-0.5       ],
       [-0.5       ],
       [-0.5       ],
       [-0.5       ],
       [-0.5       ],
       [-0.5       ],
       [ 0.00981241],
       [-0.5       ],
       [-0.5       ],
       [-0.5       ],
       [ 0.02686381],
       [-0.5       ],
       [-0.5       ],
       [-0.50102462],
       [-0.50000158],
       [-0.5       ],
       [ 0.0005448 ],
       [-0.5       ],
       [-0.5       ],
       [-0.50019422],
       [-0.5       ],
       [-0.5       ],
       [-0.5       ]])
array([[-42.40628011],
       [-42.72258204],
       [-40.63890839],
       [-41.63832074],
       [-41.86722473],
       [-32.686223  ],
       [-42.30517392],
       [-42.03678957],
       [-42.02707462],
       [-34.84624125],
       [-42.48391652],
       [-34.14023778],
       [-41.71186381],
       [-42.49357746],
       [-40.73507217],
       [-38.45518357],
       [-42.33109651],
       [-41.89211234],
       [-41.09650561],
       [-42.30223929],
       [-40.97471876],
       [-42.45787038],
       [-40.69130401],
       [  0.75591112],
       [-42.06643956],
       [-42.54150834],
       [-40.82292525],
       [ -1.39814966],
       [-42.20077747],
       [-42.31684313],
       [-12.40781582],
       [-20.51588051],
       [-41.82849309],
       [ -0.2784204 ],
       [-41.8183948 ],
       [-42.07785722],
       [-16.18305742],
       [-41.4576533 ],
       [-40.64551663],
       [-41.78686268]])
<<<<<<<<<<< STEP 29 >>>>>>>>>>>> + array([[-0.5       ],
       [-0.5       ],
       [-0.5       ],
       [-0.5       ],
       [-0.5       ],
       [-0.50000005],
       [-0.5       ],
       [-0.5       ],
       [-0.5       ],
       [-0.50000002],
       [-0.5       ],
       [-0.50000002],
       [-0.5       ],
       [-0.5       ],
       [-0.5       ],
       [-0.5       ],
       [-0.5       ],
       [-0.5       ],
       [-0.5       ],
       [-0.5       ],
       [-0.5       ],
       [-0.5       ],
       [-0.5       ],
       [ 0.00969985],
       [-0.5       ],
       [-0.5       ],
       [-0.5       ],
       [ 0.02638814],
       [-0.5       ],
       [-0.5       ],
       [-0.50083909],
       [-0.50000122],
       [-0.5       ],
       [ 0.00067966],
       [-0.5       ],
       [-0.5       ],
       [-0.50014854],
       [-0.5       ],
       [-0.5       ],
       [-0.5       ]])
array([[-42.90628011],
       [-43.22258204],
       [-41.13890839],
       [-42.13832074],
       [-42.36722473],
       [-33.18622305],
       [-42.80517392],
       [-42.53678957],
       [-42.52707462],
       [-35.34624127],
       [-42.98391652],
       [-34.6402378 ],
       [-42.21186381],
       [-42.99357746],
       [-41.23507217],
       [-38.95518357],
       [-42.83109651],
       [-42.39211234],
       [-41.59650561],
       [-42.80223929],
       [-41.47471876],
       [-42.95787038],
       [-41.19130401],
       [  0.76561097],
       [-42.56643956],
       [-43.04150834],
       [-41.32292525],
       [ -1.37176152],
       [-42.70077747],
       [-42.81684313],
       [-12.90865491],
       [-21.01588173],
       [-42.32849309],
       [ -0.27774074],
       [-42.3183948 ],
       [-42.57785722],
       [-16.68320596],
       [-41.9576533 ],
       [-41.14551663],
       [-42.28686268]])
<<<<<<<<<<< STEP 30 >>>>>>>>>>>> + array([[-0.5       ],
       [-0.5       ],
       [-0.5       ],
       [-0.5       ],
       [-0.5       ],
       [-0.50000004],
       [-0.5       ],
       [-0.5       ],
       [-0.5       ],
       [-0.50000001],
       [-0.5       ],
       [-0.50000002],
       [-0.5       ],
       [-0.5       ],
       [-0.5       ],
       [-0.5       ],
       [-0.5       ],
       [-0.5       ],
       [-0.5       ],
       [-0.5       ],
       [-0.5       ],
       [-0.5       ],
       [-0.5       ],
       [ 0.00958747],
       [-0.5       ],
       [-0.5       ],
       [-0.5       ],
       [ 0.02588319],
       [-0.5       ],
       [-0.5       ],
       [-0.50067699],
       [-0.50000094],
       [-0.5       ],
       [ 0.000797  ],
       [-0.5       ],
       [-0.5       ],
       [-0.50011376],
       [-0.5       ],
       [-0.5       ],
       [-0.5       ]])
array([[-43.40628011],
       [-43.72258204],
       [-41.63890839],
       [-42.63832074],
       [-42.86722473],
       [-33.68622308],
       [-43.30517392],
       [-43.03678957],
       [-43.02707462],
       [-35.84624128],
       [-43.48391652],
       [-35.14023782],
       [-42.71186381],
       [-43.49357746],
       [-41.73507217],
       [-39.45518358],
       [-43.33109651],
       [-42.89211234],
       [-42.09650561],
       [-43.30223929],
       [-41.97471876],
       [-43.45787038],
       [-41.69130401],
       [  0.77519844],
       [-43.06643956],
       [-43.54150834],
       [-41.82292525],
       [ -1.34587833],
       [-43.20077747],
       [-43.31684313],
       [-13.4093319 ],
       [-21.51588267],
       [-42.82849309],
       [ -0.27694374],
       [-42.8183948 ],
       [-43.07785722],
       [-17.18331972],
       [-42.4576533 ],
       [-41.64551663],
       [-42.78686268]])
<<<<<<<<<<< STEP 31 >>>>>>>>>>>> + array([[-0.5       ],
       [-0.5       ],
       [-0.5       ],
       [-0.5       ],
       [-0.5       ],
       [-0.50000003],
       [-0.5       ],
       [-0.5       ],
       [-0.5       ],
       [-0.50000001],
       [-0.5       ],
       [-0.50000001],
       [-0.5       ],
       [-0.5       ],
       [-0.5       ],
       [-0.5       ],
       [-0.5       ],
       [-0.5       ],
       [-0.5       ],
       [-0.5       ],
       [-0.5       ],
       [-0.5       ],
       [-0.5       ],
       [ 0.00947592],
       [-0.5       ],
       [-0.5       ],
       [-0.5       ],
       [ 0.02536213],
       [-0.5       ],
       [-0.5       ],
       [-0.50054043],
       [-0.50000072],
       [-0.5       ],
       [ 0.00090017],
       [-0.5       ],
       [-0.5       ],
       [-0.50008724],
       [-0.5       ],
       [-0.5       ],
       [-0.5       ]])
array([[-43.90628011],
       [-44.22258204],
       [-42.13890839],
       [-43.13832074],
       [-43.36722473],
       [-34.18622311],
       [-43.80517392],
       [-43.53678957],
       [-43.52707462],
       [-36.34624129],
       [-43.98391652],
       [-35.64023783],
       [-43.21186381],
       [-43.99357746],
       [-42.23507217],
       [-39.95518358],
       [-43.83109651],
       [-43.39211234],
       [-42.59650561],
       [-43.8022393 ],
       [-42.47471876],
       [-43.95787038],
       [-42.19130401],
       [  0.78467436],
       [-43.56643956],
       [-44.04150834],
       [-42.32292525],
       [ -1.32051619],
       [-43.70077747],
       [-43.81684313],
       [-13.90987233],
       [-22.01588338],
       [-43.32849309],
       [ -0.27604357],
       [-43.3183948 ],
       [-43.57785722],
       [-17.68340696],
       [-42.9576533 ],
       [-42.14551663],
       [-43.28686268]])
<<<<<<<<<<< STEP 32 >>>>>>>>>>>> + array([[-0.5       ],
       [-0.5       ],
       [-0.5       ],
       [-0.5       ],
       [-0.5       ],
       [-0.50000002],
       [-0.5       ],
       [-0.5       ],
       [-0.5       ],
       [-0.50000001],
       [-0.5       ],
       [-0.50000001],
       [-0.5       ],
       [-0.5       ],
       [-0.5       ],
       [-0.5       ],
       [-0.5       ],
       [-0.5       ],
       [-0.5       ],
       [-0.5       ],
       [-0.5       ],
       [-0.5       ],
       [-0.5       ],
       [ 0.00936566],
       [-0.5       ],
       [-0.5       ],
       [-0.5       ],
       [ 0.02483468],
       [-0.5       ],
       [-0.5       ],
       [-0.50042809],
       [-0.50000055],
       [-0.5       ],
       [ 0.00099181],
       [-0.5       ],
       [-0.5       ],
       [-0.50006697],
       [-0.5       ],
       [-0.5       ],
       [-0.5       ]])
array([[-44.40628011],
       [-44.72258204],
       [-42.63890839],
       [-43.63832074],
       [-43.86722473],
       [-34.68622313],
       [-44.30517392],
       [-44.03678957],
       [-44.02707462],
       [-36.8462413 ],
       [-44.48391653],
       [-36.14023784],
       [-43.71186381],
       [-44.49357746],
       [-42.73507217],
       [-40.45518358],
       [-44.33109651],
       [-43.89211234],
       [-43.09650561],
       [-44.3022393 ],
       [-42.97471876],
       [-44.45787038],
       [-42.69130401],
       [  0.79404002],
       [-44.06643956],
       [-44.54150834],
       [-42.82292525],
       [ -1.29568151],
       [-44.20077747],
       [-44.31684313],
       [-14.41030042],
       [-22.51588393],
       [-43.82849309],
       [ -0.27505176],
       [-43.8183948 ],
       [-44.07785722],
       [-18.18347393],
       [-43.4576533 ],
       [-42.64551663],
       [-43.78686268]])
<<<<<<<<<<< STEP 33 >>>>>>>>>>>> + array([[-0.5       ],
       [-0.5       ],
       [-0.5       ],
       [-0.5       ],
       [-0.5       ],
       [-0.50000002],
       [-0.5       ],
       [-0.5       ],
       [-0.5       ],
       [-0.50000001],
       [-0.5       ],
       [-0.50000001],
       [-0.5       ],
       [-0.5       ],
       [-0.5       ],
       [-0.5       ],
       [-0.5       ],
       [-0.5       ],
       [-0.5       ],
       [-0.5       ],
       [-0.5       ],
       [-0.5       ],
       [-0.5       ],
       [ 0.00925703],
       [-0.5       ],
       [-0.5       ],
       [-0.5       ],
       [ 0.02430789],
       [-0.5       ],
       [-0.5       ],
       [-0.50033717],
       [-0.50000041],
       [-0.5       ],
       [ 0.00107404],
       [-0.5       ],
       [-0.5       ],
       [-0.50005145],
       [-0.5       ],
       [-0.5       ],
       [-0.5       ]])
array([[-44.90628011],
       [-45.22258204],
       [-43.13890839],
       [-44.13832074],
       [-44.36722473],
       [-35.18622315],
       [-44.80517392],
       [-44.53678957],
       [-44.52707462],
       [-37.34624131],
       [-44.98391653],
       [-36.64023785],
       [-44.21186381],
       [-44.99357747],
       [-43.23507217],
       [-40.95518358],
       [-44.83109651],
       [-44.39211234],
       [-43.59650561],
       [-44.8022393 ],
       [-43.47471875],
       [-44.95787038],
       [-43.19130401],
       [  0.80329705],
       [-44.56643956],
       [-45.04150834],
       [-43.32292525],
       [ -1.27137363],
       [-44.70077747],
       [-44.81684313],
       [-14.91063759],
       [-23.01588434],
       [-44.32849309],
       [ -0.27397773],
       [-44.3183948 ],
       [-44.57785722],
       [-18.68352538],
       [-43.9576533 ],
       [-43.14551663],
       [-44.28686268]])
<<<<<<<<<<< STEP 34 >>>>>>>>>>>> + array([[-0.5       ],
       [-0.5       ],
       [-0.5       ],
       [-0.5       ],
       [-0.5       ],
       [-0.50000001],
       [-0.5       ],
       [-0.5       ],
       [-0.5       ],
       [-0.5       ],
       [-0.5       ],
       [-0.50000001],
       [-0.5       ],
       [-0.5       ],
       [-0.5       ],
       [-0.5       ],
       [-0.5       ],
       [-0.5       ],
       [-0.5       ],
       [-0.5       ],
       [-0.5       ],
       [-0.5       ],
       [-0.5       ],
       [ 0.00915027],
       [-0.5       ],
       [-0.5       ],
       [-0.5       ],
       [ 0.02378682],
       [-0.5       ],
       [-0.5       ],
       [-0.50026443],
       [-0.50000031],
       [-0.5       ],
       [ 0.00114852],
       [-0.5       ],
       [-0.5       ],
       [-0.50003956],
       [-0.5       ],
       [-0.5       ],
       [-0.5       ]])
array([[-45.40628011],
       [-45.72258204],
       [-43.63890839],
       [-44.63832074],
       [-44.86722473],
       [-35.68622316],
       [-45.30517392],
       [-45.03678957],
       [-45.02707462],
       [-37.84624131],
       [-45.48391653],
       [-37.14023786],
       [-44.71186381],
       [-45.49357747],
       [-43.73507217],
       [-41.45518358],
       [-45.33109651],
       [-44.89211234],
       [-44.09650561],
       [-45.3022393 ],
       [-43.97471875],
       [-45.45787038],
       [-43.69130401],
       [  0.81244732],
       [-45.06643956],
       [-45.54150834],
       [-43.82292525],
       [ -1.24758681],
       [-45.20077747],
       [-45.31684313],
       [-15.41090202],
       [-23.51588465],
       [-44.82849309],
       [ -0.27282921],
       [-44.8183948 ],
       [-45.07785722],
       [-19.18356494],
       [-44.4576533 ],
       [-43.64551663],
       [-44.78686268]])
<<<<<<<<<<< STEP 35 >>>>>>>>>>>> + array([[-0.5       ],
       [-0.5       ],
       [-0.5       ],
       [-0.5       ],
       [-0.5       ],
       [-0.50000001],
       [-0.5       ],
       [-0.5       ],
       [-0.5       ],
       [-0.5       ],
       [-0.5       ],
       [-0.5       ],
       [-0.5       ],
       [-0.5       ],
       [-0.5       ],
       [-0.5       ],
       [-0.5       ],
       [-0.5       ],
       [-0.5       ],
       [-0.5       ],
       [-0.5       ],
       [-0.5       ],
       [-0.5       ],
       [ 0.00904553],
       [-0.5       ],
       [-0.5       ],
       [-0.5       ],
       [ 0.02327503],
       [-0.5       ],
       [-0.5       ],
       [-0.50020671],
       [-0.50000024],
       [-0.5       ],
       [ 0.00121658],
       [-0.5       ],
       [-0.5       ],
       [-0.50003043],
       [-0.5       ],
       [-0.5       ],
       [-0.5       ]])
array([[-45.90628011],
       [-46.22258204],
       [-44.13890839],
       [-45.13832074],
       [-45.36722473],
       [-36.18622317],
       [-45.80517392],
       [-45.53678957],
       [-45.52707462],
       [-38.34624131],
       [-45.98391653],
       [-37.64023786],
       [-45.21186381],
       [-45.99357747],
       [-44.23507217],
       [-41.95518358],
       [-45.83109651],
       [-45.39211234],
       [-44.59650561],
       [-45.8022393 ],
       [-44.47471875],
       [-45.95787038],
       [-44.19130401],
       [  0.82149285],
       [-45.56643956],
       [-46.04150834],
       [-44.32292525],
       [ -1.22431178],
       [-45.70077747],
       [-45.81684313],
       [-15.91110873],
       [-24.01588489],
       [-45.32849309],
       [ -0.27161263],
       [-45.3183948 ],
       [-45.57785722],
       [-19.68359537],
       [-44.9576533 ],
       [-44.14551663],
       [-45.28686268]])
<<<<<<<<<<< STEP 36 >>>>>>>>>>>> + array([[-0.5       ],
       [-0.5       ],
       [-0.5       ],
       [-0.5       ],
       [-0.5       ],
       [-0.50000001],
       [-0.5       ],
       [-0.5       ],
       [-0.5       ],
       [-0.5       ],
       [-0.5       ],
       [-0.5       ],
       [-0.5       ],
       [-0.5       ],
       [-0.5       ],
       [-0.5       ],
       [-0.5       ],
       [-0.5       ],
       [-0.5       ],
       [-0.5       ],
       [-0.5       ],
       [-0.5       ],
       [-0.5       ],
       [ 0.0089429 ],
       [-0.5       ],
       [-0.5       ],
       [-0.5       ],
       [ 0.02277496],
       [-0.5       ],
       [-0.5       ],
       [-0.5001612 ],
       [-0.50000018],
       [-0.5       ],
       [ 0.00127928],
       [-0.5       ],
       [-0.5       ],
       [-0.50002343],
       [-0.5       ],
       [-0.5       ],
       [-0.5       ]])
array([[-46.40628011],
       [-46.72258204],
       [-44.63890839],
       [-45.63832074],
       [-45.86722473],
       [-36.68622318],
       [-46.30517392],
       [-46.03678957],
       [-46.02707462],
       [-38.84624132],
       [-46.48391653],
       [-38.14023786],
       [-45.71186381],
       [-46.49357747],
       [-44.73507217],
       [-42.45518359],
       [-46.33109651],
       [-45.89211234],
       [-45.09650561],
       [-46.3022393 ],
       [-44.97471875],
       [-46.45787038],
       [-44.69130401],
       [  0.83043575],
       [-46.06643956],
       [-46.54150834],
       [-44.82292525],
       [ -1.20153681],
       [-46.20077747],
       [-46.31684313],
       [-16.41126993],
       [-24.51588507],
       [-45.82849309],
       [ -0.27033335],
       [-45.8183948 ],
       [-46.07785722],
       [-20.18361879],
       [-45.4576533 ],
       [-44.64551663],
       [-45.78686268]])
<<<<<<<<<<< STEP 37 >>>>>>>>>>>> + array([[-0.5       ],
       [-0.5       ],
       [-0.5       ],
       [-0.5       ],
       [-0.5       ],
       [-0.50000001],
       [-0.5       ],
       [-0.5       ],
       [-0.5       ],
       [-0.5       ],
       [-0.5       ],
       [-0.5       ],
       [-0.5       ],
       [-0.5       ],
       [-0.5       ],
       [-0.5       ],
       [-0.5       ],
       [-0.5       ],
       [-0.5       ],
       [-0.5       ],
       [-0.5       ],
       [-0.5       ],
       [-0.5       ],
       [ 0.00884244],
       [-0.5       ],
       [-0.5       ],
       [-0.5       ],
       [ 0.02228821],
       [-0.5       ],
       [-0.5       ],
       [-0.50012548],
       [-0.50000013],
       [-0.5       ],
       [ 0.00133744],
       [-0.5       ],
       [-0.5       ],
       [-0.50001804],
       [-0.5       ],
       [-0.5       ],
       [-0.5       ]])
array([[-46.90628011],
       [-47.22258204],
       [-45.13890839],
       [-46.13832074],
       [-46.36722473],
       [-37.18622318],
       [-46.80517392],
       [-46.53678957],
       [-46.52707462],
       [-39.34624132],
       [-46.98391653],
       [-38.64023787],
       [-46.21186381],
       [-46.99357747],
       [-45.23507217],
       [-42.95518359],
       [-46.83109651],
       [-46.39211234],
       [-45.59650561],
       [-46.8022393 ],
       [-45.47471875],
       [-46.95787038],
       [-45.19130401],
       [  0.83927819],
       [-46.56643956],
       [-47.04150834],
       [-45.32292525],
       [ -1.1792486 ],
       [-46.70077747],
       [-46.81684313],
       [-16.91139541],
       [-25.0158852 ],
       [-46.32849309],
       [ -0.26899591],
       [-46.3183948 ],
       [-46.57785722],
       [-20.68363683],
       [-45.9576533 ],
       [-45.14551663],
       [-46.28686268]])
<<<<<<<<<<< STEP 38 >>>>>>>>>>>> + array([[-0.5       ],
       [-0.5       ],
       [-0.5       ],
       [-0.5       ],
       [-0.5       ],
       [-0.5       ],
       [-0.5       ],
       [-0.5       ],
       [-0.5       ],
       [-0.5       ],
       [-0.5       ],
       [-0.5       ],
       [-0.5       ],
       [-0.5       ],
       [-0.5       ],
       [-0.5       ],
       [-0.5       ],
       [-0.5       ],
       [-0.5       ],
       [-0.5       ],
       [-0.5       ],
       [-0.5       ],
       [-0.5       ],
       [ 0.00874418],
       [-0.5       ],
       [-0.5       ],
       [-0.5       ],
       [ 0.02181574],
       [-0.5       ],
       [-0.5       ],
       [-0.50009754],
       [-0.5000001 ],
       [-0.5       ],
       [ 0.00139174],
       [-0.5       ],
       [-0.5       ],
       [-0.5000139 ],
       [-0.5       ],
       [-0.5       ],
       [-0.5       ]])
array([[-47.40628011],
       [-47.72258204],
       [-45.63890839],
       [-46.63832074],
       [-46.86722473],
       [-37.68622319],
       [-47.30517392],
       [-47.03678957],
       [-47.02707462],
       [-39.84624132],
       [-47.48391653],
       [-39.14023787],
       [-46.71186381],
       [-47.49357747],
       [-45.73507217],
       [-43.45518359],
       [-47.33109651],
       [-46.89211234],
       [-46.09650561],
       [-47.3022393 ],
       [-45.97471875],
       [-47.45787038],
       [-45.69130401],
       [  0.84802237],
       [-47.06643956],
       [-47.54150834],
       [-45.82292525],
       [ -1.15743287],
       [-47.20077747],
       [-47.31684313],
       [-17.41149295],
       [-25.51588531],
       [-46.82849309],
       [ -0.26760418],
       [-46.8183948 ],
       [-47.07785722],
       [-21.18365073],
       [-46.4576533 ],
       [-45.64551663],
       [-46.78686268]])
<<<<<<<<<<< STEP 39 >>>>>>>>>>>> + array([[-0.5       ],
       [-0.5       ],
       [-0.5       ],
       [-0.5       ],
       [-0.5       ],
       [-0.5       ],
       [-0.5       ],
       [-0.5       ],
       [-0.5       ],
       [-0.5       ],
       [-0.5       ],
       [-0.5       ],
       [-0.5       ],
       [-0.5       ],
       [-0.5       ],
       [-0.5       ],
       [-0.5       ],
       [-0.5       ],
       [-0.5       ],
       [-0.5       ],
       [-0.5       ],
       [-0.5       ],
       [-0.5       ],
       [ 0.0086481 ],
       [-0.5       ],
       [-0.5       ],
       [-0.5       ],
       [ 0.02135806],
       [-0.5       ],
       [-0.5       ],
       [-0.50007574],
       [-0.50000008],
       [-0.5       ],
       [ 0.0014427 ],
       [-0.5       ],
       [-0.5       ],
       [-0.50001071],
       [-0.5       ],
       [-0.5       ],
       [-0.5       ]])
array([[-47.90628011],
       [-48.22258204],
       [-46.13890839],
       [-47.13832075],
       [-47.36722473],
       [-38.18622319],
       [-47.80517392],
       [-47.53678957],
       [-47.52707462],
       [-40.34624132],
       [-47.98391653],
       [-39.64023787],
       [-47.21186381],
       [-47.99357747],
       [-46.23507217],
       [-43.95518359],
       [-47.83109651],
       [-47.39211234],
       [-46.59650561],
       [-47.8022393 ],
       [-46.47471875],
       [-47.95787038],
       [-46.19130401],
       [  0.85667047],
       [-47.56643956],
       [-48.04150834],
       [-46.32292525],
       [ -1.13607481],
       [-47.70077747],
       [-47.81684313],
       [-17.91156868],
       [-26.01588538],
       [-47.32849309],
       [ -0.26616147],
       [-47.3183948 ],
       [-47.57785722],
       [-21.68366144],
       [-46.9576533 ],
       [-46.14551663],
       [-47.28686268]])
<<<<<<<<<<< STEP 40 >>>>>>>>>>>> + array([[-0.5       ],
       [-0.5       ],
       [-0.5       ],
       [-0.5       ],
       [-0.5       ],
       [-0.5       ],
       [-0.5       ],
       [-0.5       ],
       [-0.5       ],
       [-0.5       ],
       [-0.5       ],
       [-0.5       ],
       [-0.5       ],
       [-0.5       ],
       [-0.5       ],
       [-0.5       ],
       [-0.5       ],
       [-0.5       ],
       [-0.5       ],
       [-0.5       ],
       [-0.5       ],
       [-0.5       ],
       [-0.5       ],
       [ 0.00855418],
       [-0.5       ],
       [-0.5       ],
       [-0.5       ],
       [ 0.02091535],
       [-0.5       ],
       [-0.5       ],
       [-0.50005876],
       [-0.50000006],
       [-0.5       ],
       [ 0.00149077],
       [-0.5       ],
       [-0.5       ],
       [-0.50000826],
       [-0.5       ],
       [-0.5       ],
       [-0.5       ]])
array([[-48.40628011],
       [-48.72258204],
       [-46.63890839],
       [-47.63832075],
       [-47.86722473],
       [-38.68622319],
       [-48.30517392],
       [-48.03678957],
       [-48.02707462],
       [-40.84624132],
       [-48.48391653],
       [-40.14023787],
       [-47.71186381],
       [-48.49357747],
       [-46.73507217],
       [-44.45518359],
       [-48.33109651],
       [-47.89211234],
       [-47.09650561],
       [-48.3022393 ],
       [-46.97471875],
       [-48.45787038],
       [-46.69130401],
       [  0.86522466],
       [-48.06643956],
       [-48.54150834],
       [-46.82292525],
       [ -1.11515946],
       [-48.20077747],
       [-48.31684313],
       [-18.41162745],
       [-26.51588544],
       [-47.82849309],
       [ -0.26467071],
       [-47.8183948 ],
       [-48.07785722],
       [-22.1836697 ],
       [-47.4576533 ],
       [-46.64551663],
       [-47.78686268]])
<<<<<<<<<<< STEP 41 >>>>>>>>>>>> + array([[-0.5       ],
       [-0.5       ],
       [-0.5       ],
       [-0.5       ],
       [-0.5       ],
       [-0.5       ],
       [-0.5       ],
       [-0.5       ],
       [-0.5       ],
       [-0.5       ],
       [-0.5       ],
       [-0.5       ],
       [-0.5       ],
       [-0.5       ],
       [-0.5       ],
       [-0.5       ],
       [-0.5       ],
       [-0.5       ],
       [-0.5       ],
       [-0.5       ],
       [-0.5       ],
       [-0.5       ],
       [-0.5       ],
       [ 0.0084624 ],
       [-0.5       ],
       [-0.5       ],
       [-0.5       ],
       [ 0.02048756],
       [-0.5       ],
       [-0.5       ],
       [-0.50004557],
       [-0.50000004],
       [-0.5       ],
       [ 0.00153627],
       [-0.5       ],
       [-0.5       ],
       [-0.50000637],
       [-0.5       ],
       [-0.5       ],
       [-0.5       ]])
array([[-48.90628011],
       [-49.22258204],
       [-47.13890839],
       [-48.13832075],
       [-48.36722473],
       [-39.18622319],
       [-48.80517392],
       [-48.53678957],
       [-48.52707462],
       [-41.34624132],
       [-48.98391653],
       [-40.64023787],
       [-48.21186381],
       [-48.99357747],
       [-47.23507217],
       [-44.95518359],
       [-48.83109651],
       [-48.39211234],
       [-47.59650561],
       [-48.8022393 ],
       [-47.47471875],
       [-48.95787038],
       [-47.19130401],
       [  0.87368705],
       [-48.56643956],
       [-49.04150834],
       [-47.32292525],
       [ -1.09467189],
       [-48.70077747],
       [-48.81684313],
       [-18.91167302],
       [-27.01588548],
       [-48.32849309],
       [ -0.26313443],
       [-48.3183948 ],
       [-48.57785722],
       [-22.68367606],
       [-47.9576533 ],
       [-47.14551663],
       [-48.28686268]])
<<<<<<<<<<< STEP 42 >>>>>>>>>>>> + array([[-0.5       ],
       [-0.5       ],
       [-0.5       ],
       [-0.5       ],
       [-0.5       ],
       [-0.5       ],
       [-0.5       ],
       [-0.5       ],
       [-0.5       ],
       [-0.5       ],
       [-0.5       ],
       [-0.5       ],
       [-0.5       ],
       [-0.5       ],
       [-0.5       ],
       [-0.5       ],
       [-0.5       ],
       [-0.5       ],
       [-0.5       ],
       [-0.5       ],
       [-0.5       ],
       [-0.5       ],
       [-0.5       ],
       [ 0.0083727 ],
       [-0.5       ],
       [-0.5       ],
       [-0.5       ],
       [ 0.02007446],
       [-0.5       ],
       [-0.5       ],
       [-0.50003532],
       [-0.50000003],
       [-0.5       ],
       [ 0.00157951],
       [-0.5       ],
       [-0.5       ],
       [-0.50000491],
       [-0.5       ],
       [-0.5       ],
       [-0.5       ]])
array([[-49.40628011],
       [-49.72258204],
       [-47.63890839],
       [-48.63832075],
       [-48.86722473],
       [-39.6862232 ],
       [-49.30517392],
       [-49.03678957],
       [-49.02707462],
       [-41.84624132],
       [-49.48391653],
       [-41.14023787],
       [-48.71186381],
       [-49.49357747],
       [-47.73507217],
       [-45.45518359],
       [-49.33109651],
       [-48.89211234],
       [-48.09650561],
       [-49.3022393 ],
       [-47.97471875],
       [-49.45787038],
       [-47.69130401],
       [  0.88205975],
       [-49.06643956],
       [-49.54150834],
       [-47.82292525],
       [ -1.07459743],
       [-49.20077747],
       [-49.31684313],
       [-19.41170833],
       [-27.51588551],
       [-48.82849309],
       [ -0.26155492],
       [-48.8183948 ],
       [-49.07785722],
       [-23.18368097],
       [-48.4576533 ],
       [-47.64551663],
       [-48.78686268]])
<<<<<<<<<<< STEP 43 >>>>>>>>>>>> + array([[-0.5       ],
       [-0.5       ],
       [-0.5       ],
       [-0.5       ],
       [-0.5       ],
       [-0.5       ],
       [-0.5       ],
       [-0.5       ],
       [-0.5       ],
       [-0.5       ],
       [-0.5       ],
       [-0.5       ],
       [-0.5       ],
       [-0.5       ],
       [-0.5       ],
       [-0.5       ],
       [-0.5       ],
       [-0.5       ],
       [-0.5       ],
       [-0.5       ],
       [-0.5       ],
       [-0.5       ],
       [-0.5       ],
       [ 0.00828503],
       [-0.5       ],
       [-0.5       ],
       [-0.5       ],
       [ 0.01967569],
       [-0.5       ],
       [-0.5       ],
       [-0.50002737],
       [-0.50000002],
       [-0.5       ],
       [ 0.00162071],
       [-0.5       ],
       [-0.5       ],
       [-0.50000379],
       [-0.5       ],
       [-0.5       ],
       [-0.5       ]])
array([[-49.90628011],
       [-50.22258204],
       [-48.13890839],
       [-49.13832075],
       [-49.36722473],
       [-40.1862232 ],
       [-49.80517392],
       [-49.53678957],
       [-49.52707462],
       [-42.34624132],
       [-49.98391653],
       [-41.64023787],
       [-49.21186381],
       [-49.99357747],
       [-48.23507217],
       [-45.95518359],
       [-49.83109651],
       [-49.39211234],
       [-48.59650561],
       [-49.8022393 ],
       [-48.47471875],
       [-49.95787038],
       [-48.19130401],
       [  0.89034478],
       [-49.56643956],
       [-50.04150834],
       [-48.32292525],
       [ -1.05492174],
       [-49.70077747],
       [-49.81684313],
       [-19.9117357 ],
       [-28.01588554],
       [-49.32849309],
       [ -0.25993421],
       [-49.3183948 ],
       [-49.57785722],
       [-23.68368476],
       [-48.9576533 ],
       [-48.14551663],
       [-49.28686268]])
<<<<<<<<<<< STEP 44 >>>>>>>>>>>> + array([[-0.5       ],
       [-0.5       ],
       [-0.5       ],
       [-0.5       ],
       [-0.5       ],
       [-0.5       ],
       [-0.5       ],
       [-0.5       ],
       [-0.5       ],
       [-0.5       ],
       [-0.5       ],
       [-0.5       ],
       [-0.5       ],
       [-0.5       ],
       [-0.5       ],
       [-0.5       ],
       [-0.5       ],
       [-0.5       ],
       [-0.5       ],
       [-0.5       ],
       [-0.5       ],
       [-0.5       ],
       [-0.5       ],
       [ 0.00819935],
       [-0.5       ],
       [-0.5       ],
       [-0.5       ],
       [ 0.01929083],
       [-0.5       ],
       [-0.5       ],
       [-0.5000212 ],
       [-0.50000002],
       [-0.5       ],
       [ 0.00166005],
       [-0.5       ],
       [-0.5       ],
       [-0.50000292],
       [-0.5       ],
       [-0.5       ],
       [-0.5       ]])
array([[-50.40628011],
       [-50.72258204],
       [-48.63890839],
       [-49.63832075],
       [-49.86722473],
       [-40.6862232 ],
       [-50.30517392],
       [-50.03678957],
       [-50.02707462],
       [-42.84624132],
       [-50.48391653],
       [-42.14023787],
       [-49.71186381],
       [-50.49357747],
       [-48.73507217],
       [-46.45518359],
       [-50.33109651],
       [-49.89211234],
       [-49.09650561],
       [-50.3022393 ],
       [-48.97471875],
       [-50.45787038],
       [-48.69130401],
       [  0.89854413],
       [-50.06643956],
       [-50.54150834],
       [-48.82292525],
       [ -1.03563092],
       [-50.20077747],
       [-50.31684313],
       [-20.4117569 ],
       [-28.51588556],
       [-49.82849309],
       [ -0.25827416],
       [-49.8183948 ],
       [-50.07785722],
       [-24.18368769],
       [-49.4576533 ],
       [-48.64551663],
       [-49.78686268]])
<<<<<<<<<<< STEP 45 >>>>>>>>>>>> + array([[-0.5       ],
       [-0.5       ],
       [-0.5       ],
       [-0.5       ],
       [-0.5       ],
       [-0.5       ],
       [-0.5       ],
       [-0.5       ],
       [-0.5       ],
       [-0.5       ],
       [-0.5       ],
       [-0.5       ],
       [-0.5       ],
       [-0.5       ],
       [-0.5       ],
       [-0.5       ],
       [-0.5       ],
       [-0.5       ],
       [-0.5       ],
       [-0.5       ],
       [-0.5       ],
       [-0.5       ],
       [-0.5       ],
       [ 0.00811559],
       [-0.5       ],
       [-0.5       ],
       [-0.5       ],
       [ 0.0189194 ],
       [-0.5       ],
       [-0.5       ],
       [-0.50001642],
       [-0.50000001],
       [-0.5       ],
       [ 0.0016977 ],
       [-0.5       ],
       [-0.5       ],
       [-0.50000226],
       [-0.5       ],
       [-0.5       ],
       [-0.5       ]])
array([[-50.90628011],
       [-51.22258204],
       [-49.13890839],
       [-50.13832075],
       [-50.36722473],
       [-41.1862232 ],
       [-50.80517392],
       [-50.53678957],
       [-50.52707462],
       [-43.34624132],
       [-50.98391653],
       [-42.64023787],
       [-50.21186381],
       [-50.99357747],
       [-49.23507217],
       [-46.95518359],
       [-50.83109651],
       [-50.39211234],
       [-49.59650561],
       [-50.8022393 ],
       [-49.47471875],
       [-50.95787038],
       [-49.19130401],
       [  0.90665971],
       [-50.56643956],
       [-51.04150834],
       [-49.32292525],
       [ -1.01671152],
       [-50.70077747],
       [-50.81684313],
       [-20.91177332],
       [-29.01588557],
       [-50.32849309],
       [ -0.25657646],
       [-50.3183948 ],
       [-50.57785722],
       [-24.68368994],
       [-49.9576533 ],
       [-49.14551663],
       [-50.28686268]])
<<<<<<<<<<< STEP 46 >>>>>>>>>>>> + array([[-0.5       ],
       [-0.5       ],
       [-0.5       ],
       [-0.5       ],
       [-0.5       ],
       [-0.5       ],
       [-0.5       ],
       [-0.5       ],
       [-0.5       ],
       [-0.5       ],
       [-0.5       ],
       [-0.5       ],
       [-0.5       ],
       [-0.5       ],
       [-0.5       ],
       [-0.5       ],
       [-0.5       ],
       [-0.5       ],
       [-0.5       ],
       [-0.5       ],
       [-0.5       ],
       [-0.5       ],
       [-0.5       ],
       [ 0.00803369],
       [-0.5       ],
       [-0.5       ],
       [-0.5       ],
       [ 0.0185609 ],
       [-0.5       ],
       [-0.5       ],
       [-0.50001272],
       [-0.50000001],
       [-0.5       ],
       [ 0.00173379],
       [-0.5       ],
       [-0.5       ],
       [-0.50000174],
       [-0.5       ],
       [-0.5       ],
       [-0.5       ]])
array([[-51.40628011],
       [-51.72258204],
       [-49.63890839],
       [-50.63832075],
       [-50.86722473],
       [-41.6862232 ],
       [-51.30517392],
       [-51.03678957],
       [-51.02707462],
       [-43.84624132],
       [-51.48391653],
       [-43.14023787],
       [-50.71186381],
       [-51.49357747],
       [-49.73507217],
       [-47.45518359],
       [-51.33109651],
       [-50.89211234],
       [-50.09650561],
       [-51.3022393 ],
       [-49.97471875],
       [-51.45787038],
       [-49.69130401],
       [  0.91469341],
       [-51.06643956],
       [-51.54150834],
       [-49.82292525],
       [ -0.99815062],
       [-51.20077747],
       [-51.31684313],
       [-21.41178604],
       [-29.51588558],
       [-50.82849309],
       [ -0.25484266],
       [-50.8183948 ],
       [-51.07785722],
       [-25.18369169],
       [-50.4576533 ],
       [-49.64551663],
       [-50.78686268]])
<<<<<<<<<<< STEP 47 >>>>>>>>>>>> + array([[-0.5       ],
       [-0.5       ],
       [-0.5       ],
       [-0.5       ],
       [-0.5       ],
       [-0.5       ],
       [-0.5       ],
       [-0.5       ],
       [-0.5       ],
       [-0.5       ],
       [-0.5       ],
       [-0.5       ],
       [-0.5       ],
       [-0.5       ],
       [-0.5       ],
       [-0.5       ],
       [-0.5       ],
       [-0.5       ],
       [-0.5       ],
       [-0.5       ],
       [-0.5       ],
       [-0.5       ],
       [-0.5       ],
       [ 0.00795361],
       [-0.5       ],
       [-0.5       ],
       [-0.5       ],
       [ 0.01821481],
       [-0.5       ],
       [-0.5       ],
       [-0.50000985],
       [-0.50000001],
       [-0.5       ],
       [ 0.00176844],
       [-0.5       ],
       [-0.5       ],
       [-0.50000134],
       [-0.5       ],
       [-0.5       ],
       [-0.5       ]])
array([[-51.90628011],
       [-52.22258204],
       [-50.13890839],
       [-51.13832075],
       [-51.36722473],
       [-42.1862232 ],
       [-51.80517392],
       [-51.53678957],
       [-51.52707462],
       [-44.34624132],
       [-51.98391653],
       [-43.64023787],
       [-51.21186381],
       [-51.99357747],
       [-50.23507217],
       [-47.95518359],
       [-51.83109651],
       [-51.39211234],
       [-50.59650561],
       [-51.8022393 ],
       [-50.47471875],
       [-51.95787038],
       [-50.19130401],
       [  0.92264702],
       [-51.56643956],
       [-52.04150834],
       [-50.32292525],
       [ -0.97993581],
       [-51.70077747],
       [-51.81684313],
       [-21.91179589],
       [-30.01588559],
       [-51.32849309],
       [ -0.25307423],
       [-51.3183948 ],
       [-51.57785722],
       [-25.68369303],
       [-50.9576533 ],
       [-50.14551663],
       [-51.28686268]])
<<<<<<<<<<< STEP 48 >>>>>>>>>>>> + array([[-0.5       ],
       [-0.5       ],
       [-0.5       ],
       [-0.5       ],
       [-0.5       ],
       [-0.5       ],
       [-0.5       ],
       [-0.5       ],
       [-0.5       ],
       [-0.5       ],
       [-0.5       ],
       [-0.5       ],
       [-0.5       ],
       [-0.5       ],
       [-0.5       ],
       [-0.5       ],
       [-0.5       ],
       [-0.5       ],
       [-0.5       ],
       [-0.5       ],
       [-0.5       ],
       [-0.5       ],
       [-0.5       ],
       [ 0.00787529],
       [-0.5       ],
       [-0.5       ],
       [-0.5       ],
       [ 0.01788062],
       [-0.5       ],
       [-0.5       ],
       [-0.50000763],
       [-0.50000001],
       [-0.5       ],
       [ 0.00180173],
       [-0.5       ],
       [-0.5       ],
       [-0.50000104],
       [-0.5       ],
       [-0.5       ],
       [-0.5       ]])
array([[-52.40628011],
       [-52.72258204],
       [-50.63890839],
       [-51.63832075],
       [-51.86722473],
       [-42.6862232 ],
       [-52.30517392],
       [-52.03678957],
       [-52.02707462],
       [-44.84624132],
       [-52.48391653],
       [-44.14023787],
       [-51.71186381],
       [-52.49357747],
       [-50.73507217],
       [-48.45518359],
       [-52.33109651],
       [-51.89211234],
       [-51.09650561],
       [-52.3022393 ],
       [-50.97471875],
       [-52.45787038],
       [-50.69130401],
       [  0.93052231],
       [-52.06643956],
       [-52.54150834],
       [-50.82292525],
       [ -0.96205519],
       [-52.20077747],
       [-52.31684313],
       [-22.41180351],
       [-30.51588559],
       [-51.82849309],
       [ -0.25127249],
       [-51.8183948 ],
       [-52.07785722],
       [-26.18369407],
       [-51.4576533 ],
       [-50.64551663],
       [-51.78686268]])
<<<<<<<<<<< STEP 49 >>>>>>>>>>>> + array([[-0.5       ],
       [-0.5       ],
       [-0.5       ],
       [-0.5       ],
       [-0.5       ],
       [-0.5       ],
       [-0.5       ],
       [-0.5       ],
       [-0.5       ],
       [-0.5       ],
       [-0.5       ],
       [-0.5       ],
       [-0.5       ],
       [-0.5       ],
       [-0.5       ],
       [-0.5       ],
       [-0.5       ],
       [-0.5       ],
       [-0.5       ],
       [-0.5       ],
       [-0.5       ],
       [-0.5       ],
       [-0.5       ],
       [ 0.00779866],
       [-0.5       ],
       [-0.5       ],
       [-0.5       ],
       [ 0.01755781],
       [-0.5       ],
       [-0.5       ],
       [-0.50000591],
       [-0.5       ],
       [-0.5       ],
       [ 0.00183376],
       [-0.5       ],
       [-0.5       ],
       [-0.5000008 ],
       [-0.5       ],
       [-0.5       ],
       [-0.5       ]])
array([[-52.90628011],
       [-53.22258204],
       [-51.13890839],
       [-52.13832075],
       [-52.36722473],
       [-43.1862232 ],
       [-52.80517392],
       [-52.53678957],
       [-52.52707462],
       [-45.34624132],
       [-52.98391653],
       [-44.64023787],
       [-52.21186381],
       [-52.99357747],
       [-51.23507217],
       [-48.95518359],
       [-52.83109651],
       [-52.39211234],
       [-51.59650561],
       [-52.8022393 ],
       [-51.47471875],
       [-52.95787038],
       [-51.19130401],
       [  0.93832097],
       [-52.56643956],
       [-53.04150834],
       [-51.32292525],
       [ -0.94449738],
       [-52.70077747],
       [-52.81684313],
       [-22.91180942],
       [-31.0158856 ],
       [-52.32849309],
       [ -0.24943874],
       [-52.3183948 ],
       [-52.57785722],
       [-26.68369487],
       [-51.9576533 ],
       [-51.14551663],
       [-52.28686268]])
