<<<<<<<<<<< STEP 0 >>>>>>>>>>>> + array([[-0.51947299],
       [-0.05973638],
       [-0.01087333],
       [-0.52212708],
       [-0.54100957],
       [-0.50767816],
       [-0.51835218],
       [ 0.02695577],
       [-0.53723657],
       [-0.53851501],
       [-0.5388982 ],
       [-0.51191565],
       [-0.04787876],
       [-0.51819994],
       [-0.53917251],
       [-0.52738407],
       [-0.48984177],
       [-0.48243522],
       [-0.53204859],
       [-0.49879759],
       [ 0.03789286],
       [-0.51392236],
       [ 0.03514648],
       [-0.5277214 ],
       [ 0.04394684],
       [ 0.04243118],
       [-0.51349915],
       [-0.06224217],
       [-0.49740655],
       [-0.50233348],
       [-0.52895237],
       [-0.5220821 ],
       [-0.53550683],
       [-0.53523899],
       [-0.5386647 ],
       [-0.53523257],
       [-0.48794422],
       [-0.5393482 ],
       [-0.53237826],
       [-0.52400701]])
array([[-7.31997084],
       [-0.88674875],
       [-1.90618455],
       [-7.19248189],
       [-7.59048256],
       [-7.1041541 ],
       [-7.34799492],
       [-0.14368499],
       [-7.8628834 ],
       [-8.4810374 ],
       [-8.13013399],
       [-6.8161432 ],
       [-1.45221704],
       [-7.81407439],
       [-7.18282091],
       [-7.69121722],
       [-6.06280987],
       [-5.73024426],
       [-8.23055879],
       [-6.12877646],
       [ 0.89066342],
       [-7.197646  ],
       [ 1.38781245],
       [-8.2145761 ],
       [ 0.10555822],
       [ 0.48402533],
       [-7.27504822],
       [-1.149984  ],
       [-6.25070058],
       [-7.33113241],
       [-7.43852645],
       [-7.9231243 ],
       [-8.10210182],
       [-8.26418001],
       [-7.74849066],
       [-8.17794465],
       [-6.67923347],
       [-7.90839074],
       [-8.20061874],
       [-8.07766435]])
<<<<<<<<<<< STEP 1 >>>>>>>>>>>> + array([[-0.51435282],
       [-0.04318446],
       [ 0.01561187],
       [-0.51671104],
       [-0.52886864],
       [-0.50523124],
       [-0.51292346],
       [ 0.03567242],
       [-0.5271633 ],
       [-0.52751068],
       [-0.52853235],
       [-0.507459  ],
       [-0.02981958],
       [-0.51352459],
       [-0.52833777],
       [-0.51940387],
       [-0.49043642],
       [-0.48906159],
       [-0.5226432 ],
       [-0.50120032],
       [ 0.03492209],
       [-0.50957859],
       [ 0.02801114],
       [-0.51974434],
       [ 0.04373653],
       [ 0.04390003],
       [-0.50880561],
       [-0.04561658],
       [-0.50019178],
       [-0.50059827],
       [-0.52008842],
       [-0.5149426 ],
       [-0.52593939],
       [-0.52561949],
       [-0.52828603],
       [-0.52528884],
       [-0.48889231],
       [-0.52871488],
       [-0.52309118],
       [-0.51676205]])
array([[-7.83432366],
       [-0.92993321],
       [-1.89057269],
       [-7.70919294],
       [-8.1193512 ],
       [-7.60938533],
       [-7.86091838],
       [-0.10801257],
       [-8.39004671],
       [-9.00854809],
       [-8.65866634],
       [-7.32360221],
       [-1.48203663],
       [-8.32759899],
       [-7.71115868],
       [-8.2106211 ],
       [-6.55324629],
       [-6.21930585],
       [-8.75320198],
       [-6.62997678],
       [ 0.92558551],
       [-7.70722459],
       [ 1.41582359],
       [-8.73432045],
       [ 0.14929475],
       [ 0.52792536],
       [-7.78385383],
       [-1.19560059],
       [-6.75089236],
       [-7.83173069],
       [-7.95861487],
       [-8.4380669 ],
       [-8.6280412 ],
       [-8.78979949],
       [-8.27677669],
       [-8.70323349],
       [-7.16812578],
       [-8.43710562],
       [-8.72370992],
       [-8.5944264 ]])
<<<<<<<<<<< STEP 2 >>>>>>>>>>>> + array([[-0.51066621],
       [-0.02906564],
       [ 0.03383368],
       [-0.51264612],
       [-0.52051896],
       [-0.50362575],
       [-0.50919437],
       [ 0.04174347],
       [-0.5199419 ],
       [-0.51983854],
       [-0.52104999],
       [-0.50466073],
       [-0.01519143],
       [-0.51014382],
       [-0.52063548],
       [-0.51389712],
       [-0.49152197],
       [-0.49338905],
       [-0.51614813],
       [-0.50232303],
       [ 0.03244706],
       [-0.50668931],
       [ 0.02287429],
       [-0.51419079],
       [ 0.04302906],
       [ 0.04459295],
       [-0.50579021],
       [-0.03142202],
       [-0.50162809],
       [-0.49975036],
       [-0.5140418 ],
       [-0.51019999],
       [-0.51907238],
       [-0.51876995],
       [-0.52082398],
       [-0.51830239],
       [-0.4903336 ],
       [-0.52108757],
       [-0.5166271 ],
       [-0.51182527]])
array([[-8.34498987],
       [-0.95899885],
       [-1.85673901],
       [-8.22183905],
       [-8.63987016],
       [-8.11301108],
       [-8.37011275],
       [-0.06626909],
       [-8.90998861],
       [-9.52838663],
       [-9.17971633],
       [-7.82826293],
       [-1.49722806],
       [-8.83774281],
       [-8.23179417],
       [-8.72451822],
       [-7.04476826],
       [-6.71269491],
       [-9.26935012],
       [-7.13229981],
       [ 0.95803257],
       [-8.2139139 ],
       [ 1.43869788],
       [-9.24851123],
       [ 0.19232382],
       [ 0.5725183 ],
       [-8.28964404],
       [-1.22702261],
       [-7.25252045],
       [-8.33148104],
       [-8.47265667],
       [-8.94826689],
       [-9.14711358],
       [-9.30856945],
       [-8.79760067],
       [-9.22153588],
       [-7.65845938],
       [-8.95819319],
       [-9.24033702],
       [-9.10625167]])
<<<<<<<<<<< STEP 3 >>>>>>>>>>>> + array([[-0.50797768],
       [-0.01735515],
       [ 0.04581799],
       [-0.50958847],
       [-0.51472874],
       [-0.5025489 ],
       [-0.50660687],
       [ 0.04574478],
       [-0.51473349],
       [-0.51443639],
       [-0.51561909],
       [-0.50291319],
       [-0.00361607],
       [-0.50765706],
       [-0.51513179],
       [-0.51005396],
       [-0.49277222],
       [-0.49612061],
       [-0.51162525],
       [-0.50267925],
       [ 0.03038057],
       [-0.50473596],
       [ 0.0191415 ],
       [-0.51028906],
       [ 0.04205325],
       [ 0.04470773],
       [-0.503844  ],
       [-0.01964744],
       [-0.50222023],
       [-0.49938638],
       [-0.50990374],
       [-0.50703379],
       [-0.51411231],
       [-0.51385064],
       [-0.51542711],
       [-0.51335446],
       [-0.49188143],
       [-0.51558293],
       [-0.51208285],
       [-0.508431  ]])
array([[ -8.85296755],
       [ -0.976354  ],
       [ -1.81092102],
       [ -8.73142752],
       [ -9.15459891],
       [ -8.61555998],
       [ -8.87671962],
       [ -0.02052432],
       [ -9.4247221 ],
       [-10.04282302],
       [ -9.69533541],
       [ -8.33117612],
       [ -1.50084413],
       [ -9.34539987],
       [ -8.74692595],
       [ -9.23457218],
       [ -7.53754048],
       [ -7.20881551],
       [ -9.78097537],
       [ -7.63497906],
       [  0.98841314],
       [ -8.71864986],
       [  1.45783937],
       [ -9.75880029],
       [  0.23437707],
       [  0.61722603],
       [ -8.79348803],
       [ -1.24667005],
       [ -7.75474068],
       [ -8.83086742],
       [ -8.98256042],
       [ -9.45530068],
       [ -9.66122589],
       [ -9.82242008],
       [ -9.31302778],
       [ -9.73489034],
       [ -8.15034081],
       [ -9.47377611],
       [ -9.75241987],
       [ -9.61468268]])
<<<<<<<<<<< STEP 4 >>>>>>>>>>>> + array([[-0.50599792],
       [-0.0078341 ],
       [ 0.05318927],
       [-0.50728339],
       [-0.51067147],
       [-0.5018141 ],
       [-0.5047916 ],
       [ 0.04817568],
       [-0.51094881],
       [-0.51059172],
       [-0.5116505 ],
       [-0.50182381],
       [ 0.00536623],
       [-0.50580684],
       [-0.51116951],
       [-0.50734   ],
       [-0.49399954],
       [-0.49780423],
       [-0.50844378],
       [-0.50262187],
       [ 0.02864432],
       [-0.50339483],
       [ 0.01642062],
       [-0.5075208 ],
       [ 0.04093707],
       [ 0.04440468],
       [-0.50257874],
       [-0.01007768],
       [-0.5023309 ],
       [-0.49927752],
       [-0.50705062],
       [-0.50490261],
       [-0.51050249],
       [-0.51028616],
       [-0.51149487],
       [-0.50981747],
       [-0.49334113],
       [-0.51158071],
       [-0.50885406],
       [-0.50607203]])
array([[ -9.35896547],
       [ -0.9841881 ],
       [ -1.75773175],
       [ -9.23871091],
       [ -9.66527038],
       [ -9.11737408],
       [ -9.38151122],
       [  0.02765137],
       [ -9.93567091],
       [-10.55341474],
       [-10.20698591],
       [ -8.83299993],
       [ -1.49547789],
       [ -9.85120671],
       [ -9.25809546],
       [ -9.74191219],
       [ -8.03154002],
       [ -7.70661974],
       [-10.28941914],
       [ -8.13760093],
       [  1.01705746],
       [ -9.22204469],
       [  1.47425999],
       [-10.2663211 ],
       [  0.27531413],
       [  0.66163071],
       [ -9.29606678],
       [ -1.25674774],
       [ -8.25707158],
       [ -9.33014494],
       [ -9.48961103],
       [ -9.96020328],
       [-10.17172838],
       [-10.33270625],
       [ -9.82452265],
       [-10.24470781],
       [ -8.64368194],
       [ -9.98535683],
       [-10.26127393],
       [-10.1207547 ]])
<<<<<<<<<<< STEP 5 >>>>>>>>>>>> + array([[ -5.04528802e-01],
       [ -2.05707463e-04],
       [  5.72110808e-02],
       [ -5.05541768e-01],
       [ -5.07797133e-01],
       [ -5.01305426e-01],
       [ -5.03503917e-01],
       [  4.94425359e-02],
       [ -5.08177737e-01],
       [ -5.07826737e-01],
       [ -5.08730467e-01],
       [ -5.01144396e-01],
       [  1.22154465e-02],
       [ -5.04419198e-01],
       [ -5.08293546e-01],
       [ -5.05401463e-01],
       [ -4.95110315e-01],
       [ -4.98821799e-01],
       [ -5.06182197e-01],
       [ -5.02368457e-01],
       [  2.71724104e-02],
       [ -5.02460571e-01],
       [  1.44430187e-02],
       [ -5.05537360e-01],
       [  3.97539473e-02],
       [  4.38082049e-02],
       [ -5.01748750e-01],
       [ -2.41410207e-03],
       [ -5.02192554e-01],
       [ -4.99295537e-01],
       [ -5.05064567e-01],
       [ -5.03453515e-01],
       [ -5.07855374e-01],
       [ -5.07681444e-01],
       [ -5.08608042e-01],
       [ -5.07265129e-01],
       [ -4.94627938e-01],
       [ -5.08649061e-01],
       [ -5.06535844e-01],
       [ -5.04413740e-01]])
array([[ -9.86349428],
       [ -0.98439381],
       [ -1.70052067],
       [ -9.74425268],
       [-10.17306752],
       [ -9.61867951],
       [ -9.88501513],
       [  0.0770939 ],
       [-10.44384864],
       [-11.06124148],
       [-10.71571638],
       [ -9.33414433],
       [ -1.48326245],
       [-10.35562591],
       [ -9.76638901],
       [-10.24731365],
       [ -8.52665033],
       [ -8.20544154],
       [-10.79560134],
       [ -8.63996939],
       [  1.04422987],
       [ -9.72450526],
       [  1.48870301],
       [-10.77185846],
       [  0.31506808],
       [  0.70543892],
       [ -9.79781553],
       [ -1.25916184],
       [ -8.75926413],
       [ -9.82944047],
       [ -9.9946756 ],
       [-10.4636568 ],
       [-10.67958376],
       [-10.84038769],
       [-10.3331307 ],
       [-10.75197294],
       [ -9.13830987],
       [-10.49400589],
       [-10.76780977],
       [-10.62516844]])
<<<<<<<<<<< STEP 6 >>>>>>>>>>>> + array([[-0.50343166],
       [ 0.00583792],
       [ 0.0588497 ],
       [-0.50422298],
       [-0.50573908],
       [-0.50094874],
       [-0.50258086],
       [ 0.04986349],
       [-0.50613447],
       [-0.50581899],
       [-0.50656813],
       [-0.50071987],
       [ 0.01734978],
       [-0.50337238],
       [-0.50618957],
       [-0.50400216],
       [-0.49606832],
       [-0.4994245 ],
       [-0.50455815],
       [-0.50204323],
       [ 0.02591149],
       [-0.50180091],
       [ 0.01301799],
       [-0.50410294],
       [ 0.03854784],
       [ 0.0430123 ],
       [-0.50119876],
       [ 0.00365483],
       [-0.50194363],
       [-0.49936996],
       [-0.50366791],
       [-0.50245729],
       [-0.50590057],
       [-0.50576336],
       [-0.50647375],
       [-0.50540696],
       [-0.49571724],
       [-0.50648676],
       [-0.50485518],
       [-0.50323484]])
array([[-10.36692594],
       [ -0.97855589],
       [ -1.64167097],
       [-10.24847566],
       [-10.6788066 ],
       [-10.11962824],
       [-10.38759599],
       [  0.12695739],
       [-10.94998311],
       [-11.56706047],
       [-11.22228451],
       [ -9.8348642 ],
       [ -1.46591267],
       [-10.85899829],
       [-10.27257858],
       [-10.75131581],
       [ -9.02271865],
       [ -8.70486604],
       [-11.30015949],
       [ -9.14201262],
       [  1.07014136],
       [-10.22630616],
       [  1.501721  ],
       [-11.2759614 ],
       [  0.35361592],
       [  0.74845121],
       [-10.29901429],
       [ -1.25550701],
       [ -9.26120777],
       [-10.32881044],
       [-10.49834351],
       [-10.96611409],
       [-11.18548433],
       [-11.34615105],
       [-10.83960445],
       [-11.2573799 ],
       [ -9.63402711],
       [-11.00049265],
       [-11.27266495],
       [-11.12840329]])
<<<<<<<<<<< STEP 7 >>>>>>>>>>>> + array([[-0.50260795],
       [ 0.01058172],
       [ 0.05883446],
       [-0.50322232],
       [-0.50425106],
       [-0.50069564],
       [-0.50191283],
       [ 0.04968146],
       [-0.50461846],
       [-0.50434861],
       [-0.50495778],
       [-0.5004539 ],
       [ 0.0211285 ],
       [-0.50257912],
       [-0.50463937],
       [-0.5029826 ],
       [-0.49686931],
       [-0.49977237],
       [-0.50338104],
       [-0.50171217],
       [ 0.02481924],
       [-0.50132931],
       [ 0.01200602],
       [-0.50305672],
       [ 0.03734626],
       [ 0.04208668],
       [-0.50083042],
       [ 0.0084175 ],
       [-0.50166165],
       [-0.49946326],
       [-0.50267588],
       [-0.50176469],
       [-0.50444811],
       [-0.50434133],
       [-0.50488605],
       [-0.50404344],
       [-0.49661523],
       [-0.50488224],
       [-0.50362609],
       [-0.50238789]])
array([[-10.86953389],
       [ -0.96797417],
       [ -1.58283651],
       [-10.75169797],
       [-11.18305765],
       [-10.62032388],
       [-10.88950882],
       [  0.17663885],
       [-11.45460157],
       [-12.07140908],
       [-11.72724229],
       [-10.3353181 ],
       [ -1.44478417],
       [-11.36157741],
       [-10.77721795],
       [-11.25429841],
       [ -9.51958796],
       [ -9.20463841],
       [-11.80354053],
       [ -9.64372479],
       [  1.0949606 ],
       [-10.72763548],
       [  1.51372703],
       [-11.77901812],
       [  0.39096218],
       [  0.79053789],
       [-10.79984472],
       [ -1.24708951],
       [ -9.76286941],
       [-10.82827369],
       [-11.00101939],
       [-11.46787877],
       [-11.68993243],
       [-11.85049237],
       [-11.3444905 ],
       [-11.76142334],
       [-10.13064234],
       [-11.50537489],
       [-11.77629104],
       [-11.63079117]])
<<<<<<<<<<< STEP 8 >>>>>>>>>>>> + array([[-0.50198676],
       [ 0.01427353],
       [ 0.05770877],
       [-0.50246163],
       [-0.50316583],
       [-0.50051404],
       [-0.50142525],
       [ 0.0490788 ],
       [-0.50348767],
       [-0.50326383],
       [-0.50375264],
       [-0.50028678],
       [ 0.02384911],
       [-0.50197588],
       [-0.5034901 ],
       [-0.50223365],
       [-0.49752511],
       [-0.4999656 ],
       [-0.50252081],
       [-0.50140707],
       [ 0.02386247],
       [-0.50098837],
       [ 0.0113027 ],
       [-0.50228788],
       [ 0.03616702],
       [ 0.04108238],
       [-0.50058105],
       [ 0.01212437],
       [-0.50138706],
       [-0.49955645],
       [-0.50196471],
       [-0.50127792],
       [-0.50336321],
       [-0.50328095],
       [-0.50369869],
       [-0.50303601],
       [-0.49734216],
       [-0.50368545],
       [-0.50272041],
       [-0.50177358]])
array([[-11.37152065],
       [ -0.95370064],
       [ -1.52512774],
       [-11.2541596 ],
       [-11.68622349],
       [-11.12083793],
       [-11.39093407],
       [  0.22571764],
       [-11.95808925],
       [-12.57467291],
       [-12.23099493],
       [-10.83560488],
       [ -1.42093506],
       [-11.8635533 ],
       [-11.28070805],
       [-11.75653206],
       [-10.01711307],
       [ -9.70460401],
       [-12.30606134],
       [-10.14513186],
       [  1.11882306],
       [-11.22862385],
       [  1.52502973],
       [-12.281306  ],
       [  0.4271292 ],
       [  0.83162027],
       [-11.30042576],
       [ -1.23496514],
       [-10.26425648],
       [-11.32783015],
       [-11.5029841 ],
       [-11.9691567 ],
       [-12.19329564],
       [-12.35377332],
       [-11.84818919],
       [-12.26445935],
       [-10.6279845 ],
       [-12.00906034],
       [-12.27901145],
       [-12.13256475]])
<<<<<<<<<<< STEP 9 >>>>>>>>>>>> + array([[-0.50151655],
       [ 0.01712111],
       [ 0.05587173],
       [-0.50188241],
       [-0.50236842],
       [-0.50038241],
       [-0.50106674],
       [ 0.04819064],
       [-0.50264045],
       [-0.50245852],
       [-0.50284705],
       [-0.50018146],
       [ 0.0257519 ],
       [-0.50151583],
       [-0.50263356],
       [-0.50167964],
       [-0.49805417],
       [-0.50006624],
       [-0.50188764],
       [-0.50114067],
       [ 0.02301528],
       [-0.50073942],
       [ 0.01082871],
       [-0.50171916],
       [ 0.03502183],
       [ 0.04003632],
       [-0.5004104 ],
       [ 0.01498489],
       [-0.50113883],
       [-0.49964085],
       [-0.50145061],
       [-0.50093233],
       [-0.50254927],
       [-0.50248637],
       [-0.50280681],
       [-0.50228733],
       [-0.49792303],
       [-0.50278892],
       [-0.50204868],
       [-0.50132425]])
array([[-11.8730372 ],
       [ -0.93657953],
       [ -1.46925601],
       [-11.75604201],
       [-12.18859191],
       [-11.62122034],
       [-11.89200081],
       [  0.27390828],
       [-12.4607297 ],
       [-13.07713143],
       [-12.73384198],
       [-11.33578635],
       [ -1.39518317],
       [-12.36506913],
       [-11.78334161],
       [-12.2582117 ],
       [-10.51516724],
       [-10.20467025],
       [-12.80794898],
       [-10.64627253],
       [  1.14183834],
       [-11.72936327],
       [  1.53585844],
       [-12.78302516],
       [  0.46215103],
       [  0.8716566 ],
       [-11.80083616],
       [ -1.21998025],
       [-10.76539531],
       [-11.827471  ],
       [-12.0044347 ],
       [-12.47008903],
       [-12.69584491],
       [-12.85625969],
       [-12.350996  ],
       [-12.76674668],
       [-11.12590753],
       [-12.51184926],
       [-12.78106013],
       [-12.633889  ]])
