<<<<<<<<<<< STEP 0 >>>>>>>>>>>> + array([[-0.55041197],
       [-0.53938955],
       [-0.55037754],
       [-0.54749796],
       [-0.55747834],
       [-0.54269712],
       [-0.54337358],
       [ 0.03335572],
       [-0.45281285],
       [-0.30054243],
       [-0.54317013],
       [-0.4060938 ],
       [-0.55363858],
       [-0.54321335],
       [-0.02564278],
       [-0.55902333],
       [-0.55174479],
       [-0.54520129],
       [-0.54471156],
       [-0.54382867],
       [-0.55510822],
       [-0.54688267],
       [-0.63105109],
       [-0.55239416],
       [-0.54486159],
       [-0.55537163],
       [-0.56564147],
       [-0.55243861],
       [-0.52459782],
       [-0.52782029],
       [-0.53774203],
       [-0.25906283],
       [-0.0164292 ],
       [-0.54928085],
       [-0.49462572],
       [-0.55411197],
       [-0.54471435],
       [-0.64786293],
       [-0.01121669],
       [-0.54090152]])
array([[-6.29506492],
       [-8.86211408],
       [-9.04811085],
       [-9.05006895],
       [-9.50993185],
       [-8.90888961],
       [-8.96705708],
       [ 0.31604529],
       [-2.66129272],
       [-1.67610173],
       [-7.33382055],
       [-2.43567925],
       [-9.10139391],
       [-8.91877958],
       [-0.62273433],
       [-9.14659465],
       [-9.09189267],
       [-8.96720908],
       [-8.94759083],
       [-7.6073628 ],
       [-7.73183032],
       [-9.01532731],
       [-3.39378716],
       [-9.1652692 ],
       [-7.29589267],
       [-9.19158889],
       [-9.33211533],
       [-9.10214397],
       [-7.16247521],
       [-7.32689069],
       [-8.86787839],
       [-1.82710902],
       [-0.38732315],
       [-9.00972634],
       [-7.03899845],
       [-9.15629229],
       [-7.69127106],
       [-3.54719254],
       [-0.3612687 ],
       [-8.88054927]])
<<<<<<<<<<< STEP 1 >>>>>>>>>>>> + array([[-0.54747511],
       [-0.52424974],
       [-0.53584175],
       [-0.53114541],
       [-0.5356448 ],
       [-0.52661695],
       [-0.52487553],
       [ 0.02906083],
       [-0.5600102 ],
       [-0.37314245],
       [-0.54589681],
       [-0.5014639 ],
       [-0.5374668 ],
       [-0.5268851 ],
       [-0.02187736],
       [-0.53440522],
       [-0.53614935],
       [-0.52771703],
       [-0.52797113],
       [-0.53826692],
       [-0.54917073],
       [-0.52732584],
       [-0.75615323],
       [-0.53436001],
       [-0.54698376],
       [-0.53633756],
       [-0.54207018],
       [-0.53651105],
       [-0.52119693],
       [-0.52526379],
       [-0.52087663],
       [-0.29995584],
       [-0.01336064],
       [-0.53445598],
       [-0.48963505],
       [-0.53704109],
       [-0.53839566],
       [-0.75881416],
       [-0.00797636],
       [-0.52609277]])
array([[ -6.84254004],
       [ -9.38636382],
       [ -9.58395261],
       [ -9.58121436],
       [-10.04557664],
       [ -9.43550656],
       [ -9.49193261],
       [  0.34510611],
       [ -3.22130292],
       [ -2.04924418],
       [ -7.87971736],
       [ -2.93714315],
       [ -9.63886071],
       [ -9.44566468],
       [ -0.64461169],
       [ -9.68099987],
       [ -9.62804202],
       [ -9.4949261 ],
       [ -9.47556195],
       [ -8.14562972],
       [ -8.28100105],
       [ -9.54265316],
       [ -4.14994039],
       [ -9.69962921],
       [ -7.84287643],
       [ -9.72792646],
       [ -9.8741855 ],
       [ -9.63865503],
       [ -7.68367214],
       [ -7.85215447],
       [ -9.38875503],
       [ -2.12706486],
       [ -0.4006838 ],
       [ -9.54418232],
       [ -7.5286335 ],
       [ -9.69333339],
       [ -8.22966673],
       [ -4.30600671],
       [ -0.36924506],
       [ -9.40664204]])
<<<<<<<<<<< STEP 2 >>>>>>>>>>>> + array([[-0.54741906],
       [-0.51516245],
       [-0.52769037],
       [-0.52179687],
       [-0.52249224],
       [-0.51706553],
       [-0.51380927],
       [ 0.02669773],
       [-0.68697514],
       [-0.48469485],
       [-0.54881282],
       [-0.62501115],
       [-0.5283246 ],
       [-0.51712449],
       [-0.01991629],
       [-0.5196211 ],
       [-0.52739996],
       [-0.51732124],
       [-0.51795771],
       [-0.53522478],
       [-0.54577291],
       [-0.51562342],
       [-0.84579068],
       [-0.52409181],
       [-0.54773828],
       [-0.52547077],
       [-0.52841278],
       [-0.52752062],
       [-0.51900527],
       [-0.52409668],
       [-0.51063468],
       [-0.35350721],
       [-0.01097565],
       [-0.52610909],
       [-0.48412184],
       [-0.52740227],
       [-0.53488009],
       [-0.82307499],
       [-0.00547169],
       [-0.51725561]])
array([[ -7.3899591 ],
       [ -9.90152627],
       [-10.11164297],
       [-10.10301123],
       [-10.56806888],
       [ -9.95257209],
       [-10.00574188],
       [  0.37180384],
       [ -3.90827806],
       [ -2.53393903],
       [ -8.42853018],
       [ -3.5621543 ],
       [-10.16718531],
       [ -9.96278918],
       [ -0.66452798],
       [-10.20062097],
       [-10.15544198],
       [-10.01224735],
       [ -9.99351966],
       [ -8.6808545 ],
       [ -8.82677396],
       [-10.05827658],
       [ -4.99573107],
       [-10.22372102],
       [ -8.39061471],
       [-10.25339723],
       [-10.40259828],
       [-10.16617565],
       [ -8.20267741],
       [ -8.37625115],
       [ -9.89938971],
       [ -2.48057207],
       [ -0.41165945],
       [-10.07029141],
       [ -8.01275535],
       [-10.22073566],
       [ -8.76454682],
       [ -5.1290817 ],
       [ -0.37471675],
       [ -9.92389765]])
<<<<<<<<<<< STEP 3 >>>>>>>>>>>> + array([[-0.55033918],
       [-0.50961784],
       [-0.52347894],
       [-0.51732861],
       [-0.51485936],
       [-0.51113047],
       [-0.50736861],
       [ 0.02379345],
       [-0.80419357],
       [-0.64134687],
       [-0.54746366],
       [-0.76071287],
       [-0.52357519],
       [-0.51115735],
       [-0.02019609],
       [-0.5109405 ],
       [-0.52278412],
       [-0.51104748],
       [-0.51184561],
       [-0.5345048 ],
       [-0.54474941],
       [-0.50897847],
       [-0.85956705],
       [-0.51893239],
       [-0.54300631],
       [-0.52012854],
       [-0.5211731 ],
       [-0.52287672],
       [-0.51796465],
       [-0.52381174],
       [-0.50475927],
       [-0.42260228],
       [-0.00904036],
       [-0.52188512],
       [-0.47735287],
       [-0.52238431],
       [-0.53381948],
       [-0.8172243 ],
       [-0.00348738],
       [-0.51176295]])
array([[ -7.94029828],
       [-10.41114412],
       [-10.63512191],
       [-10.62033983],
       [-11.08292824],
       [-10.46370256],
       [-10.51311049],
       [  0.39559729],
       [ -4.71247164],
       [ -3.17528591],
       [ -8.97599384],
       [ -4.32286717],
       [-10.6907605 ],
       [-10.47394653],
       [ -0.68472406],
       [-10.71156146],
       [-10.6782261 ],
       [-10.52329482],
       [-10.50536527],
       [ -9.21535929],
       [ -9.37152337],
       [-10.56725505],
       [ -5.85529812],
       [-10.74265341],
       [ -8.93362102],
       [-10.77352577],
       [-10.92377138],
       [-10.68905237],
       [ -8.72064206],
       [ -8.9000629 ],
       [-10.40414898],
       [ -2.90317435],
       [ -0.4206998 ],
       [-10.59217653],
       [ -8.49010822],
       [-10.74311997],
       [ -9.2983663 ],
       [ -5.946306  ],
       [ -0.37820412],
       [-10.4356606 ]])
<<<<<<<<<<< STEP 4 >>>>>>>>>>>> + array([[-0.55580083],
       [-0.50611792],
       [-0.52169796],
       [-0.51631259],
       [-0.51076662],
       [-0.50710961],
       [-0.50388413],
       [ 0.01643052],
       [-0.86807894],
       [-0.81913683],
       [-0.53872491],
       [-0.86646734],
       [-0.5215986 ],
       [-0.50720927],
       [-0.02351362],
       [-0.50608914],
       [-0.52064192],
       [-0.50699795],
       [-0.50799277],
       [-0.535747  ],
       [-0.54576072],
       [-0.50563349],
       [-0.8110863 ],
       [-0.51721997],
       [-0.53247467],
       [-0.51856044],
       [-0.5181355 ],
       [-0.52083702],
       [-0.51791782],
       [-0.52317061],
       [-0.50183108],
       [-0.50800547],
       [-0.0073029 ],
       [-0.52029389],
       [-0.46905825],
       [-0.5201168 ],
       [-0.53476255],
       [-0.76995753],
       [-0.00172402],
       [-0.50808758]])
array([[ -8.4960991 ],
       [-10.91726204],
       [-11.15681987],
       [-11.13665243],
       [-11.59369486],
       [-10.97081217],
       [-11.01699462],
       [  0.4120278 ],
       [ -5.58055058],
       [ -3.99442273],
       [ -9.51471874],
       [ -5.18933451],
       [-11.21235909],
       [-10.9811558 ],
       [ -0.70823769],
       [-11.21765061],
       [-11.19886802],
       [-11.03029277],
       [-11.01335804],
       [ -9.7511063 ],
       [ -9.91728409],
       [-11.07288855],
       [ -6.66638442],
       [-11.25987338],
       [ -9.46609568],
       [-11.29208621],
       [-11.44190688],
       [-11.20988939],
       [ -9.23855988],
       [ -9.4232335 ],
       [-10.90598005],
       [ -3.41117982],
       [ -0.4280027 ],
       [-11.11247041],
       [ -8.95916647],
       [-11.26323677],
       [ -9.83312885],
       [ -6.71626353],
       [ -0.37992814],
       [-10.94374818]])
<<<<<<<<<<< STEP 5 >>>>>>>>>>>> + array([[ -5.61247725e-01],
       [ -5.03860485e-01],
       [ -5.21095093e-01],
       [ -5.16898357e-01],
       [ -5.08561169e-01],
       [ -5.04331855e-01],
       [ -5.02152685e-01],
       [  3.63920032e-03],
       [ -8.61734372e-01],
       [ -9.38997830e-01],
       [ -5.27053558e-01],
       [ -8.99044296e-01],
       [ -5.20996024e-01],
       [ -5.04444341e-01],
       [ -3.02418699e-02],
       [ -5.03430933e-01],
       [ -5.19748064e-01],
       [ -5.04205855e-01],
       [ -5.05545421e-01],
       [ -5.37525912e-01],
       [ -5.47410958e-01],
       [ -5.04084327e-01],
       [ -7.50819867e-01],
       [ -5.17231634e-01],
       [ -5.21332001e-01],
       [ -5.18753770e-01],
       [ -5.17213381e-01],
       [ -5.19993869e-01],
       [ -5.17985389e-01],
       [ -5.20743438e-01],
       [ -5.00538665e-01],
       [ -6.02930751e-01],
       [ -5.63892266e-03],
       [ -5.19952193e-01],
       [ -4.60732425e-01],
       [ -5.19117745e-01],
       [ -5.36302830e-01],
       [ -7.21848222e-01],
       [ -3.88912728e-05],
       [ -5.05572290e-01]])
array([[ -9.05734683],
       [-11.42112252],
       [-11.67791496],
       [-11.65355078],
       [-12.10225603],
       [-11.47514403],
       [-11.51914731],
       [  0.415667  ],
       [ -6.44228495],
       [ -4.93342056],
       [-10.0417723 ],
       [ -6.08837881],
       [-11.73335512],
       [-11.48560014],
       [ -0.73847956],
       [-11.72108154],
       [-11.71861608],
       [-11.53449863],
       [-11.51890346],
       [-10.28863221],
       [-10.46469505],
       [-11.57697287],
       [ -7.41720429],
       [-11.77710501],
       [ -9.98742769],
       [-11.81083998],
       [-11.95912026],
       [-11.72988325],
       [ -9.75654526],
       [ -9.94397694],
       [-11.40651872],
       [ -4.01411057],
       [ -0.43364162],
       [-11.63242261],
       [ -9.4198989 ],
       [-11.78235451],
       [-10.36943168],
       [ -7.43811175],
       [ -0.37996703],
       [-11.44932047]])
<<<<<<<<<<< STEP 6 >>>>>>>>>>>> + array([[-0.55975106],
       [-0.50246568],
       [-0.51944901],
       [-0.51636249],
       [-0.50698905],
       [-0.5025167 ],
       [-0.50122744],
       [-0.00927068],
       [-0.80021657],
       [-0.918089  ],
       [-0.51781874],
       [-0.84794988],
       [-0.51944254],
       [-0.5026642 ],
       [-0.03710551],
       [-0.50194446],
       [-0.51802886],
       [-0.50237016],
       [-0.50394818],
       [-0.53599581],
       [-0.54583806],
       [-0.50312468],
       [-0.69475411],
       [-0.51633293],
       [-0.51325266],
       [-0.5178364 ],
       [-0.51582731],
       [-0.51831459],
       [-0.51691278],
       [-0.51691697],
       [-0.49997526],
       [-0.68308907],
       [-0.0042736 ],
       [-0.51861195],
       [-0.45780203],
       [-0.51736218],
       [-0.53475034],
       [-0.67629785],
       [ 0.00130453],
       [-0.50383237]])
array([[ -9.61709788],
       [-11.9235882 ],
       [-12.19736397],
       [-12.16991327],
       [-12.60924508],
       [-11.97766072],
       [-12.02037474],
       [  0.40639632],
       [ -7.24250152],
       [ -5.85150956],
       [-10.55959104],
       [ -6.93632869],
       [-12.25279766],
       [-11.98826434],
       [ -0.77558507],
       [-12.22302599],
       [-12.23664495],
       [-12.03686878],
       [-12.02285164],
       [-10.82462802],
       [-11.01053311],
       [-12.08009755],
       [ -8.1119584 ],
       [-12.29343794],
       [-10.50068034],
       [-12.32867637],
       [-12.47494757],
       [-12.24819785],
       [-10.27345804],
       [-10.46089391],
       [-11.90649398],
       [ -4.69719964],
       [ -0.43791522],
       [-12.15103455],
       [ -9.87770093],
       [-12.2997167 ],
       [-10.90418201],
       [ -8.1144096 ],
       [ -0.3786625 ],
       [-11.95315285]])
<<<<<<<<<<< STEP 7 >>>>>>>>>>>> + array([[-0.54806291],
       [-0.50164033],
       [-0.51540947],
       [-0.51329562],
       [-0.50534455],
       [-0.50138239],
       [-0.50061956],
       [-0.01604923],
       [-0.7119254 ],
       [-0.80199685],
       [-0.51165264],
       [-0.74857243],
       [-0.51552271],
       [-0.50166248],
       [-0.03832239],
       [-0.50114416],
       [-0.51419037],
       [-0.50128545],
       [-0.50277669],
       [-0.52911067],
       [-0.53846179],
       [-0.50219514],
       [-0.63788209],
       [-0.51307278],
       [-0.50812563],
       [-0.51431073],
       [-0.51259883],
       [-0.5145625 ],
       [-0.51379168],
       [-0.5125004 ],
       [-0.49978778],
       [-0.71130394],
       [-0.0035151 ],
       [-0.51492744],
       [-0.46399973],
       [-0.51365654],
       [-0.52811576],
       [-0.62610983],
       [ 0.00201402],
       [-0.50253576]])
array([[-10.16516079],
       [-12.42522853],
       [-12.71277344],
       [-12.68320889],
       [-13.11458963],
       [-12.47904312],
       [-12.5209943 ],
       [  0.3903471 ],
       [ -7.95442692],
       [ -6.65350641],
       [-11.07124368],
       [ -7.68490112],
       [-12.76832038],
       [-12.48992682],
       [ -0.81390746],
       [-12.72417015],
       [-12.75083532],
       [-12.53815423],
       [-12.52562832],
       [-11.35373869],
       [-11.5489949 ],
       [-12.58229269],
       [ -8.7498405 ],
       [-12.80651072],
       [-11.00880597],
       [-12.8429871 ],
       [-12.9875464 ],
       [-12.76276035],
       [-10.78724972],
       [-10.97339431],
       [-12.40628176],
       [ -5.40850358],
       [ -0.44143033],
       [-12.66596199],
       [-10.34170066],
       [-12.81337323],
       [-11.43229777],
       [ -8.74051943],
       [ -0.37664849],
       [-12.45568861]])
<<<<<<<<<<< STEP 8 >>>>>>>>>>>> + array([[-0.53343208],
       [-0.50109509],
       [-0.51072185],
       [-0.50937136],
       [-0.50371536],
       [-0.50072289],
       [-0.50025553],
       [-0.01760879],
       [-0.6349444 ],
       [-0.6921274 ],
       [-0.50751953],
       [-0.65812865],
       [-0.51088056],
       [-0.50107645],
       [-0.03405735],
       [-0.5007169 ],
       [-0.50981357],
       [-0.50068751],
       [-0.50186715],
       [-0.52060498],
       [-0.52832168],
       [-0.50139896],
       [-0.58974815],
       [-0.5090933 ],
       [-0.50491011],
       [-0.50998241],
       [-0.50883183],
       [-0.5102078 ],
       [-0.50976194],
       [-0.50839818],
       [-0.49979281],
       [-0.68110471],
       [-0.00313036],
       [-0.51049217],
       [-0.47430299],
       [-0.50946212],
       [-0.5199316 ],
       [-0.58212167],
       [ 0.00231442],
       [-0.50160366]])
array([[-10.69859287],
       [-12.92632362],
       [-13.22349529],
       [-13.19258026],
       [-13.61830499],
       [-12.979766  ],
       [-13.02124984],
       [  0.3727383 ],
       [ -8.58937132],
       [ -7.34563382],
       [-11.57876321],
       [ -8.34302977],
       [-13.27920093],
       [-12.99100327],
       [ -0.84796481],
       [-13.22488706],
       [-13.26064889],
       [-13.03884174],
       [-13.02749547],
       [-11.87434367],
       [-12.07731657],
       [-13.08369165],
       [ -9.33958864],
       [-13.31560402],
       [-11.51371608],
       [-13.35296951],
       [-13.49637823],
       [-13.27296815],
       [-11.29701166],
       [-11.48179249],
       [-12.90607457],
       [ -6.08960829],
       [ -0.44456069],
       [-13.17645416],
       [-10.81600364],
       [-13.32283535],
       [-11.95222937],
       [ -9.3226411 ],
       [ -0.37433407],
       [-12.95729227]])
<<<<<<<<<<< STEP 9 >>>>>>>>>>>> + array([[-0.52171412],
       [-0.50070055],
       [-0.5069977 ],
       [-0.50615311],
       [-0.50242445],
       [-0.50037694],
       [-0.50008229],
       [-0.01715139],
       [-0.58286864],
       [-0.6185708 ],
       [-0.5047685 ],
       [-0.59679411],
       [-0.50711928],
       [-0.50069007],
       [-0.02793979],
       [-0.50045948],
       [-0.5063636 ],
       [-0.50037339],
       [-0.50119984],
       [-0.51370323],
       [-0.51913055],
       [-0.50085799],
       [-0.55623905],
       [-0.50590601],
       [-0.50295214],
       [-0.5065055 ],
       [-0.50579388],
       [-0.50669016],
       [-0.50637672],
       [-0.50534331],
       [-0.49985159],
       [-0.62831971],
       [-0.00278651],
       [-0.50687263],
       [-0.48336494],
       [-0.50614873],
       [-0.51327666],
       [-0.55133472],
       [ 0.00252293],
       [-0.50100429]])
array([[-11.22030699],
       [-13.42702417],
       [-13.73049299],
       [-13.69873337],
       [-14.12072944],
       [-13.48014294],
       [-13.52133212],
       [  0.35558692],
       [ -9.17223996],
       [ -7.96420461],
       [-12.08353171],
       [ -8.93982388],
       [-13.78632021],
       [-13.49169334],
       [ -0.8759046 ],
       [-13.72534653],
       [-13.76701249],
       [-13.53921513],
       [-13.52869531],
       [-12.3880469 ],
       [-12.59644712],
       [-13.58454964],
       [ -9.89582769],
       [-13.82151003],
       [-12.01666822],
       [-13.85947501],
       [-14.00217211],
       [-13.77965831],
       [-11.80338838],
       [-11.9871358 ],
       [-13.40592615],
       [ -6.717928  ],
       [ -0.4473472 ],
       [-13.6833268 ],
       [-11.29936858],
       [-13.82898408],
       [-12.46550603],
       [ -9.87397582],
       [ -0.37181114],
       [-13.45829657]])
