<<<<<<<<<<< STEP 0 >>>>>>>>>>>> + array([[-0.51218963],
       [ 0.02932703],
       [-0.5274153 ],
       [-0.51478642],
       [-0.21982428],
       [-0.57235145],
       [-1.1034978 ],
       [-1.0833595 ],
       [-0.93410957],
       [-0.27551681],
       [-0.98514253],
       [-0.02228015],
       [-0.97528085],
       [-0.99785584],
       [-0.77482173],
       [-0.97121431],
       [-1.01784449],
       [-0.89491213],
       [-0.98923793],
       [-1.05597667],
       [-0.96942788],
       [-0.94910764],
       [-0.98522456],
       [-0.97373128],
       [-0.18163686],
       [-0.96447829],
       [-0.97465954],
       [-1.03669845],
       [-0.82162486],
       [-0.11126246],
       [-0.88891887]])
array([[-0.51218963],
       [ 0.02932703],
       [-0.5274153 ],
       [-0.51478642],
       [-0.21982428],
       [-0.57235145],
       [-1.1034978 ],
       [-1.0833595 ],
       [-0.93410957],
       [-0.27551681],
       [-0.98514253],
       [-0.02228015],
       [-0.97528085],
       [-0.99785584],
       [-0.77482173],
       [-0.97121431],
       [-1.01784449],
       [-0.89491213],
       [-0.98923793],
       [-1.05597667],
       [-0.96942788],
       [-0.94910764],
       [-0.98522456],
       [-0.97373128],
       [-0.18163686],
       [-0.96447829],
       [-0.97465954],
       [-1.03669845],
       [-0.82162486],
       [-0.11126246],
       [-0.88891887]])
<<<<<<<<<<< STEP 1 >>>>>>>>>>>> + array([[-0.57384009],
       [-0.01317049],
       [-0.59369279],
       [-0.59286873],
       [-0.31165503],
       [-0.77231251],
       [-1.03243245],
       [-1.01595209],
       [-0.87805884],
       [-0.36302406],
       [-0.93941159],
       [-0.07558061],
       [-0.94407751],
       [-0.95153469],
       [-0.72310407],
       [-0.93456526],
       [-0.97594959],
       [-0.87588149],
       [-0.91932934],
       [-0.96323393],
       [-0.92434999],
       [-0.79710155],
       [-0.94715553],
       [-0.92381071],
       [-0.21000486],
       [-0.90866725],
       [-0.93789979],
       [-0.98531506],
       [-0.7717907 ],
       [-0.17957867],
       [-0.78923725]])
array([[-1.08602972],
       [ 0.01615654],
       [-1.12110809],
       [-1.10765515],
       [-0.53147932],
       [-1.34466396],
       [-2.13593025],
       [-2.09931159],
       [-1.81216842],
       [-0.63854087],
       [-1.92455412],
       [-0.09786076],
       [-1.91935837],
       [-1.94939053],
       [-1.49792579],
       [-1.90577958],
       [-1.99379408],
       [-1.77079362],
       [-1.90856727],
       [-2.0192106 ],
       [-1.89377787],
       [-1.74620919],
       [-1.93238009],
       [-1.89754199],
       [-0.39164172],
       [-1.87314554],
       [-1.91255934],
       [-2.02201351],
       [-1.59341556],
       [-0.29084113],
       [-1.67815612]])
<<<<<<<<<<< STEP 2 >>>>>>>>>>>> + array([[-0.60632368],
       [-0.01577231],
       [-0.62739205],
       [-0.63991976],
       [-0.40598622],
       [-0.8943011 ],
       [-0.94299957],
       [-0.93748418],
       [-0.8168474 ],
       [-0.43838881],
       [-0.87305136],
       [-0.10521503],
       [-0.88130138],
       [-0.88235817],
       [-0.6799466 ],
       [-0.86075931],
       [-0.89080971],
       [-0.82956936],
       [-0.82980263],
       [-0.86679389],
       [-0.86551758],
       [-0.6820609 ],
       [-0.88628726],
       [-0.86248418],
       [-0.23224955],
       [-0.83956534],
       [-0.86626604],
       [-0.90770471],
       [-0.71466633],
       [-0.22860594],
       [-0.69395499]])
array([[ -1.69235340e+00],
       [  3.84228068e-04],
       [ -1.74850014e+00],
       [ -1.74757491e+00],
       [ -9.37465535e-01],
       [ -2.23896507e+00],
       [ -3.07892983e+00],
       [ -3.03679576e+00],
       [ -2.62901582e+00],
       [ -1.07692968e+00],
       [ -2.79760548e+00],
       [ -2.03075795e-01],
       [ -2.80065975e+00],
       [ -2.83174870e+00],
       [ -2.17787239e+00],
       [ -2.76653889e+00],
       [ -2.88460379e+00],
       [ -2.60036299e+00],
       [ -2.73836990e+00],
       [ -2.88600449e+00],
       [ -2.75929545e+00],
       [ -2.42827008e+00],
       [ -2.81866734e+00],
       [ -2.76002617e+00],
       [ -6.23891271e-01],
       [ -2.71271088e+00],
       [ -2.77882538e+00],
       [ -2.92971822e+00],
       [ -2.30808189e+00],
       [ -5.19447075e-01],
       [ -2.37211111e+00]])
<<<<<<<<<<< STEP 3 >>>>>>>>>>>> + array([[-0.58582742],
       [-0.00341122],
       [-0.60472333],
       [-0.63384621],
       [-0.47910287],
       [-0.88763085],
       [-0.84498016],
       [-0.84795863],
       [-0.74955887],
       [-0.48180801],
       [-0.79341692],
       [-0.11678658],
       [-0.79919183],
       [-0.80134673],
       [-0.63948802],
       [-0.77317711],
       [-0.7941653 ],
       [-0.75905049],
       [-0.74034795],
       [-0.77525266],
       [-0.79611091],
       [-0.61328598],
       [-0.81035504],
       [-0.79324685],
       [-0.25470677],
       [-0.7620814 ],
       [-0.78351055],
       [-0.81944889],
       [-0.65960328],
       [-0.24841739],
       [-0.62592224]])
array([[ -2.27818082e+00],
       [ -3.02699693e-03],
       [ -2.35322347e+00],
       [ -2.38142113e+00],
       [ -1.41656840e+00],
       [ -3.12659592e+00],
       [ -3.92390998e+00],
       [ -3.88475439e+00],
       [ -3.37857468e+00],
       [ -1.55873769e+00],
       [ -3.59102240e+00],
       [ -3.19862370e-01],
       [ -3.59985158e+00],
       [ -3.63309543e+00],
       [ -2.81736041e+00],
       [ -3.53971599e+00],
       [ -3.67876908e+00],
       [ -3.35941348e+00],
       [ -3.47871785e+00],
       [ -3.66125715e+00],
       [ -3.55540636e+00],
       [ -3.04155606e+00],
       [ -3.62902238e+00],
       [ -3.55327302e+00],
       [ -8.78598037e-01],
       [ -3.47479228e+00],
       [ -3.56233592e+00],
       [ -3.74916712e+00],
       [ -2.96768517e+00],
       [ -7.67864461e-01],
       [ -2.99803334e+00]])
<<<<<<<<<<< STEP 4 >>>>>>>>>>>> + array([[-0.51492465],
       [ 0.0124468 ],
       [-0.5318846 ],
       [-0.57922852],
       [-0.51184815],
       [-0.8030593 ],
       [-0.74987144],
       [-0.75515331],
       [-0.68292094],
       [-0.49387251],
       [-0.71311219],
       [-0.11299609],
       [-0.71589601],
       [-0.7192379 ],
       [-0.60370795],
       [-0.69289343],
       [-0.70756551],
       [-0.68624617],
       [-0.66511567],
       [-0.69593999],
       [-0.71907987],
       [-0.57623457],
       [-0.72759958],
       [-0.71738117],
       [-0.27267562],
       [-0.6890959 ],
       [-0.70545214],
       [-0.73242252],
       [-0.61256605],
       [-0.23955641],
       [-0.58140431]])
array([[-2.79310548],
       [ 0.00941981],
       [-2.88510807],
       [-2.96064965],
       [-1.92841655],
       [-3.92965522],
       [-4.67378142],
       [-4.6399077 ],
       [-4.06149562],
       [-2.0526102 ],
       [-4.30413458],
       [-0.43285846],
       [-4.31574759],
       [-4.35233333],
       [-3.42106837],
       [-4.23260943],
       [-4.38633459],
       [-4.04565965],
       [-4.14383352],
       [-4.35719715],
       [-4.27448623],
       [-3.61779064],
       [-4.35662197],
       [-4.27065419],
       [-1.15127365],
       [-4.16388818],
       [-4.26778807],
       [-4.48158963],
       [-3.58025122],
       [-1.00742087],
       [-3.57943766]])
<<<<<<<<<<< STEP 5 >>>>>>>>>>>> + array([[-0.42711375],
       [ 0.02690832],
       [-0.444868  ],
       [-0.51079185],
       [-0.51390297],
       [-0.71183989],
       [-0.67105735],
       [-0.67496696],
       [-0.62710332],
       [-0.49127541],
       [-0.64468352],
       [-0.09782045],
       [-0.64589896],
       [-0.64862351],
       [-0.57463744],
       [-0.63074243],
       [-0.64049272],
       [-0.62634357],
       [-0.60928024],
       [-0.6345667 ],
       [-0.64859696],
       [-0.55645901],
       [-0.65384477],
       [-0.64786747],
       [-0.28081142],
       [-0.63088767],
       [-0.64213812],
       [-0.65949442],
       [-0.57694057],
       [-0.21459128],
       [-0.55163236]])
array([[-3.22021923],
       [ 0.03632812],
       [-3.32997607],
       [-3.47144149],
       [-2.44231953],
       [-4.64149511],
       [-5.34483877],
       [-5.31487466],
       [-4.68859894],
       [-2.54388561],
       [-4.9488181 ],
       [-0.53067891],
       [-4.96164655],
       [-5.00095684],
       [-3.99570581],
       [-4.86335186],
       [-5.02682731],
       [-4.67200322],
       [-4.75311376],
       [-4.99176385],
       [-4.92308319],
       [-4.17424964],
       [-5.01046673],
       [-4.91852166],
       [-1.43208508],
       [-4.79477586],
       [-4.90992619],
       [-5.14108405],
       [-4.15719179],
       [-1.22201214],
       [-4.13107002]])
<<<<<<<<<<< STEP 6 >>>>>>>>>>>> + array([[-0.35159284],
       [ 0.03771342],
       [-0.37299592],
       [-0.45758136],
       [-0.5053192 ],
       [-0.64169418],
       [-0.61360767],
       [-0.61561305],
       [-0.5856897 ],
       [-0.48648717],
       [-0.59441977],
       [-0.07673132],
       [-0.59503139],
       [-0.59664779],
       [-0.55252011],
       [-0.58706311],
       [-0.59318854],
       [-0.58316386],
       [-0.5709899 ],
       [-0.59079038],
       [-0.59567562],
       [-0.54444057],
       [-0.59919016],
       [-0.59549599],
       [-0.28036003],
       [-0.5889056 ],
       [-0.59599723],
       [-0.60599196],
       [-0.55180843],
       [-0.18274149],
       [-0.53198341]])
array([[-3.57181207],
       [ 0.07404155],
       [-3.70297199],
       [-3.92902285],
       [-2.94763872],
       [-5.28318929],
       [-5.95844644],
       [-5.93048771],
       [-5.27428865],
       [-3.03037279],
       [-5.54323787],
       [-0.60741022],
       [-5.55667794],
       [-5.59760463],
       [-4.54822592],
       [-5.45041497],
       [-5.62001585],
       [-5.25516708],
       [-5.32410366],
       [-5.58255423],
       [-5.51875881],
       [-4.71869022],
       [-5.60965689],
       [-5.51401766],
       [-1.71244511],
       [-5.38368146],
       [-5.50592341],
       [-5.74707601],
       [-4.70900022],
       [-1.40475364],
       [-4.66305343]])
<<<<<<<<<<< STEP 7 >>>>>>>>>>>> + array([[-0.29617994],
       [ 0.04460757],
       [-0.32369752],
       [-0.42666924],
       [-0.49792037],
       [-0.59354301],
       [-0.57462866],
       [-0.57532614],
       [-0.55693344],
       [-0.48445756],
       [-0.56068933],
       [-0.05458007],
       [-0.56107742],
       [-0.56185259],
       [-0.53646561],
       [-0.557734  ],
       [-0.56145104],
       [-0.55415242],
       [-0.54580898],
       [-0.56088441],
       [-0.5603148 ],
       [-0.53565331],
       [-0.56279102],
       [-0.56038827],
       [-0.27695753],
       [-0.55998294],
       [-0.56423699],
       [-0.56955007],
       [-0.53456092],
       [-0.14808798],
       [-0.51953786]])
array([[-3.86799201],
       [ 0.11864912],
       [-4.02666951],
       [-4.35569209],
       [-3.4455591 ],
       [-5.8767323 ],
       [-6.53307509],
       [-6.50581385],
       [-5.83122208],
       [-3.51483035],
       [-6.1039272 ],
       [-0.6619903 ],
       [-6.11775535],
       [-6.15945722],
       [-5.08469153],
       [-6.00814897],
       [-6.18146689],
       [-5.8093195 ],
       [-5.86991265],
       [-6.14343864],
       [-6.07907361],
       [-5.25434352],
       [-6.17244792],
       [-6.07440592],
       [-1.98940264],
       [-5.9436644 ],
       [-6.07016041],
       [-6.31662609],
       [-5.24356114],
       [-1.55284162],
       [-5.18259129]])
<<<<<<<<<<< STEP 8 >>>>>>>>>>>> + array([[-0.2579146 ],
       [ 0.04838574],
       [-0.29387931],
       [-0.41409308],
       [-0.49487223],
       [-0.56171061],
       [-0.54895588],
       [-0.54894505],
       [-0.53759749],
       [-0.4858363 ],
       [-0.53893663],
       [-0.03411086],
       [-0.53922711],
       [-0.53949674],
       [-0.52515758],
       [-0.53838127],
       [-0.54059141],
       [-0.53525351],
       [-0.52956421],
       [-0.54084355],
       [-0.53782307],
       [-0.52854215],
       [-0.5396009 ],
       [-0.53798789],
       [-0.27648329],
       [-0.54042325],
       [-0.54290122],
       [-0.54548951],
       [-0.52288953],
       [-0.11274754],
       [-0.51188534]])
array([[-4.12590661],
       [ 0.16703486],
       [-4.32054882],
       [-4.76978516],
       [-3.94043133],
       [-6.43844291],
       [-7.08203097],
       [-7.05475889],
       [-6.36881958],
       [-4.00066664],
       [-6.64286383],
       [-0.69610116],
       [-6.65698247],
       [-6.69895397],
       [-5.60984911],
       [-6.54653024],
       [-6.7220583 ],
       [-6.34457301],
       [-6.39947685],
       [-6.68428218],
       [-6.61689668],
       [-5.78288567],
       [-6.71204881],
       [-6.61239382],
       [-2.26588593],
       [-6.48408765],
       [-6.61306163],
       [-6.86211559],
       [-5.76645066],
       [-1.66558916],
       [-5.69447663]])
<<<<<<<<<<< STEP 9 >>>>>>>>>>>> + array([[-0.23233518],
       [ 0.05002002],
       [-0.27910097],
       [-0.41402501],
       [-0.49529765],
       [-0.54088531],
       [-0.53220196],
       [-0.53186202],
       [-0.52479653],
       [-0.48942105],
       [-0.52508257],
       [-0.01633221],
       [-0.52531778],
       [-0.52531125],
       [-0.51733031],
       [-0.52567157],
       [-0.52696065],
       [-0.5230693 ],
       [-0.51916328],
       [-0.52751701],
       [-0.52372671],
       [-0.52266431],
       [-0.52501247],
       [-0.52390617],
       [-0.28291015],
       [-0.52729908],
       [-0.52870008],
       [-0.52977063],
       [-0.51508692],
       [-0.07774214],
       [-0.50724073]])
array([[-4.35824179],
       [ 0.21705488],
       [-4.59964979],
       [-5.18381018],
       [-4.43572898],
       [-6.97932821],
       [-7.61423294],
       [-7.58662091],
       [-6.89361611],
       [-4.49008769],
       [-7.1679464 ],
       [-0.71243337],
       [-7.18230024],
       [-7.22426522],
       [-6.12717942],
       [-7.07220181],
       [-7.24901895],
       [-6.86764231],
       [-6.91864014],
       [-7.21179919],
       [-7.14062339],
       [-6.30554998],
       [-7.23706128],
       [-7.13629999],
       [-2.54879608],
       [-7.01138673],
       [-7.14176171],
       [-7.39188622],
       [-6.28153759],
       [-1.7433313 ],
       [-6.20171736]])
