<<<<<<<<<<< STEP 0 >>>>>>>>>>>> + array([[-0.51722573],
       [-0.49343083],
       [-0.44655848],
       [-0.51666071],
       [-0.51248103],
       [-0.51633519],
       [-0.51810293],
       [-0.51813173],
       [-0.47414789],
       [-0.50019221],
       [-0.51587084],
       [-0.38132102],
       [-0.51636032],
       [-0.51478445],
       [-0.50582611],
       [-0.51397447],
       [-0.51450205],
       [-0.51431294],
       [-0.51170251],
       [-0.51394551],
       [-0.51595396],
       [-0.40729931],
       [-0.51688255],
       [-0.5148919 ],
       [-0.50635498],
       [-0.51302145],
       [-0.51365472],
       [-0.51500488],
       [-0.50579887],
       [-0.49649987],
       [ 0.04313618]])
array([[-7.29728616],
       [-4.6977292 ],
       [-4.1498864 ],
       [-7.28611259],
       [-7.48331051],
       [-8.09843746],
       [-8.2687401 ],
       [-8.1342621 ],
       [-4.54207965],
       [-5.62410163],
       [-7.69642746],
       [-3.20070226],
       [-7.71516725],
       [-7.42010336],
       [-6.35285432],
       [-7.44511837],
       [-5.73707254],
       [-7.41912996],
       [-7.28972399],
       [-7.66798925],
       [-7.51451724],
       [-3.78047914],
       [-7.73492977],
       [-7.35648792],
       [-6.88389488],
       [-7.51689258],
       [-6.12641097],
       [-7.84933432],
       [-6.69044757],
       [-5.48136717],
       [ 0.04828944]])
<<<<<<<<<<< STEP 1 >>>>>>>>>>>> + array([[-0.51115438],
       [-0.49594988],
       [-0.46185798],
       [-0.51077126],
       [-0.50746753],
       [-0.5099735 ],
       [-0.51116827],
       [-0.51129719],
       [-0.48058815],
       [-0.49900891],
       [-0.51006522],
       [-0.4049227 ],
       [-0.51037847],
       [-0.50939179],
       [-0.50353871],
       [-0.50865137],
       [-0.50883882],
       [-0.50888703],
       [-0.50712359],
       [-0.50856633],
       [-0.51021423],
       [-0.42948396],
       [-0.51074729],
       [-0.50952748],
       [-0.50350343],
       [-0.50789887],
       [-0.50812556],
       [-0.50910501],
       [-0.50300445],
       [-0.49687202],
       [ 0.05859159]])
array([[-7.80844054],
       [-5.19367908],
       [-4.61174437],
       [-7.79688384],
       [-7.99077804],
       [-8.60841096],
       [-8.77990838],
       [-8.64555929],
       [-5.0226678 ],
       [-6.12311054],
       [-8.20649268],
       [-3.60562496],
       [-8.22554571],
       [-7.92949516],
       [-6.85639303],
       [-7.95376974],
       [-6.24591135],
       [-7.92801699],
       [-7.79684758],
       [-8.17655557],
       [-8.02473146],
       [-4.2099631 ],
       [-8.24567706],
       [-7.8660154 ],
       [-7.38739831],
       [-8.02479145],
       [-6.63453653],
       [-8.35843933],
       [-7.19345202],
       [-5.97823919],
       [ 0.10688103]])
<<<<<<<<<<< STEP 2 >>>>>>>>>>>> + array([[-0.50719034],
       [-0.49761936],
       [-0.47461608],
       [-0.50693095],
       [-0.5044219 ],
       [-0.50605165],
       [-0.50684345],
       [-0.50700107],
       [-0.48614014],
       [-0.49874169],
       [-0.50634264],
       [-0.42840458],
       [-0.50654212],
       [-0.50593082],
       [-0.5021033 ],
       [-0.50532031],
       [-0.50530745],
       [-0.50546345],
       [-0.50428122],
       [-0.50522639],
       [-0.50651576],
       [-0.4494493 ],
       [-0.50681573],
       [-0.506071  ],
       [-0.50187258],
       [-0.50477306],
       [-0.50481072],
       [-0.50548783],
       [-0.50145987],
       [-0.49756501],
       [ 0.07080572]])
array([[-8.31563087],
       [-5.69129844],
       [-5.08636045],
       [-8.3038148 ],
       [-8.49519994],
       [-9.1144626 ],
       [-9.28675182],
       [-9.15256036],
       [-5.50880793],
       [-6.62185223],
       [-8.71283531],
       [-4.03402954],
       [-8.73208783],
       [-8.43542597],
       [-7.35849633],
       [-8.45909005],
       [-6.7512188 ],
       [-8.43348045],
       [-8.30112881],
       [-8.68178196],
       [-8.53124723],
       [-4.6594124 ],
       [-8.7524928 ],
       [-8.3720864 ],
       [-7.88927089],
       [-8.52956451],
       [-7.13934725],
       [-8.86392716],
       [-7.69491189],
       [-6.4758042 ],
       [ 0.17768674]])
<<<<<<<<<<< STEP 3 >>>>>>>>>>>> + array([[-0.50462821],
       [-0.49868955],
       [-0.48411138],
       [-0.50445211],
       [-0.50258772],
       [-0.50365125],
       [-0.50416778],
       [-0.50432102],
       [-0.49043537],
       [-0.49884306],
       [-0.50397738],
       [-0.44916146],
       [-0.50410363],
       [-0.50372996],
       [-0.50121629],
       [-0.50325162],
       [-0.50314141],
       [-0.50332529],
       [-0.50253792],
       [-0.50316725],
       [-0.5041529 ],
       [-0.46564213],
       [-0.50431673],
       [-0.50386358],
       [-0.50095551],
       [-0.5028763 ],
       [-0.50283964],
       [-0.50328786],
       [-0.50063427],
       [-0.49824275],
       [ 0.07848645]])
array([[-8.82025908],
       [-6.18998799],
       [-5.57047183],
       [-8.80826691],
       [-8.99778766],
       [-9.61811385],
       [-9.7909196 ],
       [-9.65688138],
       [-5.99924331],
       [-7.12069529],
       [-9.2168127 ],
       [-4.483191  ],
       [-9.23619147],
       [-8.93915593],
       [-7.85971262],
       [-8.96234167],
       [-7.25436021],
       [-8.93680574],
       [-8.80366673],
       [-9.18494921],
       [-9.03540013],
       [-5.12505453],
       [-9.25680953],
       [-8.87594999],
       [-8.3902264 ],
       [-9.03244081],
       [-7.64218689],
       [-9.36721502],
       [-8.19554617],
       [-6.97404695],
       [ 0.2561732 ]])
<<<<<<<<<<< STEP 4 >>>>>>>>>>>> + array([[-0.50298417],
       [-0.49933974],
       [-0.49057606],
       [-0.50286388],
       [-0.50149242],
       [-0.50219096],
       [-0.50252432],
       [-0.50265977],
       [-0.49352586],
       [-0.49904976],
       [-0.50248692],
       [-0.46564127],
       [-0.50256637],
       [-0.50234143],
       [-0.50067849],
       [-0.50197603],
       [-0.50182803],
       [-0.50200374],
       [-0.50148108],
       [-0.50190632],
       [-0.50265228],
       [-0.47763204],
       [-0.50273764],
       [-0.50246277],
       [-0.50044947],
       [-0.50172939],
       [-0.50167031],
       [-0.50195832],
       [-0.50020917],
       [-0.49878353],
       [ 0.08179242]])
array([[ -9.32324326],
       [ -6.68932773],
       [ -6.06104789],
       [ -9.31113078],
       [ -9.49928008],
       [-10.12030481],
       [-10.29344392],
       [-10.15954115],
       [ -6.49276917],
       [ -7.61974506],
       [ -9.71929961],
       [ -4.94883227],
       [ -9.73875783],
       [ -9.44149736],
       [ -8.36039111],
       [ -9.4643177 ],
       [ -7.75618824],
       [ -9.43880948],
       [ -9.30514781],
       [ -9.68685553],
       [ -9.5380524 ],
       [ -5.60268658],
       [ -9.75954717],
       [ -9.37841275],
       [ -8.89067587],
       [ -9.53417021],
       [ -8.14385721],
       [ -9.86917334],
       [ -8.69575534],
       [ -7.47283047],
       [  0.33796562]])
<<<<<<<<<<< STEP 5 >>>>>>>>>>>> + array([[-0.50193324],
       [-0.49971081],
       [-0.49468743],
       [-0.50185036],
       [-0.5008443 ],
       [-0.50130724],
       [-0.50152121],
       [-0.5016351 ],
       [-0.49564902],
       [-0.49925552],
       [-0.50155386],
       [-0.47762675],
       [-0.50160366],
       [-0.50147052],
       [-0.50035976],
       [-0.50119462],
       [-0.50104001],
       [-0.50119521],
       [-0.50084798],
       [-0.50113927],
       [-0.50170192],
       [-0.48589296],
       [-0.5017429 ],
       [-0.50157665],
       [-0.50017731],
       [-0.50103745],
       [-0.50097652],
       [-0.50115895],
       [-0.50000156],
       [-0.49917403],
       [ 0.08176825]])
array([[ -9.8251765 ],
       [ -7.18903854],
       [ -6.55573532],
       [ -9.81298114],
       [-10.00012438],
       [-10.62161205],
       [-10.79496513],
       [-10.66117626],
       [ -6.98841819],
       [ -8.11900058],
       [-10.22085347],
       [ -5.42645902],
       [-10.24036149],
       [ -9.94296789],
       [ -8.86075087],
       [ -9.96551232],
       [ -8.25722824],
       [ -9.94000469],
       [ -9.80599579],
       [-10.18799479],
       [-10.03975432],
       [ -6.08857954],
       [-10.26129007],
       [ -9.8799894 ],
       [ -9.39085318],
       [-10.03520765],
       [ -8.64483373],
       [-10.37033229],
       [ -9.1957569 ],
       [ -7.97200451],
       [  0.41973386]])
<<<<<<<<<<< STEP 6 >>>>>>>>>>>> + array([[-0.50126159],
       [-0.49990877],
       [-0.49716989],
       [-0.50120392],
       [-0.50046487],
       [-0.50077497],
       [-0.5009122 ],
       [-0.50100517],
       [-0.49707062],
       [-0.49942789],
       [-0.50097227],
       [-0.48579475],
       [-0.50100344],
       [-0.5009261 ],
       [-0.50017587],
       [-0.5007187 ],
       [-0.500573  ],
       [-0.50070526],
       [-0.50047348],
       [-0.50067561],
       [-0.50109984],
       [-0.49129586],
       [-0.50111643],
       [-0.50101615],
       [-0.50003673],
       [-0.50062067],
       [-0.50056511],
       [-0.50068056],
       [-0.49990948],
       [-0.49944177],
       [ 0.07963719]])
array([[-10.32643809],
       [ -7.68894731],
       [ -7.05290521],
       [-10.31418506],
       [-10.50058925],
       [-11.12238702],
       [-11.29587733],
       [-11.16218143],
       [ -7.48548881],
       [ -8.61842847],
       [-10.72182574],
       [ -5.91225377],
       [-10.74136494],
       [-10.44389399],
       [ -9.36092674],
       [-10.46623103],
       [ -8.75780124],
       [-10.44070996],
       [-10.30646928],
       [-10.6886704 ],
       [-10.54085416],
       [ -6.5798754 ],
       [-10.76240651],
       [-10.38100555],
       [ -9.89088992],
       [-10.53582832],
       [ -9.14539884],
       [-10.87101285],
       [ -9.69566638],
       [ -8.47144627],
       [  0.49937105]])
<<<<<<<<<<< STEP 7 >>>>>>>>>>>> + array([[-0.50083105],
       [-0.50000613],
       [-0.49860717],
       [-0.50079049],
       [-0.50024567],
       [-0.50045586],
       [-0.50054415],
       [-0.50061862],
       [-0.49801262],
       [-0.49956336],
       [-0.50061045],
       [-0.49111952],
       [-0.50062998],
       [-0.50058605],
       [-0.50007323],
       [-0.50043027],
       [-0.50030062],
       [-0.50041101],
       [-0.50025508],
       [-0.50039705],
       [-0.50071719],
       [-0.49470765],
       [-0.50072094],
       [-0.50066061],
       [-0.49996913],
       [-0.50037004],
       [-0.50032191],
       [-0.50039562],
       [-0.49987717],
       [-0.49962098],
       [ 0.07638925]])
array([[-10.82726914],
       [ -8.18895344],
       [ -7.55151238],
       [-10.81497555],
       [-11.00083492],
       [-11.62284288],
       [-11.79642148],
       [-11.66280004],
       [ -7.98350143],
       [ -9.11799183],
       [-11.2224362 ],
       [ -6.40337329],
       [-11.24199492],
       [-10.94448004],
       [ -9.86099997],
       [-10.9666613 ],
       [ -9.25810186],
       [-10.94112097],
       [-10.80672435],
       [-11.18906745],
       [-11.04157135],
       [ -7.07458305],
       [-11.26312744],
       [-10.88166616],
       [-10.39085905],
       [-11.03619836],
       [ -9.64572076],
       [-11.37140847],
       [-10.19554355],
       [ -8.97106725],
       [  0.5757603 ]])
<<<<<<<<<<< STEP 8 >>>>>>>>>>>> + array([[-0.50055347],
       [-0.50004825],
       [-0.49940703],
       [-0.50052465],
       [-0.50012125],
       [-0.50026549],
       [-0.50032265],
       [-0.50038153],
       [-0.49863687],
       [-0.49966729],
       [-0.50038529],
       [-0.49449426],
       [-0.50039757],
       [-0.50037334],
       [-0.50001848],
       [-0.50025621],
       [-0.50014507],
       [-0.50023584],
       [-0.50012987],
       [-0.50023074],
       [-0.50047264],
       [-0.49681399],
       [-0.50047009],
       [-0.50043392],
       [-0.49994111],
       [-0.5002196 ],
       [-0.50017908],
       [-0.50022686],
       [-0.49987446],
       [-0.49974011],
       [ 0.07268319]])
array([[-11.32782262],
       [ -8.68900169],
       [ -8.05091941],
       [-11.3155002 ],
       [-11.50095617],
       [-12.12310837],
       [-12.29674413],
       [-12.16318158],
       [ -8.4821383 ],
       [ -9.61765912],
       [-11.72282149],
       [ -6.89786755],
       [-11.74239249],
       [-11.44485339],
       [-10.36101845],
       [-11.4669175 ],
       [ -9.75824693],
       [-11.4413568 ],
       [-11.30685422],
       [-11.68929819],
       [-11.54204399],
       [ -7.57139705],
       [-11.76359754],
       [-11.38210008],
       [-10.89080015],
       [-11.53641796],
       [-10.14589983],
       [-11.87163533],
       [-10.69541801],
       [ -9.47080736],
       [  0.64844349]])
<<<<<<<<<<< STEP 9 >>>>>>>>>>>> + array([[-0.50037307],
       [-0.5000617 ],
       [-0.49983204],
       [-0.50035237],
       [-0.50005235],
       [-0.50015257],
       [-0.50018989],
       [-0.50023604],
       [-0.49905333],
       [-0.49974641],
       [-0.50024485],
       [-0.49659769],
       [-0.50025261],
       [-0.50023982],
       [-0.49999126],
       [-0.50015159],
       [-0.50005881],
       [-0.50013252],
       [-0.50005969],
       [-0.50013212],
       [-0.50031516],
       [-0.49809597],
       [-0.50030994],
       [-0.50028832],
       [-0.4999338 ],
       [-0.50012953],
       [-0.50009605],
       [-0.50012761],
       [-0.49988524],
       [-0.49981959],
       [ 0.06890408]])
array([[-11.82819568],
       [ -9.18906339],
       [ -8.55075145],
       [-11.81585257],
       [-12.00100852],
       [-12.62326093],
       [-12.79693402],
       [-12.66341762],
       [ -8.98119164],
       [-10.11740552],
       [-12.22306634],
       [ -7.39446524],
       [-12.2426451 ],
       [-11.94509321],
       [-10.86100971],
       [-11.96706909],
       [-10.25830574],
       [-11.94148932],
       [-11.80691392],
       [-12.18943031],
       [-12.04235915],
       [ -8.06949301],
       [-12.26390748],
       [-11.8823884 ],
       [-11.39073395],
       [-12.03654749],
       [-10.64599589],
       [-12.37176295],
       [-11.19530326],
       [ -9.97062694],
       [  0.71734757]])
<<<<<<<<<<< STEP 10 >>>>>>>>>>>> + array([[-0.50025466],
       [-0.50006126],
       [-0.50004312],
       [-0.50023967],
       [-0.50001558],
       [-0.50008606],
       [-0.50011069],
       [-0.50014663],
       [-0.49933415],
       [-0.49980655],
       [-0.50015691],
       [-0.49789704],
       [-0.50016185],
       [-0.50015556],
       [-0.49997943],
       [-0.50008898],
       [-0.50001303],
       [-0.50007226],
       [-0.50002161],
       [-0.5000741 ],
       [-0.5002128 ],
       [-0.49886909],
       [-0.50020683],
       [-0.50019398],
       [-0.49993665],
       [-0.50007578],
       [-0.50004852],
       [-0.50006978],
       [-0.49990106],
       [-0.49987312],
       [ 0.06525394]])
array([[-12.32845035],
       [ -9.68912465],
       [ -9.05079456],
       [-12.31609223],
       [-12.5010241 ],
       [-13.12334699],
       [-13.29704471],
       [-13.16356425],
       [ -9.48052578],
       [-10.61721207],
       [-12.72322325],
       [ -7.89236228],
       [-12.74280695],
       [-12.44524877],
       [-11.36098914],
       [-12.46715807],
       [-10.75831877],
       [-12.44156158],
       [-12.30693552],
       [-12.68950441],
       [-12.54257195],
       [ -8.5683621 ],
       [-12.76411431],
       [-12.38258238],
       [-11.89067061],
       [-12.53662327],
       [-11.14604441],
       [-12.87183273],
       [-11.69520432],
       [-10.47050006],
       [  0.78260151]])
<<<<<<<<<<< STEP 11 >>>>>>>>>>>> + array([[-0.50017608],
       [-0.50005485],
       [-0.50013579],
       [-0.50016512],
       [-0.4999971 ],
       [-0.50004724],
       [-0.50006369],
       [-0.50009155],
       [-0.4995259 ],
       [-0.4998523 ],
       [-0.50010154],
       [-0.49869656],
       [-0.50010471],
       [-0.50010203],
       [-0.49997584],
       [-0.50005168],
       [-0.49999043],
       [-0.50003759],
       [-0.50000195],
       [-0.50004032],
       [-0.50014556],
       [-0.49933242],
       [-0.5001398 ],
       [-0.5001322 ],
       [-0.4999439 ],
       [-0.50004384],
       [-0.5000219 ],
       [-0.50003652],
       [-0.49991765],
       [-0.49990963],
       [ 0.0618256 ]])
array([[-12.82862643],
       [-10.1891795 ],
       [ -9.55093035],
       [-12.81625735],
       [-13.0010212 ],
       [-13.62339423],
       [-13.7971084 ],
       [-13.6636558 ],
       [ -9.98005168],
       [-11.11706437],
       [-13.22332479],
       [ -8.39105884],
       [-13.24291165],
       [-12.9453508 ],
       [-11.86096498],
       [-12.96720974],
       [-11.25830919],
       [-12.94159918],
       [-12.80693747],
       [-13.18954473],
       [-13.04271751],
       [ -9.06769452],
       [-13.26425411],
       [-12.88271458],
       [-12.39061451],
       [-13.03666711],
       [-11.64606631],
       [-13.37186925],
       [-12.19512197],
       [-10.97040969],
       [  0.84442711]])
<<<<<<<<<<< STEP 12 >>>>>>>>>>>> + array([[-0.50012329],
       [-0.5000465 ],
       [-0.50016541],
       [-0.50011522],
       [-0.49998881],
       [-0.50002487],
       [-0.50003599],
       [-0.50005752],
       [-0.4996586 ],
       [-0.49988716],
       [-0.50006643],
       [-0.49918829],
       [-0.50006849],
       [-0.50006773],
       [-0.49997642],
       [-0.50002959],
       [-0.49998075],
       [-0.50001803],
       [-0.49999265],
       [-0.50002092],
       [-0.50010087],
       [-0.49960872],
       [-0.50009574],
       [-0.50009128],
       [-0.49995249],
       [-0.50002497],
       [-0.50000749],
       [-0.50001771],
       [-0.49993301],
       [-0.49993488],
       [ 0.05865162]])
array([[-13.32874972],
       [-10.68922599],
       [-10.05109576],
       [-13.31637257],
       [-13.50101001],
       [-14.1234191 ],
       [-14.29714438],
       [-14.16371331],
       [-10.47971029],
       [-11.61695153],
       [-13.72339122],
       [ -8.89024713],
       [-13.74298014],
       [-13.44541854],
       [-12.36094141],
       [-13.46723933],
       [-11.75828994],
       [-13.44161721],
       [-13.30693012],
       [-13.68956565],
       [-13.54281838],
       [ -9.56730324],
       [-13.76434986],
       [-13.38280585],
       [-12.89056699],
       [-13.53669208],
       [-12.14607379],
       [-13.87188696],
       [-12.69505499],
       [-11.47034457],
       [  0.90307873]])
<<<<<<<<<<< STEP 13 >>>>>>>>>>>> + array([[-0.50008737],
       [-0.50003816],
       [-0.50016339],
       [-0.50008139],
       [-0.49998601],
       [-0.50001219],
       [-0.50001981],
       [-0.5000364 ],
       [-0.49975166],
       [-0.49991374],
       [-0.50004399],
       [-0.49949126],
       [-0.50004534],
       [-0.50004554],
       [-0.49997888],
       [-0.5000166 ],
       [-0.49997799],
       [-0.50000728],
       [-0.49998903],
       [-0.50000998],
       [-0.50007079],
       [-0.49977272],
       [-0.50006643],
       [-0.50006384],
       [-0.49996088],
       [-0.50001391],
       [-0.50000008],
       [-0.50000735],
       [-0.49994636],
       [-0.49995259],
       [ 0.05573338]])
array([[-13.82883709],
       [-11.18926415],
       [-10.55125915],
       [-13.81645396],
       [-14.00099602],
       [-14.62343129],
       [-14.79716419],
       [-14.66374971],
       [-10.97946195],
       [-12.11686527],
       [-14.22343522],
       [ -9.38973839],
       [-14.24302548],
       [-13.94546408],
       [-12.86092028],
       [-13.96725593],
       [-12.25826793],
       [-13.94162449],
       [-13.80691914],
       [-14.18957563],
       [-14.04288916],
       [-10.06707596],
       [-14.26441629],
       [-13.88286969],
       [-13.39052787],
       [-14.03670599],
       [-12.64607387],
       [-14.37189431],
       [-13.19500134],
       [-11.97029715],
       [  0.95881211]])
<<<<<<<<<<< STEP 14 >>>>>>>>>>>> + array([[-0.50006262],
       [-0.50003068],
       [-0.50014708],
       [-0.50005816],
       [-0.49998601],
       [-0.50000518],
       [-0.50001047],
       [-0.50002323],
       [-0.49981774],
       [-0.49993404],
       [-0.50002951],
       [-0.49967862],
       [-0.5000304 ],
       [-0.50003103],
       [-0.49998197],
       [-0.50000904],
       [-0.49997873],
       [-0.50000162],
       [-0.49998836],
       [-0.50000399],
       [-0.50005028],
       [-0.49986958],
       [-0.50004668],
       [-0.5000452 ],
       [-0.4999684 ],
       [-0.50000749],
       [-0.49999662],
       [-0.50000187],
       [-0.49995752],
       [-0.49996516],
       [ 0.0530574 ]])
array([[-14.32889971],
       [-11.68929483],
       [-11.05140623],
       [-14.31651213],
       [-14.50098202],
       [-15.12343647],
       [-15.29717466],
       [-15.16377295],
       [-11.47927969],
       [-12.61679931],
       [-14.72346472],
       [ -9.88941702],
       [-14.74305588],
       [-14.44549511],
       [-13.36090225],
       [-14.46726497],
       [-12.75824666],
       [-14.44162612],
       [-14.3069075 ],
       [-14.68957962],
       [-14.54293944],
       [-10.56694554],
       [-14.76446297],
       [-14.38291489],
       [-13.89049627],
       [-14.53671348],
       [-13.1460705 ],
       [-14.87189618],
       [-13.69495886],
       [-12.47026232],
       [  1.01186951]])
<<<<<<<<<<< STEP 15 >>>>>>>>>>>> + array([[-0.50004534],
       [-0.50002433],
       [-0.50012579],
       [-0.500042  ],
       [-0.4999873 ],
       [-0.50000145],
       [-0.50000517],
       [-0.50001498],
       [-0.49986521],
       [-0.49994954],
       [-0.50002006],
       [-0.49979508],
       [-0.50002066],
       [-0.50002143],
       [-0.49998507],
       [-0.50000469],
       [-0.49998102],
       [-0.49999885],
       [-0.49998913],
       [-0.50000083],
       [-0.50003611],
       [-0.49992642],
       [-0.5000332 ],
       [-0.50003237],
       [-0.49997481],
       [-0.50000382],
       [-0.49999532],
       [-0.49999915],
       [-0.49996663],
       [-0.49997421],
       [ 0.0506041 ]])
array([[-14.82894505],
       [-12.18931916],
       [-11.55153202],
       [-14.81655413],
       [-15.00096932],
       [-15.62343792],
       [-15.79717982],
       [-15.66378792],
       [-11.9791449 ],
       [-13.11674884],
       [-15.22348478],
       [-10.3892121 ],
       [-15.24307653],
       [-14.94551654],
       [-13.86088733],
       [-14.96726966],
       [-13.25822769],
       [-14.94162496],
       [-14.80689663],
       [-15.18958046],
       [-15.04297555],
       [-11.06687196],
       [-15.26449617],
       [-14.88294725],
       [-14.39047108],
       [-15.0367173 ],
       [-13.64606582],
       [-15.37189533],
       [-14.19492549],
       [-12.97023652],
       [  1.06247361]])
<<<<<<<<<<< STEP 16 >>>>>>>>>>>> + array([[-0.50003314],
       [-0.50001911],
       [-0.50010422],
       [-0.50003062],
       [-0.49998907],
       [-0.49999958],
       [-0.50000223],
       [-0.50000976],
       [-0.49989967],
       [-0.49996138],
       [-0.50001382],
       [-0.49986794],
       [-0.50001423],
       [-0.50001499],
       [-0.49998789],
       [-0.50000224],
       [-0.49998383],
       [-0.49999767],
       [-0.49999049],
       [-0.49999929],
       [-0.5000262 ],
       [-0.49995951],
       [-0.50002388],
       [-0.50002342],
       [-0.49998011],
       [-0.50000176],
       [-0.49999514],
       [-0.49999797],
       [-0.49997394],
       [-0.49998078],
       [ 0.04835233]])
array([[-15.32897819],
       [-12.68933826],
       [-12.05163625],
       [-15.31658475],
       [-15.50095839],
       [-16.1234375 ],
       [-16.29718205],
       [-16.16379768],
       [-12.47904457],
       [-13.61671023],
       [-15.7234986 ],
       [-10.88908003],
       [-15.74309076],
       [-15.44553154],
       [-14.36087522],
       [-15.4672719 ],
       [-13.75821152],
       [-15.44162263],
       [-15.30688712],
       [-15.68957975],
       [-15.54300176],
       [-11.56683147],
       [-15.76452005],
       [-15.38297068],
       [-14.89045119],
       [-15.53671907],
       [-14.14606096],
       [-15.8718933 ],
       [-14.69489942],
       [-13.4702173 ],
       [  1.11082594]])
<<<<<<<<<<< STEP 17 >>>>>>>>>>>> + array([[-0.50002441],
       [-0.50001491],
       [-0.50008456],
       [-0.50002252],
       [-0.4999909 ],
       [-0.49999875],
       [-0.50000066],
       [-0.50000644],
       [-0.4999249 ],
       [-0.49997044],
       [-0.50000965],
       [-0.49991387],
       [-0.50000993],
       [-0.50001062],
       [-0.49999032],
       [-0.5000009 ],
       [-0.49998662],
       [-0.49999733],
       [-0.499992  ],
       [-0.49999864],
       [-0.50001918],
       [-0.49997856],
       [-0.50001735],
       [-0.50001711],
       [-0.49998441],
       [-0.50000065],
       [-0.49999551],
       [-0.49999761],
       [-0.49997973],
       [-0.4999856 ],
       [ 0.04628159]])
array([[-15.8290026 ],
       [-13.18935317],
       [-12.55172081],
       [-15.81660727],
       [-16.0009493 ],
       [-16.62343626],
       [-16.79718271],
       [-16.66380412],
       [-12.97896947],
       [-14.11668067],
       [-16.22350824],
       [-11.38899391],
       [-16.24310069],
       [-15.94554216],
       [-14.86086554],
       [-15.9672728 ],
       [-14.25819814],
       [-15.94161996],
       [-15.80687911],
       [-16.18957839],
       [-16.04302094],
       [-12.06681002],
       [-16.26453739],
       [-15.88298778],
       [-15.3904356 ],
       [-16.03671971],
       [-14.64605647],
       [-16.3718909 ],
       [-15.19487916],
       [-13.9702029 ],
       [  1.15710753]])
<<<<<<<<<<< STEP 18 >>>>>>>>>>>> + array([[-0.50001811],
       [-0.50001158],
       [-0.50006762],
       [-0.50001668],
       [-0.49999259],
       [-0.49999848],
       [-0.49999987],
       [-0.5000043 ],
       [-0.49994353],
       [-0.49997737],
       [-0.50000682],
       [-0.4999431 ],
       [-0.50000702],
       [-0.50000761],
       [-0.49999234],
       [-0.50000019],
       [-0.49998915],
       [-0.49999742],
       [-0.49999343],
       [-0.49999847],
       [-0.50001416],
       [-0.49998935],
       [-0.50001272],
       [-0.5000126 ],
       [-0.49998784],
       [-0.50000007],
       [-0.49999609],
       [-0.49999766],
       [-0.49998429],
       [-0.49998916],
       [ 0.04437292]])
array([[-16.32902072],
       [-13.68936475],
       [-13.05178843],
       [-16.31662395],
       [-16.50094189],
       [-17.12343474],
       [-17.29718257],
       [-17.16380842],
       [-13.478913  ],
       [-14.61665803],
       [-16.72351506],
       [-11.88893701],
       [-16.7431077 ],
       [-16.44554977],
       [-15.36085787],
       [-16.46727299],
       [-14.75818729],
       [-16.44161738],
       [-16.30687255],
       [-16.68957686],
       [-16.5430351 ],
       [-12.56679937],
       [-16.76455011],
       [-16.38300039],
       [-15.89042344],
       [-16.53671978],
       [-15.14605255],
       [-16.87188856],
       [-15.69486345],
       [-14.47019206],
       [  1.20148045]])
<<<<<<<<<<< STEP 19 >>>>>>>>>>>> + array([[-0.50001352],
       [-0.50000896],
       [-0.50005352],
       [-0.50001243],
       [-0.49999406],
       [-0.4999985 ],
       [-0.49999951],
       [-0.50000291],
       [-0.49995737],
       [-0.49998266],
       [-0.50000488],
       [-0.49996189],
       [-0.50000502],
       [-0.50000551],
       [-0.49999398],
       [-0.49999984],
       [-0.49999132],
       [-0.4999977 ],
       [-0.4999947 ],
       [-0.49999853],
       [-0.50001052],
       [-0.49999533],
       [-0.50000939],
       [-0.50000935],
       [-0.49999055],
       [-0.49999979],
       [-0.49999672],
       [-0.4999979 ],
       [-0.49998786],
       [-0.49999181],
       [ 0.04260931]])
array([[-16.82903424],
       [-14.18937372],
       [-13.55184195],
       [-16.81663638],
       [-17.00093594],
       [-17.62343324],
       [-17.79718209],
       [-17.66381134],
       [-13.97887037],
       [-15.1166407 ],
       [-17.22351994],
       [-12.3888989 ],
       [-17.24311272],
       [-16.94555529],
       [-15.86085185],
       [-16.96727284],
       [-15.25817861],
       [-16.94161508],
       [-16.80686725],
       [-17.18957539],
       [-17.04304562],
       [-13.0667947 ],
       [-17.2645595 ],
       [-16.88300973],
       [-16.39041399],
       [-17.03671957],
       [-15.64604927],
       [-17.37188646],
       [-16.1948513 ],
       [-14.97018387],
       [  1.24408976]])
<<<<<<<<<<< STEP 20 >>>>>>>>>>>> + array([[-0.50001014],
       [-0.50000692],
       [-0.50004205],
       [-0.50000931],
       [-0.49999528],
       [-0.49999864],
       [-0.49999939],
       [-0.500002  ],
       [-0.49996772],
       [-0.49998672],
       [-0.50000353],
       [-0.49997411],
       [-0.50000363],
       [-0.50000403],
       [-0.49999529],
       [-0.4999997 ],
       [-0.49999312],
       [-0.49999804],
       [-0.49999578],
       [-0.49999869],
       [-0.50000786],
       [-0.49999853],
       [-0.50000699],
       [-0.50000698],
       [-0.49999268],
       [-0.49999968],
       [-0.49999731],
       [-0.4999982 ],
       [-0.49999063],
       [-0.49999379],
       [ 0.04097566]])
array([[-17.32904438],
       [-14.68938064],
       [-14.051884  ],
       [-17.31664569],
       [-17.50093122],
       [-18.12343188],
       [-18.29718148],
       [-18.16381334],
       [-14.47883809],
       [-15.61662742],
       [-17.72352347],
       [-12.88887301],
       [-17.74311635],
       [-17.44555932],
       [-16.36084714],
       [-17.46727253],
       [-15.75817173],
       [-17.44161312],
       [-17.30686303],
       [-17.68957407],
       [-17.54305348],
       [-13.56679323],
       [-17.76456649],
       [-17.38301671],
       [-16.89040667],
       [-17.53671926],
       [-16.14604658],
       [-17.87188466],
       [-16.69484193],
       [-15.47017767],
       [  1.28506542]])
<<<<<<<<<<< STEP 21 >>>>>>>>>>>> + array([[-0.50000764],
       [-0.50000534],
       [-0.50003285],
       [-0.50000701],
       [-0.49999629],
       [-0.49999883],
       [-0.49999939],
       [-0.50000139],
       [-0.49997549],
       [-0.49998982],
       [-0.50000258],
       [-0.49998216],
       [-0.50000265],
       [-0.50000297],
       [-0.49999634],
       [-0.49999966],
       [-0.49999459],
       [-0.49999838],
       [-0.49999667],
       [-0.49999888],
       [-0.50000591],
       [-0.50000015],
       [-0.50000523],
       [-0.50000523],
       [-0.49999434],
       [-0.49999966],
       [-0.49999783],
       [-0.49999851],
       [-0.49999278],
       [-0.49999529],
       [ 0.03945867]])
array([[-17.82905202],
       [-15.18938598],
       [-14.55191685],
       [-17.8166527 ],
       [-18.00092751],
       [-18.62343072],
       [-18.79718087],
       [-18.66381473],
       [-14.97881358],
       [-16.11661724],
       [-18.22352605],
       [-13.38885517],
       [-18.243119  ],
       [-17.94556229],
       [-16.86084348],
       [-17.96727219],
       [-16.25816633],
       [-17.9416115 ],
       [-17.8068597 ],
       [-18.18957296],
       [-18.04305938],
       [-14.06679338],
       [-18.26457172],
       [-17.88302194],
       [-17.39040101],
       [-18.03671892],
       [-16.64604441],
       [-18.37188317],
       [-17.19483471],
       [-15.97017295],
       [  1.32452409]])
<<<<<<<<<<< STEP 22 >>>>>>>>>>>> + array([[-0.50000578],
       [-0.50000411],
       [-0.50002556],
       [-0.5000053 ],
       [-0.49999709],
       [-0.49999903],
       [-0.49999945],
       [-0.50000098],
       [-0.49998135],
       [-0.4999922 ],
       [-0.5000019 ],
       [-0.49998754],
       [-0.50000195],
       [-0.50000221],
       [-0.49999716],
       [-0.49999967],
       [-0.49999577],
       [-0.49999868],
       [-0.49999739],
       [-0.49999908],
       [-0.50000445],
       [-0.50000089],
       [-0.50000393],
       [-0.50000394],
       [-0.49999563],
       [-0.49999968],
       [-0.49999827],
       [-0.49999879],
       [-0.49999444],
       [-0.49999641],
       [ 0.03804666]])
array([[-18.3290578 ],
       [-15.68939009],
       [-15.05194242],
       [-18.316658  ],
       [-18.5009246 ],
       [-19.12342974],
       [-19.29718032],
       [-19.16381571],
       [-15.47879493],
       [-16.61660943],
       [-18.72352795],
       [-13.88884271],
       [-18.74312096],
       [-18.4455645 ],
       [-17.36084064],
       [-18.46727186],
       [-16.7581621 ],
       [-18.44161019],
       [-18.30685709],
       [-18.68957203],
       [-18.54306384],
       [-14.56679427],
       [-18.76457565],
       [-18.38302589],
       [-17.89039664],
       [-18.5367186 ],
       [-17.14604268],
       [-18.87188195],
       [-17.69482914],
       [-16.47016936],
       [  1.36257076]])
<<<<<<<<<<< STEP 23 >>>>>>>>>>>> + array([[-0.50000438],
       [-0.50000316],
       [-0.50001983],
       [-0.50000402],
       [-0.49999773],
       [-0.49999921],
       [-0.49999952],
       [-0.5000007 ],
       [-0.49998578],
       [-0.49999402],
       [-0.50000141],
       [-0.49999118],
       [-0.50000145],
       [-0.50000165],
       [-0.4999978 ],
       [-0.49999971],
       [-0.49999671],
       [-0.49999895],
       [-0.49999796],
       [-0.49999925],
       [-0.50000337],
       [-0.50000115],
       [-0.50000297],
       [-0.50000298],
       [-0.49999663],
       [-0.49999972],
       [-0.49999864],
       [-0.49999903],
       [-0.49999572],
       [-0.49999726],
       [ 0.03672939]])
array([[-18.82906219],
       [-16.18939325],
       [-15.55196225],
       [-18.81666202],
       [-19.00092234],
       [-19.62342895],
       [-19.79717984],
       [-19.66381641],
       [-15.97878072],
       [-17.11660345],
       [-19.22352936],
       [-14.38883389],
       [-19.24312241],
       [-18.94556615],
       [-17.86083844],
       [-18.96727157],
       [-17.2581588 ],
       [-18.94160913],
       [-18.80685505],
       [-19.18957129],
       [-19.04306721],
       [-15.06679541],
       [-19.26457861],
       [-18.88302887],
       [-18.39039327],
       [-19.03671832],
       [-17.64604132],
       [-19.37188098],
       [-18.19482486],
       [-16.97016663],
       [  1.39930015]])
<<<<<<<<<<< STEP 24 >>>>>>>>>>>> + array([[-0.50000333],
       [-0.50000243],
       [-0.50001535],
       [-0.50000305],
       [-0.49999824],
       [-0.49999937],
       [-0.4999996 ],
       [-0.50000051],
       [-0.49998914],
       [-0.49999541],
       [-0.50000105],
       [-0.49999368],
       [-0.50000108],
       [-0.50000124],
       [-0.4999983 ],
       [-0.49999975],
       [-0.49999744],
       [-0.49999917],
       [-0.49999841],
       [-0.4999994 ],
       [-0.50000256],
       [-0.50000116],
       [-0.50000225],
       [-0.50000226],
       [-0.49999741],
       [-0.49999976],
       [-0.49999893],
       [-0.49999923],
       [-0.49999671],
       [-0.49999791],
       [ 0.03549784]])
array([[-19.32906552],
       [-16.68939569],
       [-16.0519776 ],
       [-19.31666507],
       [-19.50092058],
       [-20.12342832],
       [-20.29717944],
       [-20.16381692],
       [-16.47876986],
       [-17.61659886],
       [-19.72353041],
       [-14.88882757],
       [-19.74312349],
       [-19.44556739],
       [-18.36083674],
       [-19.46727132],
       [-17.75815625],
       [-19.4416083 ],
       [-19.30685347],
       [-19.68957069],
       [-19.54306977],
       [-15.56679658],
       [-19.76458086],
       [-19.38303114],
       [-18.89039068],
       [-19.53671809],
       [-18.14604025],
       [-19.87188021],
       [-18.69482157],
       [-17.47016454],
       [  1.43479798]])
<<<<<<<<<<< STEP 25 >>>>>>>>>>>> + array([[-0.50000254],
       [-0.50000187],
       [-0.50001186],
       [-0.50000232],
       [-0.49999864],
       [-0.4999995 ],
       [-0.49999968],
       [-0.50000037],
       [-0.4999917 ],
       [-0.49999648],
       [-0.50000079],
       [-0.49999542],
       [-0.50000081],
       [-0.50000094],
       [-0.49999869],
       [-0.49999979],
       [-0.49999802],
       [-0.49999934],
       [-0.49999877],
       [-0.49999953],
       [-0.50000195],
       [-0.50000106],
       [-0.50000171],
       [-0.50000172],
       [-0.499998  ],
       [-0.49999981],
       [-0.49999916],
       [-0.49999939],
       [-0.49999747],
       [-0.4999984 ],
       [ 0.03434406]])
array([[-19.82906806],
       [-17.18939756],
       [-16.55198947],
       [-19.81666739],
       [-20.00091921],
       [-20.62342782],
       [-20.79717912],
       [-20.66381729],
       [-16.97876156],
       [-18.11659533],
       [-20.2235312 ],
       [-15.38882298],
       [-20.2431243 ],
       [-19.94556833],
       [-18.86083543],
       [-19.96727111],
       [-18.25815427],
       [-19.94160764],
       [-19.80685224],
       [-20.18957021],
       [-20.04307172],
       [-16.06679764],
       [-20.26458257],
       [-19.88303286],
       [-19.39038868],
       [-20.03671789],
       [-18.64603941],
       [-20.3718796 ],
       [-19.19481903],
       [-17.97016294],
       [  1.46914204]])
<<<<<<<<<<< STEP 26 >>>>>>>>>>>> + array([[-0.50000194],
       [-0.50000144],
       [-0.50000916],
       [-0.50000177],
       [-0.49999894],
       [-0.4999996 ],
       [-0.49999974],
       [-0.50000027],
       [-0.49999365],
       [-0.4999973 ],
       [-0.5000006 ],
       [-0.49999665],
       [-0.50000061],
       [-0.50000071],
       [-0.49999899],
       [-0.49999983],
       [-0.49999847],
       [-0.49999949],
       [-0.49999905],
       [-0.49999963],
       [-0.50000149],
       [-0.50000092],
       [-0.5000013 ],
       [-0.50000131],
       [-0.49999846],
       [-0.49999984],
       [-0.49999935],
       [-0.49999952],
       [-0.49999805],
       [-0.49999878],
       [ 0.03326105]])
array([[-20.32907   ],
       [-17.68939899],
       [-17.05199863],
       [-20.31666917],
       [-20.50091816],
       [-21.12342742],
       [-21.29717886],
       [-21.16381756],
       [-17.47875521],
       [-18.61659263],
       [-20.7235318 ],
       [-15.88881963],
       [-20.74312491],
       [-20.44556904],
       [-19.36083442],
       [-20.46727094],
       [-18.75815273],
       [-20.44160713],
       [-20.30685128],
       [-20.68956984],
       [-20.5430732 ],
       [-16.56679856],
       [-20.76458387],
       [-20.38303417],
       [-19.89038714],
       [-20.53671774],
       [-19.14603876],
       [-20.87187913],
       [-19.69481708],
       [-18.47016171],
       [  1.5024031 ]])
<<<<<<<<<<< STEP 27 >>>>>>>>>>>> + array([[-0.50000148],
       [-0.50000111],
       [-0.50000706],
       [-0.50000136],
       [-0.49999918],
       [-0.49999969],
       [-0.49999979],
       [-0.5000002 ],
       [-0.49999513],
       [-0.49999792],
       [-0.50000045],
       [-0.49999752],
       [-0.50000046],
       [-0.50000054],
       [-0.49999922],
       [-0.49999986],
       [-0.49999882],
       [-0.4999996 ],
       [-0.49999926],
       [-0.49999971],
       [-0.50000113],
       [-0.50000077],
       [-0.50000099],
       [-0.500001  ],
       [-0.49999882],
       [-0.49999988],
       [-0.4999995 ],
       [-0.49999963],
       [-0.4999985 ],
       [-0.49999906],
       [ 0.03224261]])
array([[-20.82907148],
       [-18.1894001 ],
       [-17.55200569],
       [-20.81667052],
       [-21.00091734],
       [-21.62342711],
       [-21.79717865],
       [-21.66381776],
       [-17.97875034],
       [-19.11659055],
       [-21.22353225],
       [-16.38881715],
       [-21.24312538],
       [-20.94556958],
       [-19.86083364],
       [-20.9672708 ],
       [-19.25815155],
       [-20.94160673],
       [-20.80685055],
       [-21.18956954],
       [-21.04307434],
       [-17.06679933],
       [-21.26458486],
       [-20.88303517],
       [-20.39038596],
       [-21.03671761],
       [-19.64603825],
       [-21.37187876],
       [-20.19481559],
       [-18.97016078],
       [  1.53464571]])
<<<<<<<<<<< STEP 28 >>>>>>>>>>>> + array([[-0.50000113],
       [-0.50000085],
       [-0.50000544],
       [-0.50000104],
       [-0.49999937],
       [-0.49999976],
       [-0.49999984],
       [-0.50000015],
       [-0.49999627],
       [-0.4999984 ],
       [-0.50000034],
       [-0.49999816],
       [-0.50000035],
       [-0.50000041],
       [-0.4999994 ],
       [-0.49999989],
       [-0.49999909],
       [-0.49999969],
       [-0.49999943],
       [-0.49999977],
       [-0.50000087],
       [-0.50000063],
       [-0.50000076],
       [-0.50000077],
       [-0.49999909],
       [-0.4999999 ],
       [-0.49999961],
       [-0.49999971],
       [-0.49999885],
       [-0.49999928],
       [ 0.03128321]])
array([[-21.32907261],
       [-18.68940095],
       [-18.05201113],
       [-21.31667156],
       [-21.50091671],
       [-22.12342686],
       [-22.29717849],
       [-22.16381791],
       [-18.47874661],
       [-19.61658896],
       [-21.72353259],
       [-16.88881531],
       [-21.74312573],
       [-21.44556999],
       [-20.36083304],
       [-21.4672707 ],
       [-19.75815064],
       [-21.44160642],
       [-21.30684998],
       [-21.68956932],
       [-21.54307521],
       [-17.56679996],
       [-21.76458562],
       [-21.38303594],
       [-20.89038505],
       [-21.53671751],
       [-20.14603786],
       [-21.87187847],
       [-20.69481444],
       [-19.47016006],
       [  1.56592892]])
<<<<<<<<<<< STEP 29 >>>>>>>>>>>> + array([[-0.50000087],
       [-0.50000065],
       [-0.50000419],
       [-0.50000079],
       [-0.49999951],
       [-0.49999981],
       [-0.49999987],
       [-0.50000011],
       [-0.49999714],
       [-0.49999877],
       [-0.50000026],
       [-0.49999862],
       [-0.50000027],
       [-0.50000031],
       [-0.49999954],
       [-0.49999992],
       [-0.4999993 ],
       [-0.49999976],
       [-0.49999956],
       [-0.49999982],
       [-0.50000066],
       [-0.50000051],
       [-0.50000058],
       [-0.50000059],
       [-0.4999993 ],
       [-0.49999992],
       [-0.4999997 ],
       [-0.49999978],
       [-0.49999911],
       [-0.49999945],
       [ 0.03037795]])
array([[-21.82907348],
       [-19.1894016 ],
       [-18.55201533],
       [-21.81667235],
       [-22.00091623],
       [-22.62342667],
       [-22.79717836],
       [-22.66381802],
       [-18.97874375],
       [-20.11658773],
       [-22.22353286],
       [-17.38881393],
       [-22.243126  ],
       [-21.9455703 ],
       [-20.86083258],
       [-21.96727061],
       [-20.25814993],
       [-21.94160618],
       [-21.80684954],
       [-22.18956914],
       [-22.04307587],
       [-18.06680046],
       [-22.2645862 ],
       [-21.88303652],
       [-21.39038435],
       [-22.03671744],
       [-20.64603756],
       [-22.37187824],
       [-21.19481355],
       [-19.9701595 ],
       [  1.59630687]])
<<<<<<<<<<< STEP 30 >>>>>>>>>>>> + array([[-0.50000067],
       [-0.5000005 ],
       [-0.50000323],
       [-0.50000061],
       [-0.49999963],
       [-0.49999985],
       [-0.4999999 ],
       [-0.50000009],
       [-0.4999978 ],
       [-0.49999906],
       [-0.5000002 ],
       [-0.49999896],
       [-0.5000002 ],
       [-0.50000024],
       [-0.49999964],
       [-0.49999993],
       [-0.49999946],
       [-0.49999981],
       [-0.49999966],
       [-0.49999986],
       [-0.50000051],
       [-0.5000004 ],
       [-0.50000044],
       [-0.50000045],
       [-0.49999946],
       [-0.49999994],
       [-0.49999977],
       [-0.49999983],
       [-0.49999932],
       [-0.49999958],
       [ 0.02952243]])
array([[-22.32907415],
       [-19.68940211],
       [-19.05201856],
       [-22.31667296],
       [-22.50091585],
       [-23.12342653],
       [-23.29717826],
       [-23.16381811],
       [-19.47874155],
       [-20.61658679],
       [-22.72353305],
       [-17.88881289],
       [-22.7431262 ],
       [-22.44557054],
       [-21.36083222],
       [-22.46727055],
       [-20.75814939],
       [-22.44160599],
       [-22.3068492 ],
       [-22.689569  ],
       [-22.54307638],
       [-18.56680087],
       [-22.76458664],
       [-22.38303697],
       [-21.89038381],
       [-22.53671738],
       [-21.14603733],
       [-22.87187807],
       [-21.69481287],
       [-20.47015908],
       [  1.6258293 ]])
<<<<<<<<<<< STEP 31 >>>>>>>>>>>> + array([[-0.50000051],
       [-0.50000039],
       [-0.50000249],
       [-0.50000047],
       [-0.49999971],
       [-0.49999989],
       [-0.49999992],
       [-0.50000006],
       [-0.49999831],
       [-0.49999928],
       [-0.50000015],
       [-0.49999922],
       [-0.50000016],
       [-0.50000018],
       [-0.49999973],
       [-0.49999995],
       [-0.49999958],
       [-0.49999986],
       [-0.49999974],
       [-0.49999989],
       [-0.50000039],
       [-0.50000032],
       [-0.50000034],
       [-0.50000034],
       [-0.49999959],
       [-0.49999995],
       [-0.49999982],
       [-0.49999987],
       [-0.49999948],
       [-0.49999967],
       [ 0.02871273]])
array([[-22.82907466],
       [-20.18940249],
       [-19.55202104],
       [-22.81667343],
       [-23.00091556],
       [-23.62342641],
       [-23.79717818],
       [-23.66381817],
       [-19.97873986],
       [-21.11658607],
       [-23.22353321],
       [-18.38881211],
       [-23.24312636],
       [-22.94557072],
       [-21.86083195],
       [-22.96727049],
       [-21.25814897],
       [-22.94160584],
       [-22.80684894],
       [-23.1895689 ],
       [-23.04307677],
       [-19.06680118],
       [-23.26458698],
       [-22.88303732],
       [-22.39038339],
       [-23.03671733],
       [-21.64603715],
       [-23.37187794],
       [-22.19481234],
       [-20.97015875],
       [  1.65454203]])
<<<<<<<<<<< STEP 32 >>>>>>>>>>>> + array([[-0.50000039],
       [-0.5000003 ],
       [-0.50000192],
       [-0.50000036],
       [-0.49999978],
       [-0.49999991],
       [-0.49999994],
       [-0.50000005],
       [-0.4999987 ],
       [-0.49999944],
       [-0.50000012],
       [-0.4999994 ],
       [-0.50000012],
       [-0.50000014],
       [-0.49999979],
       [-0.49999996],
       [-0.49999968],
       [-0.49999989],
       [-0.4999998 ],
       [-0.49999992],
       [-0.5000003 ],
       [-0.50000025],
       [-0.50000026],
       [-0.50000026],
       [-0.49999968],
       [-0.49999996],
       [-0.49999986],
       [-0.4999999 ],
       [-0.4999996 ],
       [-0.49999975],
       [ 0.02794531]])
array([[-23.32907505],
       [-20.68940279],
       [-20.05202296],
       [-23.31667379],
       [-23.50091534],
       [-24.12342633],
       [-24.29717812],
       [-24.16381822],
       [-20.47873857],
       [-21.61658551],
       [-23.72353332],
       [-18.88881151],
       [-23.74312648],
       [-23.44557086],
       [-22.36083173],
       [-23.46727045],
       [-21.75814865],
       [-23.44160573],
       [-23.30684874],
       [-23.68956881],
       [-23.54307707],
       [-19.56680143],
       [-23.76458724],
       [-23.38303758],
       [-22.89038308],
       [-23.53671729],
       [-22.14603701],
       [-23.87187783],
       [-22.69481194],
       [-21.4701585 ],
       [  1.68248734]])
<<<<<<<<<<< STEP 33 >>>>>>>>>>>> + array([[-0.5000003 ],
       [-0.50000023],
       [-0.50000147],
       [-0.50000028],
       [-0.49999983],
       [-0.49999993],
       [-0.49999995],
       [-0.50000004],
       [-0.499999  ],
       [-0.49999957],
       [-0.50000009],
       [-0.49999955],
       [-0.50000009],
       [-0.50000011],
       [-0.49999984],
       [-0.49999997],
       [-0.49999975],
       [-0.49999991],
       [-0.49999985],
       [-0.49999994],
       [-0.50000023],
       [-0.5000002 ],
       [-0.5000002 ],
       [-0.5000002 ],
       [-0.49999975],
       [-0.49999997],
       [-0.49999989],
       [-0.49999992],
       [-0.49999969],
       [-0.49999981],
       [ 0.02721699]])
array([[-23.82907535],
       [-21.18940302],
       [-20.55202443],
       [-23.81667407],
       [-24.00091517],
       [-24.62342626],
       [-24.79717807],
       [-24.66381826],
       [-20.97873757],
       [-22.11658508],
       [-24.22353341],
       [-19.38881106],
       [-24.24312657],
       [-23.94557097],
       [-22.86083157],
       [-23.96727042],
       [-22.2581484 ],
       [-23.94160565],
       [-23.80684859],
       [-24.18956875],
       [-24.0430773 ],
       [-20.06680163],
       [-24.26458744],
       [-23.88303779],
       [-23.39038283],
       [-24.03671726],
       [-22.6460369 ],
       [-24.37187775],
       [-23.19481163],
       [-21.97015831],
       [  1.70970433]])
<<<<<<<<<<< STEP 34 >>>>>>>>>>>> + array([[-0.50000023],
       [-0.50000018],
       [-0.50000114],
       [-0.50000021],
       [-0.49999987],
       [-0.49999995],
       [-0.49999996],
       [-0.50000003],
       [-0.49999923],
       [-0.49999967],
       [-0.50000007],
       [-0.49999965],
       [-0.50000007],
       [-0.50000008],
       [-0.49999987],
       [-0.49999998],
       [-0.49999981],
       [-0.49999993],
       [-0.49999988],
       [-0.49999995],
       [-0.50000018],
       [-0.50000015],
       [-0.50000015],
       [-0.50000016],
       [-0.49999981],
       [-0.49999998],
       [-0.49999992],
       [-0.49999994],
       [-0.49999976],
       [-0.49999985],
       [ 0.0265249 ]])
array([[-24.32907559],
       [-21.6894032 ],
       [-21.05202557],
       [-24.31667428],
       [-24.50091504],
       [-25.12342621],
       [-25.29717804],
       [-25.16381829],
       [-21.4787368 ],
       [-22.61658475],
       [-24.72353348],
       [-19.88881071],
       [-24.74312664],
       [-24.44557105],
       [-23.36083145],
       [-24.4672704 ],
       [-22.75814821],
       [-24.44160558],
       [-24.30684847],
       [-24.6895687 ],
       [-24.54307748],
       [-20.56680178],
       [-24.7645876 ],
       [-24.38303794],
       [-23.89038264],
       [-24.53671724],
       [-23.14603682],
       [-24.87187769],
       [-23.69481139],
       [-22.47015816],
       [  1.73622923]])
<<<<<<<<<<< STEP 35 >>>>>>>>>>>> + array([[-0.50000018],
       [-0.50000014],
       [-0.50000087],
       [-0.50000016],
       [-0.4999999 ],
       [-0.49999996],
       [-0.49999997],
       [-0.50000002],
       [-0.49999941],
       [-0.49999975],
       [-0.50000005],
       [-0.49999974],
       [-0.50000005],
       [-0.50000006],
       [-0.4999999 ],
       [-0.49999998],
       [-0.49999985],
       [-0.49999995],
       [-0.49999991],
       [-0.49999996],
       [-0.50000014],
       [-0.50000012],
       [-0.50000012],
       [-0.50000012],
       [-0.49999985],
       [-0.49999998],
       [-0.49999994],
       [-0.49999995],
       [-0.49999982],
       [-0.49999989],
       [ 0.02586643]])
array([[-24.82907577],
       [-22.18940333],
       [-21.55202644],
       [-24.81667444],
       [-25.00091494],
       [-25.62342617],
       [-25.79717801],
       [-25.66381831],
       [-21.97873621],
       [-23.1165845 ],
       [-25.22353353],
       [-20.38881045],
       [-25.24312669],
       [-24.94557111],
       [-23.86083135],
       [-24.96727038],
       [-23.25814806],
       [-24.94160553],
       [-24.80684837],
       [-25.18956866],
       [-25.04307761],
       [-21.0668019 ],
       [-25.26458771],
       [-24.88303806],
       [-24.3903825 ],
       [-25.03671722],
       [-23.64603675],
       [-25.37187764],
       [-24.19481121],
       [-22.97015805],
       [  1.76209566]])
<<<<<<<<<<< STEP 36 >>>>>>>>>>>> + array([[-0.50000014],
       [-0.5000001 ],
       [-0.50000067],
       [-0.50000013],
       [-0.49999992],
       [-0.49999997],
       [-0.49999998],
       [-0.50000002],
       [-0.49999955],
       [-0.4999998 ],
       [-0.50000004],
       [-0.4999998 ],
       [-0.50000004],
       [-0.50000005],
       [-0.49999993],
       [-0.49999999],
       [-0.49999989],
       [-0.49999996],
       [-0.49999993],
       [-0.49999997],
       [-0.5000001 ],
       [-0.50000009],
       [-0.50000009],
       [-0.50000009],
       [-0.49999989],
       [-0.49999999],
       [-0.49999995],
       [-0.49999996],
       [-0.49999986],
       [-0.49999991],
       [ 0.02523922]])
array([[-25.3290759 ],
       [-22.68940344],
       [-22.05202712],
       [-25.31667457],
       [-25.50091486],
       [-26.12342613],
       [-26.29717799],
       [-26.16381833],
       [-22.47873576],
       [-23.6165843 ],
       [-25.72353357],
       [-20.88881025],
       [-25.74312673],
       [-25.44557116],
       [-24.36083128],
       [-25.46727037],
       [-23.75814795],
       [-25.44160549],
       [-25.3068483 ],
       [-25.68956863],
       [-25.54307772],
       [-21.56680199],
       [-25.76458781],
       [-25.38303815],
       [-24.89038238],
       [-25.53671721],
       [-24.1460367 ],
       [-25.87187761],
       [-24.69481107],
       [-23.47015796],
       [  1.78733488]])
<<<<<<<<<<< STEP 37 >>>>>>>>>>>> + array([[-0.50000011],
       [-0.50000008],
       [-0.50000052],
       [-0.5000001 ],
       [-0.49999994],
       [-0.49999998],
       [-0.49999998],
       [-0.50000001],
       [-0.49999965],
       [-0.49999985],
       [-0.50000003],
       [-0.49999984],
       [-0.50000003],
       [-0.50000004],
       [-0.49999994],
       [-0.49999999],
       [-0.49999991],
       [-0.49999997],
       [-0.49999995],
       [-0.49999998],
       [-0.50000008],
       [-0.50000007],
       [-0.50000007],
       [-0.50000007],
       [-0.49999991],
       [-0.49999999],
       [-0.49999996],
       [-0.49999997],
       [-0.49999989],
       [-0.49999993],
       [ 0.02464114]])
array([[-25.82907601],
       [-23.18940352],
       [-22.55202764],
       [-25.81667466],
       [-26.0009148 ],
       [-26.62342611],
       [-26.79717797],
       [-26.66381834],
       [-22.97873541],
       [-24.11658415],
       [-26.22353361],
       [-21.38881009],
       [-26.24312677],
       [-25.9455712 ],
       [-24.86083122],
       [-25.96727035],
       [-24.25814786],
       [-25.94160546],
       [-25.80684825],
       [-26.18956861],
       [-26.0430778 ],
       [-22.06680206],
       [-26.26458788],
       [-25.88303823],
       [-25.3903823 ],
       [-26.0367172 ],
       [-24.64603667],
       [-26.37187758],
       [-25.19481096],
       [-23.9701579 ],
       [  1.81197602]])
<<<<<<<<<<< STEP 38 >>>>>>>>>>>> + array([[-0.50000008],
       [-0.50000006],
       [-0.5000004 ],
       [-0.50000007],
       [-0.49999995],
       [-0.49999998],
       [-0.49999999],
       [-0.50000001],
       [-0.49999973],
       [-0.49999988],
       [-0.50000002],
       [-0.49999988],
       [-0.50000002],
       [-0.50000003],
       [-0.49999996],
       [-0.49999999],
       [-0.49999993],
       [-0.49999998],
       [-0.49999996],
       [-0.49999998],
       [-0.50000006],
       [-0.50000005],
       [-0.50000005],
       [-0.50000005],
       [-0.49999993],
       [-0.49999999],
       [-0.49999997],
       [-0.49999998],
       [-0.49999992],
       [-0.49999995],
       [ 0.02407021]])
array([[-26.32907609],
       [-23.68940358],
       [-23.05202804],
       [-26.31667474],
       [-26.50091475],
       [-27.12342609],
       [-27.29717796],
       [-27.16381835],
       [-23.47873514],
       [-24.61658404],
       [-26.72353363],
       [-21.88880997],
       [-26.74312679],
       [-26.44557123],
       [-25.36083118],
       [-26.46727035],
       [-24.75814779],
       [-26.44160544],
       [-26.30684821],
       [-26.68956859],
       [-26.54307786],
       [-22.56680212],
       [-26.76458793],
       [-26.38303828],
       [-25.89038223],
       [-26.53671719],
       [-25.14603664],
       [-26.87187756],
       [-25.69481087],
       [-24.47015784],
       [  1.83604623]])
<<<<<<<<<<< STEP 39 >>>>>>>>>>>> + array([[-0.50000006],
       [-0.50000005],
       [-0.50000031],
       [-0.50000006],
       [-0.49999996],
       [-0.49999999],
       [-0.49999999],
       [-0.50000001],
       [-0.49999979],
       [-0.49999991],
       [-0.50000002],
       [-0.49999991],
       [-0.50000002],
       [-0.50000002],
       [-0.49999997],
       [-0.49999999],
       [-0.49999995],
       [-0.49999998],
       [-0.49999997],
       [-0.49999999],
       [-0.50000005],
       [-0.50000004],
       [-0.50000004],
       [-0.50000004],
       [-0.49999995],
       [-0.49999999],
       [-0.49999998],
       [-0.49999998],
       [-0.49999994],
       [-0.49999996],
       [ 0.02352467]])
array([[-26.82907615],
       [-24.18940363],
       [-23.55202834],
       [-26.81667479],
       [-27.00091472],
       [-27.62342608],
       [-27.79717795],
       [-27.66381836],
       [-23.97873493],
       [-25.11658395],
       [-27.22353365],
       [-22.38880988],
       [-27.24312681],
       [-26.94557125],
       [-25.86083114],
       [-26.96727034],
       [-25.25814774],
       [-26.94160542],
       [-26.80684817],
       [-27.18956858],
       [-27.04307791],
       [-23.06680216],
       [-27.26458797],
       [-26.88303832],
       [-26.39038218],
       [-27.03671719],
       [-25.64603661],
       [-27.37187754],
       [-26.19481081],
       [-24.9701578 ],
       [  1.8595709 ]])
