<<<<<<<<<<< STEP 0 >>>>>>>>>>>> + array([[-0.07333813],
       [-0.93331746],
       [-1.00843509],
       [-0.02985528],
       [-0.97411225],
       [-1.20321047],
       [-0.59749713],
       [-1.040215  ],
       [-1.0482655 ],
       [-1.03028767],
       [-0.95561717],
       [-0.94774908],
       [-0.8559624 ],
       [-0.93587929],
       [-0.83443093],
       [-0.05263502],
       [-1.02746491],
       [-0.95523996],
       [-1.02054402],
       [-0.94697182],
       [-0.95521138],
       [-0.95097065],
       [ 0.04833208],
       [-0.03719876],
       [-0.93533298],
       [ 0.04703989],
       [ 0.03285577],
       [-0.05662106],
       [-0.07396211],
       [-1.01803077],
       [-1.03020304],
       [-0.91896467],
       [-0.94777885],
       [-1.02332973],
       [-1.03711782],
       [-0.95398517],
       [-1.03362351],
       [-0.9575116 ],
       [-0.02322157],
       [-0.95135124]])
array([[-0.07333813],
       [-0.93331746],
       [-1.00843509],
       [-0.02985528],
       [-0.97411225],
       [-1.20321047],
       [-0.59749713],
       [-1.040215  ],
       [-1.0482655 ],
       [-1.03028767],
       [-0.95561717],
       [-0.94774908],
       [-0.8559624 ],
       [-0.93587929],
       [-0.83443093],
       [-0.05263502],
       [-1.02746491],
       [-0.95523996],
       [-1.02054402],
       [-0.94697182],
       [-0.95521138],
       [-0.95097065],
       [ 0.04833208],
       [-0.03719876],
       [-0.93533298],
       [ 0.04703989],
       [ 0.03285577],
       [-0.05662106],
       [-0.07396211],
       [-1.01803077],
       [-1.03020304],
       [-0.91896467],
       [-0.94777885],
       [-1.02332973],
       [-1.03711782],
       [-0.95398517],
       [-1.03362351],
       [-0.9575116 ],
       [-0.02322157],
       [-0.95135124]])
<<<<<<<<<<< STEP 1 >>>>>>>>>>>> + array([[-0.12345002],
       [-0.93719837],
       [-0.986135  ],
       [-0.07596412],
       [-0.97502786],
       [-1.13936484],
       [-0.57835176],
       [-1.00629645],
       [-1.00972649],
       [-0.98470961],
       [-0.95918529],
       [-0.96329591],
       [-0.82017663],
       [-0.93748113],
       [-0.89785044],
       [-0.11067001],
       [-0.98849641],
       [-0.96216424],
       [-0.88004802],
       [-0.95184019],
       [-0.95759762],
       [-0.82242999],
       [-0.04828582],
       [-0.03392402],
       [-0.95824587],
       [-0.03456492],
       [-0.07273408],
       [-0.12198214],
       [-0.07140819],
       [-0.98015006],
       [-1.00299755],
       [-0.78998383],
       [-0.82553311],
       [-0.99486245],
       [-0.89511334],
       [-0.96275844],
       [-1.01267195],
       [-0.82813643],
       [-0.08065009],
       [-0.83281758]])
array([[ -1.96788155e-01],
       [ -1.87051583e+00],
       [ -1.99457009e+00],
       [ -1.05819395e-01],
       [ -1.94914011e+00],
       [ -2.34257530e+00],
       [ -1.17584889e+00],
       [ -2.04651145e+00],
       [ -2.05799200e+00],
       [ -2.01499728e+00],
       [ -1.91480246e+00],
       [ -1.91104499e+00],
       [ -1.67613903e+00],
       [ -1.87336042e+00],
       [ -1.73228136e+00],
       [ -1.63305028e-01],
       [ -2.01596132e+00],
       [ -1.91740420e+00],
       [ -1.90059205e+00],
       [ -1.89881201e+00],
       [ -1.91280900e+00],
       [ -1.77340064e+00],
       [  4.62551941e-05],
       [ -7.11227797e-02],
       [ -1.89357884e+00],
       [  1.24749637e-02],
       [ -3.98783075e-02],
       [ -1.78603200e-01],
       [ -1.45370303e-01],
       [ -1.99818083e+00],
       [ -2.03320059e+00],
       [ -1.70894849e+00],
       [ -1.77331196e+00],
       [ -2.01819219e+00],
       [ -1.93223116e+00],
       [ -1.91674362e+00],
       [ -2.04629546e+00],
       [ -1.78564803e+00],
       [ -1.03871656e-01],
       [ -1.78416882e+00]])
<<<<<<<<<<< STEP 2 >>>>>>>>>>>> + array([[-0.12967628],
       [-0.9057291 ],
       [-0.95611493],
       [-0.08176551],
       [-0.94952229],
       [-1.04170924],
       [-0.57354083],
       [-0.95490821],
       [-0.96795419],
       [-0.93364258],
       [-0.93370892],
       [-0.95355058],
       [-0.75212611],
       [-0.91260248],
       [-0.93848021],
       [-0.12134189],
       [-0.94736875],
       [-0.96898007],
       [-0.76947908],
       [-0.92467115],
       [-0.92517583],
       [-0.71606402],
       [-0.06653091],
       [-0.02608055],
       [-0.94660472],
       [-0.04384506],
       [-0.13478215],
       [-0.13957293],
       [-0.07723944],
       [-0.93602888],
       [-0.96790403],
       [-0.68918879],
       [-0.72713858],
       [-0.95611756],
       [-0.78476509],
       [-0.94852437],
       [-0.9829835 ],
       [-0.72032292],
       [-0.08443614],
       [-0.72976541]])
array([[-0.32646443],
       [-2.77624493],
       [-2.95068502],
       [-0.1875849 ],
       [-2.8986624 ],
       [-3.38428454],
       [-1.74938972],
       [-3.00141966],
       [-3.02594619],
       [-2.94863986],
       [-2.84851138],
       [-2.86459557],
       [-2.42826514],
       [-2.7859629 ],
       [-2.67076157],
       [-0.28464692],
       [-2.96333007],
       [-2.88638428],
       [-2.67007113],
       [-2.82348316],
       [-2.83798483],
       [-2.48946466],
       [-0.06648465],
       [-0.09720333],
       [-2.84018356],
       [-0.03137009],
       [-0.17466046],
       [-0.31817613],
       [-0.22260975],
       [-2.93420972],
       [-3.00110462],
       [-2.39813728],
       [-2.50045054],
       [-2.97430975],
       [-2.71699625],
       [-2.86526798],
       [-3.02927896],
       [-2.50597095],
       [-0.18830779],
       [-2.51393422]])
<<<<<<<<<<< STEP 3 >>>>>>>>>>>> + array([[ -1.23889503e-01],
       [ -8.35876712e-01],
       [ -9.03046281e-01],
       [ -7.42352542e-02],
       [ -8.87223395e-01],
       [ -9.41753154e-01],
       [ -5.88157413e-01],
       [ -8.82421237e-01],
       [ -9.06410405e-01],
       [ -8.65510871e-01],
       [ -8.68698949e-01],
       [ -9.02066081e-01],
       [ -6.79176407e-01],
       [ -8.46398770e-01],
       [ -9.29748941e-01],
       [ -1.17917516e-01],
       [ -8.92125191e-01],
       [ -9.50584451e-01],
       [ -7.04948990e-01],
       [ -8.65816755e-01],
       [ -8.53512423e-01],
       [ -6.32783771e-01],
       [ -5.66386020e-02],
       [  7.54111703e-05],
       [ -8.89382877e-01],
       [ -2.68647453e-02],
       [ -1.60661242e-01],
       [ -1.42644498e-01],
       [ -1.05248734e-01],
       [ -8.70720799e-01],
       [ -9.13648783e-01],
       [ -6.11288016e-01],
       [ -6.51217068e-01],
       [ -8.94930366e-01],
       [ -7.20686095e-01],
       [ -8.95515260e-01],
       [ -9.28503092e-01],
       [ -6.35565549e-01],
       [ -6.93152730e-02],
       [ -6.45876742e-01]])
array([[-0.45035393],
       [-3.61212164],
       [-3.8537313 ],
       [-0.26182016],
       [-3.7858858 ],
       [-4.3260377 ],
       [-2.33754713],
       [-3.8838409 ],
       [-3.93235659],
       [-3.81415073],
       [-3.71721032],
       [-3.76666165],
       [-3.10744155],
       [-3.63236167],
       [-3.60051051],
       [-0.40256444],
       [-3.85545526],
       [-3.83696873],
       [-3.37502012],
       [-3.68929992],
       [-3.69149725],
       [-3.12224843],
       [-0.12312325],
       [-0.09712792],
       [-3.72956644],
       [-0.05823484],
       [-0.3353217 ],
       [-0.46082063],
       [-0.32785848],
       [-3.80493051],
       [-3.9147534 ],
       [-3.0094253 ],
       [-3.15166761],
       [-3.86924011],
       [-3.43768235],
       [-3.76078324],
       [-3.95778205],
       [-3.14153649],
       [-0.25762306],
       [-3.15981096]])
<<<<<<<<<<< STEP 4 >>>>>>>>>>>> + array([[-0.11474416],
       [-0.7456097 ],
       [-0.81832515],
       [-0.06463416],
       [-0.79437899],
       [-0.83863026],
       [-0.60406087],
       [-0.78803486],
       [-0.81579237],
       [-0.77976185],
       [-0.7745795 ],
       [-0.80922324],
       [-0.61902866],
       [-0.75165493],
       [-0.86339125],
       [-0.11180598],
       [-0.81748989],
       [-0.88299697],
       [-0.66503651],
       [-0.78749239],
       [-0.75725956],
       [-0.57344494],
       [-0.04382062],
       [ 0.03655441],
       [-0.79512213],
       [-0.00964155],
       [-0.16682972],
       [-0.14032157],
       [-0.15305548],
       [-0.78255484],
       [-0.82792311],
       [-0.5569362 ],
       [-0.59579043],
       [-0.80610753],
       [-0.67894725],
       [-0.80580513],
       [-0.83659978],
       [-0.57370364],
       [-0.05215653],
       [-0.58273537]])
array([[-0.5650981 ],
       [-4.35773135],
       [-4.67205645],
       [-0.32645431],
       [-4.58026479],
       [-5.16466796],
       [-2.941608  ],
       [-4.67187575],
       [-4.74814897],
       [-4.59391258],
       [-4.49178983],
       [-4.57588488],
       [-3.7264702 ],
       [-4.3840166 ],
       [-4.46390177],
       [-0.51437042],
       [-4.67294515],
       [-4.7199657 ],
       [-4.04005662],
       [-4.47679231],
       [-4.44875681],
       [-3.69569337],
       [-0.16694388],
       [-0.06057351],
       [-4.52468857],
       [-0.06787639],
       [-0.50215141],
       [-0.60114221],
       [-0.48091396],
       [-4.58748536],
       [-4.74267652],
       [-3.5663615 ],
       [-3.74745803],
       [-4.67534764],
       [-4.1166296 ],
       [-4.56658837],
       [-4.79438183],
       [-3.71524013],
       [-0.30977959],
       [-3.74254633]])
<<<<<<<<<<< STEP 5 >>>>>>>>>>>> + array([[ -1.03320560e-01],
       [ -6.62228114e-01],
       [ -7.23567562e-01],
       [ -5.54518926e-02],
       [ -6.98365895e-01],
       [ -7.35896316e-01],
       [ -6.03811814e-01],
       [ -6.95031542e-01],
       [ -7.19110064e-01],
       [ -6.95409469e-01],
       [ -6.81627238e-01],
       [ -7.06738602e-01],
       [ -5.78061191e-01],
       [ -6.60700323e-01],
       [ -7.61539751e-01],
       [ -1.04707257e-01],
       [ -7.32335799e-01],
       [ -7.80069027e-01],
       [ -6.32123261e-01],
       [ -7.04385058e-01],
       [ -6.66557166e-01],
       [ -5.39527357e-01],
       [ -3.42590326e-02],
       [  5.70468520e-02],
       [ -6.96848062e-01],
       [  2.14566219e-04],
       [ -1.61664107e-01],
       [ -1.32534440e-01],
       [ -1.99047435e-01],
       [ -6.94179288e-01],
       [ -7.29982749e-01],
       [ -5.27643907e-01],
       [ -5.60612884e-01],
       [ -7.12608961e-01],
       [ -6.42451992e-01],
       [ -7.06986225e-01],
       [ -7.32539025e-01],
       [ -5.36417444e-01],
       [ -4.01946648e-02],
       [ -5.43053907e-01]])
array([[ -6.68418657e-01],
       [ -5.01995946e+00],
       [ -5.39562401e+00],
       [ -3.81906205e-01],
       [ -5.27863069e+00],
       [ -5.90056428e+00],
       [ -3.54541982e+00],
       [ -5.36690729e+00],
       [ -5.46725903e+00],
       [ -5.28932205e+00],
       [ -5.17341707e+00],
       [ -5.28262349e+00],
       [ -4.30453139e+00],
       [ -5.04471692e+00],
       [ -5.22544152e+00],
       [ -6.19077674e-01],
       [ -5.40528095e+00],
       [ -5.50003472e+00],
       [ -4.67217988e+00],
       [ -5.18117737e+00],
       [ -5.11531398e+00],
       [ -4.23522073e+00],
       [ -2.01202908e-01],
       [ -3.52665671e-03],
       [ -5.22153664e+00],
       [ -6.76618234e-02],
       [ -6.63815521e-01],
       [ -7.33676646e-01],
       [ -6.79961392e-01],
       [ -5.28166464e+00],
       [ -5.47265927e+00],
       [ -4.09400541e+00],
       [ -4.30807092e+00],
       [ -5.38795660e+00],
       [ -4.75908159e+00],
       [ -5.27357460e+00],
       [ -5.52692085e+00],
       [ -4.25165758e+00],
       [ -3.49974255e-01],
       [ -4.28560024e+00]])
<<<<<<<<<<< STEP 6 >>>>>>>>>>>> + array([[-0.0915702 ],
       [-0.60023591],
       [-0.6475264 ],
       [-0.04764575],
       [-0.62451679],
       [-0.6522929 ],
       [-0.59134155],
       [-0.62541669],
       [-0.64300149],
       [-0.62950232],
       [-0.61234557],
       [-0.62770347],
       [-0.55235619],
       [-0.59506405],
       [-0.66849673],
       [-0.09752745],
       [-0.65669927],
       [-0.68578919],
       [-0.60343949],
       [-0.63265582],
       [-0.60061251],
       [-0.52301758],
       [-0.02678946],
       [ 0.05335224],
       [-0.62151822],
       [ 0.00465402],
       [-0.15078607],
       [-0.12102346],
       [-0.23069678],
       [-0.62677246],
       [-0.65054774],
       [-0.51472044],
       [-0.53979323],
       [-0.63963932],
       [-0.61022708],
       [-0.62896444],
       [-0.65043953],
       [-0.51696539],
       [-0.03401708],
       [-0.52146906]])
array([[-0.75998886],
       [-5.62019537],
       [-6.04315041],
       [-0.42955196],
       [-5.90314748],
       [-6.55285718],
       [-4.13676137],
       [-5.99232399],
       [-6.11026052],
       [-5.91882436],
       [-5.78576263],
       [-5.91032695],
       [-4.85688758],
       [-5.63978098],
       [-5.89393825],
       [-0.71660512],
       [-6.06198022],
       [-6.18582391],
       [-5.27561937],
       [-5.81383319],
       [-5.71592648],
       [-4.75823831],
       [-0.22799236],
       [ 0.04982558],
       [-5.84305485],
       [-0.0630078 ],
       [-0.81460159],
       [-0.8547001 ],
       [-0.91065817],
       [-5.9084371 ],
       [-6.12320701],
       [-4.60872585],
       [-4.84786415],
       [-6.02759592],
       [-5.36930867],
       [-5.90253904],
       [-6.17736038],
       [-4.76862296],
       [-0.38399134],
       [-4.80706929]])
<<<<<<<<<<< STEP 7 >>>>>>>>>>>> + array([[-0.08149926],
       [-0.55961171],
       [-0.59670449],
       [-0.04181076],
       [-0.5763976 ],
       [-0.59532785],
       [-0.57638982],
       [-0.58050882],
       [-0.59225429],
       [-0.58491246],
       [-0.56779075],
       [-0.57682212],
       [-0.53573785],
       [-0.55415385],
       [-0.60386898],
       [-0.09154967],
       [-0.60252225],
       [-0.61994956],
       [-0.58054455],
       [-0.58180994],
       [-0.5588229 ],
       [-0.51446492],
       [-0.02051188],
       [ 0.03661268],
       [-0.57237737],
       [ 0.00653768],
       [-0.13848741],
       [-0.10892272],
       [-0.25183074],
       [-0.58248655],
       [-0.59738543],
       [-0.50855162],
       [-0.52669246],
       [-0.59122946],
       [-0.58473661],
       [-0.57777762],
       [-0.5965857 ],
       [-0.5066658 ],
       [-0.03143898],
       [-0.50969556]])
array([[-0.84148811],
       [-6.17980709],
       [-6.6398549 ],
       [-0.47136272],
       [-6.47954508],
       [-7.14818502],
       [-4.71315119],
       [-6.57283281],
       [-6.70251481],
       [-6.50373682],
       [-6.35355338],
       [-6.48714907],
       [-5.39262544],
       [-6.19393483],
       [-6.49780723],
       [-0.80815479],
       [-6.66450247],
       [-6.80577347],
       [-5.85616392],
       [-6.39564313],
       [-6.27474938],
       [-5.27270323],
       [-0.24850425],
       [ 0.08643826],
       [-6.41543222],
       [-0.05647012],
       [-0.953089  ],
       [-0.96362282],
       [-1.16248891],
       [-6.49092365],
       [-6.72059243],
       [-5.11727747],
       [-5.37455661],
       [-6.61882538],
       [-5.95404528],
       [-6.48031666],
       [-6.77394608],
       [-5.27528876],
       [-0.41543031],
       [-5.31676485]])
<<<<<<<<<<< STEP 8 >>>>>>>>>>>> + array([[-0.07376635],
       [-0.53468829],
       [-0.564727  ],
       [-0.03780788],
       [-0.54689174],
       [-0.55948401],
       [-0.5631033 ],
       [-0.5528269 ],
       [-0.5603476 ],
       [-0.55659237],
       [-0.54065543],
       [-0.54600401],
       [-0.52446243],
       [-0.52995742],
       [-0.56360668],
       [-0.08738921],
       [-0.56758286],
       [-0.57838894],
       [-0.56311248],
       [-0.54953419],
       [-0.53366441],
       [-0.50919641],
       [-0.01527561],
       [ 0.01674712],
       [-0.54228875],
       [ 0.00733471],
       [-0.12715184],
       [-0.0981499 ],
       [-0.26957977],
       [-0.55476075],
       [-0.5640268 ],
       [-0.50475276],
       [-0.51776024],
       [-0.56081024],
       [-0.56562989],
       [-0.54642965],
       [-0.56322531],
       [-0.50074893],
       [-0.03077067],
       [-0.50280262]])
array([[-0.91525446],
       [-6.71449537],
       [-7.20458189],
       [-0.5091706 ],
       [-7.02643683],
       [-7.70766904],
       [-5.27625449],
       [-7.12565971],
       [-7.2628624 ],
       [-7.06032919],
       [-6.89420881],
       [-7.03315308],
       [-5.91708787],
       [-6.72389224],
       [-7.06141391],
       [-0.895544  ],
       [-7.23208533],
       [-7.38416242],
       [-6.4192764 ],
       [-6.94517732],
       [-6.8084138 ],
       [-5.78189964],
       [-0.26377986],
       [ 0.10318538],
       [-6.95772097],
       [-0.04913541],
       [-1.08024084],
       [-1.06177272],
       [-1.43206868],
       [-7.0456844 ],
       [-7.28461924],
       [-5.62203023],
       [-5.89231685],
       [-7.17963562],
       [-6.51967517],
       [-7.02674631],
       [-7.33717139],
       [-5.7760377 ],
       [-0.44620098],
       [-5.81956748]])
<<<<<<<<<<< STEP 9 >>>>>>>>>>>> + array([[-0.06826994],
       [-0.51987084],
       [-0.54464396],
       [-0.03526413],
       [-0.52903716],
       [-0.53740339],
       [-0.55209279],
       [-0.53573443],
       [-0.54042702],
       [-0.53882794],
       [-0.52437287],
       [-0.5275984 ],
       [-0.51664807],
       [-0.51590986],
       [-0.5392775 ],
       [-0.08508505],
       [-0.54566748],
       [-0.5526398 ],
       [-0.54988267],
       [-0.52990533],
       [-0.51877558],
       [-0.50561523],
       [-0.01099049],
       [-0.00205847],
       [-0.52425336],
       [ 0.00765773],
       [-0.11775829],
       [-0.0893894 ],
       [-0.28861506],
       [-0.53740314],
       [-0.54319835],
       [-0.50205946],
       [-0.51148367],
       [-0.54173501],
       [-0.55136834],
       [-0.52757309],
       [-0.54260194],
       [-0.49724149],
       [-0.03115696],
       [-0.49863995]])
array([[-0.9835244 ],
       [-7.23436622],
       [-7.74922586],
       [-0.54443473],
       [-7.55547398],
       [-8.24507243],
       [-5.82834728],
       [-7.66139414],
       [-7.80328943],
       [-7.59915714],
       [-7.41858168],
       [-7.56075148],
       [-6.43373593],
       [-7.23980211],
       [-7.60069141],
       [-0.98062905],
       [-7.77775281],
       [-7.93680221],
       [-6.96915908],
       [-7.47508265],
       [-7.32718938],
       [-6.28751487],
       [-0.27477034],
       [ 0.10112691],
       [-7.48197433],
       [-0.04147768],
       [-1.19799912],
       [-1.15116212],
       [-1.72068374],
       [-7.58308754],
       [-7.82781759],
       [-6.12408969],
       [-6.40380051],
       [-7.72137063],
       [-7.0710435 ],
       [-7.5543194 ],
       [-7.87977333],
       [-6.27327918],
       [-0.47735794],
       [-6.31820742]])
