<<<<<<<<<<< STEP 0 >>>>>>>>>>>> + array([[-0.00416514],
       [-0.50000068],
       [-0.50000092],
       [-0.5000009 ],
       [-0.50000066],
       [-0.50000185],
       [-0.00538416],
       [-0.49999986],
       [-0.50000094],
       [-0.50000006],
       [-0.50000169],
       [-0.5000018 ],
       [-0.50000081],
       [-0.50015044],
       [-0.50000184],
       [-0.50000171],
       [-0.4999999 ],
       [ 0.00251538],
       [-0.02248502],
       [-0.50000222],
       [-0.00062904],
       [-0.49999996],
       [-0.50000085],
       [-0.50000856],
       [-0.49999978],
       [-0.5000021 ],
       [-0.49999989],
       [-0.00276783],
       [-0.50000061],
       [-0.50000067],
       [-0.50015609],
       [-0.50000148],
       [-0.50000102],
       [-0.50000084],
       [-0.50000007],
       [-0.50000088],
       [-0.50000005],
       [-0.50000013],
       [-0.50000079],
       [-0.50031588]])
array([[ -0.41945943],
       [-28.60685685],
       [-26.66432155],
       [-28.66396384],
       [-28.82644307],
       [-27.98153812],
       [ -3.29496576],
       [-28.24702712],
       [-27.46272852],
       [-27.72102258],
       [-28.09517639],
       [-28.11793517],
       [-28.81559804],
       [-18.89429732],
       [-27.07119561],
       [-28.21004303],
       [-27.79700094],
       [ -0.37108234],
       [ -2.41484594],
       [-26.43564182],
       [ -0.60258418],
       [-27.78316418],
       [-28.43825566],
       [-24.84517832],
       [-27.98071502],
       [-25.96132323],
       [-28.21069986],
       [ -0.72352433],
       [-26.47795509],
       [-28.81619663],
       [-18.57892479],
       [-28.49709314],
       [-28.32971231],
       [-28.73602044],
       [-28.19449415],
       [-28.41761168],
       [-28.15547455],
       [-28.12240198],
       [-27.81253678],
       [-17.74838349]])
<<<<<<<<<<< STEP 1 >>>>>>>>>>>> + array([[-0.00413252],
       [-0.50000053],
       [-0.50000072],
       [-0.5000007 ],
       [-0.50000051],
       [-0.50000144],
       [-0.00540271],
       [-0.49999989],
       [-0.50000074],
       [-0.50000005],
       [-0.50000132],
       [-0.50000141],
       [-0.50000063],
       [-0.50011745],
       [-0.50000144],
       [-0.50000134],
       [-0.49999992],
       [ 0.00260174],
       [-0.02293125],
       [-0.50000173],
       [-0.00070224],
       [-0.49999997],
       [-0.50000067],
       [-0.50000667],
       [-0.49999983],
       [-0.50000165],
       [-0.49999991],
       [-0.00284561],
       [-0.50000047],
       [-0.50000052],
       [-0.5001219 ],
       [-0.50000115],
       [-0.50000079],
       [-0.50000066],
       [-0.50000005],
       [-0.50000068],
       [-0.50000004],
       [-0.5000001 ],
       [-0.50000062],
       [-0.50024738]])
array([[ -0.42359195],
       [-29.10685738],
       [-27.16432227],
       [-29.16396454],
       [-29.32644358],
       [-28.48153956],
       [ -3.30036847],
       [-28.74702702],
       [-27.96272926],
       [-28.22102263],
       [-28.59517771],
       [-28.61793657],
       [-29.31559868],
       [-19.39441477],
       [-27.57119705],
       [-28.71004437],
       [-28.29700087],
       [ -0.3684806 ],
       [ -2.43777719],
       [-26.93564356],
       [ -0.60328642],
       [-28.28316414],
       [-28.93825632],
       [-25.34518499],
       [-28.48071485],
       [-26.46132489],
       [-28.71069977],
       [ -0.72636993],
       [-26.97795557],
       [-29.31619716],
       [-19.07904669],
       [-28.9970943 ],
       [-28.8297131 ],
       [-29.2360211 ],
       [-28.6944942 ],
       [-28.91761236],
       [-28.65547459],
       [-28.62240208],
       [-28.3125374 ],
       [-18.24863087]])
<<<<<<<<<<< STEP 2 >>>>>>>>>>>> + array([[-0.00409907],
       [-0.50000041],
       [-0.50000056],
       [-0.50000054],
       [-0.5000004 ],
       [-0.50000112],
       [-0.00544245],
       [-0.49999992],
       [-0.50000058],
       [-0.50000004],
       [-0.50000103],
       [-0.5000011 ],
       [-0.50000049],
       [-0.50009169],
       [-0.50000112],
       [-0.50000104],
       [-0.49999994],
       [ 0.00268871],
       [-0.02341058],
       [-0.50000135],
       [-0.00077581],
       [-0.49999997],
       [-0.50000052],
       [-0.50000519],
       [-0.49999986],
       [-0.5000013 ],
       [-0.49999993],
       [-0.00292636],
       [-0.50000037],
       [-0.50000041],
       [-0.50009519],
       [-0.5000009 ],
       [-0.50000062],
       [-0.50000051],
       [-0.50000004],
       [-0.50000053],
       [-0.50000003],
       [-0.50000008],
       [-0.50000048],
       [-0.50019373]])
array([[ -0.42769102],
       [-29.60685779],
       [-27.66432283],
       [-29.66396508],
       [-29.82644398],
       [-28.98154068],
       [ -3.30581091],
       [-29.24702694],
       [-28.46272984],
       [-28.72102266],
       [-29.09517873],
       [-29.11793767],
       [-29.81559917],
       [-19.89450646],
       [-28.07119817],
       [-29.21004541],
       [-28.79700081],
       [ -0.36579189],
       [ -2.46118778],
       [-27.43564491],
       [ -0.60406223],
       [-28.78316412],
       [-29.43825684],
       [-25.84519018],
       [-28.98071471],
       [-26.96132619],
       [-29.2106997 ],
       [ -0.7292963 ],
       [-27.47795594],
       [-29.81619757],
       [-19.57914188],
       [-29.4970952 ],
       [-29.32971372],
       [-29.73602161],
       [-29.19449424],
       [-29.41761289],
       [-29.15547461],
       [-29.12240216],
       [-28.81253788],
       [-18.7488246 ]])
<<<<<<<<<<< STEP 3 >>>>>>>>>>>> + array([[-0.0040648 ],
       [-0.50000032],
       [-0.50000044],
       [-0.50000042],
       [-0.50000031],
       [-0.50000088],
       [-0.00549939],
       [-0.49999994],
       [-0.50000045],
       [-0.50000003],
       [-0.5000008 ],
       [-0.50000086],
       [-0.50000039],
       [-0.50007158],
       [-0.50000087],
       [-0.50000082],
       [-0.49999995],
       [ 0.00277659],
       [-0.02392269],
       [-0.50000106],
       [-0.00085   ],
       [-0.49999998],
       [-0.5000004 ],
       [-0.50000405],
       [-0.49999989],
       [-0.50000102],
       [-0.49999995],
       [-0.00300986],
       [-0.50000029],
       [-0.50000032],
       [-0.50007432],
       [-0.5000007 ],
       [-0.50000048],
       [-0.5000004 ],
       [-0.50000003],
       [-0.50000041],
       [-0.50000002],
       [-0.50000006],
       [-0.50000038],
       [-0.50015171]])
array([[ -0.43175582],
       [-30.10685811],
       [-28.16432326],
       [-30.16396551],
       [-30.32644429],
       [-29.48154156],
       [ -3.3113103 ],
       [-29.74702687],
       [-28.9627303 ],
       [-29.22102269],
       [-29.59517954],
       [-29.61793853],
       [-30.31559956],
       [-20.39457805],
       [-28.57119904],
       [-29.71004623],
       [-29.29700076],
       [ -0.36301529],
       [ -2.48511047],
       [-27.93564597],
       [ -0.60491223],
       [-29.2831641 ],
       [-29.93825725],
       [-26.34519423],
       [-29.48071461],
       [-27.46132721],
       [-29.71069965],
       [ -0.73230616],
       [-27.97795622],
       [-30.31619789],
       [-20.0792162 ],
       [-29.9970959 ],
       [-29.8297142 ],
       [-30.23602201],
       [-29.69449427],
       [-29.91761331],
       [-29.65547464],
       [-29.62240222],
       [-29.31253826],
       [-19.24897631]])
<<<<<<<<<<< STEP 4 >>>>>>>>>>>> + array([[-0.00402973],
       [-0.50000025],
       [-0.50000034],
       [-0.50000033],
       [-0.50000024],
       [-0.50000068],
       [-0.00557043],
       [-0.49999995],
       [-0.50000036],
       [-0.50000002],
       [-0.50000063],
       [-0.50000067],
       [-0.5000003 ],
       [-0.50005588],
       [-0.50000068],
       [-0.50000064],
       [-0.49999996],
       [ 0.00286567],
       [-0.02446786],
       [-0.50000082],
       [-0.00092502],
       [-0.49999998],
       [-0.50000032],
       [-0.50000315],
       [-0.49999992],
       [-0.5000008 ],
       [-0.49999996],
       [-0.00309593],
       [-0.50000022],
       [-0.50000025],
       [-0.50005803],
       [-0.50000055],
       [-0.50000038],
       [-0.50000031],
       [-0.50000002],
       [-0.50000032],
       [-0.50000002],
       [-0.50000005],
       [-0.50000029],
       [-0.50011881]])
array([[ -0.43578555],
       [-30.60685836],
       [-28.6643236 ],
       [-30.66396584],
       [-30.82644453],
       [-29.98154224],
       [ -3.31688073],
       [-30.24702682],
       [-29.46273065],
       [-29.72102271],
       [-30.09518016],
       [-30.11793919],
       [-30.81559986],
       [-20.89463393],
       [-29.07119972],
       [-30.21004687],
       [-29.79700072],
       [ -0.36014963],
       [ -2.50957833],
       [-28.43564679],
       [ -0.60583725],
       [-29.78316408],
       [-30.43825756],
       [-26.84519738],
       [-29.98071452],
       [-27.96132801],
       [-30.21069961],
       [ -0.73540208],
       [-28.47795645],
       [-30.81619814],
       [-20.57927423],
       [-30.49709645],
       [-30.32971457],
       [-30.73602232],
       [-30.1944943 ],
       [-30.41761363],
       [-30.15547465],
       [-30.12240227],
       [-29.81253855],
       [-19.74909513]])
<<<<<<<<<<< STEP 5 >>>>>>>>>>>> + array([[-0.00399386],
       [-0.50000019],
       [-0.50000027],
       [-0.50000026],
       [-0.50000019],
       [-0.50000053],
       [-0.00565322],
       [-0.49999996],
       [-0.50000028],
       [-0.50000002],
       [-0.50000049],
       [-0.50000052],
       [-0.50000023],
       [-0.50004363],
       [-0.50000053],
       [-0.5000005 ],
       [-0.49999997],
       [ 0.00295614],
       [-0.02504691],
       [-0.50000064],
       [-0.00100106],
       [-0.49999999],
       [-0.50000025],
       [-0.50000246],
       [-0.49999993],
       [-0.50000063],
       [-0.49999997],
       [-0.00318445],
       [-0.50000018],
       [-0.50000019],
       [-0.50004531],
       [-0.50000043],
       [-0.50000029],
       [-0.50000024],
       [-0.50000002],
       [-0.50000025],
       [-0.50000001],
       [-0.50000004],
       [-0.50000023],
       [-0.50009305]])
array([[ -0.43977941],
       [-31.10685855],
       [-29.16432387],
       [-31.1639661 ],
       [-31.32644472],
       [-30.48154277],
       [ -3.32253395],
       [-30.74702678],
       [-29.96273093],
       [-30.22102273],
       [-30.59518065],
       [-30.61793972],
       [-31.31560009],
       [-21.39467756],
       [-29.57120025],
       [-30.71004737],
       [-30.29700069],
       [ -0.35719349],
       [ -2.53462524],
       [-28.93564743],
       [ -0.60683831],
       [-30.28316407],
       [-30.93825781],
       [-27.34519984],
       [-30.48071446],
       [-28.46132864],
       [-30.71069958],
       [ -0.73858653],
       [-28.97795662],
       [-31.31619833],
       [-21.07931955],
       [-30.99709688],
       [-30.82971487],
       [-31.23602256],
       [-30.69449432],
       [-30.91761388],
       [-30.65547466],
       [-30.62240231],
       [-30.31253878],
       [-20.24918817]])
<<<<<<<<<<< STEP 6 >>>>>>>>>>>> + array([[-0.00395717],
       [-0.50000015],
       [-0.50000021],
       [-0.5000002 ],
       [-0.50000015],
       [-0.50000042],
       [-0.00574593],
       [-0.49999997],
       [-0.50000022],
       [-0.50000001],
       [-0.50000038],
       [-0.50000041],
       [-0.50000018],
       [-0.50003406],
       [-0.50000041],
       [-0.50000039],
       [-0.49999998],
       [ 0.00304821],
       [-0.02566114],
       [-0.5000005 ],
       [-0.00107827],
       [-0.49999999],
       [-0.50000019],
       [-0.50000192],
       [-0.49999995],
       [-0.5000005 ],
       [-0.49999997],
       [-0.00327536],
       [-0.50000014],
       [-0.50000015],
       [-0.50003538],
       [-0.50000033],
       [-0.50000023],
       [-0.50000019],
       [-0.50000001],
       [-0.5000002 ],
       [-0.50000001],
       [-0.50000003],
       [-0.50000018],
       [-0.50007288]])
array([[ -0.44373658],
       [-31.60685871],
       [-29.66432408],
       [-31.6639663 ],
       [-31.82644487],
       [-30.98154319],
       [ -3.32827988],
       [-31.24702675],
       [-30.46273115],
       [-30.72102274],
       [-31.09518103],
       [-31.11794012],
       [-31.81560027],
       [-21.89471162],
       [-30.07120067],
       [-31.21004776],
       [-30.79700067],
       [ -0.35414528],
       [ -2.56028638],
       [-29.43564793],
       [ -0.60791658],
       [-30.78316406],
       [-31.438258  ],
       [-27.84520175],
       [-30.98071441],
       [-28.96132914],
       [-31.21069955],
       [ -0.74186189],
       [-29.47795676],
       [-31.81619848],
       [-21.57935493],
       [-31.49709721],
       [-31.32971509],
       [-31.73602275],
       [-31.19449433],
       [-31.41761408],
       [-31.15547467],
       [-31.12240234],
       [-30.81253896],
       [-20.74926105]])
<<<<<<<<<<< STEP 7 >>>>>>>>>>>> + array([[-0.00391966],
       [-0.50000012],
       [-0.50000016],
       [-0.50000016],
       [-0.50000012],
       [-0.50000032],
       [-0.00584719],
       [-0.49999998],
       [-0.50000017],
       [-0.50000001],
       [-0.5000003 ],
       [-0.50000032],
       [-0.50000014],
       [-0.50002659],
       [-0.50000032],
       [-0.50000031],
       [-0.49999998],
       [ 0.00314203],
       [-0.02631227],
       [-0.50000039],
       [-0.00115679],
       [-0.49999999],
       [-0.50000015],
       [-0.50000149],
       [-0.49999996],
       [-0.50000039],
       [-0.49999998],
       [-0.00336863],
       [-0.50000011],
       [-0.50000012],
       [-0.50002762],
       [-0.50000026],
       [-0.50000018],
       [-0.50000015],
       [-0.50000001],
       [-0.50000015],
       [-0.50000001],
       [-0.50000002],
       [-0.50000014],
       [-0.50005708]])
array([[ -0.44765624],
       [-32.10685882],
       [-30.16432424],
       [-32.16396645],
       [-32.32644498],
       [-31.48154351],
       [ -3.33412707],
       [-31.74702673],
       [-30.96273132],
       [-31.22102275],
       [-31.59518133],
       [-31.61794044],
       [-32.31560041],
       [-22.39473821],
       [-30.57120099],
       [-31.71004806],
       [-31.29700065],
       [ -0.35100325],
       [ -2.58659866],
       [-29.93564832],
       [ -0.60907337],
       [-31.28316405],
       [-31.93825815],
       [-28.34520325],
       [-31.48071437],
       [-29.46132953],
       [-31.71069953],
       [ -0.74523052],
       [-29.97795687],
       [-32.3161986 ],
       [-22.07938255],
       [-31.99709747],
       [-31.82971527],
       [-32.2360229 ],
       [-31.69449434],
       [-31.91761423],
       [-31.65547468],
       [-31.62240236],
       [-31.3125391 ],
       [-21.24931813]])
<<<<<<<<<<< STEP 8 >>>>>>>>>>>> + array([[-0.00388131],
       [-0.50000009],
       [-0.50000013],
       [-0.50000012],
       [-0.50000009],
       [-0.50000025],
       [-0.00595595],
       [-0.49999998],
       [-0.50000013],
       [-0.50000001],
       [-0.50000023],
       [-0.50000025],
       [-0.50000011],
       [-0.50002076],
       [-0.50000025],
       [-0.50000024],
       [-0.49999999],
       [ 0.00323775],
       [-0.02700248],
       [-0.5000003 ],
       [-0.00123675],
       [-0.49999999],
       [-0.50000012],
       [-0.50000116],
       [-0.49999997],
       [-0.50000031],
       [-0.49999998],
       [-0.00346425],
       [-0.50000008],
       [-0.50000009],
       [-0.50002157],
       [-0.5000002 ],
       [-0.50000014],
       [-0.50000012],
       [-0.50000001],
       [-0.50000012],
       [-0.50000001],
       [-0.50000002],
       [-0.50000011],
       [-0.50004471]])
array([[ -0.45153755],
       [-32.60685892],
       [-30.66432436],
       [-32.66396658],
       [-32.82644508],
       [-31.98154376],
       [ -3.34008302],
       [-32.24702671],
       [-31.46273146],
       [-31.72102276],
       [-32.09518156],
       [-32.11794069],
       [-32.81560053],
       [-22.89475898],
       [-31.07120124],
       [-32.2100483 ],
       [-31.79700064],
       [ -0.3477655 ],
       [ -2.61360114],
       [-30.43564862],
       [ -0.61031011],
       [-31.78316404],
       [-32.43825826],
       [-28.84520441],
       [-31.98071433],
       [-29.96132984],
       [-32.21069952],
       [ -0.74869477],
       [-30.47795695],
       [-32.81619869],
       [-22.57940412],
       [-32.49709767],
       [-32.32971541],
       [-32.73602302],
       [-32.19449435],
       [-32.41761435],
       [-32.15547469],
       [-32.12240238],
       [-31.81253921],
       [-21.74936284]])
<<<<<<<<<<< STEP 9 >>>>>>>>>>>> + array([[-0.0038421 ],
       [-0.50000007],
       [-0.5000001 ],
       [-0.5000001 ],
       [-0.50000007],
       [-0.5000002 ],
       [-0.00607145],
       [-0.49999999],
       [-0.50000011],
       [-0.50000001],
       [-0.50000018],
       [-0.50000019],
       [-0.50000009],
       [-0.50001621],
       [-0.5000002 ],
       [-0.50000019],
       [-0.49999999],
       [ 0.00333549],
       [-0.02773437],
       [-0.50000024],
       [-0.00131826],
       [-0.49999999],
       [-0.50000009],
       [-0.50000091],
       [-0.49999998],
       [-0.50000024],
       [-0.49999999],
       [-0.00356225],
       [-0.50000007],
       [-0.50000007],
       [-0.50001684],
       [-0.50000016],
       [-0.50000011],
       [-0.50000009],
       [-0.50000001],
       [-0.50000009],
       [-0.5       ],
       [-0.50000001],
       [-0.50000009],
       [-0.50003503]])
array([[ -0.45537965],
       [-33.10685899],
       [-31.16432446],
       [-33.16396667],
       [-33.32644515],
       [-32.48154396],
       [ -3.34615447],
       [-32.7470267 ],
       [-31.96273156],
       [-32.22102277],
       [-32.59518174],
       [-32.61794088],
       [-33.31560061],
       [-23.39477519],
       [-31.57120144],
       [-32.71004849],
       [-32.29700062],
       [ -0.34443001],
       [ -2.64133551],
       [-30.93564886],
       [ -0.61162837],
       [-32.28316404],
       [-32.93825835],
       [-29.34520532],
       [-32.48071431],
       [-30.46133008],
       [-32.7106995 ],
       [ -0.75225703],
       [-30.97795701],
       [-33.31619876],
       [-23.07942096],
       [-32.99709783],
       [-32.82971552],
       [-33.23602311],
       [-32.69449436],
       [-32.91761445],
       [-32.65547469],
       [-32.62240239],
       [-32.31253929],
       [-22.24939787]])
<<<<<<<<<<< STEP 10 >>>>>>>>>>>> + array([[-0.003802  ],
       [-0.50000006],
       [-0.50000008],
       [-0.50000007],
       [-0.50000005],
       [-0.50000015],
       [-0.00619313],
       [-0.49999999],
       [-0.50000008],
       [-0.5       ],
       [-0.50000014],
       [-0.50000015],
       [-0.50000007],
       [-0.50001266],
       [-0.50000015],
       [-0.50000015],
       [-0.49999999],
       [ 0.00343538],
       [-0.02851097],
       [-0.50000018],
       [-0.00140143],
       [-0.5       ],
       [-0.50000007],
       [-0.50000071],
       [-0.49999998],
       [-0.50000019],
       [-0.49999999],
       [-0.00366267],
       [-0.50000005],
       [-0.50000006],
       [-0.50001315],
       [-0.50000012],
       [-0.50000008],
       [-0.50000007],
       [-0.5       ],
       [-0.50000007],
       [-0.5       ],
       [-0.50000001],
       [-0.50000007],
       [-0.50002744]])
array([[ -0.45918166],
       [-33.60685904],
       [-31.66432454],
       [-33.66396675],
       [-33.8264452 ],
       [-32.98154411],
       [ -3.3523476 ],
       [-33.24702668],
       [-32.46273165],
       [-32.72102277],
       [-33.09518188],
       [-33.11794103],
       [-33.81560068],
       [-23.89478784],
       [-32.0712016 ],
       [-33.21004864],
       [-32.79700062],
       [ -0.34099463],
       [ -2.66984648],
       [-31.43564905],
       [ -0.61302979],
       [-32.78316403],
       [-33.43825843],
       [-29.84520602],
       [-32.98071429],
       [-30.96133027],
       [-33.21069949],
       [ -0.7559197 ],
       [-31.47795707],
       [-33.81619882],
       [-23.57943412],
       [-33.49709796],
       [-33.3297156 ],
       [-33.73602318],
       [-33.19449436],
       [-33.41761452],
       [-33.1554747 ],
       [-33.1224024 ],
       [-32.81253936],
       [-22.74942531]])
<<<<<<<<<<< STEP 11 >>>>>>>>>>>> + array([[-0.003761  ],
       [-0.50000004],
       [-0.50000006],
       [-0.50000006],
       [-0.50000004],
       [-0.50000012],
       [-0.0063206 ],
       [-0.49999999],
       [-0.50000007],
       [-0.5       ],
       [-0.50000011],
       [-0.50000012],
       [-0.50000005],
       [-0.50000988],
       [-0.50000012],
       [-0.50000011],
       [-0.49999999],
       [ 0.00353753],
       [-0.02933579],
       [-0.50000014],
       [-0.00148636],
       [-0.5       ],
       [-0.50000006],
       [-0.50000055],
       [-0.49999998],
       [-0.50000015],
       [-0.49999999],
       [-0.00376555],
       [-0.50000004],
       [-0.50000004],
       [-0.50001027],
       [-0.5000001 ],
       [-0.50000007],
       [-0.50000005],
       [-0.5       ],
       [-0.50000006],
       [-0.5       ],
       [-0.50000001],
       [-0.50000005],
       [-0.5000215 ]])
array([[ -0.46294266],
       [-34.10685909],
       [-32.1643246 ],
       [-34.16396681],
       [-34.32644524],
       [-33.48154423],
       [ -3.35866821],
       [-33.74702668],
       [-32.96273171],
       [-33.22102277],
       [-33.59518199],
       [-33.61794115],
       [-34.31560073],
       [-24.39479773],
       [-32.57120172],
       [-33.71004875],
       [-33.29700061],
       [ -0.3374571 ],
       [ -2.69918226],
       [-31.93564919],
       [ -0.61451615],
       [-33.28316403],
       [-33.93825848],
       [-30.34520658],
       [-33.48071428],
       [-31.46133042],
       [-33.71069949],
       [ -0.75968525],
       [-31.97795711],
       [-34.31619887],
       [-24.07944439],
       [-33.99709806],
       [-33.82971567],
       [-34.23602323],
       [-33.69449436],
       [-33.91761458],
       [-33.6554747 ],
       [-33.62240241],
       [-33.31253941],
       [-23.24944681]])
<<<<<<<<<<< STEP 12 >>>>>>>>>>>> + array([[-0.00371905],
       [-0.50000003],
       [-0.50000005],
       [-0.50000005],
       [-0.50000003],
       [-0.50000009],
       [-0.0064536 ],
       [-0.49999999],
       [-0.50000005],
       [-0.5       ],
       [-0.50000009],
       [-0.50000009],
       [-0.50000004],
       [-0.50000772],
       [-0.50000009],
       [-0.50000009],
       [-0.49999999],
       [ 0.00364204],
       [-0.03021285],
       [-0.50000011],
       [-0.00157315],
       [-0.5       ],
       [-0.50000004],
       [-0.50000043],
       [-0.49999999],
       [-0.50000012],
       [-0.49999999],
       [-0.00387097],
       [-0.50000003],
       [-0.50000003],
       [-0.50000802],
       [-0.50000008],
       [-0.50000005],
       [-0.50000004],
       [-0.5       ],
       [-0.50000004],
       [-0.5       ],
       [-0.50000001],
       [-0.50000004],
       [-0.50001685]])
array([[ -0.4666617 ],
       [-34.60685912],
       [-32.66432465],
       [-34.66396685],
       [-34.82644528],
       [-33.98154433],
       [ -3.36512181],
       [-34.24702667],
       [-33.46273176],
       [-33.72102278],
       [-34.09518208],
       [-34.11794124],
       [-34.81560077],
       [-24.89480545],
       [-33.07120181],
       [-34.21004884],
       [-33.7970006 ],
       [ -0.33381506],
       [ -2.72939512],
       [-32.4356493 ],
       [ -0.6160893 ],
       [-33.78316403],
       [-34.43825852],
       [-30.84520701],
       [-33.98071426],
       [-31.96133054],
       [-34.21069948],
       [ -0.76355622],
       [-32.47795714],
       [-34.8161989 ],
       [-24.57945241],
       [-34.49709813],
       [-34.32971572],
       [-34.73602328],
       [-34.19449437],
       [-34.41761462],
       [-34.1554747 ],
       [-34.12240242],
       [-33.81253945],
       [-23.74946365]])
<<<<<<<<<<< STEP 13 >>>>>>>>>>>> + array([[-0.00367613],
       [-0.50000003],
       [-0.50000004],
       [-0.50000004],
       [-0.50000003],
       [-0.50000007],
       [-0.00659197],
       [-0.49999999],
       [-0.50000004],
       [-0.5       ],
       [-0.50000007],
       [-0.50000007],
       [-0.50000003],
       [-0.50000603],
       [-0.50000007],
       [-0.50000007],
       [-0.5       ],
       [ 0.003749  ],
       [-0.03114675],
       [-0.50000009],
       [-0.00166189],
       [-0.5       ],
       [-0.50000003],
       [-0.50000033],
       [-0.49999999],
       [-0.50000009],
       [-0.5       ],
       [-0.003979  ],
       [-0.50000002],
       [-0.50000003],
       [-0.50000626],
       [-0.50000006],
       [-0.50000004],
       [-0.50000003],
       [-0.5       ],
       [-0.50000003],
       [-0.5       ],
       [-0.5       ],
       [-0.50000003],
       [-0.5000132 ]])
array([[ -0.47033783],
       [-35.10685915],
       [-33.16432468],
       [-35.16396689],
       [-35.3264453 ],
       [-34.4815444 ],
       [ -3.37171378],
       [-34.74702666],
       [-33.9627318 ],
       [-34.22102278],
       [-34.59518215],
       [-34.61794131],
       [-35.31560081],
       [-25.39481147],
       [-33.57120188],
       [-34.71004891],
       [-34.2970006 ],
       [ -0.33006606],
       [ -2.76054186],
       [-32.93564939],
       [ -0.61775119],
       [-34.28316403],
       [-34.93825856],
       [-31.34520734],
       [-34.48071425],
       [-32.46133063],
       [-34.71069948],
       [ -0.76753522],
       [-32.97795716],
       [-35.31619893],
       [-25.07945867],
       [-34.99709819],
       [-34.82971576],
       [-35.23602331],
       [-34.69449437],
       [-34.91761465],
       [-34.6554747 ],
       [-34.62240242],
       [-34.31253949],
       [-24.24947686]])
<<<<<<<<<<< STEP 14 >>>>>>>>>>>> + array([[-0.0036322 ],
       [-0.50000002],
       [-0.50000003],
       [-0.50000003],
       [-0.50000002],
       [-0.50000006],
       [-0.00673563],
       [-0.5       ],
       [-0.50000003],
       [-0.5       ],
       [-0.50000005],
       [-0.50000006],
       [-0.50000002],
       [-0.50000471],
       [-0.50000006],
       [-0.50000005],
       [-0.5       ],
       [ 0.00385851],
       [-0.03214268],
       [-0.50000007],
       [-0.00175268],
       [-0.5       ],
       [-0.50000003],
       [-0.50000026],
       [-0.49999999],
       [-0.50000007],
       [-0.5       ],
       [-0.00408971],
       [-0.50000002],
       [-0.50000002],
       [-0.50000489],
       [-0.50000005],
       [-0.50000003],
       [-0.50000003],
       [-0.5       ],
       [-0.50000003],
       [-0.5       ],
       [-0.5       ],
       [-0.50000002],
       [-0.50001035]])
array([[ -0.47397003],
       [-35.60685917],
       [-33.66432471],
       [-35.66396692],
       [-35.82644532],
       [-34.98154446],
       [ -3.37844941],
       [-35.24702666],
       [-34.46273183],
       [-34.72102278],
       [-35.0951822 ],
       [-35.11794137],
       [-35.81560083],
       [-25.89481618],
       [-34.07120194],
       [-35.21004896],
       [-34.79700059],
       [ -0.32620755],
       [ -2.79268454],
       [-33.43564946],
       [ -0.61950386],
       [-34.78316402],
       [-35.43825858],
       [-31.8452076 ],
       [-34.98071425],
       [-32.9613307 ],
       [-35.21069947],
       [ -0.77162493],
       [-33.47795718],
       [-35.81619895],
       [-25.57946356],
       [-35.49709824],
       [-35.32971579],
       [-35.73602334],
       [-35.19449437],
       [-35.41761468],
       [-35.1554747 ],
       [-35.12240243],
       [-34.81253951],
       [-24.7494872 ]])
<<<<<<<<<<< STEP 15 >>>>>>>>>>>> + array([[-0.00358724],
       [-0.50000002],
       [-0.50000002],
       [-0.50000002],
       [-0.50000002],
       [-0.50000004],
       [-0.00688458],
       [-0.5       ],
       [-0.50000002],
       [-0.5       ],
       [-0.50000004],
       [-0.50000004],
       [-0.50000002],
       [-0.50000368],
       [-0.50000004],
       [-0.50000004],
       [-0.5       ],
       [ 0.00397065],
       [-0.03320659],
       [-0.50000005],
       [-0.0018456 ],
       [-0.5       ],
       [-0.50000002],
       [-0.5000002 ],
       [-0.49999999],
       [-0.50000006],
       [-0.5       ],
       [-0.00420319],
       [-0.50000001],
       [-0.50000002],
       [-0.50000382],
       [-0.50000004],
       [-0.50000002],
       [-0.50000002],
       [-0.5       ],
       [-0.50000002],
       [-0.5       ],
       [-0.5       ],
       [-0.50000002],
       [-0.50000811]])
array([[ -0.47755727],
       [-36.10685918],
       [-34.16432474],
       [-36.16396694],
       [-36.32644534],
       [-35.4815445 ],
       [ -3.38533398],
       [-35.74702666],
       [-34.96273186],
       [-35.22102278],
       [-35.59518224],
       [-35.61794141],
       [-36.31560085],
       [-26.39481986],
       [-34.57120198],
       [-35.71004901],
       [-35.29700059],
       [ -0.3222369 ],
       [ -2.82589113],
       [-33.93564951],
       [ -0.62134946],
       [-35.28316402],
       [-35.9382586 ],
       [-32.34520781],
       [-35.48071424],
       [-33.46133076],
       [-35.71069947],
       [ -0.77582812],
       [-33.97795719],
       [-36.31619896],
       [-26.07946738],
       [-35.99709827],
       [-35.82971582],
       [-36.23602336],
       [-35.69449437],
       [-35.9176147 ],
       [-35.6554747 ],
       [-35.62240243],
       [-35.31253953],
       [-25.24949532]])
<<<<<<<<<<< STEP 16 >>>>>>>>>>>> + array([[-0.00354121],
       [-0.50000001],
       [-0.50000002],
       [-0.50000002],
       [-0.50000001],
       [-0.50000003],
       [-0.00703886],
       [-0.5       ],
       [-0.50000002],
       [-0.5       ],
       [-0.50000003],
       [-0.50000003],
       [-0.50000002],
       [-0.50000287],
       [-0.50000003],
       [-0.50000003],
       [-0.5       ],
       [ 0.0040855 ],
       [-0.03434522],
       [-0.50000004],
       [-0.00194073],
       [-0.5       ],
       [-0.50000002],
       [-0.50000016],
       [-0.5       ],
       [-0.50000005],
       [-0.5       ],
       [-0.00431953],
       [-0.50000001],
       [-0.50000001],
       [-0.50000298],
       [-0.50000003],
       [-0.50000002],
       [-0.50000002],
       [-0.5       ],
       [-0.50000002],
       [-0.5       ],
       [-0.5       ],
       [-0.50000002],
       [-0.50000636]])
array([[ -0.48109848],
       [-36.6068592 ],
       [-34.66432475],
       [-36.66396695],
       [-36.82644535],
       [-35.98154454],
       [ -3.39237284],
       [-36.24702665],
       [-35.46273188],
       [-35.72102278],
       [-36.09518227],
       [-36.11794145],
       [-36.81560086],
       [-26.89482273],
       [-35.07120202],
       [-36.21004904],
       [-35.79700059],
       [ -0.3181514 ],
       [ -2.86023634],
       [-34.43564955],
       [ -0.62329019],
       [-35.78316402],
       [-36.43825862],
       [-32.84520796],
       [-35.98071424],
       [-33.96133081],
       [-36.21069947],
       [ -0.78014765],
       [-34.47795721],
       [-36.81619898],
       [-26.57947037],
       [-36.4970983 ],
       [-36.32971584],
       [-36.73602337],
       [-36.19449437],
       [-36.41761472],
       [-36.1554747 ],
       [-36.12240243],
       [-35.81253955],
       [-25.74950167]])
<<<<<<<<<<< STEP 17 >>>>>>>>>>>> + array([[-0.00349409],
       [-0.50000001],
       [-0.50000001],
       [-0.50000001],
       [-0.50000001],
       [-0.50000003],
       [-0.00719856],
       [-0.5       ],
       [-0.50000002],
       [-0.5       ],
       [-0.50000002],
       [-0.50000003],
       [-0.50000001],
       [-0.50000224],
       [-0.50000003],
       [-0.50000003],
       [-0.5       ],
       [ 0.00420312],
       [-0.03556627],
       [-0.50000003],
       [-0.00203816],
       [-0.5       ],
       [-0.50000001],
       [-0.50000012],
       [-0.5       ],
       [-0.50000004],
       [-0.5       ],
       [-0.00443881],
       [-0.50000001],
       [-0.50000001],
       [-0.50000233],
       [-0.50000002],
       [-0.50000001],
       [-0.50000001],
       [-0.5       ],
       [-0.50000001],
       [-0.5       ],
       [-0.5       ],
       [-0.50000001],
       [-0.50000499]])
array([[ -0.48459257],
       [-37.10685921],
       [-35.16432477],
       [-37.16396697],
       [-37.32644536],
       [-36.48154456],
       [ -3.3995714 ],
       [-36.74702665],
       [-35.96273189],
       [-36.22102278],
       [-36.5951823 ],
       [-36.61794147],
       [-37.31560088],
       [-27.39482497],
       [-35.57120205],
       [-36.71004907],
       [-36.29700059],
       [ -0.31394828],
       [ -2.89580261],
       [-34.93564958],
       [ -0.62532835],
       [-36.28316402],
       [-36.93825863],
       [-33.34520809],
       [-36.48071423],
       [-34.46133084],
       [-36.71069947],
       [ -0.78458646],
       [-34.97795721],
       [-37.31619899],
       [-27.0794727 ],
       [-36.99709832],
       [-36.82971585],
       [-37.23602338],
       [-36.69449437],
       [-36.91761473],
       [-36.6554747 ],
       [-36.62240243],
       [-36.31253956],
       [-26.24950666]])
<<<<<<<<<<< STEP 18 >>>>>>>>>>>> + array([[-0.00344583],
       [-0.50000001],
       [-0.50000001],
       [-0.50000001],
       [-0.50000001],
       [-0.50000002],
       [-0.0073638 ],
       [-0.5       ],
       [-0.50000001],
       [-0.5       ],
       [-0.50000002],
       [-0.50000002],
       [-0.50000001],
       [-0.50000175],
       [-0.50000002],
       [-0.50000002],
       [-0.5       ],
       [ 0.00432359],
       [-0.03687854],
       [-0.50000003],
       [-0.00213796],
       [-0.5       ],
       [-0.50000001],
       [-0.5000001 ],
       [-0.5       ],
       [-0.50000003],
       [-0.5       ],
       [-0.00456111],
       [-0.50000001],
       [-0.50000001],
       [-0.50000182],
       [-0.50000002],
       [-0.50000001],
       [-0.50000001],
       [-0.5       ],
       [-0.50000001],
       [-0.5       ],
       [-0.5       ],
       [-0.50000001],
       [-0.50000391]])
array([[ -0.4880384 ],
       [-37.60685921],
       [-35.66432478],
       [-37.66396698],
       [-37.82644537],
       [-36.98154459],
       [ -3.4069352 ],
       [-37.24702665],
       [-36.46273191],
       [-36.72102278],
       [-37.09518232],
       [-37.11794149],
       [-37.81560089],
       [-27.89482672],
       [-36.07120207],
       [-37.21004909],
       [-36.79700059],
       [ -0.30962469],
       [ -2.93268115],
       [-35.43564961],
       [ -0.62746631],
       [-36.78316402],
       [-37.43825864],
       [-33.84520818],
       [-36.98071423],
       [-34.96133087],
       [-37.21069947],
       [ -0.78914757],
       [-35.47795722],
       [-37.81619899],
       [-27.57947452],
       [-37.49709834],
       [-37.32971586],
       [-37.73602339],
       [-37.19449437],
       [-37.41761474],
       [-37.15547471],
       [-37.12240243],
       [-36.81253957],
       [-26.74951057]])
<<<<<<<<<<< STEP 19 >>>>>>>>>>>> + array([[-0.00339643],
       [-0.50000001],
       [-0.50000001],
       [-0.50000001],
       [-0.50000001],
       [-0.50000002],
       [-0.00753473],
       [-0.5       ],
       [-0.50000001],
       [-0.5       ],
       [-0.50000002],
       [-0.50000002],
       [-0.50000001],
       [-0.50000137],
       [-0.50000002],
       [-0.50000002],
       [-0.5       ],
       [ 0.00444693],
       [-0.03829212],
       [-0.50000002],
       [-0.00224018],
       [-0.5       ],
       [-0.50000001],
       [-0.50000008],
       [-0.5       ],
       [-0.50000002],
       [-0.5       ],
       [-0.0046865 ],
       [-0.50000001],
       [-0.50000001],
       [-0.50000142],
       [-0.50000001],
       [-0.50000001],
       [-0.50000001],
       [-0.5       ],
       [-0.50000001],
       [-0.5       ],
       [-0.5       ],
       [-0.50000001],
       [-0.50000307]])
array([[ -0.49143482],
       [-38.10685922],
       [-36.16432479],
       [-38.16396699],
       [-38.32644538],
       [-37.4815446 ],
       [ -3.41446993],
       [-37.74702665],
       [-36.96273192],
       [-37.22102278],
       [-37.59518233],
       [-37.61794151],
       [-38.31560089],
       [-28.39482809],
       [-36.57120209],
       [-37.7100491 ],
       [-37.29700058],
       [ -0.30517776],
       [ -2.97097327],
       [-35.93564963],
       [ -0.62970649],
       [-37.28316402],
       [-37.93825865],
       [-34.34520826],
       [-37.48071423],
       [-35.46133089],
       [-37.71069946],
       [ -0.79383406],
       [-35.97795723],
       [-38.316199  ],
       [-28.07947594],
       [-37.99709835],
       [-37.82971587],
       [-38.2360234 ],
       [-37.69449437],
       [-37.91761475],
       [-37.65547471],
       [-37.62240244],
       [-37.31253957],
       [-27.24951363]])
<<<<<<<<<<< STEP 20 >>>>>>>>>>>> + array([[-0.00334585],
       [-0.5       ],
       [-0.50000001],
       [-0.50000001],
       [-0.5       ],
       [-0.50000001],
       [-0.00771153],
       [-0.5       ],
       [-0.50000001],
       [-0.5       ],
       [-0.50000001],
       [-0.50000001],
       [-0.50000001],
       [-0.50000107],
       [-0.50000001],
       [-0.50000001],
       [-0.5       ],
       [ 0.00457319],
       [-0.03981862],
       [-0.50000002],
       [-0.00234489],
       [-0.5       ],
       [-0.50000001],
       [-0.50000006],
       [-0.5       ],
       [-0.50000002],
       [-0.5       ],
       [-0.00481503],
       [-0.5       ],
       [-0.5       ],
       [-0.50000111],
       [-0.50000001],
       [-0.50000001],
       [-0.50000001],
       [-0.5       ],
       [-0.50000001],
       [-0.5       ],
       [-0.5       ],
       [-0.50000001],
       [-0.5000024 ]])
array([[ -0.49478067],
       [-38.60685922],
       [-36.66432479],
       [-38.66396699],
       [-38.82644538],
       [-37.98154461],
       [ -3.42218146],
       [-38.24702665],
       [-37.46273192],
       [-37.72102278],
       [-38.09518234],
       [-38.11794152],
       [-38.8156009 ],
       [-28.89482916],
       [-37.0712021 ],
       [-38.21004912],
       [-37.79700058],
       [ -0.30060457],
       [ -3.01079189],
       [-36.43564964],
       [ -0.63205139],
       [-37.78316402],
       [-38.43825865],
       [-34.84520832],
       [-37.98071423],
       [-35.96133091],
       [-38.21069946],
       [ -0.79864909],
       [-36.47795723],
       [-38.81619901],
       [-28.57947705],
       [-38.49709837],
       [-38.32971588],
       [-38.73602341],
       [-38.19449437],
       [-38.41761475],
       [-38.15547471],
       [-38.12240244],
       [-37.81253958],
       [-27.74951604]])
<<<<<<<<<<< STEP 21 >>>>>>>>>>>> + array([[-0.00329408],
       [-0.5       ],
       [-0.50000001],
       [-0.5       ],
       [-0.5       ],
       [-0.50000001],
       [-0.00789436],
       [-0.5       ],
       [-0.50000001],
       [-0.5       ],
       [-0.50000001],
       [-0.50000001],
       [-0.5       ],
       [-0.50000084],
       [-0.50000001],
       [-0.50000001],
       [-0.5       ],
       [ 0.00470236],
       [-0.04147145],
       [-0.50000001],
       [-0.00245211],
       [-0.5       ],
       [-0.5       ],
       [-0.50000005],
       [-0.5       ],
       [-0.50000001],
       [-0.5       ],
       [-0.00494674],
       [-0.5       ],
       [-0.5       ],
       [-0.50000087],
       [-0.50000001],
       [-0.50000001],
       [-0.5       ],
       [-0.5       ],
       [-0.5       ],
       [-0.5       ],
       [-0.5       ],
       [-0.5       ],
       [-0.50000189]])
array([[ -0.49807475],
       [-39.10685923],
       [-37.1643248 ],
       [-39.163967  ],
       [-39.32644538],
       [-38.48154462],
       [ -3.43007581],
       [-38.74702665],
       [-37.96273193],
       [-38.22102278],
       [-38.59518235],
       [-38.61794153],
       [-39.3156009 ],
       [-29.39483   ],
       [-37.57120211],
       [-38.71004913],
       [-38.29700058],
       [ -0.29590221],
       [ -3.05226335],
       [-36.93564966],
       [ -0.6345035 ],
       [-38.28316402],
       [-38.93825866],
       [-35.34520836],
       [-38.48071422],
       [-36.46133092],
       [-38.71069946],
       [ -0.80359584],
       [-36.97795723],
       [-39.31619901],
       [-29.07947792],
       [-38.99709837],
       [-38.82971588],
       [-39.23602341],
       [-38.69449437],
       [-38.91761476],
       [-38.65547471],
       [-38.62240244],
       [-38.31253958],
       [-28.24951793]])
<<<<<<<<<<< STEP 22 >>>>>>>>>>>> + array([[-0.00324113],
       [-0.5       ],
       [-0.5       ],
       [-0.5       ],
       [-0.5       ],
       [-0.50000001],
       [-0.00808342],
       [-0.5       ],
       [-0.5       ],
       [-0.5       ],
       [-0.50000001],
       [-0.50000001],
       [-0.5       ],
       [-0.50000065],
       [-0.50000001],
       [-0.50000001],
       [-0.5       ],
       [ 0.00483442],
       [-0.04326615],
       [-0.50000001],
       [-0.00256186],
       [-0.5       ],
       [-0.5       ],
       [-0.50000004],
       [-0.5       ],
       [-0.50000001],
       [-0.5       ],
       [-0.00508164],
       [-0.5       ],
       [-0.5       ],
       [-0.50000068],
       [-0.50000001],
       [-0.5       ],
       [-0.5       ],
       [-0.5       ],
       [-0.5       ],
       [-0.5       ],
       [-0.5       ],
       [-0.5       ],
       [-0.50000148]])
array([[ -0.50131588],
       [-39.60685923],
       [-37.6643248 ],
       [-39.663967  ],
       [-39.82644539],
       [-38.98154463],
       [ -3.43815923],
       [-39.24702665],
       [-38.46273193],
       [-38.72102278],
       [-39.09518236],
       [-39.11794154],
       [-39.81560091],
       [-29.89483065],
       [-38.07120212],
       [-39.21004913],
       [-38.79700058],
       [ -0.2910678 ],
       [ -3.0955295 ],
       [-37.43564967],
       [ -0.63706536],
       [-38.78316402],
       [-39.43825866],
       [-35.8452084 ],
       [-38.98071422],
       [-36.96133094],
       [-39.21069946],
       [ -0.80867748],
       [-37.47795724],
       [-39.81619901],
       [-29.5794786 ],
       [-39.49709838],
       [-39.32971589],
       [-39.73602342],
       [-39.19449437],
       [-39.41761476],
       [-39.15547471],
       [-39.12240244],
       [-38.81253959],
       [-28.7495194 ]])
<<<<<<<<<<< STEP 23 >>>>>>>>>>>> + array([[-0.003187  ],
       [-0.5       ],
       [-0.5       ],
       [-0.5       ],
       [-0.5       ],
       [-0.50000001],
       [-0.0082789 ],
       [-0.5       ],
       [-0.5       ],
       [-0.5       ],
       [-0.50000001],
       [-0.50000001],
       [-0.5       ],
       [-0.50000051],
       [-0.50000001],
       [-0.50000001],
       [-0.5       ],
       [ 0.0049693 ],
       [-0.04522083],
       [-0.50000001],
       [-0.00267411],
       [-0.5       ],
       [-0.5       ],
       [-0.50000003],
       [-0.5       ],
       [-0.50000001],
       [-0.5       ],
       [-0.0052197 ],
       [-0.5       ],
       [-0.5       ],
       [-0.50000053],
       [-0.50000001],
       [-0.5       ],
       [-0.5       ],
       [-0.5       ],
       [-0.5       ],
       [-0.5       ],
       [-0.5       ],
       [-0.5       ],
       [-0.50000116]])
array([[ -0.50450288],
       [-40.10685923],
       [-38.1643248 ],
       [-40.163967  ],
       [-40.32644539],
       [-39.48154464],
       [ -3.44643813],
       [-39.74702665],
       [-38.96273194],
       [-39.22102278],
       [-39.59518236],
       [-39.61794155],
       [-40.31560091],
       [-30.39483116],
       [-38.57120212],
       [-39.71004914],
       [-39.29700058],
       [ -0.2860985 ],
       [ -3.14075033],
       [-37.93564967],
       [ -0.63973948],
       [-39.28316402],
       [-39.93825867],
       [-36.34520843],
       [-39.48071422],
       [-37.46133094],
       [-39.71069946],
       [ -0.81389717],
       [-37.97795724],
       [-40.31619901],
       [-30.07947913],
       [-39.99709839],
       [-39.82971589],
       [-40.23602342],
       [-39.69449438],
       [-39.91761477],
       [-39.65547471],
       [-39.62240244],
       [-39.31253959],
       [-29.24952057]])
<<<<<<<<<<< STEP 24 >>>>>>>>>>>> + array([[-0.00313171],
       [-0.5       ],
       [-0.5       ],
       [-0.5       ],
       [-0.5       ],
       [-0.5       ],
       [-0.00848098],
       [-0.5       ],
       [-0.5       ],
       [-0.5       ],
       [-0.5       ],
       [-0.5       ],
       [-0.5       ],
       [-0.5000004 ],
       [-0.5       ],
       [-0.5       ],
       [-0.5       ],
       [ 0.00510689],
       [-0.04735669],
       [-0.50000001],
       [-0.00278881],
       [-0.5       ],
       [-0.5       ],
       [-0.50000002],
       [-0.5       ],
       [-0.50000001],
       [-0.5       ],
       [-0.00536082],
       [-0.5       ],
       [-0.5       ],
       [-0.50000041],
       [-0.5       ],
       [-0.5       ],
       [-0.5       ],
       [-0.5       ],
       [-0.5       ],
       [-0.5       ],
       [-0.5       ],
       [-0.5       ],
       [-0.50000091]])
array([[ -0.50763459],
       [-40.60685924],
       [-38.66432481],
       [-40.66396701],
       [-40.82644539],
       [-39.98154464],
       [ -3.45491911],
       [-40.24702665],
       [-39.46273194],
       [-39.72102279],
       [-40.09518237],
       [-40.11794155],
       [-40.81560091],
       [-30.89483156],
       [-39.07120213],
       [-40.21004914],
       [-39.79700058],
       [ -0.28099161],
       [ -3.18810702],
       [-38.43564968],
       [ -0.64252829],
       [-39.78316402],
       [-40.43825867],
       [-36.84520845],
       [-39.98071422],
       [-37.96133095],
       [-40.21069946],
       [ -0.81925799],
       [-38.47795724],
       [-40.81619902],
       [-30.57947954],
       [-40.49709839],
       [-40.3297159 ],
       [-40.73602342],
       [-40.19449438],
       [-40.41761477],
       [-40.15547471],
       [-40.12240244],
       [-39.81253959],
       [-29.74952148]])
<<<<<<<<<<< STEP 25 >>>>>>>>>>>> + array([[-0.00307534],
       [-0.5       ],
       [-0.5       ],
       [-0.5       ],
       [-0.5       ],
       [-0.5       ],
       [-0.00868982],
       [-0.5       ],
       [-0.5       ],
       [-0.5       ],
       [-0.5       ],
       [-0.5       ],
       [-0.5       ],
       [-0.50000031],
       [-0.5       ],
       [-0.5       ],
       [-0.5       ],
       [ 0.00524699],
       [-0.04969863],
       [-0.5       ],
       [-0.00290583],
       [-0.5       ],
       [-0.5       ],
       [-0.50000002],
       [-0.5       ],
       [-0.50000001],
       [-0.5       ],
       [-0.00550485],
       [-0.5       ],
       [-0.5       ],
       [-0.50000032],
       [-0.5       ],
       [-0.5       ],
       [-0.5       ],
       [-0.5       ],
       [-0.5       ],
       [-0.5       ],
       [-0.5       ],
       [-0.5       ],
       [-0.50000071]])
array([[ -0.51070993],
       [-41.10685924],
       [-39.16432481],
       [-41.16396701],
       [-41.32644539],
       [-40.48154465],
       [ -3.46360892],
       [-40.74702665],
       [-39.96273194],
       [-40.22102279],
       [-40.59518237],
       [-40.61794155],
       [-41.31560091],
       [-31.39483187],
       [-39.57120213],
       [-40.71004915],
       [-40.29700058],
       [ -0.27574462],
       [ -3.23780565],
       [-38.93564968],
       [ -0.64543412],
       [-40.28316402],
       [-40.93825867],
       [-37.34520847],
       [-40.48071422],
       [-38.46133096],
       [-40.71069946],
       [ -0.82476284],
       [-38.97795724],
       [-41.31619902],
       [-31.07947987],
       [-40.99709839],
       [-40.8297159 ],
       [-41.23602342],
       [-40.69449438],
       [-40.91761477],
       [-40.65547471],
       [-40.62240244],
       [-40.31253959],
       [-30.24952219]])
<<<<<<<<<<< STEP 26 >>>>>>>>>>>> + array([[-0.00301795],
       [-0.5       ],
       [-0.5       ],
       [-0.5       ],
       [-0.5       ],
       [-0.5       ],
       [-0.00890554],
       [-0.5       ],
       [-0.5       ],
       [-0.5       ],
       [-0.5       ],
       [-0.5       ],
       [-0.5       ],
       [-0.50000024],
       [-0.5       ],
       [-0.5       ],
       [-0.5       ],
       [ 0.00538933],
       [-0.05227612],
       [-0.5       ],
       [-0.003025  ],
       [-0.5       ],
       [-0.5       ],
       [-0.50000001],
       [-0.5       ],
       [-0.5       ],
       [-0.5       ],
       [-0.00565153],
       [-0.5       ],
       [-0.5       ],
       [-0.50000025],
       [-0.5       ],
       [-0.5       ],
       [-0.5       ],
       [-0.5       ],
       [-0.5       ],
       [-0.5       ],
       [-0.5       ],
       [-0.5       ],
       [-0.50000056]])
array([[ -0.51372788],
       [-41.60685924],
       [-39.66432481],
       [-41.66396701],
       [-41.82644539],
       [-40.98154465],
       [ -3.47251447],
       [-41.24702665],
       [-40.46273194],
       [-40.72102279],
       [-41.09518238],
       [-41.11794156],
       [-41.81560091],
       [-31.89483212],
       [-40.07120213],
       [-41.21004915],
       [-40.79700058],
       [ -0.2703553 ],
       [ -3.29008176],
       [-39.43564969],
       [ -0.64845912],
       [-40.78316402],
       [-41.43825867],
       [-37.84520848],
       [-40.98071422],
       [-38.96133096],
       [-41.21069946],
       [ -0.83041437],
       [-39.47795724],
       [-41.81619902],
       [-31.57948012],
       [-41.49709839],
       [-41.3297159 ],
       [-41.73602342],
       [-41.19449438],
       [-41.41761477],
       [-41.15547471],
       [-41.12240244],
       [-40.8125396 ],
       [-30.74952275]])
<<<<<<<<<<< STEP 27 >>>>>>>>>>>> + array([[-0.00295969],
       [-0.5       ],
       [-0.5       ],
       [-0.5       ],
       [-0.5       ],
       [-0.5       ],
       [-0.00912823],
       [-0.5       ],
       [-0.5       ],
       [-0.5       ],
       [-0.5       ],
       [-0.5       ],
       [-0.5       ],
       [-0.50000019],
       [-0.5       ],
       [-0.5       ],
       [-0.5       ],
       [ 0.00553351],
       [-0.05512416],
       [-0.5       ],
       [-0.00314601],
       [-0.5       ],
       [-0.5       ],
       [-0.50000001],
       [-0.5       ],
       [-0.5       ],
       [-0.5       ],
       [-0.00580049],
       [-0.5       ],
       [-0.5       ],
       [-0.5000002 ],
       [-0.5       ],
       [-0.5       ],
       [-0.5       ],
       [-0.5       ],
       [-0.5       ],
       [-0.5       ],
       [-0.5       ],
       [-0.5       ],
       [-0.50000044]])
array([[ -0.51668757],
       [-42.10685924],
       [-40.16432481],
       [-42.16396701],
       [-42.32644539],
       [-41.48154465],
       [ -3.4816427 ],
       [-41.74702665],
       [-40.96273195],
       [-41.22102279],
       [-41.59518238],
       [-41.61794156],
       [-42.31560092],
       [-32.39483231],
       [-40.57120214],
       [-41.71004915],
       [-41.29700058],
       [ -0.26482179],
       [ -3.34520592],
       [-39.93564969],
       [ -0.65160513],
       [-41.28316402],
       [-41.93825867],
       [-38.34520849],
       [-41.48071422],
       [-39.46133096],
       [-41.71069946],
       [ -0.83621486],
       [-39.97795724],
       [-42.31619902],
       [-32.07948032],
       [-41.9970984 ],
       [-41.8297159 ],
       [-42.23602342],
       [-41.69449438],
       [-41.91761477],
       [-41.65547471],
       [-41.62240244],
       [-41.3125396 ],
       [-31.24952319]])
<<<<<<<<<<< STEP 28 >>>>>>>>>>>> + array([[-0.00290075],
       [-0.5       ],
       [-0.5       ],
       [-0.5       ],
       [-0.5       ],
       [-0.5       ],
       [-0.0093579 ],
       [-0.5       ],
       [-0.5       ],
       [-0.5       ],
       [-0.5       ],
       [-0.5       ],
       [-0.5       ],
       [-0.50000015],
       [-0.5       ],
       [-0.5       ],
       [-0.5       ],
       [ 0.00567898],
       [-0.05828461],
       [-0.5       ],
       [-0.00326846],
       [-0.5       ],
       [-0.5       ],
       [-0.50000001],
       [-0.5       ],
       [-0.5       ],
       [-0.5       ],
       [-0.00595116],
       [-0.5       ],
       [-0.5       ],
       [-0.50000015],
       [-0.5       ],
       [-0.5       ],
       [-0.5       ],
       [-0.5       ],
       [-0.5       ],
       [-0.5       ],
       [-0.5       ],
       [-0.5       ],
       [-0.50000035]])
array([[ -0.51958832],
       [-42.60685924],
       [-40.66432481],
       [-42.66396701],
       [-42.82644539],
       [-41.98154465],
       [ -3.4910006 ],
       [-42.24702665],
       [-41.46273195],
       [-41.72102279],
       [-42.09518238],
       [-42.11794156],
       [-42.81560092],
       [-32.89483245],
       [-41.07120214],
       [-42.21004915],
       [-41.79700058],
       [ -0.25914282],
       [ -3.40349053],
       [-40.43564969],
       [ -0.65487359],
       [-41.78316402],
       [-42.43825867],
       [-38.8452085 ],
       [-41.98071422],
       [-39.96133097],
       [-42.21069946],
       [ -0.84216602],
       [-40.47795724],
       [-42.81619902],
       [-32.57948047],
       [-42.4970984 ],
       [-42.3297159 ],
       [-42.73602343],
       [-42.19449438],
       [-42.41761477],
       [-42.15547471],
       [-42.12240244],
       [-41.8125396 ],
       [-31.74952354]])
<<<<<<<<<<< STEP 29 >>>>>>>>>>>> + array([[-0.00284139],
       [-0.5       ],
       [-0.5       ],
       [-0.5       ],
       [-0.5       ],
       [-0.5       ],
       [-0.00959444],
       [-0.5       ],
       [-0.5       ],
       [-0.5       ],
       [-0.5       ],
       [-0.5       ],
       [-0.5       ],
       [-0.50000012],
       [-0.5       ],
       [-0.5       ],
       [-0.5       ],
       [ 0.00582498],
       [-0.06180774],
       [-0.5       ],
       [-0.00339176],
       [-0.5       ],
       [-0.5       ],
       [-0.50000001],
       [-0.5       ],
       [-0.5       ],
       [-0.5       ],
       [-0.00610278],
       [-0.5       ],
       [-0.5       ],
       [-0.50000012],
       [-0.5       ],
       [-0.5       ],
       [-0.5       ],
       [-0.5       ],
       [-0.5       ],
       [-0.5       ],
       [-0.5       ],
       [-0.5       ],
       [-0.50000027]])
array([[ -0.52242971],
       [-43.10685924],
       [-41.16432481],
       [-43.16396701],
       [-43.3264454 ],
       [-42.48154466],
       [ -3.50059504],
       [-42.74702665],
       [-41.96273195],
       [-42.22102279],
       [-42.59518238],
       [-42.61794156],
       [-43.31560092],
       [-33.39483257],
       [-41.57120214],
       [-42.71004916],
       [-42.29700058],
       [ -0.25331784],
       [ -3.46529828],
       [-40.93564969],
       [ -0.65826535],
       [-42.28316402],
       [-42.93825867],
       [-39.3452085 ],
       [-42.48071422],
       [-40.46133097],
       [-42.71069946],
       [ -0.8482688 ],
       [-40.97795725],
       [-43.31619902],
       [-33.07948059],
       [-42.9970984 ],
       [-42.8297159 ],
       [-43.23602343],
       [-42.69449438],
       [-42.91761477],
       [-42.65547471],
       [-42.62240244],
       [-42.3125396 ],
       [-32.24952381]])
<<<<<<<<<<< STEP 30 >>>>>>>>>>>> + array([[-0.00278199],
       [-0.5       ],
       [-0.5       ],
       [-0.5       ],
       [-0.5       ],
       [-0.5       ],
       [-0.00983761],
       [-0.5       ],
       [-0.5       ],
       [-0.5       ],
       [-0.5       ],
       [-0.5       ],
       [-0.5       ],
       [-0.50000009],
       [-0.5       ],
       [-0.5       ],
       [-0.5       ],
       [ 0.00597048],
       [-0.06575437],
       [-0.5       ],
       [-0.0035151 ],
       [-0.5       ],
       [-0.5       ],
       [-0.5       ],
       [-0.5       ],
       [-0.5       ],
       [-0.5       ],
       [-0.00625426],
       [-0.5       ],
       [-0.5       ],
       [-0.50000009],
       [-0.5       ],
       [-0.5       ],
       [-0.5       ],
       [-0.5       ],
       [-0.5       ],
       [-0.5       ],
       [-0.5       ],
       [-0.5       ],
       [-0.50000021]])
array([[ -0.52521169],
       [-43.60685924],
       [-41.66432481],
       [-43.66396701],
       [-43.8264454 ],
       [-42.98154466],
       [ -3.51043264],
       [-43.24702665],
       [-42.46273195],
       [-42.72102279],
       [-43.09518238],
       [-43.11794156],
       [-43.81560092],
       [-33.89483266],
       [-42.07120214],
       [-43.21004916],
       [-42.79700058],
       [ -0.24734735],
       [ -3.53105264],
       [-41.43564969],
       [ -0.66178045],
       [-42.78316402],
       [-43.43825867],
       [-39.84520851],
       [-42.98071422],
       [-40.96133097],
       [-43.21069946],
       [ -0.85452306],
       [-41.47795725],
       [-43.81619902],
       [-33.57948069],
       [-43.4970984 ],
       [-43.3297159 ],
       [-43.73602343],
       [-43.19449438],
       [-43.41761477],
       [-43.15547471],
       [-43.12240244],
       [-42.8125396 ],
       [-32.74952402]])
<<<<<<<<<<< STEP 31 >>>>>>>>>>>> + array([[-0.00272306],
       [-0.5       ],
       [-0.5       ],
       [-0.5       ],
       [-0.5       ],
       [-0.5       ],
       [-0.01008696],
       [-0.5       ],
       [-0.5       ],
       [-0.5       ],
       [-0.5       ],
       [-0.5       ],
       [-0.5       ],
       [-0.50000007],
       [-0.5       ],
       [-0.5       ],
       [-0.5       ],
       [ 0.00611412],
       [-0.0701984 ],
       [-0.5       ],
       [-0.00363737],
       [-0.5       ],
       [-0.5       ],
       [-0.5       ],
       [-0.5       ],
       [-0.5       ],
       [-0.5       ],
       [-0.00640413],
       [-0.5       ],
       [-0.5       ],
       [-0.50000007],
       [-0.5       ],
       [-0.5       ],
       [-0.5       ],
       [-0.5       ],
       [-0.5       ],
       [-0.5       ],
       [-0.5       ],
       [-0.5       ],
       [-0.50000017]])
array([[ -0.52793475],
       [-44.10685924],
       [-42.16432481],
       [-44.16396701],
       [-44.3264454 ],
       [-43.48154466],
       [ -3.5205196 ],
       [-43.74702665],
       [-42.96273195],
       [-43.22102279],
       [-43.59518238],
       [-43.61794156],
       [-44.31560092],
       [-34.39483273],
       [-42.57120214],
       [-43.71004916],
       [-43.29700058],
       [ -0.24123324],
       [ -3.60125105],
       [-41.93564969],
       [ -0.66541782],
       [-43.28316402],
       [-43.93825867],
       [-40.34520851],
       [-43.48071422],
       [-41.46133097],
       [-43.71069946],
       [ -0.86092719],
       [-41.97795725],
       [-44.31619902],
       [-34.07948076],
       [-43.9970984 ],
       [-43.8297159 ],
       [-44.23602343],
       [-43.69449438],
       [-43.91761478],
       [-43.65547471],
       [-43.62240244],
       [-43.3125396 ],
       [-33.24952419]])
<<<<<<<<<<< STEP 32 >>>>>>>>>>>> + array([[-0.00266531],
       [-0.5       ],
       [-0.5       ],
       [-0.5       ],
       [-0.5       ],
       [-0.5       ],
       [-0.01034179],
       [-0.5       ],
       [-0.5       ],
       [-0.5       ],
       [-0.5       ],
       [-0.5       ],
       [-0.5       ],
       [-0.50000006],
       [-0.5       ],
       [-0.5       ],
       [-0.5       ],
       [ 0.00625402],
       [-0.07523024],
       [-0.5       ],
       [-0.00375704],
       [-0.5       ],
       [-0.5       ],
       [-0.5       ],
       [-0.5       ],
       [-0.5       ],
       [-0.5       ],
       [-0.00655036],
       [-0.5       ],
       [-0.5       ],
       [-0.50000006],
       [-0.5       ],
       [-0.5       ],
       [-0.5       ],
       [-0.5       ],
       [-0.5       ],
       [-0.5       ],
       [-0.5       ],
       [-0.5       ],
       [-0.50000013]])
array([[ -0.53060007],
       [-44.60685924],
       [-42.66432481],
       [-44.66396701],
       [-44.8264454 ],
       [-43.98154466],
       [ -3.53086139],
       [-44.24702665],
       [-43.46273195],
       [-43.72102279],
       [-44.09518238],
       [-44.11794157],
       [-44.81560092],
       [-34.89483279],
       [-43.07120214],
       [-44.21004916],
       [-43.79700058],
       [ -0.23497922],
       [ -3.67648129],
       [-42.4356497 ],
       [ -0.66917487],
       [-43.78316402],
       [-44.43825867],
       [-40.84520852],
       [-43.98071422],
       [-41.96133097],
       [-44.21069946],
       [ -0.86747754],
       [-42.47795725],
       [-44.81619902],
       [-34.57948082],
       [-44.4970984 ],
       [-44.3297159 ],
       [-44.73602343],
       [-44.19449438],
       [-44.41761478],
       [-44.15547471],
       [-44.12240244],
       [-43.8125396 ],
       [-33.74952432]])
<<<<<<<<<<< STEP 33 >>>>>>>>>>>> + array([[-0.00260969],
       [-0.5       ],
       [-0.5       ],
       [-0.5       ],
       [-0.5       ],
       [-0.5       ],
       [-0.01060099],
       [-0.5       ],
       [-0.5       ],
       [-0.5       ],
       [-0.5       ],
       [-0.5       ],
       [-0.5       ],
       [-0.50000004],
       [-0.5       ],
       [-0.5       ],
       [-0.5       ],
       [ 0.0063877 ],
       [-0.08096099],
       [-0.5       ],
       [-0.00387207],
       [-0.5       ],
       [-0.5       ],
       [-0.5       ],
       [-0.5       ],
       [-0.5       ],
       [-0.5       ],
       [-0.00669023],
       [-0.5       ],
       [-0.5       ],
       [-0.50000005],
       [-0.5       ],
       [-0.5       ],
       [-0.5       ],
       [-0.5       ],
       [-0.5       ],
       [-0.5       ],
       [-0.5       ],
       [-0.5       ],
       [-0.5000001 ]])
array([[ -0.53320976],
       [-45.10685924],
       [-43.16432481],
       [-45.16396701],
       [-45.3264454 ],
       [-44.48154466],
       [ -3.54146238],
       [-44.74702665],
       [-43.96273195],
       [-44.22102279],
       [-44.59518238],
       [-44.61794157],
       [-45.31560092],
       [-35.39483283],
       [-43.57120214],
       [-44.71004916],
       [-44.29700058],
       [ -0.22859152],
       [ -3.75744228],
       [-42.9356497 ],
       [ -0.67304693],
       [-44.28316402],
       [-44.93825867],
       [-41.34520852],
       [-44.48071422],
       [-42.46133097],
       [-44.71069946],
       [ -0.87416778],
       [-42.97795725],
       [-45.31619902],
       [-35.07948086],
       [-44.9970984 ],
       [-44.8297159 ],
       [-45.23602343],
       [-44.69449438],
       [-44.91761478],
       [-44.65547471],
       [-44.62240244],
       [-44.3125396 ],
       [-34.24952442]])
<<<<<<<<<<< STEP 34 >>>>>>>>>>>> + array([[-0.00255749],
       [-0.5       ],
       [-0.5       ],
       [-0.5       ],
       [-0.5       ],
       [-0.5       ],
       [-0.01086298],
       [-0.5       ],
       [-0.5       ],
       [-0.5       ],
       [-0.5       ],
       [-0.5       ],
       [-0.5       ],
       [-0.50000003],
       [-0.5       ],
       [-0.5       ],
       [-0.5       ],
       [ 0.00651186],
       [-0.08752783],
       [-0.5       ],
       [-0.00397968],
       [-0.5       ],
       [-0.5       ],
       [-0.5       ],
       [-0.5       ],
       [-0.5       ],
       [-0.5       ],
       [-0.00682007],
       [-0.5       ],
       [-0.5       ],
       [-0.50000004],
       [-0.5       ],
       [-0.5       ],
       [-0.5       ],
       [-0.5       ],
       [-0.5       ],
       [-0.5       ],
       [-0.5       ],
       [-0.5       ],
       [-0.50000008]])
array([[ -0.53576725],
       [-45.60685924],
       [-43.66432481],
       [-45.66396701],
       [-45.8264454 ],
       [-44.98154466],
       [ -3.55232536],
       [-45.24702665],
       [-44.46273195],
       [-44.72102279],
       [-45.09518238],
       [-45.11794157],
       [-45.81560092],
       [-35.89483287],
       [-44.07120214],
       [-45.21004916],
       [-44.79700058],
       [ -0.22207965],
       [ -3.84497011],
       [-43.4356497 ],
       [ -0.67702661],
       [-44.78316402],
       [-45.43825868],
       [-41.84520852],
       [-44.98071422],
       [-42.96133097],
       [-45.21069946],
       [ -0.88098784],
       [-43.47795725],
       [-45.81619902],
       [-35.5794809 ],
       [-45.4970984 ],
       [-45.3297159 ],
       [-45.73602343],
       [-45.19449438],
       [-45.41761478],
       [-45.15547471],
       [-45.12240244],
       [-44.8125396 ],
       [-34.7495245 ]])
<<<<<<<<<<< STEP 35 >>>>>>>>>>>> + array([[-0.00251045],
       [-0.5       ],
       [-0.5       ],
       [-0.5       ],
       [-0.5       ],
       [-0.5       ],
       [-0.01112546],
       [-0.5       ],
       [-0.5       ],
       [-0.5       ],
       [-0.5       ],
       [-0.5       ],
       [-0.5       ],
       [-0.50000003],
       [-0.5       ],
       [-0.5       ],
       [-0.5       ],
       [ 0.00662207],
       [-0.09510069],
       [-0.5       ],
       [-0.00407614],
       [-0.5       ],
       [-0.5       ],
       [-0.5       ],
       [-0.5       ],
       [-0.5       ],
       [-0.5       ],
       [-0.0069349 ],
       [-0.5       ],
       [-0.5       ],
       [-0.50000003],
       [-0.5       ],
       [-0.5       ],
       [-0.5       ],
       [-0.5       ],
       [-0.5       ],
       [-0.5       ],
       [-0.5       ],
       [-0.5       ],
       [-0.50000006]])
array([[ -0.5382777 ],
       [-46.10685924],
       [-44.16432481],
       [-46.16396701],
       [-46.3264454 ],
       [-45.48154466],
       [ -3.56345082],
       [-45.74702665],
       [-44.96273195],
       [-45.22102279],
       [-45.59518238],
       [-45.61794157],
       [-46.31560092],
       [-36.39483289],
       [-44.57120214],
       [-45.71004916],
       [-45.29700058],
       [ -0.21545758],
       [ -3.9400708 ],
       [-43.9356497 ],
       [ -0.68110275],
       [-45.28316402],
       [-45.93825868],
       [-42.34520852],
       [-45.48071422],
       [-43.46133097],
       [-45.71069946],
       [ -0.88792274],
       [-43.97795725],
       [-46.31619902],
       [-36.07948093],
       [-45.9970984 ],
       [-45.8297159 ],
       [-46.23602343],
       [-45.69449438],
       [-45.91761478],
       [-45.65547471],
       [-45.62240244],
       [-45.3125396 ],
       [-35.24952457]])
<<<<<<<<<<< STEP 36 >>>>>>>>>>>> + array([[-0.00247091],
       [-0.5       ],
       [-0.5       ],
       [-0.5       ],
       [-0.5       ],
       [-0.5       ],
       [-0.01138524],
       [-0.5       ],
       [-0.5       ],
       [-0.5       ],
       [-0.5       ],
       [-0.5       ],
       [-0.5       ],
       [-0.50000002],
       [-0.5       ],
       [-0.5       ],
       [-0.5       ],
       [ 0.00671244],
       [-0.10389035],
       [-0.5       ],
       [-0.00415644],
       [-0.5       ],
       [-0.5       ],
       [-0.5       ],
       [-0.5       ],
       [-0.5       ],
       [-0.5       ],
       [-0.00702808],
       [-0.5       ],
       [-0.5       ],
       [-0.50000002],
       [-0.5       ],
       [-0.5       ],
       [-0.5       ],
       [-0.5       ],
       [-0.5       ],
       [-0.5       ],
       [-0.5       ],
       [-0.5       ],
       [-0.50000005]])
array([[ -0.54074861],
       [-46.60685924],
       [-44.66432481],
       [-46.66396701],
       [-46.8264454 ],
       [-45.98154466],
       [ -3.57483606],
       [-46.24702665],
       [-45.46273195],
       [-45.72102279],
       [-46.09518238],
       [-46.11794157],
       [-46.81560092],
       [-36.89483291],
       [-45.07120214],
       [-46.21004916],
       [-45.79700058],
       [ -0.20874514],
       [ -4.04396115],
       [-44.4356497 ],
       [ -0.68525919],
       [-45.78316402],
       [-46.43825868],
       [-42.84520852],
       [-45.98071422],
       [-43.96133097],
       [-46.21069946],
       [ -0.89495082],
       [-44.47795725],
       [-46.81619902],
       [-36.57948095],
       [-46.4970984 ],
       [-46.3297159 ],
       [-46.73602343],
       [-46.19449438],
       [-46.41761478],
       [-46.15547471],
       [-46.12240244],
       [-45.8125396 ],
       [-35.74952462]])
<<<<<<<<<<< STEP 37 >>>>>>>>>>>> + array([[-0.00244202],
       [-0.5       ],
       [-0.5       ],
       [-0.5       ],
       [-0.5       ],
       [-0.5       ],
       [-0.01163789],
       [-0.5       ],
       [-0.5       ],
       [-0.5       ],
       [-0.5       ],
       [-0.5       ],
       [-0.5       ],
       [-0.50000002],
       [-0.5       ],
       [-0.5       ],
       [-0.5       ],
       [ 0.00677514],
       [-0.11415776],
       [-0.5       ],
       [-0.00421391],
       [-0.5       ],
       [-0.5       ],
       [-0.5       ],
       [-0.5       ],
       [-0.5       ],
       [-0.5       ],
       [-0.00709071],
       [-0.5       ],
       [-0.5       ],
       [-0.50000002],
       [-0.5       ],
       [-0.5       ],
       [-0.5       ],
       [-0.5       ],
       [-0.5       ],
       [-0.5       ],
       [-0.5       ],
       [-0.5       ],
       [-0.50000004]])
array([[ -0.54319063],
       [-47.10685924],
       [-45.16432481],
       [-47.16396701],
       [-47.3264454 ],
       [-46.48154466],
       [ -3.58647395],
       [-46.74702665],
       [-45.96273195],
       [-46.22102279],
       [-46.59518238],
       [-46.61794157],
       [-47.31560092],
       [-37.39483293],
       [-45.57120214],
       [-46.71004916],
       [-46.29700058],
       [ -0.20197   ],
       [ -4.15811891],
       [-44.9356497 ],
       [ -0.6894731 ],
       [-46.28316402],
       [-46.93825868],
       [-43.34520852],
       [-46.48071422],
       [-44.46133098],
       [-46.71069946],
       [ -0.90204153],
       [-44.97795725],
       [-47.31619902],
       [-37.07948096],
       [-46.9970984 ],
       [-46.8297159 ],
       [-47.23602343],
       [-46.69449438],
       [-46.91761478],
       [-46.65547471],
       [-46.62240244],
       [-46.3125396 ],
       [-36.24952466]])
<<<<<<<<<<< STEP 38 >>>>>>>>>>>> + array([[-0.00242797],
       [-0.5       ],
       [-0.5       ],
       [-0.5       ],
       [-0.5       ],
       [-0.5       ],
       [-0.01187735],
       [-0.5       ],
       [-0.5       ],
       [-0.5       ],
       [-0.5       ],
       [-0.5       ],
       [-0.5       ],
       [-0.50000001],
       [-0.5       ],
       [-0.5       ],
       [-0.5       ],
       [ 0.00679982],
       [-0.12622372],
       [-0.5       ],
       [-0.00423964],
       [-0.5       ],
       [-0.5       ],
       [-0.5       ],
       [-0.5       ],
       [-0.5       ],
       [-0.5       ],
       [-0.00711095],
       [-0.5       ],
       [-0.5       ],
       [-0.50000001],
       [-0.5       ],
       [-0.5       ],
       [-0.5       ],
       [-0.5       ],
       [-0.5       ],
       [-0.5       ],
       [-0.5       ],
       [-0.5       ],
       [-0.50000003]])
array([[ -0.54561859],
       [-47.60685924],
       [-45.66432481],
       [-47.66396701],
       [-47.8264454 ],
       [-46.98154466],
       [ -3.59835129],
       [-47.24702665],
       [-46.46273195],
       [-46.72102279],
       [-47.09518238],
       [-47.11794157],
       [-47.81560092],
       [-37.89483294],
       [-46.07120214],
       [-47.21004916],
       [-46.79700058],
       [ -0.19517018],
       [ -4.28434264],
       [-45.4356497 ],
       [ -0.69371273],
       [-46.78316402],
       [-47.43825868],
       [-43.84520852],
       [-46.98071422],
       [-44.96133098],
       [-47.21069946],
       [ -0.90915248],
       [-45.47795725],
       [-47.81619902],
       [-37.57948098],
       [-47.4970984 ],
       [-47.3297159 ],
       [-47.73602343],
       [-47.19449438],
       [-47.41761478],
       [-47.15547471],
       [-47.12240244],
       [-46.8125396 ],
       [-36.74952469]])
<<<<<<<<<<< STEP 39 >>>>>>>>>>>> + array([[-0.00243431],
       [-0.5       ],
       [-0.5       ],
       [-0.5       ],
       [-0.5       ],
       [-0.5       ],
       [-0.01209552],
       [-0.5       ],
       [-0.5       ],
       [-0.5       ],
       [-0.5       ],
       [-0.5       ],
       [-0.5       ],
       [-0.50000001],
       [-0.5       ],
       [-0.5       ],
       [-0.5       ],
       [ 0.00677291],
       [-0.14047657],
       [-0.5       ],
       [-0.00422193],
       [-0.5       ],
       [-0.5       ],
       [-0.5       ],
       [-0.5       ],
       [-0.5       ],
       [-0.5       ],
       [-0.00707322],
       [-0.5       ],
       [-0.5       ],
       [-0.50000001],
       [-0.5       ],
       [-0.5       ],
       [-0.5       ],
       [-0.5       ],
       [-0.5       ],
       [-0.5       ],
       [-0.5       ],
       [-0.5       ],
       [-0.50000002]])
array([[ -0.5480529 ],
       [-48.10685924],
       [-46.16432481],
       [-48.16396701],
       [-48.3264454 ],
       [-47.48154466],
       [ -3.61044682],
       [-47.74702665],
       [-46.96273195],
       [-47.22102279],
       [-47.59518238],
       [-47.61794157],
       [-48.31560092],
       [-38.39483295],
       [-46.57120214],
       [-47.71004916],
       [-47.29700058],
       [ -0.18839726],
       [ -4.42481921],
       [-45.9356497 ],
       [ -0.69793466],
       [-47.28316402],
       [-47.93825868],
       [-44.34520852],
       [-47.48071422],
       [-45.46133098],
       [-47.71069946],
       [ -0.91622571],
       [-45.97795725],
       [-48.31619902],
       [-38.07948099],
       [-47.9970984 ],
       [-47.8297159 ],
       [-48.23602343],
       [-47.69449438],
       [-47.91761478],
       [-47.65547471],
       [-47.62240244],
       [-47.3125396 ],
       [-37.24952471]])
<<<<<<<<<<< STEP 40 >>>>>>>>>>>> + array([[-0.00246827],
       [-0.5       ],
       [-0.5       ],
       [-0.5       ],
       [-0.5       ],
       [-0.5       ],
       [-0.01228175],
       [-0.5       ],
       [-0.5       ],
       [-0.5       ],
       [-0.5       ],
       [-0.5       ],
       [-0.5       ],
       [-0.50000001],
       [-0.5       ],
       [-0.5       ],
       [-0.5       ],
       [ 0.00667691],
       [-0.1573727 ],
       [-0.5       ],
       [-0.00414563],
       [-0.5       ],
       [-0.5       ],
       [-0.5       ],
       [-0.5       ],
       [-0.5       ],
       [-0.5       ],
       [-0.00695736],
       [-0.5       ],
       [-0.5       ],
       [-0.50000001],
       [-0.5       ],
       [-0.5       ],
       [-0.5       ],
       [-0.5       ],
       [-0.5       ],
       [-0.5       ],
       [-0.5       ],
       [-0.5       ],
       [-0.50000002]])
array([[ -0.55052117],
       [-48.60685924],
       [-46.66432482],
       [-48.66396701],
       [-48.8264454 ],
       [-47.98154466],
       [ -3.62272856],
       [-48.24702665],
       [-47.46273195],
       [-47.72102279],
       [-48.09518238],
       [-48.11794157],
       [-48.81560092],
       [-38.89483296],
       [-47.07120214],
       [-48.21004916],
       [-47.79700058],
       [ -0.18172035],
       [ -4.58219191],
       [-46.4356497 ],
       [ -0.70208029],
       [-47.78316402],
       [-48.43825868],
       [-44.84520853],
       [-47.98071422],
       [-45.96133098],
       [-48.21069946],
       [ -0.92318306],
       [-46.47795725],
       [-48.81619902],
       [-38.57948099],
       [-48.4970984 ],
       [-48.3297159 ],
       [-48.73602343],
       [-48.19449438],
       [-48.41761478],
       [-48.15547471],
       [-48.12240244],
       [-47.8125396 ],
       [-37.74952473]])
<<<<<<<<<<< STEP 41 >>>>>>>>>>>> + array([[-0.00253902],
       [-0.5       ],
       [-0.5       ],
       [-0.5       ],
       [-0.5       ],
       [-0.5       ],
       [-0.01242245],
       [-0.5       ],
       [-0.5       ],
       [-0.5       ],
       [-0.5       ],
       [-0.5       ],
       [-0.5       ],
       [-0.50000001],
       [-0.5       ],
       [-0.5       ],
       [-0.5       ],
       [ 0.0064898 ],
       [-0.1774195 ],
       [-0.5       ],
       [-0.00399167],
       [-0.5       ],
       [-0.5       ],
       [-0.5       ],
       [-0.5       ],
       [-0.5       ],
       [-0.5       ],
       [-0.00673795],
       [-0.5       ],
       [-0.5       ],
       [-0.50000001],
       [-0.5       ],
       [-0.5       ],
       [-0.5       ],
       [-0.5       ],
       [-0.5       ],
       [-0.5       ],
       [-0.5       ],
       [-0.5       ],
       [-0.50000001]])
array([[ -0.55306019],
       [-49.10685924],
       [-47.16432482],
       [-49.16396701],
       [-49.3264454 ],
       [-48.48154466],
       [ -3.63515101],
       [-48.74702665],
       [-47.96273195],
       [-48.22102279],
       [-48.59518238],
       [-48.61794157],
       [-49.31560092],
       [-39.39483297],
       [-47.57120214],
       [-48.71004916],
       [-48.29700058],
       [ -0.17523056],
       [ -4.7596114 ],
       [-46.9356497 ],
       [ -0.70607197],
       [-48.28316402],
       [-48.93825868],
       [-45.34520853],
       [-48.48071422],
       [-46.46133098],
       [-48.71069946],
       [ -0.92992101],
       [-46.97795725],
       [-49.31619902],
       [-39.079481  ],
       [-48.9970984 ],
       [-48.8297159 ],
       [-49.23602343],
       [-48.69449438],
       [-48.91761478],
       [-48.65547471],
       [-48.62240244],
       [-48.3125396 ],
       [-38.24952474]])
<<<<<<<<<<< STEP 42 >>>>>>>>>>>> + array([[-0.0026577 ],
       [-0.5       ],
       [-0.5       ],
       [-0.5       ],
       [-0.5       ],
       [-0.5       ],
       [-0.01250116],
       [-0.5       ],
       [-0.5       ],
       [-0.5       ],
       [-0.5       ],
       [-0.5       ],
       [-0.5       ],
       [-0.5       ],
       [-0.5       ],
       [-0.5       ],
       [-0.5       ],
       [ 0.00618509],
       [-0.20112267],
       [-0.5       ],
       [-0.00373709],
       [-0.5       ],
       [-0.5       ],
       [-0.5       ],
       [-0.5       ],
       [-0.5       ],
       [-0.5       ],
       [-0.00638442],
       [-0.5       ],
       [-0.5       ],
       [-0.5       ],
       [-0.5       ],
       [-0.5       ],
       [-0.5       ],
       [-0.5       ],
       [-0.5       ],
       [-0.5       ],
       [-0.5       ],
       [-0.5       ],
       [-0.50000001]])
array([[ -0.55571789],
       [-49.60685924],
       [-47.66432482],
       [-49.66396701],
       [-49.8264454 ],
       [-48.98154466],
       [ -3.64765217],
       [-49.24702665],
       [-48.46273195],
       [-48.72102279],
       [-49.09518238],
       [-49.11794157],
       [-49.81560092],
       [-39.89483297],
       [-48.07120214],
       [-49.21004916],
       [-48.79700058],
       [ -0.16904547],
       [ -4.96073408],
       [-47.4356497 ],
       [ -0.70980905],
       [-48.78316402],
       [-49.43825868],
       [-45.84520853],
       [-48.98071422],
       [-46.96133098],
       [-49.21069946],
       [ -0.93630544],
       [-47.47795725],
       [-49.81619902],
       [-39.57948101],
       [-49.4970984 ],
       [-49.3297159 ],
       [-49.73602343],
       [-49.19449438],
       [-49.41761478],
       [-49.15547471],
       [-49.12240244],
       [-48.8125396 ],
       [-38.74952475]])
<<<<<<<<<<< STEP 43 >>>>>>>>>>>> + array([[-0.00283689],
       [-0.5       ],
       [-0.5       ],
       [-0.5       ],
       [-0.5       ],
       [-0.5       ],
       [-0.01249938],
       [-0.5       ],
       [-0.5       ],
       [-0.5       ],
       [-0.5       ],
       [-0.5       ],
       [-0.5       ],
       [-0.5       ],
       [-0.5       ],
       [-0.5       ],
       [-0.5       ],
       [ 0.00573324],
       [-0.22887106],
       [-0.5       ],
       [-0.0033563 ],
       [-0.5       ],
       [-0.5       ],
       [-0.5       ],
       [-0.5       ],
       [-0.5       ],
       [-0.5       ],
       [-0.00586281],
       [-0.5       ],
       [-0.5       ],
       [-0.5       ],
       [-0.5       ],
       [-0.5       ],
       [-0.5       ],
       [-0.5       ],
       [-0.5       ],
       [-0.5       ],
       [-0.5       ],
       [-0.5       ],
       [-0.50000001]])
array([[ -0.55855478],
       [-50.10685924],
       [-48.16432482],
       [-50.16396701],
       [-50.3264454 ],
       [-49.48154466],
       [ -3.66015155],
       [-49.74702665],
       [-48.96273195],
       [-49.22102279],
       [-49.59518238],
       [-49.61794157],
       [-50.31560092],
       [-40.39483297],
       [-48.57120214],
       [-49.71004916],
       [-49.29700058],
       [ -0.16331223],
       [ -5.18960513],
       [-47.9356497 ],
       [ -0.71316536],
       [-49.28316402],
       [-49.93825868],
       [-46.34520853],
       [-49.48071422],
       [-47.46133098],
       [-49.71069946],
       [ -0.94216825],
       [-47.97795725],
       [-50.31619902],
       [-40.07948101],
       [-49.9970984 ],
       [-49.8297159 ],
       [-50.23602343],
       [-49.69449438],
       [-49.91761478],
       [-49.65547471],
       [-49.62240244],
       [-49.3125396 ],
       [-39.24952476]])
<<<<<<<<<<< STEP 44 >>>>>>>>>>>> + array([[-0.00308901],
       [-0.5       ],
       [-0.5       ],
       [-0.5       ],
       [-0.5       ],
       [-0.5       ],
       [-0.01239919],
       [-0.5       ],
       [-0.5       ],
       [-0.5       ],
       [-0.5       ],
       [-0.5       ],
       [-0.5       ],
       [-0.5       ],
       [-0.5       ],
       [-0.5       ],
       [-0.5       ],
       [ 0.00510559],
       [-0.26073237],
       [-0.5       ],
       [-0.00282472],
       [-0.5       ],
       [-0.5       ],
       [-0.5       ],
       [-0.5       ],
       [-0.5       ],
       [-0.5       ],
       [-0.00514049],
       [-0.5       ],
       [-0.5       ],
       [-0.5       ],
       [-0.5       ],
       [-0.5       ],
       [-0.5       ],
       [-0.5       ],
       [-0.5       ],
       [-0.5       ],
       [-0.5       ],
       [-0.5       ],
       [-0.50000001]])
array([[ -0.56164379],
       [-50.60685924],
       [-48.66432482],
       [-50.66396701],
       [-50.8264454 ],
       [-49.98154466],
       [ -3.67255074],
       [-50.24702665],
       [-49.46273195],
       [-49.72102279],
       [-50.09518238],
       [-50.11794157],
       [-50.81560092],
       [-40.89483298],
       [-49.07120214],
       [-50.21004916],
       [-49.79700058],
       [ -0.15820664],
       [ -5.4503375 ],
       [-48.4356497 ],
       [ -0.71599007],
       [-49.78316402],
       [-50.43825868],
       [-46.84520853],
       [-49.98071422],
       [-47.96133098],
       [-50.21069946],
       [ -0.94730874],
       [-48.47795725],
       [-50.81619902],
       [-40.57948101],
       [-50.4970984 ],
       [-50.3297159 ],
       [-50.73602343],
       [-50.19449438],
       [-50.41761478],
       [-50.15547471],
       [-50.12240244],
       [-49.8125396 ],
       [-39.74952477]])
<<<<<<<<<<< STEP 45 >>>>>>>>>>>> + array([[-0.00342312],
       [-0.5       ],
       [-0.5       ],
       [-0.5       ],
       [-0.5       ],
       [-0.5       ],
       [-0.01218802],
       [-0.5       ],
       [-0.5       ],
       [-0.5       ],
       [-0.5       ],
       [-0.5       ],
       [-0.5       ],
       [-0.5       ],
       [-0.5       ],
       [-0.5       ],
       [-0.5       ],
       [ 0.00428196],
       [-0.29616444],
       [-0.5       ],
       [-0.00212543],
       [-0.5       ],
       [-0.5       ],
       [-0.5       ],
       [-0.5       ],
       [-0.5       ],
       [-0.5       ],
       [-0.00419534],
       [-0.5       ],
       [-0.5       ],
       [-0.5       ],
       [-0.5       ],
       [-0.5       ],
       [-0.5       ],
       [-0.5       ],
       [-0.5       ],
       [-0.5       ],
       [-0.5       ],
       [-0.5       ],
       [-0.5       ]])
array([[ -0.56506691],
       [-51.10685924],
       [-49.16432482],
       [-51.16396701],
       [-51.3264454 ],
       [-50.48154466],
       [ -3.68473876],
       [-50.74702665],
       [-49.96273195],
       [-50.22102279],
       [-50.59518238],
       [-50.61794157],
       [-51.31560092],
       [-41.39483298],
       [-49.57120214],
       [-50.71004916],
       [-50.29700058],
       [ -0.15392468],
       [ -5.74650194],
       [-48.9356497 ],
       [ -0.7181155 ],
       [-50.28316402],
       [-50.93825868],
       [-47.34520853],
       [-50.48071422],
       [-48.46133098],
       [-50.71069946],
       [ -0.95150407],
       [-48.97795725],
       [-51.31619902],
       [-41.07948101],
       [-50.9970984 ],
       [-50.8297159 ],
       [-51.23602343],
       [-50.69449438],
       [-50.91761478],
       [-50.65547471],
       [-50.62240244],
       [-50.3125396 ],
       [-40.24952477]])
<<<<<<<<<<< STEP 46 >>>>>>>>>>>> + array([[-0.00384026],
       [-0.5       ],
       [-0.5       ],
       [-0.5       ],
       [-0.5       ],
       [-0.5       ],
       [-0.01186562],
       [-0.5       ],
       [-0.5       ],
       [-0.5       ],
       [-0.5       ],
       [-0.5       ],
       [-0.5       ],
       [-0.5       ],
       [-0.5       ],
       [-0.5       ],
       [-0.5       ],
       [ 0.00326154],
       [-0.33373869],
       [-0.5       ],
       [-0.00125893],
       [-0.5       ],
       [-0.5       ],
       [-0.5       ],
       [-0.5       ],
       [-0.5       ],
       [-0.5       ],
       [-0.00302869],
       [-0.5       ],
       [-0.5       ],
       [-0.5       ],
       [-0.5       ],
       [-0.5       ],
       [-0.5       ],
       [-0.5       ],
       [-0.5       ],
       [-0.5       ],
       [-0.5       ],
       [-0.5       ],
       [-0.5       ]])
array([[ -0.56890717],
       [-51.60685924],
       [-49.66432482],
       [-51.66396701],
       [-51.8264454 ],
       [-50.98154466],
       [ -3.69660438],
       [-51.24702665],
       [-50.46273195],
       [-50.72102279],
       [-51.09518238],
       [-51.11794157],
       [-51.81560092],
       [-41.89483298],
       [-50.07120214],
       [-51.21004916],
       [-50.79700058],
       [ -0.15066313],
       [ -6.08024063],
       [-49.4356497 ],
       [ -0.71937443],
       [-50.78316402],
       [-51.43825868],
       [-47.84520853],
       [-50.98071422],
       [-48.96133098],
       [-51.21069946],
       [ -0.95453277],
       [-49.47795725],
       [-51.81619902],
       [-41.57948102],
       [-51.4970984 ],
       [-51.3297159 ],
       [-51.73602343],
       [-51.19449438],
       [-51.41761478],
       [-51.15547471],
       [-51.12240244],
       [-50.8125396 ],
       [-40.74952478]])
<<<<<<<<<<< STEP 47 >>>>>>>>>>>> + array([[ -4.32876245e-03],
       [ -5.00000000e-01],
       [ -5.00000000e-01],
       [ -5.00000000e-01],
       [ -5.00000000e-01],
       [ -5.00000000e-01],
       [ -1.14505690e-02],
       [ -5.00000000e-01],
       [ -5.00000000e-01],
       [ -5.00000000e-01],
       [ -5.00000000e-01],
       [ -5.00000000e-01],
       [ -5.00000000e-01],
       [ -5.00000001e-01],
       [ -5.00000000e-01],
       [ -5.00000000e-01],
       [ -5.00000000e-01],
       [  2.07354438e-03],
       [ -3.71105665e-01],
       [ -5.00000000e-01],
       [ -2.52386651e-04],
       [ -5.00000000e-01],
       [ -5.00000000e-01],
       [ -5.00000000e-01],
       [ -5.00000000e-01],
       [ -5.00000000e-01],
       [ -5.00000000e-01],
       [ -1.67777573e-03],
       [ -5.00000000e-01],
       [ -5.00000000e-01],
       [ -5.00000001e-01],
       [ -5.00000000e-01],
       [ -5.00000000e-01],
       [ -5.00000000e-01],
       [ -5.00000000e-01],
       [ -5.00000000e-01],
       [ -5.00000000e-01],
       [ -5.00000000e-01],
       [ -5.00000000e-01],
       [ -5.00000003e-01]])
array([[ -0.57323593],
       [-52.10685924],
       [-50.16432482],
       [-52.16396701],
       [-52.3264454 ],
       [-51.48154466],
       [ -3.70805495],
       [-51.74702665],
       [-50.96273195],
       [-51.22102279],
       [-51.59518238],
       [-51.61794157],
       [-52.31560092],
       [-42.39483298],
       [-50.57120214],
       [-51.71004916],
       [-51.29700058],
       [ -0.14858959],
       [ -6.4513463 ],
       [-49.9356497 ],
       [ -0.71962682],
       [-51.28316402],
       [-51.93825868],
       [-48.34520853],
       [-51.48071422],
       [-49.46133098],
       [-51.71069946],
       [ -0.95621054],
       [-49.97795725],
       [-52.31619902],
       [-42.07948102],
       [-51.9970984 ],
       [-51.8297159 ],
       [-52.23602343],
       [-51.69449438],
       [-51.91761478],
       [-51.65547471],
       [-51.62240244],
       [-51.3125396 ],
       [-41.24952478]])
<<<<<<<<<<< STEP 48 >>>>>>>>>>>> + array([[ -4.86260062e-03],
       [ -5.00000000e-01],
       [ -5.00000000e-01],
       [ -5.00000000e-01],
       [ -5.00000000e-01],
       [ -5.00000000e-01],
       [ -1.09817545e-02],
       [ -5.00000000e-01],
       [ -5.00000000e-01],
       [ -5.00000000e-01],
       [ -5.00000000e-01],
       [ -5.00000000e-01],
       [ -5.00000000e-01],
       [ -5.00000001e-01],
       [ -5.00000000e-01],
       [ -5.00000000e-01],
       [ -5.00000000e-01],
       [  7.80066847e-04],
       [ -4.05451213e-01],
       [ -5.00000000e-01],
       [  8.38173693e-04],
       [ -5.00000000e-01],
       [ -5.00000000e-01],
       [ -5.00000000e-01],
       [ -5.00000000e-01],
       [ -5.00000000e-01],
       [ -5.00000000e-01],
       [ -2.18516054e-04],
       [ -5.00000000e-01],
       [ -5.00000000e-01],
       [ -5.00000001e-01],
       [ -5.00000000e-01],
       [ -5.00000000e-01],
       [ -5.00000000e-01],
       [ -5.00000000e-01],
       [ -5.00000000e-01],
       [ -5.00000000e-01],
       [ -5.00000000e-01],
       [ -5.00000000e-01],
       [ -5.00000002e-01]])
array([[ -0.57809853],
       [-52.60685924],
       [-50.66432482],
       [-52.66396701],
       [-52.8264454 ],
       [-51.98154466],
       [ -3.7190367 ],
       [-52.24702665],
       [-51.46273195],
       [-51.72102279],
       [-52.09518238],
       [-52.11794157],
       [-52.81560092],
       [-42.89483298],
       [-51.07120214],
       [-52.21004916],
       [-51.79700058],
       [ -0.14780952],
       [ -6.85679751],
       [-50.4356497 ],
       [ -0.71878864],
       [-51.78316402],
       [-52.43825868],
       [-48.84520853],
       [-51.98071422],
       [-49.96133098],
       [-52.21069946],
       [ -0.95642906],
       [-50.47795725],
       [-52.81619902],
       [-42.57948102],
       [-52.4970984 ],
       [-52.3297159 ],
       [-52.73602343],
       [-52.19449438],
       [-52.41761478],
       [-52.15547471],
       [-52.12240244],
       [-51.8125396 ],
       [-41.74952478]])
<<<<<<<<<<< STEP 49 >>>>>>>>>>>> + array([[-0.00540593],
       [-0.5       ],
       [-0.5       ],
       [-0.5       ],
       [-0.5       ],
       [-0.5       ],
       [-0.01051088],
       [-0.5       ],
       [-0.5       ],
       [-0.5       ],
       [-0.5       ],
       [-0.5       ],
       [-0.5       ],
       [-0.5       ],
       [-0.5       ],
       [-0.5       ],
       [-0.5       ],
       [-0.00053518],
       [-0.43438657],
       [-0.5       ],
       [ 0.00193828],
       [-0.5       ],
       [-0.5       ],
       [-0.5       ],
       [-0.5       ],
       [-0.5       ],
       [-0.5       ],
       [ 0.00124864],
       [-0.5       ],
       [-0.5       ],
       [-0.5       ],
       [-0.5       ],
       [-0.5       ],
       [-0.5       ],
       [-0.5       ],
       [-0.5       ],
       [-0.5       ],
       [-0.5       ],
       [-0.5       ],
       [-0.5       ]])
array([[ -0.58350446],
       [-53.10685924],
       [-51.16432482],
       [-53.16396701],
       [-53.3264454 ],
       [-52.48154466],
       [ -3.72954758],
       [-52.74702665],
       [-51.96273195],
       [-52.22102279],
       [-52.59518238],
       [-52.61794157],
       [-53.31560092],
       [-43.39483298],
       [-51.57120214],
       [-52.71004916],
       [-52.29700058],
       [ -0.1483447 ],
       [ -7.29118407],
       [-50.9356497 ],
       [ -0.71685036],
       [-52.28316402],
       [-52.93825868],
       [-49.34520853],
       [-52.48071422],
       [-50.46133098],
       [-52.71069946],
       [ -0.95518042],
       [-50.97795725],
       [-53.31619902],
       [-43.07948102],
       [-52.9970984 ],
       [-52.8297159 ],
       [-53.23602343],
       [-52.69449438],
       [-52.91761478],
       [-52.65547471],
       [-52.62240244],
       [-52.3125396 ],
       [-42.24952478]])
