<<<<<<<<<<< STEP 0 >>>>>>>>>>>> + array([[-0.50271669],
       [-0.50056797],
       [-0.50316442],
       [-0.50431663],
       [ 0.05887958],
       [-0.49908715],
       [-0.50227746],
       [-0.50311587],
       [-0.14948948],
       [-0.50186311],
       [-0.50048398],
       [-0.50056147],
       [-0.50000405],
       [-0.50093313],
       [-0.49956606],
       [-0.50270119],
       [-0.50256444],
       [-0.50128019],
       [-0.50180659],
       [-0.02800335],
       [-0.50026441],
       [-0.1248172 ],
       [-0.49880999],
       [-0.4996612 ],
       [-0.50467144],
       [-0.50104011],
       [-0.50175854],
       [-0.50233975],
       [-0.50154814],
       [-0.50172097],
       [-0.50131251],
       [-0.5238274 ],
       [ 0.00476338],
       [-0.50171796],
       [-0.50120767],
       [-0.49949121],
       [-0.50194686],
       [-0.50023893],
       [-0.50150384],
       [-0.00169069]])
array([[-13.63020936],
       [-12.55744305],
       [-13.72294292],
       [-12.18635074],
       [ -2.12877118],
       [-10.86653422],
       [-12.93553958],
       [-12.82201087],
       [ -4.19211742],
       [-13.73884762],
       [-12.51717983],
       [-11.90218496],
       [-12.01680025],
       [-12.5025098 ],
       [-12.43551728],
       [-13.59284658],
       [-13.52474972],
       [-13.67839667],
       [-14.18282691],
       [ -0.46637477],
       [-12.03722281],
       [ -0.85280308],
       [-11.90998373],
       [-12.02569688],
       [-10.6523977 ],
       [-13.02206456],
       [-13.50261055],
       [-13.54515011],
       [-13.52689124],
       [-13.62687417],
       [-13.62365035],
       [ -6.94208143],
       [  0.14025042],
       [-13.73780565],
       [-13.49400185],
       [-12.35830716],
       [-13.60125965],
       [-12.89377448],
       [-14.05060596],
       [  0.86388733]])
<<<<<<<<<<< STEP 1 >>>>>>>>>>>> + array([[-0.50190779],
       [-0.50040082],
       [-0.50235525],
       [-0.50319014],
       [ 0.06166425],
       [-0.49913594],
       [-0.50165868],
       [-0.5022118 ],
       [-0.16512025],
       [-0.50134856],
       [-0.5003386 ],
       [-0.50045127],
       [-0.49995247],
       [-0.50061798],
       [-0.49962073],
       [-0.50205972],
       [-0.50192297],
       [-0.50089757],
       [-0.50132792],
       [-0.03007831],
       [-0.50019462],
       [-0.1415016 ],
       [-0.49910675],
       [-0.49971466],
       [-0.5036698 ],
       [-0.50078163],
       [-0.50125961],
       [-0.50173552],
       [-0.50110713],
       [-0.50125286],
       [-0.50094462],
       [-0.51672078],
       [ 0.00412837],
       [-0.50124316],
       [-0.5008692 ],
       [-0.49960266],
       [-0.50143674],
       [-0.50011497],
       [-0.50106469],
       [-0.00189885]])
array([[-14.13211715],
       [-13.05784386],
       [-14.22529817],
       [-12.68954088],
       [ -2.06710693],
       [-11.36567017],
       [-13.43719826],
       [-13.32422266],
       [ -4.35723767],
       [-14.24019618],
       [-13.01751843],
       [-12.40263623],
       [-12.51675271],
       [-13.00312778],
       [-12.93513801],
       [-14.09490631],
       [-14.02667269],
       [-14.17929424],
       [-14.68415482],
       [ -0.49645308],
       [-12.53741742],
       [ -0.99430469],
       [-12.40909048],
       [-12.52541154],
       [-11.1560675 ],
       [-13.52284619],
       [-14.00387016],
       [-14.04688563],
       [-14.02799837],
       [-14.12812703],
       [-14.12459497],
       [ -7.4588022 ],
       [  0.14437879],
       [-14.23904881],
       [-13.99487105],
       [-12.85790982],
       [-14.10269639],
       [-13.39388945],
       [-14.55167065],
       [  0.86198848]])
<<<<<<<<<<< STEP 2 >>>>>>>>>>>> + array([[-0.50134562],
       [-0.50028164],
       [-0.50175669],
       [-0.50236363],
       [ 0.06288646],
       [-0.49923717],
       [-0.50121031],
       [-0.50158006],
       [-0.18657142],
       [-0.50097705],
       [-0.50023584],
       [-0.50035103],
       [-0.49993114],
       [-0.50041594],
       [-0.49968235],
       [-0.50158146],
       [-0.50144631],
       [-0.50063237],
       [-0.50097916],
       [-0.03212463],
       [-0.50014361],
       [-0.16190471],
       [-0.49932581],
       [-0.49977262],
       [-0.50285892],
       [-0.50059023],
       [-0.50090455],
       [-0.50129054],
       [-0.5007968 ],
       [-0.50091403],
       [-0.50068077],
       [-0.51170508],
       [ 0.00359653],
       [-0.50090017],
       [-0.50062505],
       [-0.49969058],
       [-0.50105811],
       [-0.50004299],
       [-0.50075585],
       [-0.00211139]])
array([[-14.63346276],
       [-13.5581255 ],
       [-14.72705486],
       [-13.1919045 ],
       [ -2.00422046],
       [-11.86490734],
       [-13.93840857],
       [-13.82580273],
       [ -4.54380909],
       [-14.74117323],
       [-13.51775427],
       [-12.90298726],
       [-13.01668386],
       [-13.50354372],
       [-13.43482036],
       [-14.59648777],
       [-14.528119  ],
       [-14.67992661],
       [-15.18513398],
       [ -0.52857771],
       [-13.03756104],
       [ -1.1562094 ],
       [-12.90841629],
       [-13.02518416],
       [-11.65892642],
       [-14.02343642],
       [-14.50477471],
       [-14.54817617],
       [-14.52879517],
       [-14.62904107],
       [-14.62527574],
       [ -7.97050728],
       [  0.14797532],
       [-14.73994899],
       [-14.4954961 ],
       [-13.3576004 ],
       [-14.6037545 ],
       [-13.89393243],
       [-15.0524265 ],
       [  0.85987709]])
<<<<<<<<<<< STEP 3 >>>>>>>>>>>> + array([[-0.50095066],
       [-0.50019588],
       [-0.50131075],
       [-0.50175087],
       [ 0.06302188],
       [-0.49935354],
       [-0.50088162],
       [-0.50113225],
       [-0.21447493],
       [-0.50070582],
       [-0.50016199],
       [-0.50026398],
       [-0.4999258 ],
       [-0.50028522],
       [-0.49974153],
       [-0.50122111],
       [-0.50108866],
       [-0.50044566],
       [-0.5007223 ],
       [-0.0341396 ],
       [-0.50010605],
       [-0.1872937 ],
       [-0.49948911],
       [-0.49982805],
       [-0.50220881],
       [-0.50044734],
       [-0.5006484 ],
       [-0.50095967],
       [-0.50057555],
       [-0.50066596],
       [-0.5004893 ],
       [-0.50817355],
       [ 0.00313335],
       [-0.50064933],
       [-0.50044688],
       [-0.49976004],
       [-0.5007746 ],
       [-0.50000236],
       [-0.50053584],
       [-0.00234138]])
array([[-15.13441342],
       [-14.05832139],
       [-15.22836561],
       [-13.69365537],
       [ -1.94119859],
       [-12.36426088],
       [-14.4392902 ],
       [-14.32693498],
       [ -4.75828402],
       [-15.24187906],
       [-14.01791626],
       [-13.40325124],
       [-13.51660966],
       [-14.00382894],
       [-13.9345619 ],
       [-15.09770889],
       [-15.02920765],
       [-15.18037227],
       [-15.68585628],
       [ -0.5627173 ],
       [-13.53766709],
       [ -1.3435031 ],
       [-13.4079054 ],
       [-13.52501221],
       [-12.16113523],
       [-14.52388376],
       [-15.0054231 ],
       [-15.04913584],
       [-15.02937073],
       [-15.12970703],
       [-15.12576504],
       [ -8.47868084],
       [  0.15110866],
       [-15.24059832],
       [-14.99594298],
       [-13.85736044],
       [-15.1045291 ],
       [-14.3939348 ],
       [-15.55296234],
       [  0.85753571]])
<<<<<<<<<<< STEP 4 >>>>>>>>>>>> + array([[-0.50066995],
       [-0.5001337 ],
       [-0.50097649],
       [-0.50129257],
       [ 0.06237914],
       [-0.49946618],
       [-0.50063823],
       [-0.50081041],
       [-0.24922243],
       [-0.50050587],
       [-0.50010819],
       [-0.50019091],
       [-0.49992829],
       [-0.50019956],
       [-0.49979414],
       [-0.50094707],
       [-0.50081812],
       [-0.50031225],
       [-0.50053136],
       [-0.03607036],
       [-0.50007815],
       [-0.21921136],
       [-0.49961205],
       [-0.49987748],
       [-0.50169101],
       [-0.50033989],
       [-0.50046131],
       [-0.50071161],
       [-0.50041582],
       [-0.50048249],
       [-0.50034893],
       [-0.50568051],
       [ 0.00270844],
       [-0.50046394],
       [-0.50031561],
       [-0.49981499],
       [-0.5005609 ],
       [-0.49998036],
       [-0.50037717],
       [-0.00260163]])
array([[-15.63508338],
       [-14.55845509],
       [-15.7293421 ],
       [-14.19494794],
       [ -1.87881944],
       [-12.86372707],
       [-14.93992843],
       [-14.82774538],
       [ -5.00750645],
       [-15.74238493],
       [-14.51802445],
       [-13.90344215],
       [-14.01653795],
       [-14.5040285 ],
       [-14.43435604],
       [-15.59865596],
       [-15.53002578],
       [-15.68068453],
       [-16.18638764],
       [ -0.59878766],
       [-14.03774523],
       [ -1.56271446],
       [-13.90751745],
       [-14.02488969],
       [-12.66282624],
       [-15.02422366],
       [-15.50588441],
       [-15.54984745],
       [-15.52978655],
       [-15.63018952],
       [-15.62611397],
       [ -8.98436134],
       [  0.15381711],
       [-15.74106225],
       [-15.4962586 ],
       [-14.35717543],
       [-15.60509   ],
       [-14.89391516],
       [-16.05333951],
       [  0.85493407]])
<<<<<<<<<<< STEP 5 >>>>>>>>>>>> + array([[-0.50046847],
       [-0.50008844],
       [-0.50072485],
       [-0.50094775],
       [ 0.06113995],
       [-0.49956667],
       [-0.50045677],
       [-0.50057648],
       [-0.29043653],
       [-0.50035753],
       [-0.50006867],
       [-0.50013132],
       [-0.49993418],
       [-0.50014254],
       [-0.49983883],
       [-0.50073704],
       [-0.50061233],
       [-0.50021582],
       [-0.50038844],
       [-0.03777649],
       [-0.50005726],
       [-0.25928659],
       [-0.49970534],
       [-0.49991948],
       [-0.5012811 ],
       [-0.50025861],
       [-0.50032344],
       [-0.50052459],
       [-0.50029928],
       [-0.50034583],
       [-0.50024531],
       [-0.50391377],
       [ 0.00229527],
       [-0.50032599],
       [-0.50021833],
       [-0.49985845],
       [-0.50039933],
       [-0.4999693 ],
       [-0.50026168],
       [-0.00290369]])
array([[-16.13555185],
       [-15.05854353],
       [-16.23006696],
       [-14.69589569],
       [ -1.8176795 ],
       [-13.36329374],
       [-15.44038519],
       [-15.32832187],
       [ -5.29794298],
       [-16.24274246],
       [-15.01809312],
       [-14.40357347],
       [-14.51647213],
       [-15.00417104],
       [-14.93419487],
       [-16.099393  ],
       [-16.03063811],
       [-16.18090035],
       [-16.68677608],
       [ -0.63656415],
       [-14.53780249],
       [ -1.82200105],
       [-14.40722278],
       [-14.52480916],
       [-13.16410734],
       [-15.52448226],
       [-16.00620785],
       [-16.05037204],
       [-16.03008583],
       [-16.13053535],
       [-16.12635928],
       [ -9.48827511],
       [  0.15611237],
       [-16.24138824],
       [-15.99647693],
       [-14.85703387],
       [-16.10548933],
       [-15.39388446],
       [-16.55360119],
       [  0.85203038]])
<<<<<<<<<<< STEP 6 >>>>>>>>>>>> + array([[-0.50032309],
       [-0.5000556 ],
       [-0.50053517],
       [-0.50068798],
       [ 0.05939613],
       [-0.49965228],
       [-0.50032135],
       [-0.50040546],
       [-0.33621032],
       [-0.50024745],
       [-0.50003975],
       [-0.50008417],
       [-0.49994122],
       [-0.50010389],
       [-0.49987561],
       [-0.50057499],
       [-0.50045553],
       [-0.50014577],
       [-0.50028126],
       [-0.03899572],
       [-0.50004159],
       [-0.30858924],
       [-0.4997765 ],
       [-0.49995356],
       [-0.50095922],
       [-0.50019685],
       [-0.50022165],
       [-0.50038341],
       [-0.50021376],
       [-0.50024393],
       [-0.50016877],
       [-0.50265949],
       [ 0.00187137],
       [-0.50022337],
       [-0.50014636],
       [-0.4998927 ],
       [-0.5002776 ],
       [-0.49996465],
       [-0.50017739],
       [-0.0032541 ]])
array([[-16.63587494],
       [-15.55859913],
       [-16.73060212],
       [-15.19658367],
       [ -1.75828337],
       [-13.86294602],
       [-15.94070655],
       [-15.82872733],
       [ -5.6341533 ],
       [-16.74298991],
       [-15.51813287],
       [-14.90365764],
       [-15.01641335],
       [-15.50427492],
       [-15.43407049],
       [-16.59996799],
       [-16.53109365],
       [-16.68104612],
       [-17.18705735],
       [ -0.67555987],
       [-15.03784409],
       [ -2.13059029],
       [-14.90699929],
       [-15.02476273],
       [-13.66506655],
       [-16.02467912],
       [-16.5064295 ],
       [-16.55075545],
       [-16.53029959],
       [-16.63077928],
       [-16.62652805],
       [ -9.9909346 ],
       [  0.15798375],
       [-16.74161161],
       [-16.49662329],
       [-15.35692658],
       [-16.60576693],
       [-15.89384911],
       [-17.05377858],
       [  0.84877629]])
<<<<<<<<<<< STEP 7 >>>>>>>>>>>> + array([[-0.50021855],
       [-0.50003217],
       [-0.50039263],
       [-0.50049342],
       [ 0.0572054 ],
       [-0.49972319],
       [-0.50022114],
       [-0.50028078],
       [-0.38255701],
       [-0.50016654],
       [-0.50001906],
       [-0.50004849],
       [-0.49994847],
       [-0.50007716],
       [-0.49990508],
       [-0.50044896],
       [-0.50033652],
       [-0.50009519],
       [-0.50020126],
       [-0.0393515 ],
       [-0.50002996],
       [-0.36618512],
       [-0.49983095],
       [-0.49997967],
       [-0.50070937],
       [-0.50014982],
       [-0.5001472 ],
       [-0.50027738],
       [-0.50015105],
       [-0.50016855],
       [-0.50011281],
       [-0.50177299],
       [ 0.00141862],
       [-0.50014791],
       [-0.50009385],
       [-0.49991956],
       [-0.50018714],
       [-0.49996384],
       [-0.50011635],
       [-0.003646  ]])
array([[-17.13609349],
       [-16.0586313 ],
       [-17.23099475],
       [-15.69707708],
       [ -1.70107797],
       [-14.36266921],
       [-16.44092769],
       [-16.3290081 ],
       [ -6.01671031],
       [-17.24315645],
       [-16.01815192],
       [-15.40370613],
       [-15.51636183],
       [-16.00435208],
       [-15.93397556],
       [-17.10041695],
       [-17.03143016],
       [-17.1811413 ],
       [-17.68725861],
       [ -0.71491137],
       [-15.53787405],
       [ -2.49677542],
       [-15.40683024],
       [-15.5247424 ],
       [-14.16577592],
       [-16.52482894],
       [-17.0065767 ],
       [-17.05103283],
       [-17.03045064],
       [-17.13094783],
       [-17.12664085],
       [-10.49270759],
       [  0.15940236],
       [-17.24175952],
       [-16.99671714],
       [-15.85684614],
       [-17.10595407],
       [-16.39381295],
       [-17.55389493],
       [  0.84513029]])
<<<<<<<<<<< STEP 8 >>>>>>>>>>>> + array([[-0.50014447],
       [-0.50001604],
       [-0.50028633],
       [-0.50034967],
       [ 0.05468402],
       [-0.49978086],
       [-0.5001484 ],
       [-0.50019114],
       [-0.42400721],
       [-0.50010838],
       [-0.50000501],
       [-0.50002344],
       [-0.49995573],
       [-0.50005831],
       [-0.49992797],
       [-0.50034934],
       [-0.50024703],
       [-0.5000593 ],
       [-0.50014227],
       [-0.03846747],
       [-0.50002168],
       [-0.42701294],
       [-0.49987284],
       [-0.49999799],
       [-0.50051812],
       [-0.50011392],
       [-0.50009406],
       [-0.50019868],
       [-0.50010545],
       [-0.50011392],
       [-0.50007294],
       [-0.50115639],
       [ 0.00092143],
       [-0.50009383],
       [-0.50005678],
       [-0.49994065],
       [-0.50012183],
       [-0.49996545],
       [-0.50007315],
       [-0.00404503]])
array([[-17.63623796],
       [-16.55864735],
       [-17.73128108],
       [-16.19742675],
       [ -1.64639395],
       [-14.86245008],
       [-16.94107609],
       [-16.82919925],
       [ -6.44071752],
       [-17.74326483],
       [-16.51815693],
       [-15.90372957],
       [-16.01631756],
       [-16.50441039],
       [-16.43390353],
       [-17.60076629],
       [-17.53167719],
       [-17.6812006 ],
       [-18.18740088],
       [ -0.75337883],
       [-16.03789573],
       [ -2.92378835],
       [-15.90670308],
       [-16.02474039],
       [-14.66629404],
       [-17.02494286],
       [-17.50667076],
       [-17.55123151],
       [-17.53055609],
       [-17.63106175],
       [-17.62671379],
       [-10.99386398],
       [  0.16032379],
       [-17.74185335],
       [-17.49677392],
       [-16.35678679],
       [-17.6060759 ],
       [-16.8937784 ],
       [-18.05396808],
       [  0.84108526]])
<<<<<<<<<<< STEP 9 >>>>>>>>>>>> + array([[ -5.00093353e-01],
       [ -5.00005580e-01],
       [ -5.00207901e-01],
       [ -5.00245495e-01],
       [  5.21025972e-02],
       [ -4.99827138e-01],
       [ -5.00097055e-01],
       [ -5.00128252e-01],
       [ -4.55862006e-01],
       [ -5.00067941e-01],
       [ -4.99996292e-01],
       [ -5.00008114e-01],
       [ -4.99963110e-01],
       [ -5.00044827e-01],
       [ -4.99945045e-01],
       [ -5.00268195e-01],
       [ -5.00180601e-01],
       [ -5.00034473e-01],
       [ -5.00099500e-01],
       [ -3.61974813e-02],
       [ -5.00016340e-01],
       [ -4.81036139e-01],
       [ -4.99905549e-01],
       [ -5.00009116e-01],
       [ -5.00373327e-01],
       [ -5.00086427e-01],
       [ -5.00057606e-01],
       [ -5.00141235e-01],
       [ -5.00072723e-01],
       [ -5.00075581e-01],
       [ -5.00045797e-01],
       [ -5.00741283e-01],
       [  3.62412197e-04],
       [ -5.00056573e-01],
       [ -5.00032025e-01],
       [ -4.99957545e-01],
       [ -5.00076720e-01],
       [ -4.99968670e-01],
       [ -5.00043680e-01],
       [ -4.37676040e-03]])
array([[-18.13633131],
       [-17.05865293],
       [-18.23148898],
       [-16.69767225],
       [ -1.59429135],
       [-15.36227722],
       [-17.44117314],
       [-17.3293275 ],
       [ -6.89657953],
       [-18.24333277],
       [-17.01815322],
       [-16.40373768],
       [-16.51628067],
       [-17.00445522],
       [-16.93384858],
       [-18.10103448],
       [-18.03185779],
       [-18.18123508],
       [-18.68750038],
       [ -0.78957632],
       [-16.53791207],
       [ -3.40482449],
       [-16.40660863],
       [-16.5247495 ],
       [-15.16666737],
       [-17.52502929],
       [-18.00672837],
       [-18.05137275],
       [-18.03062881],
       [-18.13113733],
       [-18.12675959],
       [-11.49460526],
       [  0.1606862 ],
       [-18.24190992],
       [-17.99680595],
       [-16.85674434],
       [-18.10615262],
       [-17.39374707],
       [-18.55401176],
       [  0.8367085 ]])
<<<<<<<<<<< STEP 10 >>>>>>>>>>>> + array([[ -5.00059228e-01],
       [ -4.99999365e-01],
       [ -5.00150588e-01],
       [ -5.00171448e-01],
       [  4.98534957e-02],
       [ -4.99863856e-01],
       [ -5.00061906e-01],
       [ -5.00085356e-01],
       [ -4.76658871e-01],
       [ -5.00040894e-01],
       [ -4.99991626e-01],
       [ -5.00000965e-01],
       [ -4.99970585e-01],
       [ -5.00035075e-01],
       [ -4.99957213e-01],
       [ -5.00200046e-01],
       [ -5.00131830e-01],
       [ -5.00017737e-01],
       [ -5.00068995e-01],
       [ -3.28049684e-02],
       [ -5.00013481e-01],
       [ -5.17481173e-01],
       [ -4.99931612e-01],
       [ -5.00014282e-01],
       [ -5.00264286e-01],
       [ -5.00065254e-01],
       [ -5.00033795e-01],
       [ -5.00099957e-01],
       [ -5.00049512e-01],
       [ -5.00049675e-01],
       [ -5.00028393e-01],
       [ -5.00474872e-01],
       [ -2.74847053e-04],
       [ -5.00032102e-01],
       [ -5.00016733e-01],
       [ -4.99971484e-01],
       [ -5.00047252e-01],
       [ -4.99972895e-01],
       [ -5.00024491e-01],
       [ -4.54252584e-03]])
array([[-18.63639054],
       [-17.55865229],
       [-18.73163957],
       [-17.1978437 ],
       [ -1.54443786],
       [-15.86214107],
       [-17.94123505],
       [-17.82941286],
       [ -7.3732384 ],
       [-18.74337367],
       [-17.51814485],
       [-16.90373865],
       [-17.01625126],
       [-17.50449029],
       [-17.43380579],
       [-18.60123453],
       [-18.53198962],
       [-18.68125281],
       [-19.18756937],
       [ -0.82238128],
       [-17.03792555],
       [ -3.92230567],
       [-16.90654024],
       [-17.02476379],
       [-15.66693166],
       [-18.02509454],
       [-18.50676216],
       [-18.5514727 ],
       [-18.53067832],
       [-18.631187  ],
       [-18.62678798],
       [-11.99508013],
       [  0.16041136],
       [-18.74194202],
       [-18.49682268],
       [-17.35671582],
       [-18.60619987],
       [-17.89371997],
       [-19.05403626],
       [  0.83216597]])
<<<<<<<<<<< STEP 11 >>>>>>>>>>>> + array([[-0.50003714],
       [-0.49999611],
       [-0.50010902],
       [-0.50011961],
       [ 0.04820146],
       [-0.49989281],
       [-0.50003853],
       [-0.50005679],
       [-0.48838362],
       [-0.50002349],
       [-0.49998976],
       [-0.49999936],
       [-0.49997773],
       [-0.50002789],
       [-0.49996573],
       [-0.50014317],
       [-0.5000963 ],
       [-0.50000683],
       [-0.50004754],
       [-0.02887297],
       [-0.50001225],
       [-0.53308193],
       [-0.49995231],
       [-0.5000153 ],
       [-0.50018301],
       [-0.50004895],
       [-0.50001899],
       [-0.50007067],
       [-0.50003325],
       [-0.50003272],
       [-0.50001786],
       [-0.50031137],
       [-0.0009821 ],
       [-0.5000168 ],
       [-0.50000808],
       [-0.49998285],
       [-0.50002898],
       [-0.4999775 ],
       [-0.5000126 ],
       [-0.00448383]])
array([[-19.13642768],
       [-18.0586484 ],
       [-19.23174859],
       [-17.69796331],
       [ -1.4962364 ],
       [-16.36203388],
       [-18.44127358],
       [-18.32946965],
       [ -7.86162202],
       [-19.24339716],
       [-18.0181346 ],
       [-17.40373801],
       [-17.51622898],
       [-18.00451818],
       [-17.93377152],
       [-19.1013777 ],
       [-19.03208592],
       [-19.18125965],
       [-19.68761691],
       [ -0.85125425],
       [-17.5379378 ],
       [ -4.4553876 ],
       [-17.40649255],
       [-17.52477909],
       [-16.16711467],
       [-18.52514349],
       [-19.00678115],
       [-19.05154337],
       [-19.03071158],
       [-19.13121973],
       [-19.12680584],
       [-12.4953915 ],
       [  0.15942926],
       [-19.24195882],
       [-18.99683076],
       [-17.85669867],
       [-19.10622885],
       [-18.39369747],
       [-19.55404885],
       [  0.82768215]])
<<<<<<<<<<< STEP 12 >>>>>>>>>>>> + array([[-0.50002315],
       [-0.49999474],
       [-0.50007906],
       [-0.50008372],
       [ 0.04707375],
       [-0.49991565],
       [-0.5000234 ],
       [-0.50003802],
       [-0.49436277],
       [-0.5000127 ],
       [-0.49998961],
       [-0.50000031],
       [-0.49998389],
       [-0.5000224 ],
       [-0.49997197],
       [-0.5000983 ],
       [-0.50007057],
       [-0.50000018],
       [-0.50003267],
       [-0.02500291],
       [-0.50001161],
       [-0.53394969],
       [-0.49996802],
       [-0.50001407],
       [-0.50012413],
       [-0.50003654],
       [-0.50001015],
       [-0.50005009],
       [-0.50002208],
       [-0.5000218 ],
       [-0.50001165],
       [-0.50021197],
       [-0.00170786],
       [-0.50000768],
       [-0.50000353],
       [-0.49999139],
       [-0.500018  ],
       [-0.49998189],
       [-0.50000558],
       [-0.0042348 ]])
array([[-19.63645083],
       [-18.55864314],
       [-19.73182765],
       [-18.19804703],
       [ -1.44916265],
       [-16.86194954],
       [-18.94129698],
       [-18.82950767],
       [ -8.35598479],
       [-19.74340986],
       [-18.51812422],
       [-17.90373832],
       [-18.01621288],
       [-18.50454058],
       [-18.43374349],
       [-19.601476  ],
       [-19.53215649],
       [-19.68125983],
       [-20.18764958],
       [ -0.87625717],
       [-18.03794941],
       [ -4.98933728],
       [-17.90646056],
       [-18.02479316],
       [-16.6672388 ],
       [-19.02518003],
       [-19.50679131],
       [-19.55159346],
       [-19.53073365],
       [-19.63124153],
       [-19.62681749],
       [-12.99560346],
       [  0.1577214 ],
       [-19.7419665 ],
       [-19.49683429],
       [-18.35669006],
       [-19.60624685],
       [-18.89367935],
       [-20.05405443],
       [  0.82344734]])
<<<<<<<<<<< STEP 13 >>>>>>>>>>>> + array([[-0.50001439],
       [-0.49999447],
       [-0.50005757],
       [-0.50005902],
       [ 0.04619155],
       [-0.49993375],
       [-0.50001388],
       [-0.50002574],
       [-0.49728706],
       [-0.50000626],
       [-0.4999904 ],
       [-0.50000169],
       [-0.49998871],
       [-0.50001804],
       [-0.49997693],
       [-0.50006545],
       [-0.500052  ],
       [-0.49999656],
       [-0.5000225 ],
       [-0.02157912],
       [-0.50001086],
       [-0.52847828],
       [-0.49997919],
       [-0.500012  ],
       [-0.50008311],
       [-0.50002723],
       [-0.50000506],
       [-0.50003573],
       [-0.50001456],
       [-0.50001476],
       [-0.50000792],
       [-0.50014923],
       [-0.00238532],
       [-0.50000254],
       [-0.50000125],
       [-0.49999709],
       [-0.5000114 ],
       [-0.49998569],
       [-0.50000165],
       [-0.0038868 ]])
array([[-20.13646523],
       [-19.0586376 ],
       [-20.23188522],
       [-18.69810605],
       [ -1.4029711 ],
       [-17.36188329],
       [-19.44131086],
       [-19.32953341],
       [ -8.85327185],
       [-20.24341611],
       [-19.01811462],
       [-18.40374001],
       [-18.51620158],
       [-19.00455862],
       [-18.93372042],
       [-20.10154145],
       [-20.03220849],
       [-20.18125638],
       [-20.68767208],
       [ -0.89783629],
       [-18.53796026],
       [ -5.51781556],
       [-18.40643976],
       [-18.52480516],
       [-17.16732191],
       [-19.52520726],
       [-20.00679637],
       [-20.05162919],
       [-20.03074822],
       [-20.13125629],
       [-20.12682541],
       [-13.4957527 ],
       [  0.15533608],
       [-20.24196904],
       [-19.99683554],
       [-18.85668715],
       [-20.10625825],
       [-19.39366504],
       [-20.55405608],
       [  0.81956055]])
<<<<<<<<<<< STEP 14 >>>>>>>>>>>> + array([[-0.50000893],
       [-0.49999477],
       [-0.50004216],
       [-0.50004204],
       [ 0.04531888],
       [-0.4999481 ],
       [-0.50000804],
       [-0.50001766],
       [-0.49871932],
       [-0.50000256],
       [-0.4999916 ],
       [-0.50000264],
       [-0.49999221],
       [-0.50001448],
       [-0.4999811 ],
       [-0.50004284],
       [-0.5000386 ],
       [-0.49999495],
       [-0.5000156 ],
       [-0.01873866],
       [-0.50000982],
       [-0.52190043],
       [-0.49998671],
       [-0.50000983],
       [-0.50005544],
       [-0.50002034],
       [-0.50000222],
       [-0.50002573],
       [-0.50000961],
       [-0.50001017],
       [-0.50000557],
       [-0.50010729],
       [-0.0029717 ],
       [-0.49999983],
       [-0.50000015],
       [-0.50000045],
       [-0.50000738],
       [-0.4999888 ],
       [-0.49999961],
       [-0.00352073]])
array([[-20.63647416],
       [-19.55863237],
       [-20.73192738],
       [-19.19814808],
       [ -1.35765222],
       [-17.86183139],
       [-19.9413189 ],
       [-19.82955106],
       [ -9.35199118],
       [-20.74341868],
       [-19.51810622],
       [-18.90374265],
       [-19.0161938 ],
       [-19.5045731 ],
       [-19.43370152],
       [-20.60158429],
       [-20.53224709],
       [-20.68125133],
       [-21.18768767],
       [ -0.91657495],
       [-19.03797008],
       [ -6.039716  ],
       [-18.90642647],
       [-19.02481499],
       [-17.66737735],
       [-20.0252276 ],
       [-20.50679859],
       [-20.55165492],
       [-20.53075783],
       [-20.63126646],
       [-20.62683098],
       [-13.99585998],
       [  0.15236438],
       [-20.74196887],
       [-20.49683569],
       [-19.3566876 ],
       [-20.60626564],
       [-19.89365384],
       [-21.05405569],
       [  0.81603981]])
<<<<<<<<<<< STEP 15 >>>>>>>>>>>> + array([[-0.50000554],
       [-0.49999534],
       [-0.50003107],
       [-0.50003029],
       [ 0.04434644],
       [-0.49995946],
       [-0.50000453],
       [-0.5000123 ],
       [-0.49943295],
       [-0.50000055],
       [-0.4999929 ],
       [-0.50000304],
       [-0.49999467],
       [-0.50001158],
       [-0.49998465],
       [-0.50002787],
       [-0.50002888],
       [-0.49999456],
       [-0.50001093],
       [-0.01646317],
       [-0.50000858],
       [-0.5162381 ],
       [-0.49999158],
       [-0.50000789],
       [-0.50003715],
       [-0.50001525],
       [-0.5000007 ],
       [-0.50001873],
       [-0.50000637],
       [-0.50000713],
       [-0.50000402],
       [-0.50007788],
       [-0.0034555 ],
       [-0.49999855],
       [-0.49999965],
       [-0.50000215],
       [-0.50000488],
       [-0.49999127],
       [-0.49999866],
       [-0.00318182]])
array([[-21.1364797 ],
       [-20.05862771],
       [-21.23195844],
       [-19.69817837],
       [ -1.31330578],
       [-18.36179085],
       [-20.44132343],
       [-20.32956336],
       [ -9.85142413],
       [-21.24341923],
       [-20.01809912],
       [-19.40374569],
       [-19.51618846],
       [-20.00458469],
       [-19.93368617],
       [-21.10161217],
       [-21.03227598],
       [-21.18124589],
       [-21.6876986 ],
       [ -0.93303811],
       [-19.53797866],
       [ -6.5559541 ],
       [-19.40641804],
       [-19.52482288],
       [-18.16741451],
       [-20.52524284],
       [-21.00679928],
       [-21.05167366],
       [-21.0307642 ],
       [-21.13127359],
       [-21.12683499],
       [-14.49593786],
       [  0.14890888],
       [-21.24196742],
       [-20.99683534],
       [-19.85668975],
       [-21.10627052],
       [-20.39364511],
       [-21.55405435],
       [  0.812858  ]])
<<<<<<<<<<< STEP 16 >>>>>>>>>>>> + array([[-0.50000342],
       [-0.49999599],
       [-0.50002304],
       [-0.50002209],
       [ 0.04325549],
       [-0.49996842],
       [-0.50000246],
       [-0.5000087 ],
       [-0.49979221],
       [-0.49999953],
       [-0.49999414],
       [-0.50000303],
       [-0.49999635],
       [-0.50000922],
       [-0.49998764],
       [-0.50001816],
       [-0.50002178],
       [-0.49999483],
       [-0.50000774],
       [-0.01467085],
       [-0.5000073 ],
       [-0.51189231],
       [-0.49999466],
       [-0.50000625],
       [-0.50002514],
       [-0.50001148],
       [-0.49999993],
       [-0.50001379],
       [-0.50000427],
       [-0.50000508],
       [-0.50000295],
       [-0.50005669],
       [-0.0038443 ],
       [-0.49999807],
       [-0.49999946],
       [-0.50000282],
       [-0.50000329],
       [-0.49999321],
       [-0.49999832],
       [-0.00288727]])
array([[-21.63648311],
       [-20.5586237 ],
       [-21.73198148],
       [-20.19820046],
       [ -1.27005028],
       [-18.86175927],
       [-20.9413259 ],
       [-20.82957206],
       [-10.35121634],
       [-21.74341876],
       [-20.51809326],
       [-19.90374872],
       [-20.01618481],
       [-20.5045939 ],
       [-20.43367381],
       [-21.60163032],
       [-21.53229775],
       [-21.68124072],
       [-22.18770634],
       [ -0.94770896],
       [-20.03798596],
       [ -7.06784641],
       [-19.90641271],
       [-20.02482912],
       [-18.66743965],
       [-21.02525432],
       [-21.50679921],
       [-21.55168745],
       [-21.53076846],
       [-21.63127867],
       [-21.62683794],
       [-14.99599456],
       [  0.14506458],
       [-21.7419655 ],
       [-21.4968348 ],
       [-20.35669256],
       [-21.60627381],
       [-20.89363832],
       [-22.05405268],
       [  0.80997072]])
<<<<<<<<<<< STEP 17 >>>>>>>>>>>> + array([[-0.5000021 ],
       [-0.49999663],
       [-0.50001718],
       [-0.50001629],
       [ 0.04206848],
       [-0.49997546],
       [-0.50000126],
       [-0.50000624],
       [-0.49997094],
       [-0.49999908],
       [-0.49999525],
       [-0.50000279],
       [-0.4999975 ],
       [-0.5000073 ],
       [-0.49999013],
       [-0.50001191],
       [-0.50001653],
       [-0.4999954 ],
       [-0.50000555],
       [-0.01326825],
       [-0.50000607],
       [-0.50870366],
       [-0.4999966 ],
       [-0.50000491],
       [-0.50001724],
       [-0.50000869],
       [-0.49999959],
       [-0.50001025],
       [-0.50000289],
       [-0.50000367],
       [-0.50000219],
       [-0.50004122],
       [-0.00415283],
       [-0.49999802],
       [-0.49999942],
       [-0.5000029 ],
       [-0.50000226],
       [-0.49999471],
       [-0.49999831],
       [-0.00263933]])
array([[-22.13648521],
       [-21.05862033],
       [-22.23199866],
       [-20.69821674],
       [ -1.22798181],
       [-19.36173473],
       [-21.44132716],
       [-21.3295783 ],
       [-10.85118728],
       [-22.24341783],
       [-21.01808851],
       [-20.40375152],
       [-20.51618231],
       [-21.00460121],
       [-20.93366394],
       [-22.10164223],
       [-22.03231429],
       [-22.18123612],
       [-22.6877119 ],
       [ -0.96097721],
       [-20.53799203],
       [ -7.57655007],
       [-20.40640931],
       [-20.52483403],
       [-19.16745689],
       [-21.52526301],
       [-22.0067988 ],
       [-22.0516977 ],
       [-22.03077135],
       [-22.13128234],
       [-22.12684013],
       [-15.49603578],
       [  0.14091175],
       [-22.24196351],
       [-21.99683422],
       [-20.85669547],
       [-22.10627607],
       [-21.39363303],
       [-22.55405099],
       [  0.8073314 ]])
<<<<<<<<<<< STEP 18 >>>>>>>>>>>> + array([[-0.50000128],
       [-0.49999721],
       [-0.50001288],
       [-0.50001213],
       [ 0.04081931],
       [-0.49998096],
       [-0.50000059],
       [-0.50000455],
       [-0.5000554 ],
       [-0.49999893],
       [-0.49999619],
       [-0.50000245],
       [-0.49999828],
       [-0.50000577],
       [-0.49999217],
       [-0.50000789],
       [-0.50001262],
       [-0.49999607],
       [-0.50000403],
       [-0.01217132],
       [-0.50000498],
       [-0.50639959],
       [-0.49999781],
       [-0.50000384],
       [-0.500012  ],
       [-0.5000066 ],
       [-0.49999947],
       [-0.50000769],
       [-0.50000198],
       [-0.50000269],
       [-0.50000165],
       [-0.50002989],
       [-0.00439666],
       [-0.49999817],
       [-0.49999945],
       [-0.5000027 ],
       [-0.50000158],
       [-0.49999589],
       [-0.49999845],
       [-0.00243379]])
array([[-22.63648649],
       [-21.55861755],
       [-22.73201154],
       [-21.19822887],
       [ -1.1871625 ],
       [-19.86171569],
       [-21.94132775],
       [-21.82958285],
       [-11.35124269],
       [-22.74341677],
       [-21.5180847 ],
       [-20.90375396],
       [-21.01618058],
       [-21.50460698],
       [-21.43365611],
       [-22.60165011],
       [-22.53232691],
       [-22.68123218],
       [-23.18771593],
       [ -0.97314853],
       [-21.03799701],
       [ -8.08294966],
       [-20.90640712],
       [-21.02483787],
       [-19.66746889],
       [-22.02526961],
       [-22.50679827],
       [-22.55170539],
       [-22.53077333],
       [-22.63128504],
       [-22.62684178],
       [-15.99606567],
       [  0.13651509],
       [-22.74196168],
       [-22.49683367],
       [-21.35669816],
       [-22.60627766],
       [-21.89362892],
       [-23.05404943],
       [  0.80489761]])
<<<<<<<<<<< STEP 19 >>>>>>>>>>>> + array([[-0.50000077],
       [-0.49999772],
       [-0.5000097 ],
       [-0.50000911],
       [ 0.03954026],
       [-0.49998524],
       [-0.50000022],
       [-0.50000335],
       [-0.50009021],
       [-0.49999896],
       [-0.49999697],
       [-0.50000207],
       [-0.49999881],
       [-0.50000455],
       [-0.49999382],
       [-0.50000529],
       [-0.50000968],
       [-0.49999673],
       [-0.50000296],
       [-0.01131118],
       [-0.50000403],
       [-0.50473711],
       [-0.49999857],
       [-0.50000299],
       [-0.50000849],
       [-0.50000503],
       [-0.49999947],
       [-0.50000582],
       [-0.50000138],
       [-0.500002  ],
       [-0.50000124],
       [-0.50002158],
       [-0.00458955],
       [-0.4999984 ],
       [-0.49999951],
       [-0.50000236],
       [-0.50000113],
       [-0.4999968 ],
       [-0.49999865],
       [-0.00226445]])
array([[-23.13648726],
       [-22.05861527],
       [-23.23202124],
       [-21.69823799],
       [ -1.14762224],
       [-20.36170093],
       [-22.44132797],
       [-22.3295862 ],
       [-11.8513329 ],
       [-23.24341572],
       [-22.01808166],
       [-21.40375603],
       [-21.51617939],
       [-22.00461152],
       [-21.93364993],
       [-23.1016554 ],
       [-23.03233659],
       [-23.18122891],
       [-23.68771888],
       [ -0.98445971],
       [-21.53800104],
       [ -8.58768677],
       [-21.40640569],
       [-21.52484086],
       [-20.16747738],
       [-22.52527464],
       [-23.00679773],
       [-23.05171121],
       [-23.03077471],
       [-23.13128704],
       [-23.12684302],
       [-16.49608725],
       [  0.13192555],
       [-23.24196008],
       [-22.99683318],
       [-21.85670053],
       [-23.10627878],
       [-22.39362571],
       [-23.55404808],
       [  0.80263317]])
<<<<<<<<<<< STEP 20 >>>>>>>>>>>> + array([[-0.50000045],
       [-0.49999815],
       [-0.50000733],
       [-0.5000069 ],
       [ 0.03825751],
       [-0.49998858],
       [-0.50000003],
       [-0.5000025 ],
       [-0.50009921],
       [-0.49999905],
       [-0.4999976 ],
       [-0.50000172],
       [-0.49999918],
       [-0.50000357],
       [-0.49999514],
       [-0.5000036 ],
       [-0.50000746],
       [-0.49999733],
       [-0.50000219],
       [-0.01063371],
       [-0.50000324],
       [-0.50353154],
       [-0.49999905],
       [-0.50000232],
       [-0.5000061 ],
       [-0.50000385],
       [-0.49999952],
       [-0.50000443],
       [-0.50000097],
       [-0.5000015 ],
       [-0.50000095],
       [-0.50001551],
       [-0.00474283],
       [-0.49999865],
       [-0.49999958],
       [-0.500002  ],
       [-0.50000081],
       [-0.4999975 ],
       [-0.49999886],
       [-0.00212504]])
array([[-23.63648771],
       [-22.55861342],
       [-23.73202857],
       [-22.19824489],
       [ -1.10936473],
       [-20.86168951],
       [-22.941328  ],
       [-22.8295887 ],
       [-12.35143211],
       [-23.74341478],
       [-22.51807927],
       [-21.90375775],
       [-22.01617857],
       [-22.5046151 ],
       [-22.43364506],
       [-23.601659  ],
       [-23.53234405],
       [-23.68122624],
       [-24.18772107],
       [ -0.99509342],
       [-22.03800428],
       [ -9.09121831],
       [-21.90640474],
       [-22.02484318],
       [-20.66748348],
       [-23.02527848],
       [-23.50679725],
       [-23.55171564],
       [-23.53077568],
       [-23.63128854],
       [-23.62684397],
       [-16.99610275],
       [  0.12718271],
       [-23.74195873],
       [-23.49683276],
       [-22.35670252],
       [-23.60627959],
       [-22.89362322],
       [-24.05404695],
       [  0.80050812]])
<<<<<<<<<<< STEP 21 >>>>>>>>>>>> + array([[-0.50000026],
       [-0.49999851],
       [-0.50000556],
       [-0.50000525],
       [ 0.03699065],
       [-0.49999117],
       [-0.49999993],
       [-0.50000188],
       [-0.50009535],
       [-0.49999918],
       [-0.49999812],
       [-0.5000014 ],
       [-0.49999943],
       [-0.50000281],
       [-0.49999619],
       [-0.50000248],
       [-0.50000576],
       [-0.49999784],
       [-0.50000164],
       [-0.01009718],
       [-0.50000258],
       [-0.50265055],
       [-0.49999936],
       [-0.5000018 ],
       [-0.50000444],
       [-0.50000295],
       [-0.49999959],
       [-0.50000339],
       [-0.50000069],
       [-0.50000113],
       [-0.50000072],
       [-0.50001108],
       [-0.00486552],
       [-0.49999889],
       [-0.49999965],
       [-0.50000165],
       [-0.5000006 ],
       [-0.49999806],
       [-0.49999906],
       [-0.00200999]])
array([[-24.13648797],
       [-23.05861194],
       [-24.23203413],
       [-22.69825014],
       [ -1.07237409],
       [-21.36168067],
       [-23.44132793],
       [-23.32959058],
       [-12.85152746],
       [-24.24341395],
       [-23.01807739],
       [-22.40375916],
       [-22.516178  ],
       [-23.00461791],
       [-22.93364125],
       [-24.10166148],
       [-24.03234981],
       [-24.18122408],
       [-24.68772271],
       [ -1.0051906 ],
       [-22.53800686],
       [ -9.59386886],
       [-22.4064041 ],
       [-22.52484498],
       [-21.16748793],
       [-23.52528143],
       [-24.00679684],
       [-24.05171903],
       [-24.03077637],
       [-24.13128967],
       [-24.12684469],
       [-17.49611384],
       [  0.1223172 ],
       [-24.24195762],
       [-23.99683241],
       [-22.85670417],
       [-24.10628019],
       [-23.39362127],
       [-24.55404601],
       [  0.79849813]])
<<<<<<<<<<< STEP 22 >>>>>>>>>>>> + array([[-0.50000014],
       [-0.49999881],
       [-0.50000423],
       [-0.50000402],
       [ 0.03575344],
       [-0.49999317],
       [-0.4999999 ],
       [-0.50000143],
       [-0.50008571],
       [-0.49999931],
       [-0.49999852],
       [-0.50000113],
       [-0.4999996 ],
       [-0.5000022 ],
       [-0.49999702],
       [-0.50000174],
       [-0.50000447],
       [-0.49999828],
       [-0.50000123],
       [-0.00966966],
       [-0.50000205],
       [-0.50200127],
       [-0.49999956],
       [-0.5000014 ],
       [-0.50000328],
       [-0.50000227],
       [-0.49999966],
       [-0.50000261],
       [-0.5000005 ],
       [-0.50000086],
       [-0.50000055],
       [-0.50000788],
       [-0.00496462],
       [-0.4999991 ],
       [-0.49999971],
       [-0.50000134],
       [-0.50000044],
       [-0.49999848],
       [-0.49999924],
       [-0.0019146 ]])
array([[-24.63648811],
       [-23.55861075],
       [-24.73203836],
       [-23.19825416],
       [ -1.03662064],
       [-21.86167385],
       [-23.94132783],
       [-23.82959201],
       [-13.35161317],
       [-24.74341326],
       [-23.51807591],
       [-22.90376029],
       [-23.0161776 ],
       [-23.50462011],
       [-23.43363826],
       [-24.60166321],
       [-24.53235428],
       [-24.68122236],
       [-25.18772394],
       [ -1.01486026],
       [-23.03800892],
       [-10.09587012],
       [-22.90640366],
       [-23.02484638],
       [-21.66749121],
       [-24.0252837 ],
       [-24.5067965 ],
       [-24.55172164],
       [-24.53077687],
       [-24.63129053],
       [-24.62684525],
       [-17.99612171],
       [  0.11735258],
       [-24.74195673],
       [-24.49683213],
       [-23.35670551],
       [-24.60628063],
       [-23.89361976],
       [-25.05404525],
       [  0.79658354]])
<<<<<<<<<<< STEP 23 >>>>>>>>>>>> + array([[-0.50000007],
       [-0.49999905],
       [-0.50000322],
       [-0.50000309],
       [ 0.03455507],
       [-0.49999472],
       [-0.49999989],
       [-0.50000109],
       [-0.5000741 ],
       [-0.49999943],
       [-0.49999885],
       [-0.50000091],
       [-0.49999972],
       [-0.50000172],
       [-0.49999767],
       [-0.50000123],
       [-0.50000347],
       [-0.49999863],
       [-0.50000093],
       [-0.00932679],
       [-0.50000162],
       [-0.50151883],
       [-0.49999969],
       [-0.50000108],
       [-0.50000245],
       [-0.50000174],
       [-0.49999973],
       [-0.50000201],
       [-0.50000036],
       [-0.50000066],
       [-0.50000043],
       [-0.50000556],
       [-0.00504558],
       [-0.49999928],
       [-0.49999977],
       [-0.50000108],
       [-0.50000033],
       [-0.49999882],
       [-0.49999939],
       [-0.00183502]])
array([[-25.13648817],
       [-24.05860979],
       [-25.23204158],
       [-23.69825726],
       [ -1.00206558],
       [-22.36166857],
       [-24.44132772],
       [-24.3295931 ],
       [-13.85168727],
       [-25.24341269],
       [-24.01807476],
       [-23.4037612 ],
       [-23.51617732],
       [-24.00462183],
       [-23.93363593],
       [-25.10166445],
       [-25.03235775],
       [-25.18122099],
       [-25.68772487],
       [ -1.02418705],
       [-23.53801054],
       [-10.59738895],
       [-23.40640334],
       [-23.52484746],
       [-22.16749366],
       [-24.52528544],
       [-25.00679622],
       [-25.05172365],
       [-25.03077723],
       [-25.1312912 ],
       [-25.12684567],
       [-18.49612727],
       [  0.11230699],
       [-25.24195601],
       [-24.99683189],
       [-23.85670658],
       [-25.10628097],
       [-24.39361858],
       [-25.55404463],
       [  0.79474851]])
<<<<<<<<<<< STEP 24 >>>>>>>>>>>> + array([[-0.50000002],
       [-0.49999924],
       [-0.50000246],
       [-0.50000238],
       [ 0.03340118],
       [-0.49999592],
       [-0.4999999 ],
       [-0.50000084],
       [-0.50006248],
       [-0.49999953],
       [-0.4999991 ],
       [-0.50000072],
       [-0.49999981],
       [-0.50000135],
       [-0.49999818],
       [-0.50000089],
       [-0.5000027 ],
       [-0.49999892],
       [-0.50000071],
       [-0.00904994],
       [-0.50000128],
       [-0.50115768],
       [-0.49999977],
       [-0.50000084],
       [-0.50000185],
       [-0.50000134],
       [-0.49999978],
       [-0.50000156],
       [-0.50000027],
       [-0.50000051],
       [-0.50000033],
       [-0.50000389],
       [-0.00511261],
       [-0.49999943],
       [-0.49999981],
       [-0.50000086],
       [-0.50000025],
       [-0.49999908],
       [-0.49999951],
       [-0.00176818]])
array([[-25.6364882 ],
       [-24.55860904],
       [-25.73204403],
       [-24.19825964],
       [ -0.9686644 ],
       [-22.86166449],
       [-24.94132761],
       [-24.82959393],
       [-14.35174976],
       [-25.74341222],
       [-24.51807386],
       [-23.90376192],
       [-24.01617713],
       [-24.50462318],
       [-24.43363411],
       [-25.60166533],
       [-25.53236044],
       [-25.68121991],
       [-26.18772558],
       [ -1.03323699],
       [-24.03801182],
       [-11.09854663],
       [-23.90640312],
       [-24.0248483 ],
       [-22.6674955 ],
       [-25.02528678],
       [-25.50679601],
       [-25.5517252 ],
       [-25.5307775 ],
       [-25.63129171],
       [-25.626846  ],
       [-18.99613116],
       [  0.10719439],
       [-25.74195544],
       [-25.49683171],
       [-24.35670744],
       [-25.60628122],
       [-24.89361765],
       [-26.05404414],
       [  0.79298033]])
<<<<<<<<<<< STEP 25 >>>>>>>>>>>> + array([[-0.5       ],
       [-0.4999994 ],
       [-0.50000188],
       [-0.50000184],
       [ 0.03229487],
       [-0.49999685],
       [-0.49999991],
       [-0.50000065],
       [-0.5000518 ],
       [-0.49999962],
       [-0.4999993 ],
       [-0.50000057],
       [-0.49999987],
       [-0.50000106],
       [-0.49999858],
       [-0.50000065],
       [-0.5000021 ],
       [-0.49999915],
       [-0.50000054],
       [-0.00882481],
       [-0.50000101],
       [-0.50088557],
       [-0.49999983],
       [-0.50000065],
       [-0.5000014 ],
       [-0.50000104],
       [-0.49999983],
       [-0.50000121],
       [-0.5000002 ],
       [-0.50000039],
       [-0.50000025],
       [-0.5000027 ],
       [-0.00516892],
       [-0.49999955],
       [-0.49999985],
       [-0.50000068],
       [-0.50000019],
       [-0.49999928],
       [-0.49999961],
       [-0.0017116 ]])
array([[-26.13648819],
       [-25.05860844],
       [-26.23204591],
       [-24.69826148],
       [ -0.93636953],
       [-23.36166134],
       [-25.44132752],
       [-25.32959458],
       [-14.85180156],
       [-26.24341185],
       [-25.01807315],
       [-24.40376249],
       [-24.516177  ],
       [-25.00462423],
       [-24.9336327 ],
       [-26.10166598],
       [-26.03236254],
       [-26.18121906],
       [-26.68772612],
       [ -1.0420618 ],
       [-24.53801283],
       [-11.59943221],
       [-24.40640295],
       [-24.52484895],
       [-23.16749691],
       [-25.52528782],
       [-26.00679584],
       [-26.05172641],
       [-26.0307777 ],
       [-26.1312921 ],
       [-26.12684625],
       [-19.49613386],
       [  0.10202547],
       [-26.24195499],
       [-25.99683156],
       [-24.85670812],
       [-26.10628141],
       [-25.39361694],
       [-26.55404376],
       [  0.79126873]])
<<<<<<<<<<< STEP 26 >>>>>>>>>>>> + array([[-0.49999999],
       [-0.49999952],
       [-0.50000144],
       [-0.50000143],
       [ 0.03123739],
       [-0.49999757],
       [-0.49999992],
       [-0.5000005 ],
       [-0.50004243],
       [-0.4999997 ],
       [-0.49999945],
       [-0.50000045],
       [-0.49999991],
       [-0.50000083],
       [-0.4999989 ],
       [-0.50000048],
       [-0.50000163],
       [-0.49999933],
       [-0.50000042],
       [-0.00864042],
       [-0.50000079],
       [-0.50067942],
       [-0.49999988],
       [-0.5000005 ],
       [-0.50000108],
       [-0.5000008 ],
       [-0.49999987],
       [-0.50000094],
       [-0.50000015],
       [-0.50000031],
       [-0.5000002 ],
       [-0.50000185],
       [-0.00521703],
       [-0.49999965],
       [-0.49999988],
       [-0.50000053],
       [-0.50000015],
       [-0.49999944],
       [-0.49999969],
       [-0.00166333]])
array([[-26.63648818],
       [-25.55860796],
       [-26.73204735],
       [-25.19826291],
       [ -0.90513214],
       [-23.86165891],
       [-25.94132744],
       [-25.82959508],
       [-15.35184399],
       [-26.74341154],
       [-25.51807261],
       [-24.90376294],
       [-25.01617691],
       [-25.50462506],
       [-25.43363159],
       [-26.60166646],
       [-26.53236417],
       [-26.6812184 ],
       [-27.18772654],
       [ -1.05070222],
       [-25.03801362],
       [-12.10011163],
       [-24.90640283],
       [-25.02484945],
       [-23.66749798],
       [-26.02528862],
       [-26.5067957 ],
       [-26.55172735],
       [-26.53077785],
       [-26.63129241],
       [-26.62684645],
       [-19.99613571],
       [  0.09680844],
       [-26.74195463],
       [-26.49683144],
       [-25.35670865],
       [-26.60628156],
       [-25.89361637],
       [-27.05404345],
       [  0.7896054 ]])
<<<<<<<<<<< STEP 27 >>>>>>>>>>>> + array([[-0.49999998],
       [-0.49999962],
       [-0.5000011 ],
       [-0.50000111],
       [ 0.03022871],
       [-0.49999812],
       [-0.49999994],
       [-0.50000039],
       [-0.50003446],
       [-0.49999976],
       [-0.49999958],
       [-0.50000036],
       [-0.49999994],
       [-0.50000065],
       [-0.49999914],
       [-0.50000035],
       [-0.50000127],
       [-0.49999948],
       [-0.50000032],
       [-0.00848827],
       [-0.50000062],
       [-0.50052251],
       [-0.49999991],
       [-0.50000039],
       [-0.50000083],
       [-0.50000062],
       [-0.4999999 ],
       [-0.50000073],
       [-0.50000011],
       [-0.50000024],
       [-0.50000015],
       [-0.50000125],
       [-0.00525886],
       [-0.49999972],
       [-0.49999991],
       [-0.50000042],
       [-0.50000011],
       [-0.49999956],
       [-0.49999976],
       [-0.00162183]])
array([[-27.13648816],
       [-26.05860758],
       [-27.23204845],
       [-25.69826402],
       [ -0.87490342],
       [-24.36165703],
       [-26.44132738],
       [-26.32959547],
       [-15.85187845],
       [-27.2434113 ],
       [-26.01807219],
       [-25.40376329],
       [-25.51617685],
       [-26.0046257 ],
       [-25.93363073],
       [-27.10166681],
       [-27.03236545],
       [-27.18121788],
       [-27.68772686],
       [ -1.05919049],
       [-25.53801425],
       [-12.60063413],
       [-25.40640273],
       [-25.52484983],
       [-24.16749881],
       [-26.52528924],
       [-27.0067956 ],
       [-27.05172808],
       [-27.03077796],
       [-27.13129264],
       [-27.1268466 ],
       [-20.49613696],
       [  0.09154957],
       [-27.24195436],
       [-26.99683135],
       [-25.85670907],
       [-27.10628167],
       [-26.39361594],
       [-27.55404321],
       [  0.78798357]])
<<<<<<<<<<< STEP 28 >>>>>>>>>>>> + array([[-0.49999998],
       [-0.4999997 ],
       [-0.50000085],
       [-0.50000086],
       [ 0.02926789],
       [-0.49999855],
       [-0.49999995],
       [-0.5000003 ],
       [-0.5000278 ],
       [-0.49999981],
       [-0.49999967],
       [-0.50000028],
       [-0.49999996],
       [-0.5000005 ],
       [-0.49999933],
       [-0.50000027],
       [-0.50000099],
       [-0.49999959],
       [-0.50000025],
       [-0.0083618 ],
       [-0.50000049],
       [-0.50040262],
       [-0.49999993],
       [-0.5000003 ],
       [-0.50000064],
       [-0.50000048],
       [-0.49999992],
       [-0.50000057],
       [-0.50000008],
       [-0.50000019],
       [-0.50000012],
       [-0.50000083],
       [-0.00529591],
       [-0.49999978],
       [-0.49999993],
       [-0.50000033],
       [-0.50000009],
       [-0.49999966],
       [-0.49999981],
       [-0.00158586]])
array([[-27.63648814],
       [-26.55860728],
       [-27.7320493 ],
       [-26.19826488],
       [ -0.84563553],
       [-24.86165557],
       [-26.94132732],
       [-26.82959577],
       [-16.35190625],
       [-27.74341111],
       [-26.51807186],
       [-25.90376357],
       [-26.0161768 ],
       [-26.50462621],
       [-26.43363006],
       [-27.60166708],
       [-27.53236644],
       [-27.68121747],
       [-28.1877271 ],
       [ -1.06755229],
       [-26.03801473],
       [-13.10103675],
       [-25.90640266],
       [-26.02485013],
       [-24.66749945],
       [-27.02528972],
       [-27.50679552],
       [-27.55172864],
       [-27.53077804],
       [-27.63129283],
       [-27.62684672],
       [-20.99613779],
       [  0.08625366],
       [-27.74195414],
       [-27.49683127],
       [-26.3567094 ],
       [-27.60628176],
       [-26.89361559],
       [-28.05404302],
       [  0.78639771]])
<<<<<<<<<<< STEP 29 >>>>>>>>>>>> + array([[-0.49999998],
       [-0.49999976],
       [-0.50000065],
       [-0.50000067],
       [ 0.02835344],
       [-0.49999888],
       [-0.49999996],
       [-0.50000024],
       [-0.50002232],
       [-0.49999985],
       [-0.49999974],
       [-0.50000022],
       [-0.49999997],
       [-0.50000039],
       [-0.49999948],
       [-0.5000002 ],
       [-0.50000078],
       [-0.49999968],
       [-0.50000019],
       [-0.00825589],
       [-0.50000038],
       [-0.50031073],
       [-0.49999994],
       [-0.50000023],
       [-0.5000005 ],
       [-0.50000037],
       [-0.49999994],
       [-0.50000044],
       [-0.50000006],
       [-0.50000014],
       [-0.50000009],
       [-0.50000054],
       [-0.00532934],
       [-0.49999983],
       [-0.49999994],
       [-0.50000026],
       [-0.50000007],
       [-0.49999973],
       [-0.49999985],
       [-0.00155445]])
array([[-28.13648812],
       [-27.05860705],
       [-28.23204995],
       [-26.69826555],
       [ -0.81728209],
       [-25.36165445],
       [-27.44132728],
       [-27.32959601],
       [-16.85192857],
       [-28.24341096],
       [-27.0180716 ],
       [-26.40376379],
       [-26.51617678],
       [-27.0046266 ],
       [-26.93362954],
       [-28.10166728],
       [-28.03236722],
       [-28.18121715],
       [-28.68772729],
       [ -1.07580818],
       [-26.53801512],
       [-13.60134747],
       [-26.4064026 ],
       [-26.52485036],
       [-25.16749995],
       [-27.52529009],
       [-28.00679546],
       [-28.05172908],
       [-28.03077811],
       [-28.13129297],
       [-28.12684681],
       [-21.49613833],
       [  0.08092432],
       [-28.24195397],
       [-27.99683121],
       [-26.85670966],
       [-28.10628182],
       [-27.39361533],
       [-28.55404287],
       [  0.78484325]])
