<<<<<<<<<<< STEP 0 >>>>>>>>>>>> + array([[-0.50000149],
       [-0.50000075],
       [-0.50000456],
       [-0.49999987],
       [-0.50000037],
       [-0.50000021],
       [-0.49999988],
       [-0.50000058],
       [-0.50000822],
       [-0.50000179],
       [-0.50000003],
       [-0.50000765],
       [-0.50000143],
       [-0.50000048],
       [-0.50000052],
       [-0.50000078],
       [-0.00359781],
       [-0.49999989],
       [ 0.0031494 ],
       [-0.50000059],
       [-0.00902518],
       [-0.50000033],
       [ 0.00359814],
       [-0.50000014],
       [-0.49999991],
       [-0.49999997],
       [-0.50000011],
       [-0.02235719],
       [-0.50000062],
       [-0.03102055],
       [-0.50000049],
       [ 0.00578198],
       [-0.50000068],
       [-0.5000005 ],
       [-0.49999977],
       [-0.50000035],
       [-0.50000059],
       [-0.500001  ],
       [-0.50000006],
       [-0.50000086]])
array([[-28.03620406],
       [-29.19230607],
       [-26.09847193],
       [-28.2412045 ],
       [-28.914334  ],
       [-28.26481073],
       [-28.34860354],
       [-28.89312549],
       [-24.90313465],
       [-26.62587713],
       [-28.2990427 ],
       [-24.8094312 ],
       [-27.01028924],
       [-28.83764202],
       [-28.73395354],
       [-28.67792199],
       [ -1.08290197],
       [-28.23745198],
       [ -0.44809163],
       [-28.80426195],
       [ -1.59982665],
       [-28.7952265 ],
       [ -1.13920672],
       [-28.36908094],
       [-28.37816997],
       [-29.47534226],
       [-28.71046883],
       [ -1.92380931],
       [-26.39167105],
       [ -2.59689249],
       [-28.84658858],
       [ -0.5276512 ],
       [-28.83151804],
       [-28.77470256],
       [-28.42589647],
       [-28.32244375],
       [-29.14586706],
       [-26.57425632],
       [-28.43155324],
       [-28.82359561]])
<<<<<<<<<<< STEP 1 >>>>>>>>>>>> + array([[-0.50000116],
       [-0.50000059],
       [-0.50000357],
       [-0.4999999 ],
       [-0.50000029],
       [-0.50000017],
       [-0.4999999 ],
       [-0.50000046],
       [-0.50000643],
       [-0.50000142],
       [-0.50000003],
       [-0.50000599],
       [-0.50000112],
       [-0.50000038],
       [-0.50000041],
       [-0.50000061],
       [-0.00363541],
       [-0.49999991],
       [ 0.00314904],
       [-0.50000047],
       [-0.00929993],
       [-0.50000026],
       [ 0.00355804],
       [-0.50000011],
       [-0.49999993],
       [-0.49999998],
       [-0.50000008],
       [-0.02280463],
       [-0.50000048],
       [-0.03176385],
       [-0.50000039],
       [ 0.00580664],
       [-0.50000054],
       [-0.50000039],
       [-0.49999982],
       [-0.50000027],
       [-0.50000047],
       [-0.50000079],
       [-0.50000005],
       [-0.50000068]])
array([[-28.53620523],
       [-29.69230666],
       [-26.5984755 ],
       [-28.74120439],
       [-29.41433428],
       [-28.76481089],
       [-28.84860344],
       [-29.39312595],
       [-25.40314108],
       [-27.12587854],
       [-28.79904273],
       [-25.30943719],
       [-27.51029036],
       [-29.3376424 ],
       [-29.23395395],
       [-29.1779226 ],
       [ -1.08653739],
       [-28.73745189],
       [ -0.44494258],
       [-29.30426242],
       [ -1.60912658],
       [-29.29522676],
       [ -1.13564869],
       [-28.86908104],
       [-28.87816989],
       [-29.97534224],
       [-29.21046891],
       [ -1.94661394],
       [-26.89167152],
       [ -2.62865634],
       [-29.34658897],
       [ -0.52184455],
       [-29.33151857],
       [-29.27470296],
       [-28.92589629],
       [-28.82244403],
       [-29.64586752],
       [-27.07425711],
       [-28.93155329],
       [-29.32359628]])
<<<<<<<<<<< STEP 2 >>>>>>>>>>>> + array([[-0.50000091],
       [-0.50000047],
       [-0.5000028 ],
       [-0.49999992],
       [-0.50000023],
       [-0.50000013],
       [-0.49999993],
       [-0.50000036],
       [-0.50000504],
       [-0.50000112],
       [-0.50000002],
       [-0.50000469],
       [-0.50000089],
       [-0.5000003 ],
       [-0.50000032],
       [-0.50000048],
       [-0.00367421],
       [-0.49999993],
       [ 0.00314888],
       [-0.50000037],
       [-0.00958532],
       [-0.5000002 ],
       [ 0.0035172 ],
       [-0.50000008],
       [-0.49999994],
       [-0.49999999],
       [-0.50000006],
       [-0.02327133],
       [-0.50000036],
       [-0.03254478],
       [-0.50000031],
       [ 0.00583242],
       [-0.50000042],
       [-0.50000031],
       [-0.49999986],
       [-0.50000022],
       [-0.50000037],
       [-0.50000062],
       [-0.50000004],
       [-0.50000053]])
array([[-29.03620614],
       [-30.19230712],
       [-27.0984783 ],
       [-29.24120431],
       [-29.91433451],
       [-29.26481102],
       [-29.34860337],
       [-29.89312631],
       [-25.90314612],
       [-27.62587966],
       [-29.29904275],
       [-25.80944188],
       [-28.01029124],
       [-29.8376427 ],
       [-29.73395428],
       [-29.67792309],
       [ -1.0902116 ],
       [-29.23745182],
       [ -0.4417937 ],
       [-29.80426279],
       [ -1.6187119 ],
       [-29.79522696],
       [ -1.13213149],
       [-29.36908113],
       [-29.37816984],
       [-30.47534223],
       [-29.71046897],
       [ -1.96988527],
       [-27.39167189],
       [ -2.66120113],
       [-29.84658928],
       [ -0.51601213],
       [-29.831519  ],
       [-29.77470327],
       [-29.42589615],
       [-29.32244424],
       [-30.14586789],
       [-27.57425773],
       [-29.43155333],
       [-29.82359682]])
<<<<<<<<<<< STEP 3 >>>>>>>>>>>> + array([[-0.50000072],
       [-0.50000037],
       [-0.5000022 ],
       [-0.49999994],
       [-0.50000018],
       [-0.5000001 ],
       [-0.49999994],
       [-0.50000029],
       [-0.50000394],
       [-0.50000089],
       [-0.50000002],
       [-0.50000367],
       [-0.5000007 ],
       [-0.50000024],
       [-0.50000025],
       [-0.50000038],
       [-0.00371425],
       [-0.49999995],
       [ 0.00314894],
       [-0.50000029],
       [-0.00988187],
       [-0.50000016],
       [ 0.00347562],
       [-0.50000007],
       [-0.49999995],
       [-0.49999999],
       [-0.50000005],
       [-0.02375839],
       [-0.50000028],
       [-0.0333661 ],
       [-0.50000024],
       [ 0.00585938],
       [-0.50000033],
       [-0.50000025],
       [-0.49999989],
       [-0.50000017],
       [-0.50000029],
       [-0.50000049],
       [-0.50000003],
       [-0.50000042]])
array([[-29.53620685],
       [-30.69230749],
       [-27.5984805 ],
       [-29.74120425],
       [-30.41433469],
       [-29.76481113],
       [-29.84860331],
       [-30.39312659],
       [-26.40315006],
       [-28.12588055],
       [-29.79904277],
       [-26.30944555],
       [-28.51029194],
       [-30.33764294],
       [-30.23395453],
       [-30.17792347],
       [ -1.09392584],
       [-29.73745177],
       [ -0.43864476],
       [-30.30426309],
       [ -1.62859377],
       [-30.29522712],
       [ -1.12865587],
       [-29.86908119],
       [-29.87816979],
       [-30.97534222],
       [-30.21046902],
       [ -1.99364366],
       [-27.89167217],
       [ -2.69456723],
       [-30.34658952],
       [ -0.51015275],
       [-30.33151933],
       [-30.27470352],
       [-29.92589604],
       [-29.82244441],
       [-30.64586818],
       [-28.07425821],
       [-29.93155336],
       [-30.32359724]])
<<<<<<<<<<< STEP 4 >>>>>>>>>>>> + array([[-0.50000056],
       [-0.50000029],
       [-0.50000172],
       [-0.49999995],
       [-0.50000014],
       [-0.50000008],
       [-0.49999996],
       [-0.50000023],
       [-0.50000309],
       [-0.5000007 ],
       [-0.50000002],
       [-0.50000288],
       [-0.50000055],
       [-0.50000019],
       [-0.5000002 ],
       [-0.5000003 ],
       [-0.00375557],
       [-0.49999996],
       [ 0.00314922],
       [-0.50000023],
       [-0.01019017],
       [-0.50000013],
       [ 0.0034333 ],
       [-0.50000005],
       [-0.49999996],
       [-0.49999999],
       [-0.50000004],
       [-0.02426702],
       [-0.50000021],
       [-0.03423086],
       [-0.50000019],
       [ 0.00588761],
       [-0.50000026],
       [-0.5000002 ],
       [-0.49999991],
       [-0.50000013],
       [-0.50000022],
       [-0.50000038],
       [-0.50000003],
       [-0.50000033]])
array([[-30.03620741],
       [-31.19230778],
       [-28.09848222],
       [-30.24120421],
       [-30.91433484],
       [-30.26481121],
       [-30.34860327],
       [-30.89312682],
       [-26.90315315],
       [-28.62588125],
       [-30.29904278],
       [-26.80944843],
       [-29.01029249],
       [-30.83764312],
       [-30.73395473],
       [-30.67792377],
       [ -1.09768142],
       [-30.23745173],
       [ -0.43549554],
       [-30.80426332],
       [ -1.63878394],
       [-30.79522724],
       [ -1.12522257],
       [-30.36908124],
       [-30.37816976],
       [-31.47534221],
       [-30.71046906],
       [ -2.01791068],
       [-28.39167238],
       [ -2.72879809],
       [-30.84658971],
       [ -0.50426514],
       [-30.83151959],
       [-30.77470371],
       [-30.42589596],
       [-30.32244454],
       [-31.1458684 ],
       [-28.57425859],
       [-30.43155338],
       [-30.82359757]])
<<<<<<<<<<< STEP 5 >>>>>>>>>>>> + array([[-0.50000044],
       [-0.50000023],
       [-0.50000135],
       [-0.49999996],
       [-0.50000011],
       [-0.50000006],
       [-0.49999997],
       [-0.50000018],
       [-0.50000242],
       [-0.50000056],
       [-0.50000001],
       [-0.50000225],
       [-0.50000043],
       [-0.50000015],
       [-0.50000016],
       [-0.50000024],
       [-0.00379826],
       [-0.49999997],
       [ 0.00314975],
       [-0.50000018],
       [-0.01051085],
       [-0.5000001 ],
       [ 0.00339022],
       [-0.50000004],
       [-0.49999997],
       [-0.49999999],
       [-0.50000003],
       [-0.02479851],
       [-0.50000016],
       [-0.03514248],
       [-0.50000015],
       [ 0.00591718],
       [-0.50000021],
       [-0.50000016],
       [-0.49999993],
       [-0.50000011],
       [-0.50000018],
       [-0.5000003 ],
       [-0.50000002],
       [-0.50000026]])
array([[-30.53620785],
       [-31.69230801],
       [-28.59848357],
       [-30.74120417],
       [-31.41433495],
       [-30.76481127],
       [-30.84860323],
       [-31.393127  ],
       [-27.40315557],
       [-29.1258818 ],
       [-30.79904279],
       [-27.30945068],
       [-29.51029293],
       [-31.33764327],
       [-31.23395489],
       [-31.177924  ],
       [ -1.10147967],
       [-30.73745169],
       [ -0.43234579],
       [-31.3042635 ],
       [ -1.64929479],
       [-31.29522734],
       [ -1.12183234],
       [-30.86908129],
       [-30.87816973],
       [-31.9753422 ],
       [-31.21046909],
       [ -2.04270919],
       [-28.89167254],
       [ -2.76394057],
       [-31.34658986],
       [ -0.49834796],
       [-31.3315198 ],
       [-31.27470387],
       [-30.92589589],
       [-30.82244465],
       [-31.64586858],
       [-29.0742589 ],
       [-30.9315534 ],
       [-31.32359783]])
<<<<<<<<<<< STEP 6 >>>>>>>>>>>> + array([[-0.50000034],
       [-0.50000018],
       [-0.50000106],
       [-0.49999997],
       [-0.50000009],
       [-0.50000005],
       [-0.49999997],
       [-0.50000014],
       [-0.50000189],
       [-0.50000044],
       [-0.50000001],
       [-0.50000177],
       [-0.50000034],
       [-0.50000012],
       [-0.50000013],
       [-0.50000019],
       [-0.00384236],
       [-0.49999997],
       [ 0.00315055],
       [-0.50000014],
       [-0.01084461],
       [-0.50000008],
       [ 0.00334635],
       [-0.50000003],
       [-0.49999998],
       [-0.5       ],
       [-0.50000002],
       [-0.02535432],
       [-0.50000012],
       [-0.03610477],
       [-0.50000012],
       [ 0.00594817],
       [-0.50000016],
       [-0.50000012],
       [-0.49999995],
       [-0.50000008],
       [-0.50000014],
       [-0.50000024],
       [-0.50000002],
       [-0.50000021]])
array([[-31.0362082 ],
       [-32.19230818],
       [-29.09848463],
       [-31.24120415],
       [-31.91433504],
       [-31.26481132],
       [-31.34860321],
       [-31.89312714],
       [-27.90315746],
       [-29.62588224],
       [-31.2990428 ],
       [-27.80945245],
       [-30.01029327],
       [-31.83764339],
       [-31.73395502],
       [-31.67792419],
       [ -1.10532203],
       [-31.23745167],
       [ -0.42919524],
       [-31.80426365],
       [ -1.6601394 ],
       [-31.79522742],
       [ -1.11848599],
       [-31.36908132],
       [-31.37816971],
       [-32.4753422 ],
       [-31.71046911],
       [ -2.06806351],
       [-29.39167267],
       [ -2.80004534],
       [-31.84658998],
       [ -0.49239979],
       [-31.83151996],
       [-31.77470399],
       [-31.42589584],
       [-31.32244473],
       [-32.14586872],
       [-29.57425913],
       [-31.43155342],
       [-31.82359804]])
<<<<<<<<<<< STEP 7 >>>>>>>>>>>> + array([[-0.50000027],
       [-0.50000014],
       [-0.50000083],
       [-0.49999998],
       [-0.50000007],
       [-0.50000004],
       [-0.49999998],
       [-0.50000011],
       [-0.50000148],
       [-0.50000035],
       [-0.50000001],
       [-0.50000139],
       [-0.50000027],
       [-0.50000009],
       [-0.5000001 ],
       [-0.50000015],
       [-0.00388795],
       [-0.49999998],
       [ 0.00315162],
       [-0.50000011],
       [-0.01119221],
       [-0.50000006],
       [ 0.00330166],
       [-0.50000003],
       [-0.49999998],
       [-0.5       ],
       [-0.50000002],
       [-0.025936  ],
       [-0.50000009],
       [-0.03712198],
       [-0.50000009],
       [ 0.00598066],
       [-0.50000013],
       [-0.5000001 ],
       [-0.49999996],
       [-0.50000007],
       [-0.50000011],
       [-0.50000019],
       [-0.50000001],
       [-0.50000016]])
array([[-31.53620847],
       [-32.69230832],
       [-29.59848546],
       [-31.74120413],
       [-32.41433511],
       [-31.76481136],
       [-31.84860319],
       [-32.39312725],
       [-28.40315895],
       [-30.12588259],
       [-31.79904281],
       [-28.30945383],
       [-30.51029354],
       [-32.33764348],
       [-32.23395512],
       [-32.17792434],
       [ -1.10920998],
       [-31.73745165],
       [ -0.42604362],
       [-32.30426376],
       [ -1.67133161],
       [-32.29522748],
       [ -1.11518433],
       [-31.86908134],
       [-31.87816969],
       [-32.9753422 ],
       [-32.21046913],
       [ -2.09399952],
       [-29.89167276],
       [ -2.83716732],
       [-32.34659007],
       [ -0.48641913],
       [-32.33152009],
       [-32.27470409],
       [-31.9258958 ],
       [-31.8224448 ],
       [-32.64586882],
       [-30.07425932],
       [-31.93155343],
       [-32.3235982 ]])
<<<<<<<<<<< STEP 8 >>>>>>>>>>>> + array([[-0.50000021],
       [-0.50000011],
       [-0.50000065],
       [-0.49999998],
       [-0.50000006],
       [-0.50000003],
       [-0.49999998],
       [-0.50000009],
       [-0.50000116],
       [-0.50000028],
       [-0.50000001],
       [-0.50000109],
       [-0.50000021],
       [-0.50000007],
       [-0.50000008],
       [-0.50000012],
       [-0.0039351 ],
       [-0.49999998],
       [ 0.00315299],
       [-0.50000009],
       [-0.01155449],
       [-0.50000005],
       [ 0.0032561 ],
       [-0.50000002],
       [-0.49999999],
       [-0.5       ],
       [-0.50000001],
       [-0.02654526],
       [-0.50000007],
       [-0.03819889],
       [-0.50000007],
       [ 0.00601473],
       [-0.5000001 ],
       [-0.50000008],
       [-0.49999997],
       [-0.50000005],
       [-0.50000009],
       [-0.50000015],
       [-0.50000001],
       [-0.50000013]])
array([[-32.03620868],
       [-33.19230843],
       [-30.09848612],
       [-32.24120411],
       [-32.91433517],
       [-32.2648114 ],
       [-32.34860317],
       [-32.89312734],
       [-28.90316011],
       [-30.62588287],
       [-32.29904282],
       [-28.80945492],
       [-31.01029375],
       [-32.83764356],
       [-32.7339552 ],
       [-32.67792445],
       [ -1.11314508],
       [-32.23745163],
       [ -0.42289063],
       [-32.80426385],
       [ -1.6828861 ],
       [-32.79522753],
       [ -1.11192823],
       [-32.36908136],
       [-32.37816967],
       [-33.4753422 ],
       [-32.71046914],
       [ -2.12054477],
       [-30.39167283],
       [ -2.87536621],
       [-32.84659015],
       [ -0.48040439],
       [-32.83152019],
       [-32.77470417],
       [-32.42589576],
       [-32.32244485],
       [-33.14586891],
       [-30.57425947],
       [-32.43155344],
       [-32.82359833]])
<<<<<<<<<<< STEP 9 >>>>>>>>>>>> + array([[-0.50000017],
       [-0.50000009],
       [-0.50000051],
       [-0.49999999],
       [-0.50000004],
       [-0.50000003],
       [-0.49999999],
       [-0.50000007],
       [-0.50000091],
       [-0.50000022],
       [-0.50000001],
       [-0.50000085],
       [-0.50000017],
       [-0.50000006],
       [-0.50000006],
       [-0.50000009],
       [-0.00398391],
       [-0.49999999],
       [ 0.00315466],
       [-0.50000007],
       [-0.01193235],
       [-0.50000004],
       [ 0.00320963],
       [-0.50000002],
       [-0.49999999],
       [-0.5       ],
       [-0.50000001],
       [-0.02718394],
       [-0.50000006],
       [-0.03934083],
       [-0.50000006],
       [ 0.00605047],
       [-0.50000008],
       [-0.50000006],
       [-0.49999997],
       [-0.50000004],
       [-0.50000007],
       [-0.50000012],
       [-0.50000001],
       [-0.5000001 ]])
array([[-32.53620885],
       [-33.69230852],
       [-30.59848663],
       [-32.7412041 ],
       [-33.41433521],
       [-32.76481142],
       [-32.84860316],
       [-33.39312741],
       [-29.40316102],
       [-31.12588309],
       [-32.79904283],
       [-29.30945577],
       [-31.51029392],
       [-33.33764362],
       [-33.23395526],
       [-33.17792455],
       [ -1.11712899],
       [-32.73745162],
       [ -0.41973597],
       [-33.30426392],
       [ -1.69481845],
       [-33.29522757],
       [ -1.1087186 ],
       [-32.86908138],
       [-32.87816966],
       [-33.97534219],
       [-33.21046915],
       [ -2.14772872],
       [-30.89167289],
       [ -2.91470704],
       [-33.3465902 ],
       [ -0.47435392],
       [-33.33152027],
       [-33.27470423],
       [-32.92589574],
       [-32.82244489],
       [-33.64586898],
       [-31.07425958],
       [-32.93155345],
       [-33.32359843]])
<<<<<<<<<<< STEP 10 >>>>>>>>>>>> + array([[-0.50000013],
       [-0.50000007],
       [-0.5000004 ],
       [-0.49999999],
       [-0.50000004],
       [-0.50000002],
       [-0.49999999],
       [-0.50000006],
       [-0.50000072],
       [-0.50000017],
       [-0.5       ],
       [-0.50000067],
       [-0.50000013],
       [-0.50000005],
       [-0.50000005],
       [-0.50000007],
       [-0.00403445],
       [-0.49999999],
       [ 0.00315666],
       [-0.50000006],
       [-0.01232675],
       [-0.50000003],
       [ 0.00316219],
       [-0.50000001],
       [-0.49999999],
       [-0.5       ],
       [-0.50000001],
       [-0.02785408],
       [-0.50000004],
       [-0.04055383],
       [-0.50000005],
       [ 0.00608797],
       [-0.50000006],
       [-0.50000005],
       [-0.49999998],
       [-0.50000003],
       [-0.50000005],
       [-0.50000009],
       [-0.50000001],
       [-0.50000008]])
array([[-33.03620898],
       [-34.19230859],
       [-31.09848703],
       [-33.24120409],
       [-33.91433525],
       [-33.26481144],
       [-33.34860315],
       [-33.89312747],
       [-29.90316174],
       [-31.62588326],
       [-33.29904283],
       [-29.80945644],
       [-32.01029405],
       [-33.83764366],
       [-33.73395531],
       [-33.67792462],
       [ -1.12116344],
       [-33.23745161],
       [ -0.41657931],
       [-33.80426398],
       [ -1.7071452 ],
       [-33.79522759],
       [ -1.10555642],
       [-33.36908139],
       [-33.37816965],
       [-34.47534219],
       [-33.71046915],
       [ -2.1755828 ],
       [-31.39167293],
       [ -2.95526087],
       [-33.84659025],
       [ -0.46826595],
       [-33.83152033],
       [-33.77470428],
       [-33.42589572],
       [-33.32244492],
       [-34.14586903],
       [-31.57425967],
       [-33.43155346],
       [-33.82359851]])
<<<<<<<<<<< STEP 11 >>>>>>>>>>>> + array([[-0.5000001 ],
       [-0.50000005],
       [-0.50000032],
       [-0.49999999],
       [-0.50000003],
       [-0.50000002],
       [-0.49999999],
       [-0.50000004],
       [-0.50000056],
       [-0.50000014],
       [-0.5       ],
       [-0.50000052],
       [-0.5000001 ],
       [-0.50000004],
       [-0.50000004],
       [-0.50000006],
       [-0.00408682],
       [-0.49999999],
       [ 0.00315901],
       [-0.50000005],
       [-0.01273876],
       [-0.50000002],
       [ 0.00311372],
       [-0.50000001],
       [-0.49999999],
       [-0.5       ],
       [-0.50000001],
       [-0.02855786],
       [-0.50000003],
       [-0.04184465],
       [-0.50000004],
       [ 0.00612733],
       [-0.50000005],
       [-0.50000004],
       [-0.49999998],
       [-0.50000003],
       [-0.50000004],
       [-0.50000007],
       [-0.50000001],
       [-0.50000006]])
array([[-33.53620908],
       [-34.69230864],
       [-31.59848735],
       [-33.74120408],
       [-34.41433527],
       [-33.76481146],
       [-33.84860314],
       [-34.39312751],
       [-30.4031623 ],
       [-32.1258834 ],
       [-33.79904283],
       [-30.30945696],
       [-32.51029416],
       [-34.3376437 ],
       [-34.23395535],
       [-34.17792468],
       [ -1.12525027],
       [-33.7374516 ],
       [ -0.4134203 ],
       [-34.30426402],
       [ -1.71988395],
       [-34.29522762],
       [ -1.1024427 ],
       [-33.8690814 ],
       [-33.87816965],
       [-34.97534219],
       [-34.21046916],
       [ -2.20414066],
       [-31.89167296],
       [ -2.99710552],
       [-34.34659029],
       [ -0.46213862],
       [-34.33152038],
       [-34.27470432],
       [-33.9258957 ],
       [-33.82244495],
       [-34.64586907],
       [-32.07425974],
       [-33.93155347],
       [-34.32359857]])
<<<<<<<<<<< STEP 12 >>>>>>>>>>>> + array([[-0.50000008],
       [-0.50000004],
       [-0.50000025],
       [-0.49999999],
       [-0.50000002],
       [-0.50000001],
       [-0.49999999],
       [-0.50000003],
       [-0.50000044],
       [-0.50000011],
       [-0.5       ],
       [-0.50000041],
       [-0.50000008],
       [-0.50000003],
       [-0.50000003],
       [-0.50000005],
       [-0.00414112],
       [-0.49999999],
       [ 0.00316172],
       [-0.50000004],
       [-0.0131695 ],
       [-0.50000002],
       [ 0.00306416],
       [-0.50000001],
       [-0.49999999],
       [-0.5       ],
       [-0.5       ],
       [-0.02929768],
       [-0.50000002],
       [-0.04322099],
       [-0.50000003],
       [ 0.00616864],
       [-0.50000004],
       [-0.50000003],
       [-0.49999999],
       [-0.50000002],
       [-0.50000003],
       [-0.50000006],
       [-0.5       ],
       [-0.50000005]])
array([[-34.03620916],
       [-35.19230869],
       [-32.0984876 ],
       [-34.24120408],
       [-34.9143353 ],
       [-34.26481147],
       [-34.34860314],
       [-34.89312755],
       [-30.90316274],
       [-32.62588351],
       [-34.29904284],
       [-30.80945737],
       [-33.01029424],
       [-34.83764373],
       [-34.73395538],
       [-34.67792472],
       [ -1.12939139],
       [-34.2374516 ],
       [ -0.41025858],
       [-34.80426406],
       [ -1.73305345],
       [-34.79522764],
       [ -1.09937854],
       [-34.36908141],
       [-34.37816964],
       [-35.47534219],
       [-34.71046916],
       [ -2.23343834],
       [-32.39167299],
       [ -3.04032651],
       [-34.84659031],
       [ -0.45596999],
       [-34.83152042],
       [-34.77470435],
       [-34.42589569],
       [-34.32244497],
       [-35.1458691 ],
       [-32.5742598 ],
       [-34.43155347],
       [-34.82359862]])
<<<<<<<<<<< STEP 13 >>>>>>>>>>>> + array([[-0.50000006],
       [-0.50000003],
       [-0.5000002 ],
       [-0.5       ],
       [-0.50000002],
       [-0.50000001],
       [-0.5       ],
       [-0.50000003],
       [-0.50000035],
       [-0.50000009],
       [-0.5       ],
       [-0.50000032],
       [-0.50000007],
       [-0.50000002],
       [-0.50000002],
       [-0.50000004],
       [-0.00419746],
       [-0.5       ],
       [ 0.00316482],
       [-0.50000003],
       [-0.01362021],
       [-0.50000001],
       [ 0.00301344],
       [-0.50000001],
       [-0.5       ],
       [-0.5       ],
       [-0.5       ],
       [-0.03007615],
       [-0.50000002],
       [-0.04469154],
       [-0.50000002],
       [ 0.00621201],
       [-0.50000003],
       [-0.50000002],
       [-0.49999999],
       [-0.50000002],
       [-0.50000003],
       [-0.50000004],
       [-0.5       ],
       [-0.50000004]])
array([[-34.53620922],
       [-35.69230872],
       [-32.59848779],
       [-34.74120407],
       [-35.41433531],
       [-34.76481148],
       [-34.84860314],
       [-35.39312757],
       [-31.40316308],
       [-33.12588359],
       [-34.79904284],
       [-31.3094577 ],
       [-33.5102943 ],
       [-35.33764375],
       [-35.2339554 ],
       [-35.17792476],
       [ -1.13358886],
       [-34.73745159],
       [ -0.40709375],
       [-35.30426409],
       [ -1.74667366],
       [-35.29522765],
       [ -1.0963651 ],
       [-34.86908141],
       [-34.87816964],
       [-35.97534219],
       [-35.21046917],
       [ -2.26351449],
       [-32.891673  ],
       [ -3.08501805],
       [-35.34659034],
       [ -0.44975797],
       [-35.33152045],
       [-35.27470437],
       [-34.92589568],
       [-34.82244498],
       [-35.64586913],
       [-33.07425984],
       [-34.93155347],
       [-35.32359866]])
<<<<<<<<<<< STEP 14 >>>>>>>>>>>> + array([[-0.50000005],
       [-0.50000003],
       [-0.50000015],
       [-0.5       ],
       [-0.50000001],
       [-0.50000001],
       [-0.5       ],
       [-0.50000002],
       [-0.50000027],
       [-0.50000007],
       [-0.5       ],
       [-0.50000025],
       [-0.50000005],
       [-0.50000002],
       [-0.50000002],
       [-0.50000003],
       [-0.00425596],
       [-0.5       ],
       [ 0.00316834],
       [-0.50000002],
       [-0.0140922 ],
       [-0.50000001],
       [ 0.00296147],
       [-0.5       ],
       [-0.5       ],
       [-0.5       ],
       [-0.5       ],
       [-0.03089612],
       [-0.50000001],
       [-0.04626625],
       [-0.50000002],
       [ 0.00625756],
       [-0.50000002],
       [-0.50000002],
       [-0.49999999],
       [-0.50000001],
       [-0.50000002],
       [-0.50000004],
       [-0.5       ],
       [-0.50000003]])
array([[-35.03620927],
       [-36.19230875],
       [-33.09848795],
       [-35.24120407],
       [-35.91433533],
       [-35.26481149],
       [-35.34860313],
       [-35.8931276 ],
       [-31.90316335],
       [-33.62588366],
       [-35.29904284],
       [-31.80945795],
       [-34.01029436],
       [-35.83764377],
       [-35.73395542],
       [-35.67792479],
       [ -1.13784481],
       [-35.23745159],
       [ -0.40392542],
       [-35.80426411],
       [ -1.76076586],
       [-35.79522766],
       [ -1.09340364],
       [-35.36908142],
       [-35.37816963],
       [-36.47534219],
       [-35.71046917],
       [ -2.29441061],
       [-33.39167302],
       [ -3.1312843 ],
       [-35.84659035],
       [ -0.44350041],
       [-35.83152048],
       [-35.77470439],
       [-35.42589568],
       [-35.32244499],
       [-36.14586915],
       [-33.57425988],
       [-35.43155348],
       [-35.82359869]])
<<<<<<<<<<< STEP 15 >>>>>>>>>>>> + array([[-0.50000004],
       [-0.50000002],
       [-0.50000012],
       [-0.5       ],
       [-0.50000001],
       [-0.50000001],
       [-0.5       ],
       [-0.50000002],
       [-0.50000021],
       [-0.50000005],
       [-0.5       ],
       [-0.5000002 ],
       [-0.50000004],
       [-0.50000001],
       [-0.50000002],
       [-0.50000002],
       [-0.00431672],
       [-0.5       ],
       [ 0.00317229],
       [-0.50000002],
       [-0.01458688],
       [-0.50000001],
       [ 0.00290817],
       [-0.5       ],
       [-0.5       ],
       [-0.5       ],
       [-0.5       ],
       [-0.03176068],
       [-0.50000001],
       [-0.04795646],
       [-0.50000001],
       [ 0.0063054 ],
       [-0.50000002],
       [-0.50000002],
       [-0.49999999],
       [-0.50000001],
       [-0.50000002],
       [-0.50000003],
       [-0.5       ],
       [-0.50000002]])
array([[-35.53620931],
       [-36.69230877],
       [-33.59848807],
       [-35.74120407],
       [-36.41433534],
       [-35.76481149],
       [-35.84860313],
       [-36.39312761],
       [-32.40316357],
       [-34.12588372],
       [-35.79904284],
       [-32.30945815],
       [-34.5102944 ],
       [-36.33764379],
       [-36.23395544],
       [-36.17792481],
       [ -1.14216153],
       [-35.73745159],
       [ -0.40075313],
       [-36.30426413],
       [ -1.77535274],
       [-36.29522767],
       [ -1.09049546],
       [-35.86908142],
       [-35.87816963],
       [-36.97534219],
       [-36.21046917],
       [ -2.32617129],
       [-33.89167303],
       [ -3.17924076],
       [-36.34659037],
       [ -0.43719501],
       [-36.3315205 ],
       [-36.27470441],
       [-35.92589567],
       [-35.822445  ],
       [-36.64586917],
       [-34.07425991],
       [-35.93155348],
       [-36.32359871]])
<<<<<<<<<<< STEP 16 >>>>>>>>>>>> + array([[-0.50000003],
       [-0.50000002],
       [-0.50000009],
       [-0.5       ],
       [-0.50000001],
       [-0.5       ],
       [-0.5       ],
       [-0.50000001],
       [-0.50000017],
       [-0.50000004],
       [-0.5       ],
       [-0.50000016],
       [-0.50000003],
       [-0.50000001],
       [-0.50000001],
       [-0.50000002],
       [-0.00437989],
       [-0.5       ],
       [ 0.0031767 ],
       [-0.50000001],
       [-0.01510578],
       [-0.50000001],
       [ 0.00285345],
       [-0.5       ],
       [-0.5       ],
       [-0.5       ],
       [-0.5       ],
       [-0.03267322],
       [-0.50000001],
       [-0.04977523],
       [-0.50000001],
       [ 0.00635567],
       [-0.50000002],
       [-0.50000001],
       [-0.5       ],
       [-0.50000001],
       [-0.50000001],
       [-0.50000002],
       [-0.5       ],
       [-0.50000002]])
array([[-36.03620934],
       [-37.19230879],
       [-34.09848816],
       [-36.24120407],
       [-36.91433535],
       [-36.2648115 ],
       [-36.34860313],
       [-36.89312763],
       [-32.90316373],
       [-34.62588376],
       [-36.29904285],
       [-32.80945831],
       [-35.01029443],
       [-36.8376438 ],
       [-36.73395545],
       [-36.67792483],
       [ -1.14654141],
       [-36.23745159],
       [ -0.39757643],
       [-36.80426414],
       [ -1.79045853],
       [-36.79522768],
       [ -1.08764201],
       [-36.36908142],
       [-36.37816963],
       [-37.47534219],
       [-36.71046917],
       [ -2.35884452],
       [-34.39167304],
       [ -3.22901599],
       [-36.84659038],
       [ -0.43083934],
       [-36.83152051],
       [-36.77470442],
       [-36.42589566],
       [-36.32244501],
       [-37.14586918],
       [-34.57425993],
       [-36.43155348],
       [-36.82359873]])
<<<<<<<<<<< STEP 17 >>>>>>>>>>>> + array([[-0.50000002],
       [-0.50000001],
       [-0.50000007],
       [-0.5       ],
       [-0.50000001],
       [-0.5       ],
       [-0.5       ],
       [-0.50000001],
       [-0.50000013],
       [-0.50000003],
       [-0.5       ],
       [-0.50000012],
       [-0.50000003],
       [-0.50000001],
       [-0.50000001],
       [-0.50000001],
       [-0.00444559],
       [-0.5       ],
       [ 0.00318162],
       [-0.50000001],
       [-0.01565052],
       [-0.50000001],
       [ 0.00279721],
       [-0.5       ],
       [-0.5       ],
       [-0.5       ],
       [-0.5       ],
       [-0.03363743],
       [-0.50000001],
       [-0.05173763],
       [-0.50000001],
       [ 0.00640848],
       [-0.50000001],
       [-0.50000001],
       [-0.5       ],
       [-0.50000001],
       [-0.50000001],
       [-0.50000002],
       [-0.5       ],
       [-0.50000002]])
array([[-36.53620936],
       [-37.6923088 ],
       [-34.59848824],
       [-36.74120407],
       [-37.41433536],
       [-36.7648115 ],
       [-36.84860313],
       [-37.39312764],
       [-33.40316386],
       [-35.12588379],
       [-36.79904285],
       [-33.30945843],
       [-35.51029446],
       [-37.33764381],
       [-37.23395546],
       [-37.17792484],
       [ -1.150987  ],
       [-36.73745158],
       [ -0.39439481],
       [-37.30426415],
       [ -1.80610904],
       [-37.29522768],
       [ -1.0848448 ],
       [-36.86908143],
       [-36.87816963],
       [-37.97534219],
       [-37.21046917],
       [ -2.39248194],
       [-34.89167304],
       [ -3.28075363],
       [-37.34659039],
       [ -0.42443086],
       [-37.33152053],
       [-37.27470443],
       [-36.92589566],
       [-36.82244502],
       [-37.64586919],
       [-35.07425995],
       [-36.93155348],
       [-37.32359875]])
<<<<<<<<<<< STEP 18 >>>>>>>>>>>> + array([[-0.50000002],
       [-0.50000001],
       [-0.50000006],
       [-0.5       ],
       [-0.50000001],
       [-0.5       ],
       [-0.5       ],
       [-0.50000001],
       [-0.5000001 ],
       [-0.50000003],
       [-0.5       ],
       [-0.5000001 ],
       [-0.50000002],
       [-0.50000001],
       [-0.50000001],
       [-0.50000001],
       [-0.00451397],
       [-0.5       ],
       [ 0.00318707],
       [-0.50000001],
       [-0.01622282],
       [-0.5       ],
       [ 0.00273934],
       [-0.5       ],
       [-0.5       ],
       [-0.5       ],
       [-0.5       ],
       [-0.0346573 ],
       [-0.5       ],
       [-0.05386113],
       [-0.50000001],
       [ 0.00646398],
       [-0.50000001],
       [-0.50000001],
       [-0.5       ],
       [-0.5       ],
       [-0.50000001],
       [-0.50000001],
       [-0.5       ],
       [-0.50000001]])
array([[-37.03620938],
       [-38.19230881],
       [-35.0984883 ],
       [-37.24120406],
       [-37.91433536],
       [-37.2648115 ],
       [-37.34860313],
       [-37.89312765],
       [-33.90316397],
       [-35.62588382],
       [-37.29904285],
       [-33.80945853],
       [-36.01029448],
       [-37.83764381],
       [-37.73395546],
       [-37.67792485],
       [ -1.15550098],
       [-37.23745158],
       [ -0.39120774],
       [-37.80426416],
       [ -1.82233186],
       [-37.79522769],
       [ -1.08210546],
       [-37.36908143],
       [-37.37816963],
       [-38.47534219],
       [-37.71046917],
       [ -2.42713925],
       [-35.39167305],
       [ -3.33461475],
       [-37.8465904 ],
       [ -0.41796688],
       [-37.83152054],
       [-37.77470444],
       [-37.42589566],
       [-37.32244502],
       [-38.1458692 ],
       [-35.57425996],
       [-37.43155349],
       [-37.82359876]])
<<<<<<<<<<< STEP 19 >>>>>>>>>>>> + array([[-0.50000001],
       [-0.50000001],
       [-0.50000005],
       [-0.5       ],
       [-0.5       ],
       [-0.5       ],
       [-0.5       ],
       [-0.50000001],
       [-0.50000008],
       [-0.50000002],
       [-0.5       ],
       [-0.50000008],
       [-0.50000002],
       [-0.50000001],
       [-0.50000001],
       [-0.50000001],
       [-0.00458519],
       [-0.5       ],
       [ 0.0031931 ],
       [-0.50000001],
       [-0.01682452],
       [-0.5       ],
       [ 0.00267972],
       [-0.5       ],
       [-0.5       ],
       [-0.5       ],
       [-0.5       ],
       [-0.03573723],
       [-0.5       ],
       [-0.05616607],
       [-0.50000001],
       [ 0.0065223 ],
       [-0.50000001],
       [-0.50000001],
       [-0.5       ],
       [-0.5       ],
       [-0.50000001],
       [-0.50000001],
       [-0.5       ],
       [-0.50000001]])
array([[-37.5362094 ],
       [-38.69230882],
       [-35.59848834],
       [-37.74120406],
       [-38.41433537],
       [-37.76481151],
       [-37.84860312],
       [-38.39312765],
       [-34.40316405],
       [-36.12588384],
       [-37.79904285],
       [-34.3094586 ],
       [-36.51029449],
       [-38.33764382],
       [-38.23395547],
       [-38.17792486],
       [ -1.16008616],
       [-37.73745158],
       [ -0.38801464],
       [-38.30426417],
       [ -1.83915637],
       [-38.29522769],
       [ -1.07942574],
       [-37.86908143],
       [-37.87816963],
       [-38.97534219],
       [-38.21046918],
       [ -2.46287647],
       [-35.89167305],
       [ -3.39078082],
       [-38.3465904 ],
       [ -0.41144458],
       [-38.33152054],
       [-38.27470444],
       [-37.92589566],
       [-37.82244503],
       [-38.6458692 ],
       [-36.07425997],
       [-37.93155349],
       [-38.32359877]])
<<<<<<<<<<< STEP 20 >>>>>>>>>>>> + array([[-0.50000001],
       [-0.50000001],
       [-0.50000004],
       [-0.5       ],
       [-0.5       ],
       [-0.5       ],
       [-0.5       ],
       [-0.50000001],
       [-0.50000006],
       [-0.50000002],
       [-0.5       ],
       [-0.50000006],
       [-0.50000001],
       [-0.5       ],
       [-0.5       ],
       [-0.50000001],
       [-0.00465938],
       [-0.5       ],
       [ 0.00319976],
       [-0.50000001],
       [-0.01745754],
       [-0.5       ],
       [ 0.00261822],
       [-0.5       ],
       [-0.5       ],
       [-0.5       ],
       [-0.5       ],
       [-0.03688193],
       [-0.5       ],
       [-0.05867629],
       [-0.5       ],
       [ 0.0065836 ],
       [-0.50000001],
       [-0.5       ],
       [-0.5       ],
       [-0.5       ],
       [-0.5       ],
       [-0.50000001],
       [-0.5       ],
       [-0.50000001]])
array([[-38.03620941],
       [-39.19230882],
       [-36.09848838],
       [-38.24120406],
       [-38.91433537],
       [-38.26481151],
       [-38.34860312],
       [-38.89312766],
       [-34.90316411],
       [-36.62588386],
       [-38.29904285],
       [-34.80945866],
       [-37.0102945 ],
       [-38.83764382],
       [-38.73395548],
       [-38.67792487],
       [ -1.16474554],
       [-38.23745158],
       [ -0.38481488],
       [-38.80426418],
       [ -1.85661391],
       [-38.79522769],
       [ -1.07680752],
       [-38.36908143],
       [-38.37816962],
       [-39.47534219],
       [-38.71046918],
       [ -2.4997584 ],
       [-36.39167305],
       [ -3.44945711],
       [-38.84659041],
       [ -0.40486098],
       [-38.83152055],
       [-38.77470445],
       [-38.42589565],
       [-38.32244503],
       [-39.14586921],
       [-36.57425998],
       [-38.43155349],
       [-38.82359878]])
<<<<<<<<<<< STEP 21 >>>>>>>>>>>> + array([[-0.50000001],
       [-0.50000001],
       [-0.50000003],
       [-0.5       ],
       [-0.5       ],
       [-0.5       ],
       [-0.5       ],
       [-0.5       ],
       [-0.50000005],
       [-0.50000001],
       [-0.5       ],
       [-0.50000005],
       [-0.50000001],
       [-0.5       ],
       [-0.5       ],
       [-0.50000001],
       [-0.00473672],
       [-0.5       ],
       [ 0.00320709],
       [-0.5       ],
       [-0.01812389],
       [-0.5       ],
       [ 0.00255471],
       [-0.5       ],
       [-0.5       ],
       [-0.5       ],
       [-0.5       ],
       [-0.03809654],
       [-0.5       ],
       [-0.06141987],
       [-0.5       ],
       [ 0.00664801],
       [-0.5       ],
       [-0.5       ],
       [-0.5       ],
       [-0.5       ],
       [-0.5       ],
       [-0.50000001],
       [-0.5       ],
       [-0.50000001]])
array([[-38.53620942],
       [-39.69230883],
       [-36.59848841],
       [-38.74120406],
       [-39.41433537],
       [-38.76481151],
       [-38.84860312],
       [-39.39312766],
       [-35.40316416],
       [-37.12588388],
       [-38.79904285],
       [-35.30945871],
       [-37.51029451],
       [-39.33764383],
       [-39.23395548],
       [-39.17792487],
       [ -1.16948226],
       [-38.73745158],
       [ -0.38160778],
       [-39.30426418],
       [ -1.87473781],
       [-39.29522769],
       [ -1.07425282],
       [-38.86908143],
       [-38.87816962],
       [-39.97534219],
       [-39.21046918],
       [ -2.53785494],
       [-36.89167305],
       [ -3.51087698],
       [-39.34659041],
       [ -0.39821297],
       [-39.33152055],
       [-39.27470445],
       [-38.92589565],
       [-38.82244503],
       [-39.64586921],
       [-37.07425999],
       [-38.93155349],
       [-39.32359878]])
<<<<<<<<<<< STEP 22 >>>>>>>>>>>> + array([[-0.50000001],
       [-0.5       ],
       [-0.50000002],
       [-0.5       ],
       [-0.5       ],
       [-0.5       ],
       [-0.5       ],
       [-0.5       ],
       [-0.50000004],
       [-0.50000001],
       [-0.5       ],
       [-0.50000004],
       [-0.50000001],
       [-0.5       ],
       [-0.5       ],
       [-0.5       ],
       [-0.00481735],
       [-0.5       ],
       [ 0.00321517],
       [-0.5       ],
       [-0.01882564],
       [-0.5       ],
       [ 0.00248903],
       [-0.5       ],
       [-0.5       ],
       [-0.5       ],
       [-0.5       ],
       [-0.03938659],
       [-0.5       ],
       [-0.06443006],
       [-0.5       ],
       [ 0.00671569],
       [-0.5       ],
       [-0.5       ],
       [-0.5       ],
       [-0.5       ],
       [-0.5       ],
       [-0.50000001],
       [-0.5       ],
       [-0.5       ]])
array([[-39.03620943],
       [-40.19230883],
       [-37.09848843],
       [-39.24120406],
       [-39.91433537],
       [-39.26481151],
       [-39.34860312],
       [-39.89312767],
       [-35.9031642 ],
       [-37.62588389],
       [-39.29904285],
       [-35.80945875],
       [-38.01029452],
       [-39.83764383],
       [-39.73395548],
       [-39.67792488],
       [ -1.17429961],
       [-39.23745158],
       [ -0.37839261],
       [-39.80426418],
       [ -1.89356344],
       [-39.7952277 ],
       [ -1.07176378],
       [-39.36908143],
       [-39.37816962],
       [-40.47534219],
       [-39.71046918],
       [ -2.57724152],
       [-37.39167305],
       [ -3.57530704],
       [-39.84659041],
       [ -0.39149729],
       [-39.83152056],
       [-39.77470446],
       [-39.42589565],
       [-39.32244503],
       [-40.14586921],
       [-37.57425999],
       [-39.43155349],
       [-39.82359879]])
<<<<<<<<<<< STEP 23 >>>>>>>>>>>> + array([[-0.50000001],
       [-0.5       ],
       [-0.50000002],
       [-0.5       ],
       [-0.5       ],
       [-0.5       ],
       [-0.5       ],
       [-0.5       ],
       [-0.50000003],
       [-0.50000001],
       [-0.5       ],
       [-0.50000003],
       [-0.50000001],
       [-0.5       ],
       [-0.5       ],
       [-0.5       ],
       [-0.00490144],
       [-0.5       ],
       [ 0.00322406],
       [-0.5       ],
       [-0.01956484],
       [-0.5       ],
       [ 0.00242104],
       [-0.5       ],
       [-0.5       ],
       [-0.5       ],
       [-0.5       ],
       [-0.04075799],
       [-0.5       ],
       [-0.0677465 ],
       [-0.5       ],
       [ 0.00678676],
       [-0.5       ],
       [-0.5       ],
       [-0.5       ],
       [-0.5       ],
       [-0.5       ],
       [-0.5       ],
       [-0.5       ],
       [-0.5       ]])
array([[-39.53620943],
       [-40.69230884],
       [-37.59848845],
       [-39.74120406],
       [-40.41433538],
       [-39.76481151],
       [-39.84860312],
       [-40.39312767],
       [-36.40316423],
       [-38.1258839 ],
       [-39.79904285],
       [-36.30945878],
       [-38.51029453],
       [-40.33764383],
       [-40.23395548],
       [-40.17792488],
       [ -1.17920105],
       [-39.73745158],
       [ -0.37516855],
       [-40.30426419],
       [ -1.91312828],
       [-40.2952277 ],
       [ -1.06934274],
       [-39.86908143],
       [-39.87816962],
       [-40.97534219],
       [-40.21046918],
       [ -2.61799952],
       [-37.89167306],
       [ -3.64305354],
       [-40.34659041],
       [ -0.38471053],
       [-40.33152056],
       [-40.27470446],
       [-39.92589565],
       [-39.82244503],
       [-40.64586922],
       [-38.07426   ],
       [-39.93155349],
       [-40.32359879]])
<<<<<<<<<<< STEP 24 >>>>>>>>>>>> + array([[-0.5       ],
       [-0.5       ],
       [-0.50000001],
       [-0.5       ],
       [-0.5       ],
       [-0.5       ],
       [-0.5       ],
       [-0.5       ],
       [-0.50000002],
       [-0.50000001],
       [-0.5       ],
       [-0.50000002],
       [-0.50000001],
       [-0.5       ],
       [-0.5       ],
       [-0.5       ],
       [-0.00498912],
       [-0.5       ],
       [ 0.00323384],
       [-0.5       ],
       [-0.02034353],
       [-0.5       ],
       [ 0.00235056],
       [-0.5       ],
       [-0.5       ],
       [-0.5       ],
       [-0.5       ],
       [-0.04221703],
       [-0.5       ],
       [-0.07141671],
       [-0.5       ],
       [ 0.00686134],
       [-0.5       ],
       [-0.5       ],
       [-0.5       ],
       [-0.5       ],
       [-0.5       ],
       [-0.5       ],
       [-0.5       ],
       [-0.5       ]])
array([[-40.03620944],
       [-41.19230884],
       [-38.09848846],
       [-40.24120406],
       [-40.91433538],
       [-40.26481151],
       [-40.34860312],
       [-40.89312767],
       [-36.90316426],
       [-38.6258839 ],
       [-40.29904285],
       [-36.8094588 ],
       [-39.01029453],
       [-40.83764384],
       [-40.73395549],
       [-40.67792488],
       [ -1.18419018],
       [-40.23745158],
       [ -0.37193471],
       [-40.80426419],
       [ -1.93347182],
       [-40.7952277 ],
       [ -1.06699218],
       [-40.36908143],
       [-40.37816962],
       [-41.47534219],
       [-40.71046918],
       [ -2.66021655],
       [-38.39167306],
       [ -3.71447025],
       [-40.84659042],
       [ -0.37784919],
       [-40.83152056],
       [-40.77470446],
       [-40.42589565],
       [-40.32244504],
       [-41.14586922],
       [-38.57426   ],
       [-40.43155349],
       [-40.8235988 ]])
<<<<<<<<<<< STEP 25 >>>>>>>>>>>> + array([[-0.5       ],
       [-0.5       ],
       [-0.50000001],
       [-0.5       ],
       [-0.5       ],
       [-0.5       ],
       [-0.5       ],
       [-0.5       ],
       [-0.50000002],
       [-0.50000001],
       [-0.5       ],
       [-0.50000002],
       [-0.5       ],
       [-0.5       ],
       [-0.5       ],
       [-0.5       ],
       [-0.00508052],
       [-0.5       ],
       [ 0.00324462],
       [-0.5       ],
       [-0.02116357],
       [-0.5       ],
       [ 0.00227743],
       [-0.5       ],
       [-0.5       ],
       [-0.5       ],
       [-0.5       ],
       [-0.04377028],
       [-0.5       ],
       [-0.07549804],
       [-0.5       ],
       [ 0.00693954],
       [-0.5       ],
       [-0.5       ],
       [-0.5       ],
       [-0.5       ],
       [-0.5       ],
       [-0.5       ],
       [-0.5       ],
       [-0.5       ]])
array([[-40.53620944],
       [-41.69230884],
       [-38.59848847],
       [-40.74120406],
       [-41.41433538],
       [-40.76481151],
       [-40.84860312],
       [-41.39312767],
       [-37.40316428],
       [-39.12588391],
       [-40.79904285],
       [-37.30945882],
       [-39.51029454],
       [-41.33764384],
       [-41.23395549],
       [-41.17792489],
       [ -1.1892707 ],
       [-40.73745158],
       [ -0.3686901 ],
       [-41.30426419],
       [ -1.95463539],
       [-41.2952277 ],
       [ -1.06471475],
       [-40.86908143],
       [-40.87816962],
       [-41.97534219],
       [-41.21046918],
       [ -2.70398682],
       [-38.89167306],
       [ -3.78996829],
       [-41.34659042],
       [ -0.37090965],
       [-41.33152057],
       [-41.27470446],
       [-40.92589565],
       [-40.82244504],
       [-41.64586922],
       [-39.07426   ],
       [-40.93155349],
       [-41.3235988 ]])
<<<<<<<<<<< STEP 26 >>>>>>>>>>>> + array([[-0.5       ],
       [-0.5       ],
       [-0.50000001],
       [-0.5       ],
       [-0.5       ],
       [-0.5       ],
       [-0.5       ],
       [-0.5       ],
       [-0.50000002],
       [-0.5       ],
       [-0.5       ],
       [-0.50000001],
       [-0.5       ],
       [-0.5       ],
       [-0.5       ],
       [-0.5       ],
       [-0.00517573],
       [-0.5       ],
       [ 0.0032565 ],
       [-0.5       ],
       [-0.02202653],
       [-0.5       ],
       [ 0.00220144],
       [-0.5       ],
       [-0.5       ],
       [-0.5       ],
       [-0.5       ],
       [-0.04542449],
       [-0.5       ],
       [-0.08006014],
       [-0.5       ],
       [ 0.00702141],
       [-0.5       ],
       [-0.5       ],
       [-0.5       ],
       [-0.5       ],
       [-0.5       ],
       [-0.5       ],
       [-0.5       ],
       [-0.5       ]])
array([[-41.03620944],
       [-42.19230884],
       [-39.09848848],
       [-41.24120406],
       [-41.91433538],
       [-41.26481151],
       [-41.34860312],
       [-41.89312767],
       [-37.90316429],
       [-39.62588391],
       [-41.29904285],
       [-37.80945883],
       [-40.01029454],
       [-41.83764384],
       [-41.73395549],
       [-41.67792489],
       [ -1.19444643],
       [-41.23745158],
       [ -0.3654336 ],
       [-41.80426419],
       [ -1.97666192],
       [-41.7952277 ],
       [ -1.06251331],
       [-41.36908143],
       [-41.37816962],
       [-42.47534219],
       [-41.71046918],
       [ -2.74941132],
       [-39.39167306],
       [ -3.87002842],
       [-41.84659042],
       [ -0.36388824],
       [-41.83152057],
       [-41.77470446],
       [-41.42589565],
       [-41.32244504],
       [-42.14586922],
       [-39.57426   ],
       [-41.43155349],
       [-41.8235988 ]])
<<<<<<<<<<< STEP 27 >>>>>>>>>>>> + array([[-0.5       ],
       [-0.5       ],
       [-0.50000001],
       [-0.5       ],
       [-0.5       ],
       [-0.5       ],
       [-0.5       ],
       [-0.5       ],
       [-0.50000001],
       [-0.5       ],
       [-0.5       ],
       [-0.50000001],
       [-0.5       ],
       [-0.5       ],
       [-0.5       ],
       [-0.5       ],
       [-0.00527479],
       [-0.5       ],
       [ 0.00326963],
       [-0.5       ],
       [-0.02293347],
       [-0.5       ],
       [ 0.00212242],
       [-0.5       ],
       [-0.5       ],
       [-0.5       ],
       [-0.5       ],
       [-0.0471864 ],
       [-0.5       ],
       [-0.08518819],
       [-0.5       ],
       [ 0.00710694],
       [-0.5       ],
       [-0.5       ],
       [-0.5       ],
       [-0.5       ],
       [-0.5       ],
       [-0.5       ],
       [-0.5       ],
       [-0.5       ]])
array([[-41.53620945],
       [-42.69230884],
       [-39.59848849],
       [-41.74120406],
       [-42.41433538],
       [-41.76481151],
       [-41.84860312],
       [-42.39312768],
       [-38.4031643 ],
       [-40.12588392],
       [-41.79904285],
       [-38.30945884],
       [-40.51029454],
       [-42.33764384],
       [-42.23395549],
       [-42.17792489],
       [ -1.19972122],
       [-41.73745158],
       [ -0.36216397],
       [-42.30426419],
       [ -1.99959539],
       [-42.2952277 ],
       [ -1.06039089],
       [-41.86908143],
       [-41.87816962],
       [-42.97534219],
       [-42.21046918],
       [ -2.79659771],
       [-39.89167306],
       [ -3.95521661],
       [-42.34659042],
       [ -0.3567813 ],
       [-42.33152057],
       [-42.27470446],
       [-41.92589565],
       [-41.82244504],
       [-42.64586922],
       [-40.07426   ],
       [-41.93155349],
       [-42.3235988 ]])
<<<<<<<<<<< STEP 28 >>>>>>>>>>>> + array([[-0.5       ],
       [-0.5       ],
       [-0.50000001],
       [-0.5       ],
       [-0.5       ],
       [-0.5       ],
       [-0.5       ],
       [-0.5       ],
       [-0.50000001],
       [-0.5       ],
       [-0.5       ],
       [-0.50000001],
       [-0.5       ],
       [-0.5       ],
       [-0.5       ],
       [-0.5       ],
       [-0.00537765],
       [-0.5       ],
       [ 0.00328418],
       [-0.5       ],
       [-0.02388464],
       [-0.5       ],
       [ 0.00204018],
       [-0.5       ],
       [-0.5       ],
       [-0.5       ],
       [-0.5       ],
       [-0.04906239],
       [-0.5       ],
       [-0.09098701],
       [-0.5       ],
       [ 0.00719604],
       [-0.5       ],
       [-0.5       ],
       [-0.5       ],
       [-0.5       ],
       [-0.5       ],
       [-0.5       ],
       [-0.5       ],
       [-0.5       ]])
array([[-42.03620945],
       [-43.19230884],
       [-40.09848849],
       [-42.24120406],
       [-42.91433538],
       [-42.26481151],
       [-42.34860312],
       [-42.89312768],
       [-38.90316431],
       [-40.62588392],
       [-42.29904285],
       [-38.80945885],
       [-41.01029455],
       [-42.83764384],
       [-42.73395549],
       [-42.67792489],
       [ -1.20509887],
       [-42.23745158],
       [ -0.35887979],
       [-42.80426419],
       [ -2.02348003],
       [-42.7952277 ],
       [ -1.05835071],
       [-42.36908144],
       [-42.37816962],
       [-43.47534219],
       [-42.71046918],
       [ -2.8456601 ],
       [-40.39167306],
       [ -4.04620362],
       [-42.84659042],
       [ -0.34958526],
       [-42.83152057],
       [-42.77470446],
       [-42.42589565],
       [-42.32244504],
       [-43.14586922],
       [-40.57426001],
       [-42.43155349],
       [-42.8235988 ]])
<<<<<<<<<<< STEP 29 >>>>>>>>>>>> + array([[-0.5       ],
       [-0.5       ],
       [-0.5       ],
       [-0.5       ],
       [-0.5       ],
       [-0.5       ],
       [-0.5       ],
       [-0.5       ],
       [-0.50000001],
       [-0.5       ],
       [-0.5       ],
       [-0.50000001],
       [-0.5       ],
       [-0.5       ],
       [-0.5       ],
       [-0.5       ],
       [-0.00548416],
       [-0.5       ],
       [ 0.00330033],
       [-0.5       ],
       [-0.024879  ],
       [-0.5       ],
       [ 0.00195455],
       [-0.5       ],
       [-0.5       ],
       [-0.5       ],
       [-0.5       ],
       [-0.05105801],
       [-0.5       ],
       [-0.09758634],
       [-0.5       ],
       [ 0.00728848],
       [-0.5       ],
       [-0.5       ],
       [-0.5       ],
       [-0.5       ],
       [-0.5       ],
       [-0.5       ],
       [-0.5       ],
       [-0.5       ]])
array([[-42.53620945],
       [-43.69230884],
       [-40.5984885 ],
       [-42.74120406],
       [-43.41433538],
       [-42.76481151],
       [-42.84860312],
       [-43.39312768],
       [-39.40316432],
       [-41.12588392],
       [-42.79904285],
       [-39.30945886],
       [-41.51029455],
       [-43.33764384],
       [-43.23395549],
       [-43.17792489],
       [ -1.21058303],
       [-42.73745158],
       [ -0.35557946],
       [-43.30426419],
       [ -2.04835903],
       [-43.2952277 ],
       [ -1.05639616],
       [-42.86908144],
       [-42.87816962],
       [-43.97534219],
       [-43.21046918],
       [ -2.8967181 ],
       [-40.89167306],
       [ -4.14378995],
       [-43.34659042],
       [ -0.34229678],
       [-43.33152057],
       [-43.27470447],
       [-42.92589565],
       [-42.82244504],
       [-43.64586922],
       [-41.07426001],
       [-42.93155349],
       [-43.3235988 ]])
<<<<<<<<<<< STEP 30 >>>>>>>>>>>> + array([[-0.5       ],
       [-0.5       ],
       [-0.5       ],
       [-0.5       ],
       [-0.5       ],
       [-0.5       ],
       [-0.5       ],
       [-0.5       ],
       [-0.50000001],
       [-0.5       ],
       [-0.5       ],
       [-0.50000001],
       [-0.5       ],
       [-0.5       ],
       [-0.5       ],
       [-0.5       ],
       [-0.00559399],
       [-0.5       ],
       [ 0.00331835],
       [-0.5       ],
       [-0.02591362],
       [-0.5       ],
       [ 0.00186535],
       [-0.5       ],
       [-0.5       ],
       [-0.5       ],
       [-0.5       ],
       [-0.05317721],
       [-0.5       ],
       [-0.10514762],
       [-0.5       ],
       [ 0.00738385],
       [-0.5       ],
       [-0.5       ],
       [-0.5       ],
       [-0.5       ],
       [-0.5       ],
       [-0.5       ],
       [-0.5       ],
       [-0.5       ]])
array([[-43.03620945],
       [-44.19230885],
       [-41.0984885 ],
       [-43.24120406],
       [-43.91433538],
       [-43.26481151],
       [-43.34860312],
       [-43.89312768],
       [-39.90316433],
       [-41.62588392],
       [-43.29904285],
       [-39.80945886],
       [-42.01029455],
       [-43.83764384],
       [-43.73395549],
       [-43.67792489],
       [ -1.21617702],
       [-43.23745158],
       [ -0.3522611 ],
       [-43.8042642 ],
       [ -2.07427265],
       [-43.7952277 ],
       [ -1.05453081],
       [-43.36908144],
       [-43.37816962],
       [-44.47534219],
       [-43.71046918],
       [ -2.94989532],
       [-41.39167306],
       [ -4.24893757],
       [-43.84659042],
       [ -0.33491293],
       [-43.83152057],
       [-43.77470447],
       [-43.42589565],
       [-43.32244504],
       [-44.14586922],
       [-41.57426001],
       [-43.43155349],
       [-43.8235988 ]])
<<<<<<<<<<< STEP 31 >>>>>>>>>>>> + array([[-0.5       ],
       [-0.5       ],
       [-0.5       ],
       [-0.5       ],
       [-0.5       ],
       [-0.5       ],
       [-0.5       ],
       [-0.5       ],
       [-0.5       ],
       [-0.5       ],
       [-0.5       ],
       [-0.5       ],
       [-0.5       ],
       [-0.5       ],
       [-0.5       ],
       [-0.5       ],
       [-0.00570654],
       [-0.5       ],
       [ 0.00333854],
       [-0.5       ],
       [-0.02698271],
       [-0.5       ],
       [ 0.00177248],
       [-0.5       ],
       [-0.5       ],
       [-0.5       ],
       [-0.5       ],
       [-0.05542125],
       [-0.5       ],
       [-0.11387248],
       [-0.5       ],
       [ 0.00748144],
       [-0.5       ],
       [-0.5       ],
       [-0.5       ],
       [-0.5       ],
       [-0.5       ],
       [-0.5       ],
       [-0.5       ],
       [-0.5       ]])
array([[-43.53620945],
       [-44.69230885],
       [-41.5984885 ],
       [-43.74120406],
       [-44.41433538],
       [-43.76481152],
       [-43.84860312],
       [-44.39312768],
       [-40.40316433],
       [-42.12588392],
       [-43.79904285],
       [-40.30945887],
       [-42.51029455],
       [-44.33764384],
       [-44.23395549],
       [-44.17792489],
       [ -1.22188356],
       [-43.73745158],
       [ -0.34892257],
       [-44.3042642 ],
       [ -2.10125536],
       [-44.2952277 ],
       [ -1.05275833],
       [-43.86908144],
       [-43.87816962],
       [-44.97534219],
       [-44.21046918],
       [ -3.00531657],
       [-41.89167306],
       [ -4.36281005],
       [-44.34659042],
       [ -0.32743149],
       [-44.33152057],
       [-44.27470447],
       [-43.92589565],
       [-43.82244504],
       [-44.64586922],
       [-42.07426001],
       [-43.93155349],
       [-44.32359881]])
<<<<<<<<<<< STEP 32 >>>>>>>>>>>> + array([[-0.5       ],
       [-0.5       ],
       [-0.5       ],
       [-0.5       ],
       [-0.5       ],
       [-0.5       ],
       [-0.5       ],
       [-0.5       ],
       [-0.5       ],
       [-0.5       ],
       [-0.5       ],
       [-0.5       ],
       [-0.5       ],
       [-0.5       ],
       [-0.5       ],
       [-0.5       ],
       [-0.00582088],
       [-0.5       ],
       [ 0.00336126],
       [-0.5       ],
       [-0.02807637],
       [-0.5       ],
       [ 0.00167589],
       [-0.5       ],
       [-0.5       ],
       [-0.5       ],
       [-0.5       ],
       [-0.05778704],
       [-0.5       ],
       [-0.12401303],
       [-0.5       ],
       [ 0.00758019],
       [-0.5       ],
       [-0.5       ],
       [-0.5       ],
       [-0.5       ],
       [-0.5       ],
       [-0.5       ],
       [-0.5       ],
       [-0.5       ]])
array([[-44.03620945],
       [-45.19230885],
       [-42.09848851],
       [-44.24120406],
       [-44.91433538],
       [-44.26481152],
       [-44.34860312],
       [-44.89312768],
       [-40.90316433],
       [-42.62588393],
       [-44.29904285],
       [-40.80945887],
       [-43.01029455],
       [-44.83764384],
       [-44.73395549],
       [-44.67792489],
       [ -1.22770444],
       [-44.23745158],
       [ -0.34556131],
       [-44.8042642 ],
       [ -2.12933172],
       [-44.7952277 ],
       [ -1.05108243],
       [-44.36908144],
       [-44.37816962],
       [-45.47534219],
       [-44.71046918],
       [ -3.06310361],
       [-42.39167306],
       [ -4.48682308],
       [-44.84659042],
       [ -0.3198513 ],
       [-44.83152057],
       [-44.77470447],
       [-44.42589565],
       [-44.32244504],
       [-45.14586922],
       [-42.57426001],
       [-44.43155349],
       [-44.82359881]])
<<<<<<<<<<< STEP 33 >>>>>>>>>>>> + array([[-0.5       ],
       [-0.5       ],
       [-0.5       ],
       [-0.5       ],
       [-0.5       ],
       [-0.5       ],
       [-0.5       ],
       [-0.5       ],
       [-0.5       ],
       [-0.5       ],
       [-0.5       ],
       [-0.5       ],
       [-0.5       ],
       [-0.5       ],
       [-0.5       ],
       [-0.5       ],
       [-0.00593556],
       [-0.5       ],
       [ 0.003387  ],
       [-0.5       ],
       [-0.02917875],
       [-0.5       ],
       [ 0.00157565],
       [-0.5       ],
       [-0.5       ],
       [-0.5       ],
       [-0.5       ],
       [-0.06026482],
       [-0.5       ],
       [-0.13588362],
       [-0.5       ],
       [ 0.00767846],
       [-0.5       ],
       [-0.5       ],
       [-0.5       ],
       [-0.5       ],
       [-0.5       ],
       [-0.5       ],
       [-0.5       ],
       [-0.5       ]])
array([[-44.53620945],
       [-45.69230885],
       [-42.59848851],
       [-44.74120406],
       [-45.41433538],
       [-44.76481152],
       [-44.84860312],
       [-45.39312768],
       [-41.40316434],
       [-43.12588393],
       [-44.79904285],
       [-41.30945887],
       [-43.51029455],
       [-45.33764384],
       [-45.23395549],
       [-45.17792489],
       [ -1.23363999],
       [-44.73745158],
       [ -0.34217431],
       [-45.3042642 ],
       [ -2.15851048],
       [-45.2952277 ],
       [ -1.04950678],
       [-44.86908144],
       [-44.87816962],
       [-45.97534219],
       [-45.21046918],
       [ -3.12336843],
       [-42.89167306],
       [ -4.62270669],
       [-45.34659042],
       [ -0.31217284],
       [-45.33152057],
       [-45.27470447],
       [-44.92589565],
       [-44.82244504],
       [-45.64586922],
       [-43.07426001],
       [-44.93155349],
       [-45.32359881]])
<<<<<<<<<<< STEP 34 >>>>>>>>>>>> + array([[-0.5       ],
       [-0.5       ],
       [-0.5       ],
       [-0.5       ],
       [-0.5       ],
       [-0.5       ],
       [-0.5       ],
       [-0.5       ],
       [-0.5       ],
       [-0.5       ],
       [-0.5       ],
       [-0.5       ],
       [-0.5       ],
       [-0.5       ],
       [-0.5       ],
       [-0.5       ],
       [-0.00604841],
       [-0.5       ],
       [ 0.00341633],
       [-0.5       ],
       [-0.03026569],
       [-0.5       ],
       [ 0.00147197],
       [-0.5       ],
       [-0.5       ],
       [-0.5       ],
       [-0.5       ],
       [-0.06283502],
       [-0.5       ],
       [-0.14987246],
       [-0.5       ],
       [ 0.00777389],
       [-0.5       ],
       [-0.5       ],
       [-0.5       ],
       [-0.5       ],
       [-0.5       ],
       [-0.5       ],
       [-0.5       ],
       [-0.5       ]])
array([[-45.03620945],
       [-46.19230885],
       [-43.09848851],
       [-45.24120406],
       [-45.91433538],
       [-45.26481152],
       [-45.34860312],
       [-45.89312768],
       [-41.90316434],
       [-43.62588393],
       [-45.29904285],
       [-41.80945888],
       [-44.01029455],
       [-45.83764384],
       [-45.73395549],
       [-45.67792489],
       [ -1.23968841],
       [-45.23745158],
       [ -0.33875798],
       [-45.8042642 ],
       [ -2.18877617],
       [-45.7952277 ],
       [ -1.04803482],
       [-45.36908144],
       [-45.37816962],
       [-46.47534219],
       [-45.71046918],
       [ -3.18620345],
       [-43.39167306],
       [ -4.77257915],
       [-45.84659042],
       [ -0.30439895],
       [-45.83152057],
       [-45.77470447],
       [-45.42589565],
       [-45.32244504],
       [-46.14586922],
       [-43.57426001],
       [-45.43155349],
       [-45.82359881]])
<<<<<<<<<<< STEP 35 >>>>>>>>>>>> + array([[-0.5       ],
       [-0.5       ],
       [-0.5       ],
       [-0.5       ],
       [-0.5       ],
       [-0.5       ],
       [-0.5       ],
       [-0.5       ],
       [-0.5       ],
       [-0.5       ],
       [-0.5       ],
       [-0.5       ],
       [-0.5       ],
       [-0.5       ],
       [-0.5       ],
       [-0.5       ],
       [-0.00615635],
       [-0.5       ],
       [ 0.00344998],
       [-0.5       ],
       [-0.03130158],
       [-0.5       ],
       [ 0.00136533],
       [-0.5       ],
       [-0.5       ],
       [-0.5       ],
       [-0.5       ],
       [-0.06546412],
       [-0.5       ],
       [-0.16644897],
       [-0.5       ],
       [ 0.00786311],
       [-0.5       ],
       [-0.5       ],
       [-0.5       ],
       [-0.5       ],
       [-0.5       ],
       [-0.5       ],
       [-0.5       ],
       [-0.5       ]])
array([[-45.53620945],
       [-46.69230885],
       [-43.59848851],
       [-45.74120406],
       [-46.41433538],
       [-45.76481152],
       [-45.84860312],
       [-46.39312768],
       [-42.40316434],
       [-44.12588393],
       [-45.79904285],
       [-42.30945888],
       [-44.51029455],
       [-46.33764384],
       [-46.23395549],
       [-46.17792489],
       [ -1.24584476],
       [-45.73745158],
       [ -0.335308  ],
       [-46.3042642 ],
       [ -2.22007774],
       [-46.2952277 ],
       [ -1.04666949],
       [-45.86908144],
       [-45.87816962],
       [-46.97534219],
       [-46.21046918],
       [ -3.25166757],
       [-43.89167306],
       [ -4.93902812],
       [-46.34659042],
       [ -0.29653584],
       [-46.33152057],
       [-46.27470447],
       [-45.92589565],
       [-45.82244504],
       [-46.64586922],
       [-44.07426001],
       [-45.93155349],
       [-46.32359881]])
<<<<<<<<<<< STEP 36 >>>>>>>>>>>> + array([[-0.5       ],
       [-0.5       ],
       [-0.5       ],
       [-0.5       ],
       [-0.5       ],
       [-0.5       ],
       [-0.5       ],
       [-0.5       ],
       [-0.5       ],
       [-0.5       ],
       [-0.5       ],
       [-0.5       ],
       [-0.5       ],
       [-0.5       ],
       [-0.5       ],
       [-0.5       ],
       [-0.00625502],
       [-0.5       ],
       [ 0.00348883],
       [-0.5       ],
       [-0.03223582],
       [-0.5       ],
       [ 0.00125658],
       [-0.5       ],
       [-0.5       ],
       [-0.5       ],
       [-0.5       ],
       [-0.0680998 ],
       [-0.5       ],
       [-0.18615762],
       [-0.5       ],
       [ 0.00794145],
       [-0.5       ],
       [-0.5       ],
       [-0.5       ],
       [-0.5       ],
       [-0.5       ],
       [-0.5       ],
       [-0.5       ],
       [-0.5       ]])
array([[-46.03620945],
       [-47.19230885],
       [-44.09848851],
       [-46.24120406],
       [-46.91433538],
       [-46.26481152],
       [-46.34860312],
       [-46.89312768],
       [-42.90316434],
       [-44.62588393],
       [-46.29904285],
       [-42.80945888],
       [-45.01029455],
       [-46.83764384],
       [-46.73395549],
       [-46.67792489],
       [ -1.25209978],
       [-46.23745158],
       [ -0.33181916],
       [-46.8042642 ],
       [ -2.25231357],
       [-46.7952277 ],
       [ -1.04541291],
       [-46.36908144],
       [-46.37816962],
       [-47.47534219],
       [-46.71046918],
       [ -3.31976737],
       [-44.39167306],
       [ -5.12518574],
       [-46.84659042],
       [ -0.28859439],
       [-46.83152057],
       [-46.77470447],
       [-46.42589565],
       [-46.32244504],
       [-47.14586922],
       [-44.57426001],
       [-46.43155349],
       [-46.82359881]])
<<<<<<<<<<< STEP 37 >>>>>>>>>>>> + array([[-0.5       ],
       [-0.5       ],
       [-0.5       ],
       [-0.5       ],
       [-0.5       ],
       [-0.5       ],
       [-0.5       ],
       [-0.5       ],
       [-0.5       ],
       [-0.5       ],
       [-0.5       ],
       [-0.5       ],
       [-0.5       ],
       [-0.5       ],
       [-0.5       ],
       [-0.5       ],
       [-0.00633859],
       [-0.5       ],
       [ 0.00353391],
       [-0.5       ],
       [-0.03299954],
       [-0.5       ],
       [ 0.00114701],
       [-0.5       ],
       [-0.5       ],
       [-0.5       ],
       [-0.5       ],
       [-0.07066642],
       [-0.5       ],
       [-0.20958003],
       [-0.5       ],
       [ 0.0080027 ],
       [-0.5       ],
       [-0.5       ],
       [-0.5       ],
       [-0.5       ],
       [-0.5       ],
       [-0.5       ],
       [-0.5       ],
       [-0.5       ]])
array([[-46.53620945],
       [-47.69230885],
       [-44.59848851],
       [-46.74120406],
       [-47.41433538],
       [-46.76481152],
       [-46.84860312],
       [-47.39312768],
       [-43.40316434],
       [-45.12588393],
       [-46.79904285],
       [-43.30945888],
       [-45.51029455],
       [-47.33764384],
       [-47.23395549],
       [-47.17792489],
       [ -1.25843837],
       [-46.73745158],
       [ -0.32828525],
       [-47.3042642 ],
       [ -2.28531311],
       [-47.2952277 ],
       [ -1.0442659 ],
       [-46.86908144],
       [-46.87816962],
       [-47.97534219],
       [-47.21046918],
       [ -3.39043379],
       [-44.89167306],
       [ -5.33476577],
       [-47.34659042],
       [ -0.28059169],
       [-47.33152057],
       [-47.27470447],
       [-46.92589565],
       [-46.82244504],
       [-47.64586922],
       [-45.07426001],
       [-46.93155349],
       [-47.32359881]])
<<<<<<<<<<< STEP 38 >>>>>>>>>>>> + array([[-0.5       ],
       [-0.5       ],
       [-0.5       ],
       [-0.5       ],
       [-0.5       ],
       [-0.5       ],
       [-0.5       ],
       [-0.5       ],
       [-0.5       ],
       [-0.5       ],
       [-0.5       ],
       [-0.5       ],
       [-0.5       ],
       [-0.5       ],
       [-0.5       ],
       [-0.5       ],
       [-0.00639965],
       [-0.5       ],
       [ 0.00358632],
       [-0.5       ],
       [-0.03350429],
       [-0.5       ],
       [ 0.00103855],
       [-0.5       ],
       [-0.5       ],
       [-0.5       ],
       [-0.5       ],
       [-0.07306331],
       [-0.5       ],
       [-0.23723413],
       [-0.5       ],
       [ 0.00803906],
       [-0.5       ],
       [-0.5       ],
       [-0.5       ],
       [-0.5       ],
       [-0.5       ],
       [-0.5       ],
       [-0.5       ],
       [-0.5       ]])
array([[-47.03620945],
       [-48.19230885],
       [-45.09848851],
       [-47.24120406],
       [-47.91433538],
       [-47.26481152],
       [-47.34860312],
       [-47.89312768],
       [-43.90316435],
       [-45.62588393],
       [-47.29904285],
       [-43.80945888],
       [-46.01029455],
       [-47.83764384],
       [-47.73395549],
       [-47.67792489],
       [ -1.26483802],
       [-47.23745158],
       [ -0.32469894],
       [-47.8042642 ],
       [ -2.3188174 ],
       [-47.7952277 ],
       [ -1.04322735],
       [-47.36908144],
       [-47.37816962],
       [-48.47534219],
       [-47.71046918],
       [ -3.4634971 ],
       [-45.39167306],
       [ -5.5719999 ],
       [-47.84659042],
       [ -0.27255264],
       [-47.83152057],
       [-47.77470447],
       [-47.42589565],
       [-47.32244504],
       [-48.14586922],
       [-45.57426001],
       [-47.43155349],
       [-47.82359881]])
<<<<<<<<<<< STEP 39 >>>>>>>>>>>> + array([[-0.5       ],
       [-0.5       ],
       [-0.5       ],
       [-0.5       ],
       [-0.5       ],
       [-0.5       ],
       [-0.5       ],
       [-0.5       ],
       [-0.5       ],
       [-0.5       ],
       [-0.5       ],
       [-0.5       ],
       [-0.5       ],
       [-0.5       ],
       [-0.5       ],
       [-0.5       ],
       [-0.00642957],
       [-0.5       ],
       [ 0.00364709],
       [-0.5       ],
       [-0.03364657],
       [-0.5       ],
       [ 0.00093372],
       [-0.5       ],
       [-0.5       ],
       [-0.5       ],
       [-0.5       ],
       [-0.07517085],
       [-0.5       ],
       [-0.2693692 ],
       [-0.5       ],
       [ 0.00804154],
       [-0.5       ],
       [-0.5       ],
       [-0.5       ],
       [-0.5       ],
       [-0.5       ],
       [-0.5       ],
       [-0.5       ],
       [-0.5       ]])
array([[-47.53620945],
       [-48.69230885],
       [-45.59848851],
       [-47.74120406],
       [-48.41433538],
       [-47.76481152],
       [-47.84860312],
       [-48.39312768],
       [-44.40316435],
       [-46.12588393],
       [-47.79904285],
       [-44.30945888],
       [-46.51029455],
       [-48.33764384],
       [-48.23395549],
       [-48.17792489],
       [ -1.27126759],
       [-47.73745158],
       [ -0.32105185],
       [-48.3042642 ],
       [ -2.35246397],
       [-48.2952277 ],
       [ -1.04229363],
       [-47.86908144],
       [-47.87816962],
       [-48.97534219],
       [-48.21046918],
       [ -3.53866795],
       [-45.89167306],
       [ -5.84136909],
       [-48.34659042],
       [ -0.2645111 ],
       [-48.33152057],
       [-48.27470447],
       [-47.92589565],
       [-47.82244504],
       [-48.64586922],
       [-46.07426001],
       [-47.93155349],
       [-48.32359881]])
<<<<<<<<<<< STEP 40 >>>>>>>>>>>> + array([[-0.5       ],
       [-0.5       ],
       [-0.5       ],
       [-0.5       ],
       [-0.5       ],
       [-0.5       ],
       [-0.5       ],
       [-0.5       ],
       [-0.5       ],
       [-0.5       ],
       [-0.5       ],
       [-0.5       ],
       [-0.5       ],
       [-0.5       ],
       [-0.5       ],
       [-0.5       ],
       [-0.00641977],
       [-0.5       ],
       [ 0.00371684],
       [-0.5       ],
       [-0.03332314],
       [-0.5       ],
       [ 0.00083557],
       [-0.5       ],
       [-0.5       ],
       [-0.5       ],
       [-0.5       ],
       [-0.07687162],
       [-0.5       ],
       [-0.30563271],
       [-0.5       ],
       [ 0.00800136],
       [-0.5       ],
       [-0.5       ],
       [-0.5       ],
       [-0.5       ],
       [-0.5       ],
       [-0.5       ],
       [-0.5       ],
       [-0.5       ]])
array([[-48.03620945],
       [-49.19230885],
       [-46.09848851],
       [-48.24120406],
       [-48.91433538],
       [-48.26481152],
       [-48.34860312],
       [-48.89312768],
       [-44.90316435],
       [-46.62588393],
       [-48.29904285],
       [-44.80945888],
       [-47.01029455],
       [-48.83764384],
       [-48.73395549],
       [-48.67792489],
       [ -1.27768735],
       [-48.23745158],
       [ -0.31733502],
       [-48.8042642 ],
       [ -2.38578711],
       [-48.7952277 ],
       [ -1.04145806],
       [-48.36908144],
       [-48.37816962],
       [-49.47534219],
       [-48.71046918],
       [ -3.61553957],
       [-46.39167306],
       [ -6.1470018 ],
       [-48.84659042],
       [ -0.25650974],
       [-48.83152057],
       [-48.77470447],
       [-48.42589565],
       [-48.32244504],
       [-49.14586922],
       [-46.57426001],
       [-48.43155349],
       [-48.82359881]])
<<<<<<<<<<< STEP 41 >>>>>>>>>>>> + array([[-0.5       ],
       [-0.5       ],
       [-0.5       ],
       [-0.5       ],
       [-0.5       ],
       [-0.5       ],
       [-0.5       ],
       [-0.5       ],
       [-0.5       ],
       [-0.5       ],
       [-0.5       ],
       [-0.5       ],
       [-0.5       ],
       [-0.5       ],
       [-0.5       ],
       [-0.5       ],
       [-0.00636416],
       [-0.5       ],
       [ 0.00379528],
       [-0.5       ],
       [-0.0324614 ],
       [-0.5       ],
       [ 0.00074713],
       [-0.5       ],
       [-0.5       ],
       [-0.5       ],
       [-0.5       ],
       [-0.07809214],
       [-0.5       ],
       [-0.34467705],
       [-0.5       ],
       [ 0.00791256],
       [-0.5       ],
       [-0.5       ],
       [-0.5       ],
       [-0.5       ],
       [-0.5       ],
       [-0.5       ],
       [-0.5       ],
       [-0.5       ]])
array([[-48.53620945],
       [-49.69230885],
       [-46.59848851],
       [-48.74120406],
       [-49.41433538],
       [-48.76481152],
       [-48.84860312],
       [-49.39312768],
       [-45.40316435],
       [-47.12588393],
       [-48.79904285],
       [-45.30945888],
       [-47.51029455],
       [-49.33764384],
       [-49.23395549],
       [-49.17792489],
       [ -1.28405152],
       [-48.73745158],
       [ -0.31353973],
       [-49.3042642 ],
       [ -2.4182485 ],
       [-49.2952277 ],
       [ -1.04071093],
       [-48.86908144],
       [-48.87816962],
       [-49.97534219],
       [-49.21046918],
       [ -3.69363172],
       [-46.89167306],
       [ -6.49167886],
       [-49.34659042],
       [ -0.24859717],
       [-49.33152057],
       [-49.27470447],
       [-48.92589565],
       [-48.82244504],
       [-49.64586922],
       [-47.07426001],
       [-48.93155349],
       [-49.32359881]])
<<<<<<<<<<< STEP 42 >>>>>>>>>>>> + array([[-0.5       ],
       [-0.5       ],
       [-0.5       ],
       [-0.5       ],
       [-0.5       ],
       [-0.5       ],
       [-0.5       ],
       [-0.5       ],
       [-0.5       ],
       [-0.5       ],
       [-0.5       ],
       [-0.5       ],
       [-0.5       ],
       [-0.5       ],
       [-0.5       ],
       [-0.5       ],
       [-0.00626252],
       [-0.5       ],
       [ 0.0038807 ],
       [-0.5       ],
       [-0.0310602 ],
       [-0.5       ],
       [ 0.00067062],
       [-0.5       ],
       [-0.5       ],
       [-0.5       ],
       [-0.5       ],
       [-0.07885878],
       [-0.5       ],
       [-0.38396489],
       [-0.5       ],
       [ 0.00777548],
       [-0.5       ],
       [-0.5       ],
       [-0.5       ],
       [-0.5       ],
       [-0.5       ],
       [-0.5       ],
       [-0.5       ],
       [-0.5       ]])
array([[-49.03620945],
       [-50.19230885],
       [-47.09848851],
       [-49.24120406],
       [-49.91433538],
       [-49.26481152],
       [-49.34860312],
       [-49.89312768],
       [-45.90316435],
       [-47.62588393],
       [-49.29904285],
       [-45.80945888],
       [-48.01029455],
       [-49.83764384],
       [-49.73395549],
       [-49.67792489],
       [ -1.29031404],
       [-49.23745158],
       [ -0.30965903],
       [-49.8042642 ],
       [ -2.4493087 ],
       [-49.7952277 ],
       [ -1.04004031],
       [-49.36908144],
       [-49.37816962],
       [-50.47534219],
       [-49.71046918],
       [ -3.7724905 ],
       [-47.39167306],
       [ -6.87564375],
       [-49.84659042],
       [ -0.2408217 ],
       [-49.83152057],
       [-49.77470447],
       [-49.42589565],
       [-49.32244504],
       [-50.14586922],
       [-47.57426001],
       [-49.43155349],
       [-49.82359881]])
<<<<<<<<<<< STEP 43 >>>>>>>>>>>> + array([[-0.5       ],
       [-0.5       ],
       [-0.5       ],
       [-0.5       ],
       [-0.5       ],
       [-0.5       ],
       [-0.5       ],
       [-0.5       ],
       [-0.5       ],
       [-0.5       ],
       [-0.5       ],
       [-0.5       ],
       [-0.5       ],
       [-0.5       ],
       [-0.5       ],
       [-0.5       ],
       [-0.00612301],
       [-0.5       ],
       [ 0.00396977],
       [-0.5       ],
       [-0.02922023],
       [-0.5       ],
       [ 0.00060648],
       [-0.5       ],
       [-0.5       ],
       [-0.5       ],
       [-0.5       ],
       [-0.07933904],
       [-0.5       ],
       [-0.42016737],
       [-0.5       ],
       [ 0.00759933],
       [-0.5       ],
       [-0.5       ],
       [-0.5       ],
       [-0.5       ],
       [-0.5       ],
       [-0.5       ],
       [-0.5       ],
       [-0.5       ]])
array([[-49.53620945],
       [-50.69230885],
       [-47.59848851],
       [-49.74120406],
       [-50.41433538],
       [-49.76481152],
       [-49.84860312],
       [-50.39312768],
       [-46.40316435],
       [-48.12588393],
       [-49.79904285],
       [-46.30945888],
       [-48.51029455],
       [-50.33764384],
       [-50.23395549],
       [-50.17792489],
       [ -1.29643705],
       [-49.73745158],
       [ -0.30568926],
       [-50.3042642 ],
       [ -2.47852893],
       [-50.2952277 ],
       [ -1.03943383],
       [-49.86908144],
       [-49.87816962],
       [-50.97534219],
       [-50.21046918],
       [ -3.85182954],
       [-47.89167306],
       [ -7.29581112],
       [-50.34659042],
       [ -0.23322236],
       [-50.33152057],
       [-50.27470447],
       [-49.92589565],
       [-49.82244504],
       [-50.64586922],
       [-48.07426001],
       [-49.93155349],
       [-50.32359881]])
<<<<<<<<<<< STEP 44 >>>>>>>>>>>> + array([[-0.5       ],
       [-0.5       ],
       [-0.5       ],
       [-0.5       ],
       [-0.5       ],
       [-0.5       ],
       [-0.5       ],
       [-0.5       ],
       [-0.5       ],
       [-0.5       ],
       [-0.5       ],
       [-0.5       ],
       [-0.5       ],
       [-0.5       ],
       [-0.5       ],
       [-0.5       ],
       [-0.0059616 ],
       [-0.5       ],
       [ 0.00405809],
       [-0.5       ],
       [-0.02713405],
       [-0.5       ],
       [ 0.00055298],
       [-0.5       ],
       [-0.5       ],
       [-0.5       ],
       [-0.5       ],
       [-0.07982817],
       [-0.5       ],
       [-0.45026001],
       [-0.5       ],
       [ 0.00740145],
       [-0.5       ],
       [-0.5       ],
       [-0.5       ],
       [-0.5       ],
       [-0.5       ],
       [-0.5       ],
       [-0.5       ],
       [-0.5       ]])
array([[-50.03620945],
       [-51.19230885],
       [-48.09848851],
       [-50.24120406],
       [-50.91433538],
       [-50.26481152],
       [-50.34860312],
       [-50.89312768],
       [-46.90316435],
       [-48.62588393],
       [-50.29904285],
       [-46.80945888],
       [-49.01029455],
       [-50.83764384],
       [-50.73395549],
       [-50.67792489],
       [ -1.30239865],
       [-50.23745158],
       [ -0.30163117],
       [-50.8042642 ],
       [ -2.50566298],
       [-50.7952277 ],
       [ -1.03888085],
       [-50.36908144],
       [-50.37816962],
       [-51.47534219],
       [-50.71046918],
       [ -3.93165771],
       [-48.39167306],
       [ -7.74607114],
       [-50.84659042],
       [ -0.22582091],
       [-50.83152057],
       [-50.77470447],
       [-50.42589565],
       [-50.32244504],
       [-51.14586922],
       [-48.57426001],
       [-50.43155349],
       [-50.82359881]])
<<<<<<<<<<< STEP 45 >>>>>>>>>>>> + array([[-0.5       ],
       [-0.5       ],
       [-0.5       ],
       [-0.5       ],
       [-0.5       ],
       [-0.5       ],
       [-0.5       ],
       [-0.5       ],
       [-0.5       ],
       [-0.5       ],
       [-0.5       ],
       [-0.5       ],
       [-0.5       ],
       [-0.5       ],
       [-0.5       ],
       [-0.5       ],
       [-0.00579748],
       [-0.5       ],
       [ 0.00414136],
       [-0.5       ],
       [-0.02502789],
       [-0.5       ],
       [ 0.00050684],
       [-0.5       ],
       [-0.5       ],
       [-0.5       ],
       [-0.5       ],
       [-0.08067265],
       [-0.5       ],
       [-0.47269035],
       [-0.5       ],
       [ 0.00720224],
       [-0.5       ],
       [-0.5       ],
       [-0.5       ],
       [-0.5       ],
       [-0.5       ],
       [-0.5       ],
       [-0.5       ],
       [-0.5       ]])
array([[-50.53620945],
       [-51.69230885],
       [-48.59848851],
       [-50.74120406],
       [-51.41433538],
       [-50.76481152],
       [-50.84860312],
       [-51.39312768],
       [-47.40316435],
       [-49.12588393],
       [-50.79904285],
       [-47.30945888],
       [-49.51029455],
       [-51.33764384],
       [-51.23395549],
       [-51.17792489],
       [ -1.30819613],
       [-50.73745158],
       [ -0.29748981],
       [-51.3042642 ],
       [ -2.53069087],
       [-51.2952277 ],
       [ -1.03837401],
       [-50.86908144],
       [-50.87816962],
       [-51.97534219],
       [-51.21046918],
       [ -4.01233036],
       [-48.89167306],
       [ -8.21876148],
       [-51.34659042],
       [ -0.21861868],
       [-51.33152057],
       [-51.27470447],
       [-50.92589565],
       [-50.82244504],
       [-51.64586922],
       [-49.07426001],
       [-50.93155349],
       [-51.32359881]])
<<<<<<<<<<< STEP 46 >>>>>>>>>>>> + array([[ -5.00000000e-01],
       [ -5.00000000e-01],
       [ -5.00000000e-01],
       [ -5.00000000e-01],
       [ -5.00000000e-01],
       [ -5.00000000e-01],
       [ -5.00000000e-01],
       [ -5.00000000e-01],
       [ -5.00000000e-01],
       [ -5.00000000e-01],
       [ -5.00000000e-01],
       [ -5.00000000e-01],
       [ -5.00000000e-01],
       [ -5.00000000e-01],
       [ -5.00000000e-01],
       [ -5.00000000e-01],
       [ -5.64701124e-03],
       [ -5.00000000e-01],
       [  4.21660087e-03],
       [ -5.00000000e-01],
       [ -2.30896836e-02],
       [ -5.00000000e-01],
       [  4.64588727e-04],
       [ -5.00000000e-01],
       [ -5.00000000e-01],
       [ -5.00000000e-01],
       [ -5.00000000e-01],
       [ -8.21789445e-02],
       [ -5.00000000e-01],
       [ -4.87719242e-01],
       [ -5.00000000e-01],
       [  7.01882803e-03],
       [ -5.00000000e-01],
       [ -5.00000000e-01],
       [ -5.00000000e-01],
       [ -5.00000000e-01],
       [ -5.00000000e-01],
       [ -5.00000000e-01],
       [ -5.00000000e-01],
       [ -5.00000000e-01]])
array([[-51.03620945],
       [-52.19230885],
       [-49.09848851],
       [-51.24120406],
       [-51.91433538],
       [-51.26481152],
       [-51.34860312],
       [-51.89312768],
       [-47.90316435],
       [-49.62588393],
       [-51.29904285],
       [-47.80945888],
       [-50.01029455],
       [-51.83764384],
       [-51.73395549],
       [-51.67792489],
       [ -1.31384314],
       [-51.23745158],
       [ -0.29327321],
       [-51.8042642 ],
       [ -2.55378055],
       [-51.7952277 ],
       [ -1.03790942],
       [-51.36908144],
       [-51.37816962],
       [-52.47534219],
       [-51.71046918],
       [ -4.0945093 ],
       [-49.39167306],
       [ -8.70648072],
       [-51.84659042],
       [ -0.21159985],
       [-51.83152057],
       [-51.77470447],
       [-51.42589565],
       [-51.32244504],
       [-52.14586922],
       [-49.57426001],
       [-51.43155349],
       [-51.82359881]])
<<<<<<<<<<< STEP 47 >>>>>>>>>>>> + array([[ -5.00000000e-01],
       [ -5.00000000e-01],
       [ -5.00000000e-01],
       [ -5.00000000e-01],
       [ -5.00000000e-01],
       [ -5.00000000e-01],
       [ -5.00000000e-01],
       [ -5.00000000e-01],
       [ -5.00000000e-01],
       [ -5.00000000e-01],
       [ -5.00000000e-01],
       [ -5.00000000e-01],
       [ -5.00000000e-01],
       [ -5.00000000e-01],
       [ -5.00000000e-01],
       [ -5.00000000e-01],
       [ -5.52017700e-03],
       [ -5.00000000e-01],
       [  4.28250318e-03],
       [ -5.00000000e-01],
       [ -2.14284676e-02],
       [ -5.00000000e-01],
       [  4.23679154e-04],
       [ -5.00000000e-01],
       [ -5.00000000e-01],
       [ -5.00000000e-01],
       [ -5.00000000e-01],
       [ -8.45671039e-02],
       [ -5.00000000e-01],
       [ -4.96809996e-01],
       [ -5.00000000e-01],
       [  6.86139002e-03],
       [ -5.00000000e-01],
       [ -5.00000000e-01],
       [ -5.00000000e-01],
       [ -5.00000000e-01],
       [ -5.00000000e-01],
       [ -5.00000000e-01],
       [ -5.00000000e-01],
       [ -5.00000000e-01]])
array([[-51.53620945],
       [-52.69230885],
       [-49.59848851],
       [-51.74120406],
       [-52.41433538],
       [-51.76481152],
       [-51.84860312],
       [-52.39312768],
       [-48.40316435],
       [-50.12588393],
       [-51.79904285],
       [-48.30945888],
       [-50.51029455],
       [-52.33764384],
       [-52.23395549],
       [-52.17792489],
       [ -1.31936332],
       [-51.73745158],
       [ -0.2889907 ],
       [-52.3042642 ],
       [ -2.57520902],
       [-52.2952277 ],
       [ -1.03748574],
       [-51.86908144],
       [-51.87816962],
       [-52.97534219],
       [-52.21046918],
       [ -4.17907641],
       [-49.89167306],
       [ -9.20329072],
       [-52.34659042],
       [ -0.20473846],
       [-52.33152057],
       [-52.27470447],
       [-51.92589565],
       [-51.82244504],
       [-52.64586922],
       [-50.07426001],
       [-51.93155349],
       [-52.32359881]])
<<<<<<<<<<< STEP 48 >>>>>>>>>>>> + array([[ -5.00000000e-01],
       [ -5.00000000e-01],
       [ -5.00000000e-01],
       [ -5.00000000e-01],
       [ -5.00000000e-01],
       [ -5.00000000e-01],
       [ -5.00000000e-01],
       [ -5.00000000e-01],
       [ -5.00000000e-01],
       [ -5.00000000e-01],
       [ -5.00000000e-01],
       [ -5.00000000e-01],
       [ -5.00000000e-01],
       [ -5.00000000e-01],
       [ -5.00000000e-01],
       [ -5.00000000e-01],
       [ -5.42047993e-03],
       [ -5.00000000e-01],
       [  4.33915756e-03],
       [ -5.00000000e-01],
       [ -2.00765091e-02],
       [ -5.00000000e-01],
       [  3.83032883e-04],
       [ -5.00000000e-01],
       [ -5.00000000e-01],
       [ -5.00000000e-01],
       [ -5.00000000e-01],
       [ -8.79815797e-02],
       [ -5.00000000e-01],
       [ -5.01744927e-01],
       [ -5.00000000e-01],
       [  6.73314984e-03],
       [ -5.00000000e-01],
       [ -5.00000000e-01],
       [ -5.00000000e-01],
       [ -5.00000000e-01],
       [ -5.00000000e-01],
       [ -5.00000000e-01],
       [ -5.00000000e-01],
       [ -5.00000000e-01]])
array([[-52.03620945],
       [-53.19230885],
       [-50.09848851],
       [-52.24120406],
       [-52.91433538],
       [-52.26481152],
       [-52.34860312],
       [-52.89312768],
       [-48.90316435],
       [-50.62588393],
       [-52.29904285],
       [-48.80945888],
       [-51.01029455],
       [-52.83764384],
       [-52.73395549],
       [-52.67792489],
       [ -1.3247838 ],
       [-52.23745158],
       [ -0.28465155],
       [-52.8042642 ],
       [ -2.59528553],
       [-52.7952277 ],
       [ -1.03710271],
       [-52.36908144],
       [-52.37816962],
       [-53.47534219],
       [-52.71046918],
       [ -4.26705799],
       [-50.39167306],
       [ -9.70503565],
       [-52.84659042],
       [ -0.19800531],
       [-52.83152057],
       [-52.77470447],
       [-52.42589565],
       [-52.32244504],
       [-53.14586922],
       [-50.57426001],
       [-52.43155349],
       [-52.82359881]])
<<<<<<<<<<< STEP 49 >>>>>>>>>>>> + array([[ -5.00000000e-01],
       [ -5.00000000e-01],
       [ -5.00000000e-01],
       [ -5.00000000e-01],
       [ -5.00000000e-01],
       [ -5.00000000e-01],
       [ -5.00000000e-01],
       [ -5.00000000e-01],
       [ -5.00000000e-01],
       [ -5.00000000e-01],
       [ -5.00000000e-01],
       [ -5.00000000e-01],
       [ -5.00000000e-01],
       [ -5.00000000e-01],
       [ -5.00000000e-01],
       [ -5.00000000e-01],
       [ -5.34691251e-03],
       [ -5.00000000e-01],
       [  4.38740960e-03],
       [ -5.00000000e-01],
       [ -1.90138149e-02],
       [ -5.00000000e-01],
       [  3.42947408e-04],
       [ -5.00000000e-01],
       [ -5.00000000e-01],
       [ -5.00000000e-01],
       [ -5.00000000e-01],
       [ -9.25304348e-02],
       [ -5.00000000e-01],
       [ -5.04054061e-01],
       [ -5.00000000e-01],
       [  6.63255078e-03],
       [ -5.00000000e-01],
       [ -5.00000000e-01],
       [ -5.00000000e-01],
       [ -5.00000000e-01],
       [ -5.00000000e-01],
       [ -5.00000000e-01],
       [ -5.00000000e-01],
       [ -5.00000000e-01]])
array([[-52.53620945],
       [-53.69230885],
       [-50.59848851],
       [-52.74120406],
       [-53.41433538],
       [-52.76481152],
       [-52.84860312],
       [-53.39312768],
       [-49.40316435],
       [-51.12588393],
       [-52.79904285],
       [-49.30945888],
       [-51.51029455],
       [-53.33764384],
       [-53.23395549],
       [-53.17792489],
       [ -1.33013071],
       [-52.73745158],
       [ -0.28026414],
       [-53.3042642 ],
       [ -2.61429935],
       [-53.2952277 ],
       [ -1.03675976],
       [-52.86908144],
       [-52.87816962],
       [-53.97534219],
       [-53.21046918],
       [ -4.35958842],
       [-50.89167306],
       [-10.20908971],
       [-53.34659042],
       [ -0.19137276],
       [-53.33152057],
       [-53.27470447],
       [-52.92589565],
       [-52.82244504],
       [-53.64586922],
       [-51.07426001],
       [-52.93155349],
       [-53.32359881]])
