<<<<<<<<<<< STEP 0 >>>>>>>>>>>> + array([[-0.51264638],
       [-0.49131827],
       [-0.06179816],
       [-0.53349785],
       [-0.02049943],
       [-0.08627911],
       [-0.06449698],
       [-0.52022827],
       [-0.54124213],
       [-0.53794664],
       [-0.52132259],
       [-0.48813014],
       [-0.51714635],
       [-0.02796448],
       [-0.53845548],
       [-0.55405181],
       [-0.48680534],
       [-0.54873632],
       [-0.53629524],
       [-0.00765883],
       [-0.54857279],
       [-0.52536601],
       [-0.52907632],
       [-0.52174263],
       [-0.55508809],
       [-0.54894792],
       [-0.0641024 ],
       [-0.54256516],
       [-0.05720415],
       [-0.51495131],
       [-0.059392  ],
       [-0.53962969],
       [-0.53331137],
       [-0.32675813],
       [-0.52459047],
       [-0.52978029],
       [-0.50747991],
       [-0.48808164],
       [-0.51936564],
       [-0.49009946]])
array([[-7.86546743],
       [-6.79984738],
       [-1.81478837],
       [-8.37231076],
       [ 0.41913225],
       [-1.08488297],
       [-0.9995734 ],
       [-6.79827975],
       [-8.52790305],
       [-8.4485563 ],
       [-8.2040276 ],
       [-6.70259383],
       [-8.00086766],
       [-0.53610342],
       [-8.60694501],
       [-7.7400387 ],
       [-6.64745198],
       [-7.83766041],
       [-8.49061647],
       [-0.29519148],
       [-7.65527101],
       [-8.19870679],
       [-8.35551535],
       [-8.06632597],
       [-6.62520698],
       [-7.53206885],
       [-0.89000104],
       [-8.46698138],
       [-0.89041202],
       [-8.13192538],
       [-0.95876565],
       [-8.50447822],
       [-8.55940624],
       [-2.6788786 ],
       [-8.0514743 ],
       [-7.06786178],
       [-7.93590265],
       [-6.67645555],
       [-8.04561279],
       [-6.86171959]])
<<<<<<<<<<< STEP 1 >>>>>>>>>>>> + array([[-0.50725459],
       [-0.49214642],
       [-0.04769422],
       [-0.52435519],
       [-0.03139401],
       [-0.08199075],
       [-0.05997338],
       [-0.51639515],
       [-0.53038938],
       [-0.5274013 ],
       [-0.51327189],
       [-0.48931226],
       [-0.51031226],
       [-0.02312735],
       [-0.52742539],
       [-0.54163139],
       [-0.48849159],
       [-0.5379191 ],
       [-0.52609284],
       [-0.00631073],
       [-0.53814963],
       [-0.5169728 ],
       [-0.52023864],
       [-0.51388872],
       [-0.54357681],
       [-0.53883338],
       [-0.0604396 ],
       [-0.53114127],
       [-0.05408078],
       [-0.50801394],
       [-0.05501407],
       [-0.52867353],
       [-0.52327995],
       [-0.34409534],
       [-0.51676117],
       [-0.52235967],
       [-0.50226767],
       [-0.48945987],
       [-0.51204627],
       [-0.49079039]])
array([[-8.37272202],
       [-7.2919938 ],
       [-1.86248258],
       [-8.89666594],
       [ 0.38773824],
       [-1.16687372],
       [-1.05954677],
       [-7.31467489],
       [-9.05829243],
       [-8.9759576 ],
       [-8.71729949],
       [-7.19190609],
       [-8.51117992],
       [-0.55923077],
       [-9.1343704 ],
       [-8.28167009],
       [-7.13594357],
       [-8.37557951],
       [-9.01670931],
       [-0.30150221],
       [-8.19342065],
       [-8.7156796 ],
       [-8.87575399],
       [-8.58021469],
       [-7.16878379],
       [-8.07090223],
       [-0.95044064],
       [-8.99812264],
       [-0.9444928 ],
       [-8.63993933],
       [-1.01377972],
       [-9.03315176],
       [-9.08268619],
       [-3.02297394],
       [-8.56823546],
       [-7.59022145],
       [-8.43817032],
       [-7.16591542],
       [-8.55765906],
       [-7.35250998]])
<<<<<<<<<<< STEP 2 >>>>>>>>>>>> + array([[-0.50411794],
       [-0.49355438],
       [-0.03627316],
       [-0.51789721],
       [-0.03844674],
       [-0.07812038],
       [-0.05617858],
       [-0.51314916],
       [-0.52256825],
       [-0.51997271],
       [-0.50834171],
       [-0.49104863],
       [-0.50619223],
       [-0.01913637],
       [-0.5198102 ],
       [-0.53199174],
       [-0.49058418],
       [-0.52939317],
       [-0.51895776],
       [-0.00532863],
       [-0.52976894],
       [-0.51145631],
       [-0.51427985],
       [-0.50891534],
       [-0.53410964],
       [-0.53051999],
       [-0.05718816],
       [-0.52291203],
       [-0.05143031],
       [-0.50411493],
       [-0.05125857],
       [-0.5209074 ],
       [-0.51654035],
       [-0.36941042],
       [-0.51160595],
       [-0.51686801],
       [-0.49963024],
       [-0.49129661],
       [-0.50752458],
       [-0.4921723 ]])
array([[-8.87683996],
       [-7.78554818],
       [-1.89875575],
       [-9.41456315],
       [ 0.3492915 ],
       [-1.2449941 ],
       [-1.11572535],
       [-7.82782405],
       [-9.58086068],
       [-9.49593031],
       [-9.22564119],
       [-7.68295472],
       [-9.01737215],
       [-0.57836714],
       [-9.65418059],
       [-8.81366183],
       [-7.62652775],
       [-8.90497268],
       [-9.53566707],
       [-0.30683084],
       [-8.72318959],
       [-9.22713591],
       [-9.39003384],
       [-9.08913003],
       [-7.70289344],
       [-8.60142221],
       [-1.0076288 ],
       [-9.52103467],
       [-0.99592311],
       [-9.14405425],
       [-1.06503829],
       [-9.55405916],
       [-9.59922654],
       [-3.39238436],
       [-9.07984141],
       [-8.10708946],
       [-8.93780056],
       [-7.65721203],
       [-9.06518364],
       [-7.84468228]])
<<<<<<<<<<< STEP 3 >>>>>>>>>>>> + array([[-0.5023134 ],
       [-0.4951409 ],
       [-0.02720174],
       [-0.51322692],
       [-0.04193522],
       [-0.07434258],
       [-0.0528791 ],
       [-0.51046037],
       [-0.51681662],
       [-0.51461737],
       [-0.50529907],
       [-0.49294772],
       [-0.50370473],
       [-0.01580622],
       [-0.51442134],
       [-0.52449375],
       [-0.49273963],
       [-0.52266663],
       [-0.51384873],
       [-0.00462125],
       [-0.52306122],
       [-0.50774703],
       [-0.51016506],
       [-0.50571574],
       [-0.52640438],
       [-0.52376206],
       [-0.05409331],
       [-0.51685087],
       [-0.04903936],
       [-0.50198914],
       [-0.04787951],
       [-0.51527408],
       [-0.51189899],
       [-0.40131597],
       [-0.50814558],
       [-0.51278794],
       [-0.49845354],
       [-0.49323753],
       [-0.50470646],
       [-0.49380371]])
array([[ -9.37915336],
       [ -8.28068908],
       [ -1.92595749],
       [ -9.92779007],
       [  0.30735628],
       [ -1.31933668],
       [ -1.16860445],
       [ -8.33828442],
       [-10.0976773 ],
       [-10.01054768],
       [ -9.73094026],
       [ -8.17590245],
       [ -9.52107688],
       [ -0.59417336],
       [-10.16860194],
       [ -9.33815558],
       [ -8.11926738],
       [ -9.42763932],
       [-10.0495158 ],
       [ -0.31145209],
       [ -9.24625081],
       [ -9.73488294],
       [ -9.9001989 ],
       [ -9.59484577],
       [ -8.22929782],
       [ -9.12518427],
       [ -1.06172212],
       [-10.03788555],
       [ -1.04496247],
       [ -9.6460434 ],
       [ -1.11291779],
       [-10.06933323],
       [-10.11112553],
       [ -3.79370033],
       [ -9.58798699],
       [ -8.61987739],
       [ -9.4362541 ],
       [ -8.15044957],
       [ -9.5698901 ],
       [ -8.33848599]])
<<<<<<<<<<< STEP 4 >>>>>>>>>>>> + array([[-0.50129038],
       [-0.49666117],
       [-0.0201481 ],
       [-0.50978973],
       [-0.0421372 ],
       [-0.07039914],
       [-0.04987888],
       [-0.50827303],
       [-0.51252756],
       [-0.51069155],
       [-0.50340566],
       [-0.49476654],
       [-0.50220203],
       [-0.01298172],
       [-0.51053311],
       [-0.51865988],
       [-0.49474295],
       [-0.51736949],
       [-0.51012511],
       [-0.00412239],
       [-0.51772431],
       [-0.50520582],
       [-0.50726596],
       [-0.50362874],
       [-0.52020009],
       [-0.51832875],
       [-0.05095528],
       [-0.51232404],
       [-0.0467308 ],
       [-0.50088137],
       [-0.04467796],
       [-0.51112309],
       [-0.50863217],
       [-0.43656426],
       [-0.50578067],
       [-0.50973869],
       [-0.49807588],
       [-0.4950633 ],
       [-0.50293529],
       [-0.49541369]])
array([[ -9.88044374],
       [ -8.77735025],
       [ -1.94610559],
       [-10.4375798 ],
       [  0.26521908],
       [ -1.38973582],
       [ -1.21848333],
       [ -8.84655745],
       [-10.61020486],
       [-10.52123923],
       [-10.23434592],
       [ -8.67066899],
       [-10.02327892],
       [ -0.60715508],
       [-10.67913504],
       [ -9.85681546],
       [ -8.61401033],
       [ -9.9450088 ],
       [-10.55964091],
       [ -0.31557448],
       [ -9.76397512],
       [-10.24008875],
       [-10.40746486],
       [-10.09847451],
       [ -8.74949791],
       [ -9.64351302],
       [ -1.1126774 ],
       [-10.55020958],
       [ -1.09169327],
       [-10.14692477],
       [ -1.15759575],
       [-10.58045633],
       [-10.61975771],
       [ -4.23026458],
       [-10.09376766],
       [ -9.12961608],
       [ -9.93432997],
       [ -8.64551287],
       [-10.07282539],
       [ -8.83389967]])
<<<<<<<<<<< STEP 5 >>>>>>>>>>>> + array([[-0.5007195 ],
       [-0.49796473],
       [-0.01478407],
       [-0.50723774],
       [-0.03956776],
       [-0.06620334],
       [-0.04706561],
       [-0.50651646],
       [-0.50931146],
       [-0.50779325],
       [-0.50221675],
       [-0.49635152],
       [-0.50129537],
       [-0.01055116],
       [-0.50769626],
       [-0.5141409 ],
       [-0.49645613],
       [-0.51322569],
       [-0.507388  ],
       [-0.003781  ],
       [-0.5135197 ],
       [-0.50344979],
       [-0.50519782],
       [-0.50225843],
       [-0.51527954],
       [-0.51401826],
       [-0.0476979 ],
       [-0.50893584],
       [-0.04441353],
       [-0.50033977],
       [-0.04155505],
       [-0.50804948],
       [-0.50629602],
       [-0.47030145],
       [-0.5041399 ],
       [-0.50744602],
       [-0.49810588],
       [-0.49663543],
       [-0.50181604],
       [-0.49683417]])
array([[-10.38116325],
       [ -9.27531498],
       [ -1.96088966],
       [-10.94481754],
       [  0.22565132],
       [ -1.45593916],
       [ -1.26554893],
       [ -9.35307391],
       [-11.11951632],
       [-11.02903248],
       [-10.73656267],
       [ -9.1670205 ],
       [-10.52457429],
       [ -0.61770624],
       [-11.18683131],
       [-10.37095636],
       [ -9.11046646],
       [-10.45823449],
       [-11.06702891],
       [ -0.31935547],
       [-10.27749482],
       [-10.74353854],
       [-10.91266268],
       [-10.60073293],
       [ -9.26477745],
       [-10.15753128],
       [ -1.1603753 ],
       [-11.05914542],
       [ -1.1361068 ],
       [-10.64726454],
       [ -1.1991508 ],
       [-11.08850581],
       [-11.12605372],
       [ -4.70056603],
       [-10.59790756],
       [ -9.6370621 ],
       [-10.43243585],
       [ -9.1421483 ],
       [-10.57464143],
       [ -9.33073384]])
<<<<<<<<<<< STEP 6 >>>>>>>>>>>> + array([[-0.50040466],
       [-0.49897263],
       [-0.01078275],
       [-0.50534448],
       [-0.03508221],
       [-0.06189192],
       [-0.04443585],
       [-0.50511782],
       [-0.50690754],
       [-0.5056613 ],
       [-0.50146296],
       [-0.49761808],
       [-0.50075058],
       [-0.00844935],
       [-0.5056233 ],
       [-0.51067444],
       [-0.49780404],
       [-0.51002189],
       [-0.50537961],
       [-0.00355593],
       [-0.51025413],
       [-0.50224357],
       [-0.50371871],
       [-0.50136379],
       [-0.51145674],
       [-0.51065421],
       [-0.04440331],
       [-0.50642589],
       [-0.04211241],
       [-0.50009675],
       [-0.03853926],
       [-0.50578946],
       [-0.50461172],
       [-0.49764533],
       [-0.50298903],
       [-0.50571281],
       [-0.49831626],
       [-0.49787894],
       [-0.50110909],
       [-0.49797313]])
array([[-10.8815679 ],
       [ -9.77428761],
       [ -1.97167241],
       [-11.45016201],
       [  0.19056912],
       [ -1.51783108],
       [ -1.30998478],
       [ -9.85819174],
       [-11.62642386],
       [-11.53469378],
       [-11.23802563],
       [ -9.66463858],
       [-11.02532487],
       [ -0.62615559],
       [-11.69245461],
       [-10.8816308 ],
       [ -9.6082705 ],
       [-10.96825639],
       [-11.57240852],
       [ -0.3229114 ],
       [-10.78774895],
       [-11.24578211],
       [-11.41638139],
       [-11.10209672],
       [ -9.77623419],
       [-10.66818549],
       [ -1.20477861],
       [-11.56557131],
       [ -1.1782192 ],
       [-11.14736129],
       [ -1.23769006],
       [-11.59429527],
       [-11.63066544],
       [ -5.19821136],
       [-11.10089659],
       [-10.14277491],
       [-10.93075211],
       [ -9.64002724],
       [-11.07575051],
       [ -9.82870697]])
<<<<<<<<<<< STEP 7 >>>>>>>>>>>> + array([[-0.50023132],
       [-0.49967191],
       [-0.00782994],
       [-0.50395019],
       [-0.02971152],
       [-0.05775749],
       [-0.04206859],
       [-0.50401023],
       [-0.50512621],
       [-0.50411017],
       [-0.50098008],
       [-0.49854784],
       [-0.50042576],
       [-0.00664542],
       [-0.50411665],
       [-0.50804821],
       [-0.49877656],
       [-0.50757929],
       [-0.50391907],
       [-0.00341398],
       [-0.50775815],
       [-0.50143101],
       [-0.50266651],
       [-0.50079089],
       [-0.50855369],
       [-0.5080735 ],
       [-0.04126547],
       [-0.50460063],
       [-0.03994216],
       [-0.49999968],
       [-0.03575165],
       [-0.50415247],
       [-0.50339518],
       [-0.51588261],
       [-0.50217586],
       [-0.50439635],
       [-0.49858181],
       [-0.49878142],
       [-0.50066601],
       [-0.49880698]])
array([[-11.38179923],
       [-10.27395952],
       [ -1.97950235],
       [-11.9541122 ],
       [  0.1608576 ],
       [ -1.57558857],
       [ -1.35205337],
       [-10.36220197],
       [-12.13155006],
       [-12.03880395],
       [-11.73900571],
       [-10.16318642],
       [-11.52575062],
       [ -0.632801  ],
       [-12.19657126],
       [-11.38967901],
       [-10.10704706],
       [-11.47583568],
       [-12.07632759],
       [ -0.32632539],
       [-11.29550711],
       [-11.74721313],
       [-11.9190479 ],
       [-11.60288762],
       [-10.28478788],
       [-11.17625899],
       [ -1.24604408],
       [-12.07017194],
       [ -1.21816136],
       [-11.64736097],
       [ -1.27344171],
       [-12.09844774],
       [-12.13406062],
       [ -5.71409397],
       [-11.60307246],
       [-10.64717125],
       [-11.42933392],
       [-10.13880866],
       [-11.57641653],
       [-10.32751395]])
<<<<<<<<<<< STEP 8 >>>>>>>>>>>> + array([[-0.5001349 ],
       [-0.50010279],
       [-0.00564975],
       [-0.50293163],
       [-0.02434538],
       [-0.05409701],
       [-0.04005915],
       [-0.50313638],
       [-0.50381756],
       [-0.50299477],
       [-0.50066725],
       [-0.49917802],
       [-0.50023436],
       [-0.00512077],
       [-0.50302885],
       [-0.50607942],
       [-0.49942014],
       [-0.50573877],
       [-0.50286734],
       [-0.00332976],
       [-0.50587539],
       [-0.50089791],
       [-0.50192351],
       [-0.5004347 ],
       [-0.50639079],
       [-0.5061209 ],
       [-0.03848508],
       [-0.5032981 ],
       [-0.03803542],
       [-0.49996768],
       [-0.03332517],
       [-0.50298529],
       [-0.50251669],
       [-0.52534189],
       [-0.50159786],
       [-0.50339224],
       [-0.49884077],
       [-0.4993836 ],
       [-0.50039207],
       [-0.49936745]])
array([[-11.88193413],
       [-10.77406231],
       [ -1.9851521 ],
       [-12.45704383],
       [  0.13651222],
       [ -1.62968558],
       [ -1.39211251],
       [-10.86533835],
       [-12.63536763],
       [-12.54179872],
       [-12.23967296],
       [-10.66236445],
       [-12.02598498],
       [ -0.63792177],
       [-12.69960012],
       [-11.89575843],
       [-10.60646721],
       [-11.98157445],
       [-12.57919494],
       [ -0.32965515],
       [-11.8013825 ],
       [-12.24811104],
       [-12.4209714 ],
       [-12.10332232],
       [-10.79117867],
       [-11.68237989],
       [ -1.28452916],
       [-12.57347004],
       [ -1.25619678],
       [-12.14732865],
       [ -1.30676688],
       [-12.60143303],
       [-12.63657732],
       [ -6.23943586],
       [-12.10467032],
       [-11.15056349],
       [-11.92817469],
       [-10.63819226],
       [-12.0768086 ],
       [-10.8268814 ]])
<<<<<<<<<<< STEP 9 >>>>>>>>>>>> + array([[-0.50008026],
       [-0.50033241],
       [-0.00402507],
       [-0.5021904 ],
       [-0.01952998],
       [-0.05109591],
       [-0.03846442],
       [-0.50244896],
       [-0.50286009],
       [-0.50219804],
       [-0.50046202],
       [-0.49957587],
       [-0.50012332],
       [-0.00385228],
       [-0.50224567],
       [-0.5046113 ],
       [-0.49981153],
       [-0.50436053],
       [-0.5021139 ],
       [-0.00328533],
       [-0.50446523],
       [-0.50055699],
       [-0.50140075],
       [-0.50022082],
       [-0.50479696],
       [-0.50465469],
       [-0.0361874 ],
       [-0.50238005],
       [-0.03648071],
       [-0.49996185],
       [-0.03134004],
       [-0.50216138],
       [-0.50188112],
       [-0.52830457],
       [-0.50118415],
       [-0.50262346],
       [-0.49906824],
       [-0.49975464],
       [-0.50022543],
       [-0.49971585]])
array([[-12.38201438],
       [-11.27439472],
       [ -1.98917717],
       [-12.95923423],
       [  0.11698225],
       [ -1.68078149],
       [ -1.43057694],
       [-11.36778731],
       [-13.13822771],
       [-13.04399677],
       [-12.74013497],
       [-11.16194032],
       [-12.5261083 ],
       [ -0.64177405],
       [-13.20184579],
       [-12.40036972],
       [-11.10627874],
       [-12.48593498],
       [-13.08130884],
       [ -0.33294047],
       [-12.30584773],
       [-12.74866803],
       [-12.92237215],
       [-12.60354313],
       [-11.29597563],
       [-12.18703458],
       [ -1.32071656],
       [-13.07585009],
       [ -1.29267749],
       [-12.64729049],
       [ -1.33810691],
       [-13.10359441],
       [-13.13845844],
       [ -6.76774043],
       [-12.60585447],
       [-11.65318695],
       [-12.42724293],
       [-11.13794689],
       [-12.57703403],
       [-11.32659725]])
