<<<<<<<<<<< STEP 0 >>>>>>>>>>>> + array([[ -5.17833530e-01],
       [  5.70080166e-02],
       [  1.01471180e-01],
       [ -5.17385689e-01],
       [ -5.15514632e-01],
       [ -5.19416386e-01],
       [ -5.20131400e-01],
       [ -5.20177918e-01],
       [ -5.06113684e-01],
       [ -4.47297726e-01],
       [ -5.17328645e-01],
       [  1.92790194e-04],
       [ -5.17806253e-01],
       [ -5.16140820e-01],
       [ -5.10135095e-01],
       [ -5.17428097e-01],
       [ -5.31322378e-01],
       [ -5.17025431e-01],
       [ -5.16406975e-01],
       [ -5.20019962e-01],
       [ -5.15770460e-01],
       [ -5.14235395e-01],
       [ -5.17063058e-01],
       [ -5.14781300e-01],
       [ -5.08343077e-01],
       [ -5.15076897e-01],
       [ -5.25550621e-01],
       [ -5.17011791e-01],
       [ -4.31622865e-01],
       [ -4.57602667e-01],
       [ -5.04602050e-01]])
array([[-7.17907007],
       [ 0.5259955 ],
       [-0.58876803],
       [-7.21501824],
       [-7.53675037],
       [-8.12554363],
       [-8.05970667],
       [-8.05409074],
       [-5.67588319],
       [-4.83084172],
       [-7.62925523],
       [-0.68995609],
       [-7.63237771],
       [-7.39400867],
       [-6.52657085],
       [-7.49522716],
       [-5.95440678],
       [-7.23086571],
       [-7.38451423],
       [-6.23614622],
       [-7.3699264 ],
       [-6.83115267],
       [-7.59007709],
       [-7.26596798],
       [-6.9718443 ],
       [-7.51177536],
       [-6.03991582],
       [-7.83873044],
       [-4.05475952],
       [-4.93110179],
       [-6.68023119]])
<<<<<<<<<<< STEP 1 >>>>>>>>>>>> + array([[-0.5130704 ],
       [ 0.05277614],
       [ 0.1082314 ],
       [-0.51269139],
       [-0.50959031],
       [-0.51232817],
       [-0.51322981],
       [-0.51351406],
       [-0.50272139],
       [-0.4586334 ],
       [-0.51215601],
       [ 0.01117956],
       [-0.512435  ],
       [-0.51136579],
       [-0.50685381],
       [-0.51125301],
       [-0.52147342],
       [-0.51154408],
       [-0.51066141],
       [-0.51290698],
       [-0.51123188],
       [-0.51079809],
       [-0.51197524],
       [-0.51051549],
       [-0.50429338],
       [-0.50899242],
       [-0.51603216],
       [-0.51075609],
       [-0.44578835],
       [-0.46664527],
       [-0.50324049]])
array([[-7.69214047],
       [ 0.57877164],
       [-0.48053663],
       [-7.72770962],
       [-8.04634067],
       [-8.6378718 ],
       [-8.57293649],
       [-8.5676048 ],
       [-6.17860458],
       [-5.28947512],
       [-8.14141124],
       [-0.67877653],
       [-8.14481271],
       [-7.90537446],
       [-7.03342466],
       [-8.00648017],
       [-6.47588019],
       [-7.74240979],
       [-7.89517564],
       [-6.7490532 ],
       [-7.88115828],
       [-7.34195077],
       [-8.10205233],
       [-7.77648347],
       [-7.47613768],
       [-8.02076777],
       [-6.55594798],
       [-8.34948653],
       [-4.50054787],
       [-5.39774707],
       [-7.18347167]])
<<<<<<<<<<< STEP 2 >>>>>>>>>>>> + array([[-0.5096833 ],
       [ 0.04879446],
       [ 0.10993508],
       [-0.50936893],
       [-0.50588734],
       [-0.50783302],
       [-0.5087649 ],
       [-0.50914666],
       [-0.5010961 ],
       [-0.46942729],
       [-0.50865083],
       [ 0.01977346],
       [-0.50880752],
       [-0.50811731],
       [-0.50469609],
       [-0.50729719],
       [-0.5147323 ],
       [-0.5079298 ],
       [-0.5069469 ],
       [-0.50843214],
       [-0.50810348],
       [-0.50819939],
       [-0.50851571],
       [-0.5075794 ],
       [-0.50192656],
       [-0.50524124],
       [-0.50991862],
       [-0.50679863],
       [-0.45904669],
       [-0.47509833],
       [-0.50233177]])
array([[-8.20182377],
       [ 0.62756611],
       [-0.37060155],
       [-8.23707855],
       [-8.55222801],
       [-9.14570482],
       [-9.08170139],
       [-9.07675146],
       [-6.67970068],
       [-5.75890241],
       [-8.65006207],
       [-0.65900307],
       [-8.65362023],
       [-8.41349177],
       [-7.53812076],
       [-8.51377735],
       [-6.99061249],
       [-8.25033959],
       [-8.40212254],
       [-7.25748533],
       [-8.38926176],
       [-7.85015015],
       [-8.61056804],
       [-8.28406288],
       [-7.97806425],
       [-8.52600901],
       [-7.06586659],
       [-8.85628516],
       [-4.95959455],
       [-5.8728454 ],
       [-7.68580344]])
<<<<<<<<<<< STEP 3 >>>>>>>>>>>> + array([[-0.50722679],
       [ 0.04518845],
       [ 0.10845545],
       [-0.50697063],
       [-0.50359477],
       [-0.50499198],
       [-0.50586423],
       [-0.50626156],
       [-0.5003628 ],
       [-0.47832564],
       [-0.50623352],
       [ 0.02643422],
       [-0.50631728],
       [-0.50586709],
       [-0.50326363],
       [-0.50476572],
       [-0.51016313],
       [-0.50552094],
       [-0.50455398],
       [-0.50559949],
       [-0.50590559],
       [-0.50623687],
       [-0.50612316],
       [-0.50551926],
       [-0.50060809],
       [-0.50297039],
       [-0.50606577],
       [-0.50430376],
       [-0.47008154],
       [-0.48203312],
       [-0.50170328]])
array([[-8.70905056],
       [ 0.67275456],
       [-0.2621461 ],
       [-8.74404918],
       [-9.05582278],
       [-9.6506968 ],
       [-9.58756562],
       [-9.58301302],
       [-7.18006348],
       [-6.23722804],
       [-9.15629559],
       [-0.63256885],
       [-9.15993751],
       [-8.91935887],
       [-8.04138439],
       [-9.01854307],
       [-7.50077562],
       [-8.75586053],
       [-8.90667652],
       [-7.76308482],
       [-8.89516735],
       [-8.35638702],
       [-9.1166912 ],
       [-8.78958214],
       [-8.47867234],
       [-9.02897941],
       [-7.57193236],
       [-9.36058892],
       [-5.42967609],
       [-6.35487852],
       [-8.18750672]])
<<<<<<<<<<< STEP 4 >>>>>>>>>>>> + array([[-0.50541971],
       [ 0.04200358],
       [ 0.1050837 ],
       [-0.50521412],
       [-0.5021863 ],
       [-0.50319834],
       [-0.50396754],
       [-0.50433729],
       [-0.50005222],
       [-0.48502752],
       [-0.50453925],
       [ 0.03155954],
       [-0.50458093],
       [-0.50428292],
       [-0.50230067],
       [-0.50314238],
       [-0.50707199],
       [-0.50389504],
       [-0.50301218],
       [-0.5037839 ],
       [-0.50433733],
       [-0.50475384],
       [-0.50444363],
       [-0.50405089],
       [-0.49992172],
       [-0.50162148],
       [-0.50367277],
       [-0.50273342],
       [-0.47857438],
       [-0.48728417],
       [-0.50125663]])
array([[ -9.21447027],
       [  0.71475814],
       [ -0.1570624 ],
       [ -9.24926329],
       [ -9.55800909],
       [-10.15389514],
       [-10.09153316],
       [-10.0873503 ],
       [ -7.6801157 ],
       [ -6.72225556],
       [ -9.66083484],
       [ -0.60100931],
       [ -9.66451844],
       [ -9.42364179],
       [ -8.54368506],
       [ -9.52168545],
       [ -8.00784762],
       [ -9.25975557],
       [ -9.4096887 ],
       [ -8.26686873],
       [ -9.39950468],
       [ -8.86114086],
       [ -9.62113483],
       [ -9.29363303],
       [ -8.97859405],
       [ -9.53060089],
       [ -8.07560513],
       [ -9.86332235],
       [ -5.90825047],
       [ -6.84216269],
       [ -8.68876335]])
<<<<<<<<<<< STEP 5 >>>>>>>>>>>> + array([[-0.50407771],
       [ 0.03923482],
       [ 0.10067449],
       [-0.50391469],
       [-0.50132609],
       [-0.50206446],
       [-0.50271666],
       [-0.50303982],
       [-0.49993267],
       [-0.48979586],
       [-0.5033347 ],
       [ 0.0354759 ],
       [-0.503353  ],
       [-0.50315207],
       [-0.50164407],
       [-0.50209611],
       [-0.50497274],
       [-0.50278254],
       [-0.502015  ],
       [-0.50260173],
       [-0.50320477],
       [-0.50363105],
       [-0.5032496 ],
       [-0.50299145],
       [-0.49960295],
       [-0.50083674],
       [-0.50220327],
       [-0.50174463],
       [-0.48479326],
       [-0.4910723 ],
       [-0.50093318]])
array([[ -9.71854798],
       [  0.75399297],
       [ -0.05638791],
       [ -9.75317799],
       [-10.05933518],
       [-10.6559596 ],
       [-10.59424982],
       [-10.59039012],
       [ -8.18004837],
       [ -7.21205141],
       [-10.16416954],
       [ -0.56553341],
       [-10.16787144],
       [ -9.92679386],
       [ -9.04532913],
       [-10.02378156],
       [ -8.51282035],
       [ -9.76253811],
       [ -9.91170371],
       [ -8.76947045],
       [ -9.90270946],
       [ -9.36477191],
       [-10.12438443],
       [ -9.79662448],
       [ -9.478197  ],
       [-10.03143763],
       [ -8.5778084 ],
       [-10.36506698],
       [ -6.39304373],
       [ -7.33323499],
       [ -9.18969653]])
<<<<<<<<<<< STEP 6 >>>>>>>>>>>> + array([[-0.50307494],
       [ 0.03684875],
       [ 0.09577676],
       [-0.50294693],
       [-0.50080296],
       [-0.50134497],
       [-0.50188317],
       [-0.50215466],
       [-0.49989615],
       [-0.49307555],
       [-0.50246779],
       [ 0.03844052],
       [-0.50247368],
       [-0.5023354 ],
       [-0.50118965],
       [-0.50141647],
       [-0.5035358 ],
       [-0.50201067],
       [-0.50136548],
       [-0.5018187 ],
       [-0.50237929],
       [-0.50277882],
       [-0.50239168],
       [-0.50221986],
       [-0.49948886],
       [-0.50039147],
       [-0.50130906],
       [-0.50112061],
       [-0.48921832],
       [-0.49373302],
       [-0.50069605]])
array([[-10.22162292],
       [  0.79084171],
       [  0.03938884],
       [-10.25612492],
       [-10.56013814],
       [-11.15730457],
       [-11.096133  ],
       [-11.09254478],
       [ -8.67994452],
       [ -7.70512696],
       [-10.66663733],
       [ -0.52709289],
       [-10.67034513],
       [-10.42912926],
       [ -9.54651877],
       [-10.52519803],
       [ -9.01635615],
       [-10.26454878],
       [-10.41306919],
       [ -9.27128915],
       [-10.40508874],
       [ -9.86755073],
       [-10.62677611],
       [-10.29884434],
       [ -9.97768586],
       [-10.53182911],
       [ -9.07911747],
       [-10.86618759],
       [ -6.88226205],
       [ -7.82696801],
       [ -9.69039258]])
<<<<<<<<<<< STEP 7 >>>>>>>>>>>> + array([[-0.50232267],
       [ 0.03479943],
       [ 0.09073458],
       [-0.50222289],
       [-0.50048575],
       [-0.50088571],
       [-0.50132134],
       [-0.50154344],
       [-0.49989407],
       [-0.49529144],
       [-0.50183735],
       [ 0.04065118],
       [-0.5018371 ],
       [-0.50173988],
       [-0.50087046],
       [-0.50097048],
       [-0.50254188],
       [-0.5014678 ],
       [-0.50093821],
       [-0.50129092],
       [-0.5017733 ],
       [-0.50213022],
       [-0.50176976],
       [-0.50165383],
       [-0.49948214],
       [-0.50014705],
       [-0.50076915],
       [-0.50072523],
       [-0.49232449],
       [-0.49557975],
       [-0.50052082]])
array([[-10.72394558],
       [  0.82564115],
       [  0.13012342],
       [-10.7583478 ],
       [-11.06062389],
       [-11.65819028],
       [-11.59745433],
       [-11.59408822],
       [ -9.1798386 ],
       [ -8.20041839],
       [-11.16847468],
       [ -0.4864417 ],
       [-11.17218222],
       [-10.93086914],
       [-10.04738923],
       [-11.0261685 ],
       [ -9.51889803],
       [-10.76601658],
       [-10.91400739],
       [ -9.77258008],
       [-10.90686205],
       [-10.36968095],
       [-11.12854587],
       [-10.80049816],
       [-10.477168  ],
       [-11.03197616],
       [ -9.57988662],
       [-11.36691282],
       [ -7.37458654],
       [ -8.32254776],
       [-10.1909134 ]])
<<<<<<<<<<< STEP 8 >>>>>>>>>>>> + array([[-0.50175678],
       [ 0.03303856],
       [ 0.08575793],
       [-0.50167945],
       [-0.50029376],
       [-0.50059025],
       [-0.50093793],
       [-0.5011163 ],
       [-0.49990501],
       [-0.49677825],
       [-0.50137485],
       [ 0.04225893],
       [-0.5013719 ],
       [-0.50130215],
       [-0.50064307],
       [-0.50067427],
       [-0.50184628],
       [-0.50108105],
       [-0.50065374],
       [-0.50092904],
       [-0.50132595],
       [-0.50163534],
       [-0.50131555],
       [-0.5012362 ],
       [-0.49952655],
       [-0.50001933],
       [-0.50044557],
       [-0.50047336],
       [-0.49449755],
       [-0.49685876],
       [-0.50039066]])
array([[-11.22570237],
       [  0.85867971],
       [  0.21588135],
       [-11.26002726],
       [-11.56091765],
       [-12.15878053],
       [-12.09839227],
       [-12.09520451],
       [ -9.67974361],
       [ -8.69719665],
       [-11.66984953],
       [ -0.44418277],
       [-11.67355412],
       [-11.43217129],
       [-10.5480323 ],
       [-11.52684278],
       [-10.02074431],
       [-11.26709763],
       [-11.41466114],
       [-10.27350912],
       [-11.408188  ],
       [-10.87131628],
       [-11.62986142],
       [-11.30173436],
       [-10.97669455],
       [-11.53199549],
       [-10.08033219],
       [-11.86738618],
       [ -7.86908409],
       [ -8.81940652],
       [-10.69130405]])
<<<<<<<<<<< STEP 9 >>>>>>>>>>>> + array([[-0.50133029],
       [ 0.03152078],
       [ 0.08097003],
       [-0.50127062],
       [-0.50017768],
       [-0.50039836],
       [-0.500673  ],
       [-0.50081434],
       [-0.49991968],
       [-0.49777623],
       [-0.50103305],
       [ 0.04337998],
       [-0.50102923],
       [-0.50097825],
       [-0.50047897],
       [-0.50047492],
       [-0.50135354],
       [-0.50080227],
       [-0.50046178],
       [-0.5006768 ],
       [-0.5009942 ],
       [-0.50125689],
       [-0.50098175],
       [-0.50092664],
       [-0.49959082],
       [-0.49995793],
       [-0.5002532 ],
       [-0.50031184],
       [-0.49602259],
       [-0.49774809],
       [-0.50029362]])
array([[-11.72703266],
       [  0.89020049],
       [  0.29685137],
       [-11.76129788],
       [-12.06109533],
       [-12.65917889],
       [-12.59906527],
       [-12.59601885],
       [-10.17966328],
       [ -9.19497288],
       [-12.17088258],
       [ -0.40080279],
       [-12.17458336],
       [-11.93314954],
       [-11.04851128],
       [-12.02731769],
       [-10.52209785],
       [-11.7678999 ],
       [-11.91512292],
       [-10.77418592],
       [-11.9091822 ],
       [-11.37257317],
       [-12.13084316],
       [-11.802661  ],
       [-11.47628537],
       [-12.03195342],
       [-10.58058539],
       [-12.36769803],
       [ -8.36510668],
       [ -9.3171546 ],
       [-11.19159767]])
<<<<<<<<<<< STEP 10 >>>>>>>>>>>> + array([[-0.50100838],
       [ 0.03020609],
       [ 0.07643835],
       [-0.50096247],
       [-0.50010754],
       [-0.50027237],
       [-0.50048765],
       [-0.50059858],
       [-0.49993419],
       [-0.49844954],
       [-0.5007789 ],
       [ 0.04410512],
       [-0.50077511],
       [-0.50073724],
       [-0.50035917],
       [-0.50033885],
       [-0.50100042],
       [-0.50059919],
       [-0.50033039],
       [-0.50049824],
       [-0.50074725],
       [-0.50096693],
       [-0.50073511],
       [-0.5006963 ],
       [-0.49965843],
       [-0.49993315],
       [-0.50013992],
       [-0.50020748],
       [-0.49710032],
       [-0.4983711 ],
       [-0.50022108]])
array([[-12.22804104],
       [  0.92040658],
       [  0.37328972],
       [-12.26226035],
       [-12.56120287],
       [-13.15945126],
       [-13.09955292],
       [-13.09661743],
       [-10.67959747],
       [ -9.69342242],
       [-12.67166148],
       [ -0.35669767],
       [-12.67535846],
       [-12.43388678],
       [-11.54887044],
       [-12.52765654],
       [-11.02309828],
       [-12.26849909],
       [-12.41545331],
       [-11.27468416],
       [-12.40992945],
       [-11.8735401 ],
       [-12.63157827],
       [-12.30335731],
       [-11.9759438 ],
       [-12.53188657],
       [-11.0807253 ],
       [-12.86790551],
       [ -8.862207  ],
       [ -9.81552571],
       [-11.69181876]])
<<<<<<<<<<< STEP 11 >>>>>>>>>>>> + array([[-0.50076509],
       [ 0.02906034],
       [ 0.07219479],
       [-0.50072986],
       [-0.50006516],
       [-0.50018866],
       [-0.50035645],
       [-0.50044288],
       [-0.49994708],
       [-0.49890749],
       [-0.50058895],
       [ 0.04450666],
       [-0.50058557],
       [-0.50055708],
       [-0.50027082],
       [-0.50024464],
       [-0.50074461],
       [-0.50044989],
       [-0.50023916],
       [-0.50037006],
       [-0.50056283],
       [-0.50074442],
       [-0.50055204],
       [-0.50052435],
       [-0.49972135],
       [-0.49992772],
       [-0.50007404],
       [-0.50013947],
       [-0.49786874],
       [-0.49881162],
       [-0.50016674]])
array([[-12.72880613],
       [  0.94946691],
       [  0.44548451],
       [-12.76299021],
       [-13.06126803],
       [-13.65963992],
       [-13.59990937],
       [-13.59706031],
       [-11.17954455],
       [-10.19232991],
       [-13.17225043],
       [ -0.31219101],
       [-13.17594404],
       [-12.93444386],
       [-12.04914126],
       [-13.02790118],
       [-11.52384289],
       [-12.76894898],
       [-12.91569247],
       [-11.77505422],
       [-12.91049228],
       [-12.37428452],
       [-13.13213031],
       [-12.80388166],
       [-12.47566514],
       [-13.03181428],
       [-11.58079934],
       [-13.36804497],
       [ -9.36007575],
       [-10.31433733],
       [-12.19198549]])
<<<<<<<<<<< STEP 12 >>>>>>>>>>>> + array([[-0.50058102],
       [ 0.02805498],
       [ 0.06824885],
       [-0.50055404],
       [-0.50003953],
       [-0.50013234],
       [-0.50026255],
       [-0.50032954],
       [-0.49995794],
       [-0.49922208],
       [-0.50044638],
       [ 0.04464322],
       [-0.50044355],
       [-0.50042189],
       [-0.50020511],
       [-0.50017851],
       [-0.50055749],
       [-0.50033927],
       [-0.50017491],
       [-0.50027688],
       [-0.50042473],
       [-0.50057345],
       [-0.50041562],
       [-0.50039563],
       [-0.49977627],
       [-0.4999318 ],
       [-0.50003638],
       [-0.50009474],
       [-0.49842189],
       [-0.49912618],
       [-0.50012594]])
array([[-13.22938715],
       [  0.97752189],
       [  0.51373336],
       [-13.26354425],
       [-13.56130756],
       [-14.15977227],
       [-14.10017192],
       [-14.09738985],
       [-11.67950249],
       [-10.69155199],
       [-13.67269681],
       [ -0.2675478 ],
       [-13.67638759],
       [-13.43486574],
       [-12.54934637],
       [-13.52807969],
       [-12.02440038],
       [-13.26928825],
       [-13.41586737],
       [-12.2753311 ],
       [-13.41091701],
       [-12.87485798],
       [-13.63254594],
       [-13.30427728],
       [-12.97544141],
       [-13.53174609],
       [-12.08083571],
       [-13.86813971],
       [ -9.85849763],
       [-10.8134635 ],
       [-12.69211143]])
<<<<<<<<<<< STEP 13 >>>>>>>>>>>> + array([[-0.50044162],
       [ 0.02716638],
       [ 0.06459628],
       [-0.50042097],
       [-0.50002403],
       [-0.50009395],
       [-0.50019467],
       [-0.5002464 ],
       [-0.49996682],
       [-0.49944051],
       [-0.50033899],
       [ 0.04456303],
       [-0.5003367 ],
       [-0.5003201 ],
       [-0.50015589],
       [-0.50013147],
       [-0.50041945],
       [-0.50025676],
       [-0.50012906],
       [-0.50020842],
       [-0.50032106],
       [-0.50044196],
       [-0.50031361],
       [-0.50029902],
       [-0.49982239],
       [-0.49993995],
       [-0.50001537],
       [-0.50006503],
       [-0.49882382],
       [-0.49935299],
       [-0.50009526]])
array([[-13.72982877],
       [  1.00468827],
       [  0.57832963],
       [-13.76396522],
       [-14.06133159],
       [-14.65986622],
       [-14.60036659],
       [-14.59763625],
       [-12.17946931],
       [-11.1909925 ],
       [-14.1730358 ],
       [ -0.22298477],
       [-14.17672429],
       [-13.93518585],
       [-13.04950226],
       [-14.02821115],
       [-12.52481983],
       [-13.76954501],
       [-13.91599644],
       [-12.77553952],
       [-13.91123807],
       [-13.37529993],
       [-14.13285955],
       [-13.8045763 ],
       [-13.4752638 ],
       [-14.03168604],
       [-12.58085108],
       [-14.36820474],
       [-10.35732146],
       [-11.31281649],
       [-13.1922067 ]])
<<<<<<<<<<< STEP 14 >>>>>>>>>>>> + array([[-0.50033594],
       [ 0.02637507],
       [ 0.06122469],
       [-0.50032015],
       [-0.50001464],
       [-0.50006744],
       [-0.50014517],
       [-0.50018498],
       [-0.49997396],
       [-0.49959387],
       [-0.50025786],
       [ 0.04430625],
       [-0.50025606],
       [-0.50024327],
       [-0.50011881],
       [-0.50009759],
       [-0.50031687],
       [-0.50019488],
       [-0.50009596],
       [-0.50015764],
       [-0.50024307],
       [-0.50034074],
       [-0.50023711],
       [-0.50022636],
       [-0.49986017],
       [-0.49994924],
       [-0.50000408],
       [-0.5000451 ],
       [-0.49911846],
       [-0.49951802],
       [-0.50007216]])
array([[-14.23016472],
       [  1.03106334],
       [  0.63955432],
       [-14.26428537],
       [-14.56134622],
       [-15.15993365],
       [-15.10051176],
       [-15.09782123],
       [-12.67944326],
       [-11.69058637],
       [-14.67329367],
       [ -0.17867852],
       [-14.67698035],
       [-14.43542912],
       [-13.54962107],
       [-14.52830875],
       [-13.0251367 ],
       [-14.2697399 ],
       [-14.4160924 ],
       [-13.27569716],
       [-14.41148114],
       [-13.87564068],
       [-14.63309666],
       [-14.30480266],
       [-13.97512397],
       [-14.53163528],
       [-13.08085516],
       [-14.86824983],
       [-10.85643991],
       [-11.81233451],
       [-13.69227886]])
<<<<<<<<<<< STEP 15 >>>>>>>>>>>> + array([[-0.50025576],
       [ 0.02566508],
       [ 0.05811724],
       [-0.50024369],
       [-0.50000894],
       [-0.50004889],
       [-0.50010877],
       [-0.50013936],
       [-0.49997962],
       [-0.49970271],
       [-0.50019643],
       [ 0.04390657],
       [-0.50019503],
       [-0.50018513],
       [-0.50009075],
       [-0.50007293],
       [-0.50024018],
       [-0.50014826],
       [-0.5000718 ],
       [-0.50011969],
       [-0.50018429],
       [-0.50026278],
       [-0.50017958],
       [-0.5001716 ],
       [-0.49989059],
       [-0.49995821],
       [-0.49999839],
       [-0.50003158],
       [-0.49933614],
       [-0.49963909],
       [-0.50005473]])
array([[-14.73042048],
       [  1.05672842],
       [  0.69767156],
       [-14.76452906],
       [-15.06135516],
       [-15.65998254],
       [-15.60062053],
       [-15.59796059],
       [-13.17942288],
       [-12.19028908],
       [-15.17349009],
       [ -0.13477194],
       [-15.17717538],
       [-14.93561425],
       [-14.04971182],
       [-15.02838168],
       [-13.52537688],
       [-14.76988816],
       [-14.9161642 ],
       [-13.77581685],
       [-14.91166543],
       [-14.37590346],
       [-15.13327624],
       [-14.80497426],
       [-14.47501456],
       [-15.03159348],
       [-13.58085355],
       [-15.36828142],
       [-11.35577606],
       [-12.3119736 ],
       [-14.19233358]])
<<<<<<<<<<< STEP 16 >>>>>>>>>>>> + array([[-0.50019486],
       [ 0.02502326],
       [ 0.05525499],
       [-0.50018564],
       [-0.50000547],
       [-0.50003576],
       [-0.50008183],
       [-0.5001053 ],
       [-0.49998409],
       [-0.49978076],
       [-0.5001498 ],
       [ 0.04339235],
       [-0.50014873],
       [-0.50014106],
       [-0.50006943],
       [-0.50005481],
       [-0.50018254],
       [-0.50011301],
       [-0.500054  ],
       [-0.50009116],
       [-0.5001399 ],
       [-0.50020271],
       [-0.50013623],
       [-0.50013026],
       [-0.49991478],
       [-0.49996621],
       [-0.49999583],
       [-0.50002233],
       [-0.49949809],
       [-0.49972856],
       [-0.50004156]])
array([[-15.23061534],
       [  1.08175168],
       [  0.75292655],
       [-15.26471469],
       [-15.56136063],
       [-16.16001831],
       [-16.10070237],
       [-16.09806589],
       [-13.67940698],
       [-12.69006984],
       [-15.6736399 ],
       [ -0.09137959],
       [-15.67732411],
       [-15.43575531],
       [-14.54978125],
       [-15.52843649],
       [-14.02555942],
       [-15.27000117],
       [-15.4162182 ],
       [-14.27590801],
       [-15.41180533],
       [-14.87610616],
       [-15.63341247],
       [-15.30510451],
       [-14.97492934],
       [-15.53155969],
       [-14.08084938],
       [-15.86830375],
       [-11.85527415],
       [-12.81170216],
       [-14.69237514]])
<<<<<<<<<<< STEP 17 >>>>>>>>>>>> + array([[-0.50014857],
       [ 0.02443881],
       [ 0.05261844],
       [-0.50014153],
       [-0.50000336],
       [-0.50002637],
       [-0.50006178],
       [-0.50007976],
       [-0.4999876 ],
       [-0.49983726],
       [-0.50011436],
       [ 0.04278752],
       [-0.50011355],
       [-0.50010759],
       [-0.50005319],
       [-0.50004138],
       [-0.50013904],
       [-0.50008627],
       [-0.50004079],
       [-0.50006959],
       [-0.50010633],
       [-0.50015639],
       [-0.50010348],
       [-0.500099  ],
       [-0.49993384],
       [-0.49997302],
       [-0.49999499],
       [-0.50001593],
       [-0.49961928],
       [-0.4997951 ],
       [-0.50003159]])
array([[-15.73076391],
       [  1.10619048],
       [  0.80554498],
       [-15.76485622],
       [-16.06136398],
       [-16.66004467],
       [-16.60076415],
       [-16.59814564],
       [-14.17939457],
       [-13.1899071 ],
       [-16.17375426],
       [ -0.04859207],
       [-16.17743765],
       [-15.9358629 ],
       [-15.04983444],
       [-16.02847788],
       [-14.52569846],
       [-15.77008744],
       [-15.91625899],
       [-14.7759776 ],
       [-15.91191167],
       [-15.37626256],
       [-16.13351596],
       [-15.80520351],
       [-15.47486319],
       [-16.03153271],
       [-14.58084437],
       [-16.36831967],
       [-12.35489343],
       [-13.31149727],
       [-15.19240673]])
<<<<<<<<<<< STEP 18 >>>>>>>>>>>> + array([[-0.50011336],
       [ 0.02390283],
       [ 0.05018839],
       [-0.50010798],
       [-0.50000206],
       [-0.50001957],
       [-0.50004677],
       [-0.50006054],
       [-0.49999034],
       [-0.49987851],
       [-0.50008738],
       [ 0.04211226],
       [-0.50008677],
       [-0.50008213],
       [-0.50004079],
       [-0.50003136],
       [-0.5001061 ],
       [-0.50006594],
       [-0.50003092],
       [-0.50005322],
       [-0.50008091],
       [-0.50012068],
       [-0.50007871],
       [-0.50007532],
       [-0.49994878],
       [-0.49997866],
       [-0.49999504],
       [-0.50001145],
       [-0.49971042],
       [-0.49984485],
       [-0.50002404]])
array([[ -1.62308773e+01],
       [  1.13009331e+00],
       [  8.55733379e-01],
       [ -1.62649642e+01],
       [ -1.65613660e+01],
       [ -1.71600642e+01],
       [ -1.71008109e+01],
       [ -1.70982062e+01],
       [ -1.46793849e+01],
       [ -1.36897856e+01],
       [ -1.66738416e+01],
       [ -6.47980881e-03],
       [ -1.66775244e+01],
       [ -1.64359450e+01],
       [ -1.55498752e+01],
       [ -1.65285092e+01],
       [ -1.50258046e+01],
       [ -1.62701534e+01],
       [ -1.64162899e+01],
       [ -1.52760308e+01],
       [ -1.64119926e+01],
       [ -1.58763832e+01],
       [ -1.66335947e+01],
       [ -1.63052788e+01],
       [ -1.59748120e+01],
       [ -1.65315114e+01],
       [ -1.50808394e+01],
       [ -1.68683311e+01],
       [ -1.28546038e+01],
       [ -1.38113421e+01],
       [ -1.56924308e+01]])
<<<<<<<<<<< STEP 19 >>>>>>>>>>>> + array([[-0.50008655],
       [ 0.02340798],
       [ 0.04794659],
       [-0.50008244],
       [-0.50000127],
       [-0.50001461],
       [-0.5000355 ],
       [-0.50004603],
       [-0.49999248],
       [-0.49990887],
       [-0.50006682],
       [ 0.04138354],
       [-0.50006636],
       [-0.50006275],
       [-0.50003131],
       [-0.50002384],
       [-0.50008108],
       [-0.50005045],
       [-0.5000235 ],
       [-0.50004076],
       [-0.50006162],
       [-0.50009313],
       [-0.50005993],
       [-0.50005736],
       [-0.49996041],
       [-0.49998324],
       [-0.49999549],
       [-0.50000829],
       [-0.49977926],
       [-0.49988222],
       [-0.50001832]])
array([[-16.73096383],
       [  1.15350129],
       [  0.90367996],
       [-16.76504663],
       [-17.06136732],
       [-17.66007885],
       [-17.60084642],
       [-17.59825221],
       [-15.17937739],
       [-14.18969448],
       [-17.17390846],
       [  0.03490373],
       [-17.17759078],
       [-16.93600778],
       [-16.04990654],
       [-17.02853308],
       [-15.52588563],
       [-16.77020383],
       [-16.91631341],
       [-15.77607159],
       [-16.9120542 ],
       [-16.37647637],
       [-17.1336546 ],
       [-16.80533619],
       [-16.47477238],
       [-17.03149461],
       [-15.5808349 ],
       [-17.36833941],
       [-13.35438311],
       [-14.31122434],
       [-16.1924491 ]])
<<<<<<<<<<< STEP 20 >>>>>>>>>>>> + array([[-0.50006613],
       [ 0.02294819],
       [ 0.04587591],
       [-0.50006298],
       [-0.50000078],
       [-0.50001096],
       [-0.50002699],
       [-0.50003505],
       [-0.49999414],
       [-0.49993136],
       [-0.50005113],
       [ 0.0406156 ],
       [-0.50005078],
       [-0.50004798],
       [-0.50002404],
       [-0.50001817],
       [-0.50006203],
       [-0.50003863],
       [-0.5000179 ],
       [-0.50003126],
       [-0.50004698],
       [-0.50007188],
       [-0.50004569],
       [-0.50004373],
       [-0.49996945],
       [-0.4999869 ],
       [-0.49999611],
       [-0.50000605],
       [-0.49983142],
       [-0.4999104 ],
       [-0.50001397]])
array([[-17.23102996],
       [  1.17644949],
       [  0.94955587],
       [-17.26510961],
       [-17.5613681 ],
       [-18.1600898 ],
       [-18.10087341],
       [-18.09828726],
       [-15.67937153],
       [-14.68962583],
       [-17.67395959],
       [  0.07551933],
       [-17.67764156],
       [-17.43605576],
       [-16.54993058],
       [-17.52855125],
       [-16.02594766],
       [-17.27024247],
       [-17.4163313 ],
       [-16.27610284],
       [-17.41210118],
       [-16.87654825],
       [-17.63370029],
       [-17.30537992],
       [-16.97474183],
       [-17.5314815 ],
       [-16.08083101],
       [-17.86834546],
       [-13.85421452],
       [-14.81113474],
       [-16.69246307]])
<<<<<<<<<<< STEP 21 >>>>>>>>>>>> + array([[-0.50005055],
       [ 0.02251842],
       [ 0.0439606 ],
       [-0.50004815],
       [-0.50000048],
       [-0.50000825],
       [-0.50002056],
       [-0.50002673],
       [-0.49999544],
       [-0.49994811],
       [-0.50003915],
       [ 0.03982034],
       [-0.50003889],
       [-0.50003671],
       [-0.50001847],
       [-0.50001387],
       [-0.50004751],
       [-0.50002961],
       [-0.50001366],
       [-0.50002399],
       [-0.50003585],
       [-0.50005549],
       [-0.50003486],
       [-0.50003337],
       [-0.49997645],
       [-0.4999898 ],
       [-0.49999674],
       [-0.50000443],
       [-0.49987106],
       [-0.49993171],
       [-0.50001066]])
array([[-17.73108051],
       [  1.19896791],
       [  0.99351647],
       [-17.76515776],
       [-18.06136858],
       [-18.66009805],
       [-18.60089397],
       [-18.59831399],
       [-16.17936697],
       [-15.18957395],
       [-18.17399874],
       [  0.11533967],
       [-18.17768045],
       [-17.93609247],
       [-17.04994906],
       [-18.02856512],
       [-16.52599517],
       [-17.77027207],
       [-17.91634496],
       [-16.77612683],
       [-17.91213702],
       [-17.37660374],
       [-18.13373514],
       [-17.80541329],
       [-17.47471828],
       [-18.0314713 ],
       [-16.58082775],
       [-18.3683499 ],
       [-14.35408559],
       [-15.31106646],
       [-17.19247373]])
<<<<<<<<<<< STEP 22 >>>>>>>>>>>> + array([[-0.50003867],
       [ 0.0221145 ],
       [ 0.04218623],
       [-0.50003683],
       [-0.50000029],
       [-0.50000623],
       [-0.50001568],
       [-0.5000204 ],
       [-0.49999645],
       [-0.49996066],
       [-0.50002999],
       [ 0.03900763],
       [-0.5000298 ],
       [-0.5000281 ],
       [-0.5000142 ],
       [-0.50001061],
       [-0.50003641],
       [-0.5000227 ],
       [-0.50001043],
       [-0.50001842],
       [-0.50002737],
       [-0.50004283],
       [-0.50002662],
       [-0.50002548],
       [-0.49998186],
       [-0.49999208],
       [-0.49999733],
       [-0.50000327],
       [-0.49990126],
       [-0.49994788],
       [-0.50000815]])
array([[-18.23111918],
       [  1.22108241],
       [  1.03570271],
       [-18.26519458],
       [-18.56136888],
       [-19.16010429],
       [-19.10090965],
       [-19.09833439],
       [-16.67936342],
       [-15.68953461],
       [-18.67402873],
       [  0.1543473 ],
       [-18.67771024],
       [-18.43612057],
       [-17.54996325],
       [-18.52857573],
       [-17.02603158],
       [-18.27029477],
       [-18.41635539],
       [-17.27614525],
       [-18.4121644 ],
       [-17.87664657],
       [-18.63376176],
       [-18.30543877],
       [-17.97470013],
       [-18.53146338],
       [-17.08082508],
       [-18.86835317],
       [-14.85398685],
       [-15.81101433],
       [-17.69248188]])
<<<<<<<<<<< STEP 23 >>>>>>>>>>>> + array([[-0.5000296 ],
       [ 0.02173294],
       [ 0.04053973],
       [-0.50002819],
       [-0.50000018],
       [-0.50000472],
       [-0.50001198],
       [-0.50001559],
       [-0.49999724],
       [-0.4999701 ],
       [-0.50002298],
       [ 0.03818565],
       [-0.50002284],
       [-0.50002152],
       [-0.50001091],
       [-0.50000813],
       [-0.50002793],
       [-0.50001741],
       [-0.50000798],
       [-0.50001415],
       [-0.50002092],
       [-0.50003307],
       [-0.50002034],
       [-0.50001947],
       [-0.49998603],
       [-0.49999386],
       [-0.49999784],
       [-0.50000242],
       [-0.49992431],
       [-0.49996017],
       [-0.50000623]])
array([[-18.73114878],
       [  1.24281536],
       [  1.07624244],
       [-18.76522277],
       [-19.06136905],
       [-19.66010901],
       [-19.60092163],
       [-19.59834998],
       [-17.17936065],
       [-16.18950471],
       [-19.17405171],
       [  0.19253295],
       [-19.17773308],
       [-18.93614209],
       [-18.04997417],
       [-19.02858386],
       [-17.52605951],
       [-18.77031218],
       [-18.91636337],
       [-17.7761594 ],
       [-18.91218532],
       [-18.37667964],
       [-19.1337821 ],
       [-18.80545824],
       [-18.47468617],
       [-19.03145725],
       [-17.58082292],
       [-19.36835559],
       [-15.35391116],
       [-16.3109745 ],
       [-18.1924881 ]])
<<<<<<<<<<< STEP 24 >>>>>>>>>>>> + array([[-0.50002266],
       [ 0.02137085],
       [ 0.03900926],
       [-0.50002158],
       [-0.50000011],
       [-0.50000359],
       [-0.50000916],
       [-0.50001192],
       [-0.49999785],
       [-0.49997723],
       [-0.50001762],
       [ 0.03736107],
       [-0.50001752],
       [-0.50001649],
       [-0.50000839],
       [-0.50000623],
       [-0.50002143],
       [-0.50001336],
       [-0.50000611],
       [-0.50001088],
       [-0.500016  ],
       [-0.50002553],
       [-0.50001556],
       [-0.50001489],
       [-0.49998925],
       [-0.49999526],
       [-0.49999827],
       [-0.5000018 ],
       [-0.49994193],
       [-0.49996953],
       [-0.50000477]])
array([[-19.23117144],
       [  1.26418621],
       [  1.11525169],
       [-19.26524435],
       [-19.56136916],
       [-20.1601126 ],
       [-20.10093079],
       [-20.0983619 ],
       [-17.6793585 ],
       [-16.68948194],
       [-19.67406934],
       [  0.22989402],
       [-19.6777506 ],
       [-19.43615859],
       [-18.54998256],
       [-19.52859008],
       [-18.02608094],
       [-19.27032555],
       [-19.41636949],
       [-18.27617028],
       [-19.41220132],
       [-18.87670517],
       [-19.63379766],
       [-19.30547314],
       [-18.97467541],
       [-19.5314525 ],
       [-18.08082119],
       [-19.86835739],
       [-15.85385308],
       [-16.81094403],
       [-18.69249287]])
<<<<<<<<<<< STEP 25 >>>>>>>>>>>> + array([[-0.50001736],
       [ 0.0210258 ],
       [ 0.03758416],
       [-0.50001654],
       [-0.50000006],
       [-0.50000273],
       [-0.50000701],
       [-0.50000912],
       [-0.49999832],
       [-0.49998263],
       [-0.50001352],
       [ 0.03653935],
       [-0.50001344],
       [-0.50001265],
       [-0.50000646],
       [-0.50000478],
       [-0.50001646],
       [-0.50001026],
       [-0.50000468],
       [-0.50000836],
       [-0.50001224],
       [-0.50001971],
       [-0.50001191],
       [-0.5000114 ],
       [-0.49999173],
       [-0.49999634],
       [-0.49999863],
       [-0.50000134],
       [-0.49995541],
       [-0.49997666],
       [-0.50000365]])
array([[-19.73118881],
       [  1.285212  ],
       [  1.15283585],
       [-19.76526089],
       [-20.06136922],
       [-20.66011533],
       [-20.6009378 ],
       [-20.59837103],
       [-18.17935682],
       [-17.18946457],
       [-20.17408286],
       [  0.26643337],
       [-20.17776404],
       [-19.93617123],
       [-19.04998902],
       [-20.02859486],
       [-18.5260974 ],
       [-19.77033581],
       [-19.91637417],
       [-18.77617864],
       [-19.91221356],
       [-19.37672488],
       [-20.13380957],
       [-19.80548453],
       [-19.47466714],
       [-20.03144884],
       [-18.58081982],
       [-20.36835873],
       [-16.35380849],
       [-17.31092069],
       [-19.19249652]])
<<<<<<<<<<< STEP 26 >>>>>>>>>>>> + array([[-0.50001331],
       [ 0.02069575],
       [ 0.03625486],
       [-0.50001268],
       [-0.50000003],
       [-0.50000208],
       [-0.50000537],
       [-0.50000699],
       [-0.49999869],
       [-0.49998672],
       [-0.50001037],
       [ 0.03572489],
       [-0.50001031],
       [-0.5000097 ],
       [-0.50000497],
       [-0.50000367],
       [-0.50001264],
       [-0.50000788],
       [-0.50000359],
       [-0.50000643],
       [-0.50000938],
       [-0.50001522],
       [-0.50000912],
       [-0.50000873],
       [-0.49999363],
       [-0.49999717],
       [-0.49999892],
       [-0.50000101],
       [-0.49996575],
       [-0.49998212],
       [-0.5000028 ]])
array([[-20.23120212],
       [  1.30590776],
       [  1.18909071],
       [-20.26527356],
       [-20.56136926],
       [-21.16011742],
       [-21.10094317],
       [-21.09837802],
       [-18.67935551],
       [-17.68945129],
       [-20.67409323],
       [  0.30215825],
       [-20.67777435],
       [-20.43618093],
       [-19.54999398],
       [-20.52859853],
       [-19.02611004],
       [-20.27034369],
       [-20.41637776],
       [-19.27618508],
       [-20.41222294],
       [-19.8767401 ],
       [-20.63381869],
       [-20.30549326],
       [-19.97466077],
       [-20.53144601],
       [-19.08081874],
       [-20.86835974],
       [-16.85377424],
       [-17.81090281],
       [-19.69249931]])
<<<<<<<<<<< STEP 27 >>>>>>>>>>>> + array([[-0.50001021],
       [ 0.02037902],
       [ 0.03501274],
       [-0.50000972],
       [-0.50000002],
       [-0.50000159],
       [-0.50000411],
       [-0.50000535],
       [-0.49999898],
       [-0.49998984],
       [-0.50000796],
       [ 0.03492117],
       [-0.50000792],
       [-0.50000744],
       [-0.50000382],
       [-0.50000282],
       [-0.50000971],
       [-0.50000605],
       [-0.50000275],
       [-0.50000495],
       [-0.50000718],
       [-0.50001176],
       [-0.50000699],
       [-0.50000669],
       [-0.4999951 ],
       [-0.49999782],
       [-0.49999915],
       [-0.50000076],
       [-0.49997367],
       [-0.49998629],
       [-0.50000214]])
array([[-20.73121232],
       [  1.32628678],
       [  1.22410345],
       [-20.76528328],
       [-21.06136927],
       [-21.66011901],
       [-21.60094728],
       [-21.59838337],
       [-19.1793545 ],
       [-18.18944114],
       [-21.17410119],
       [  0.33707942],
       [-21.17778227],
       [-20.93618838],
       [-20.04999781],
       [-21.02860135],
       [-19.52611975],
       [-20.77034974],
       [-20.91638051],
       [-19.77619002],
       [-20.91223012],
       [-20.37675186],
       [-21.13382567],
       [-20.80549994],
       [-20.47465588],
       [-21.03144383],
       [-19.58081789],
       [-21.3683605 ],
       [-17.35374791],
       [-18.3108891 ],
       [-20.19250146]])
<<<<<<<<<<< STEP 28 >>>>>>>>>>>> + array([[-0.50000783],
       [ 0.02007417],
       [ 0.03385009],
       [-0.50000746],
       [-0.50000001],
       [-0.50000122],
       [-0.50000315],
       [-0.50000411],
       [-0.49999921],
       [-0.49999222],
       [-0.50000612],
       [ 0.03413095],
       [-0.50000608],
       [-0.50000571],
       [-0.50000294],
       [-0.50000217],
       [-0.50000747],
       [-0.50000465],
       [-0.50000211],
       [-0.50000381],
       [-0.50000551],
       [-0.50000908],
       [-0.50000536],
       [-0.50000512],
       [-0.49999623],
       [-0.49999832],
       [-0.49999934],
       [-0.50000057],
       [-0.49997975],
       [-0.49998948],
       [-0.50000164]])
array([[-21.23122015],
       [  1.34636094],
       [  1.25795354],
       [-21.26529074],
       [-21.56136928],
       [-22.16012022],
       [-22.10095043],
       [-22.09838748],
       [-19.6793537 ],
       [-18.68943336],
       [-21.67410731],
       [  0.37121038],
       [-21.67778835],
       [-21.43619409],
       [-20.55000075],
       [-21.52860352],
       [-20.02612722],
       [-21.27035439],
       [-21.41638263],
       [-20.27619383],
       [-21.41223563],
       [-20.87676094],
       [-21.63383103],
       [-21.30550507],
       [-20.97465211],
       [-21.53144215],
       [-20.08081723],
       [-21.86836106],
       [-17.85372766],
       [-18.81087857],
       [-20.6925031 ]])
<<<<<<<<<<< STEP 29 >>>>>>>>>>>> + array([[-0.50000601],
       [ 0.01977998],
       [ 0.03275999],
       [-0.50000572],
       [-0.5       ],
       [-0.50000093],
       [-0.50000242],
       [-0.50000315],
       [-0.49999938],
       [-0.49999403],
       [-0.5000047 ],
       [ 0.03335636],
       [-0.50000467],
       [-0.50000439],
       [-0.50000226],
       [-0.50000167],
       [-0.50000574],
       [-0.50000358],
       [-0.50000162],
       [-0.50000293],
       [-0.50000422],
       [-0.50000701],
       [-0.50000411],
       [-0.50000393],
       [-0.4999971 ],
       [-0.49999871],
       [-0.49999948],
       [-0.50000043],
       [-0.49998442],
       [-0.49999192],
       [-0.50000126]])
array([[-21.73122617],
       [  1.36614093],
       [  1.29071353],
       [-21.76529647],
       [-22.06136928],
       [-22.66012115],
       [-22.60095285],
       [-22.59839062],
       [-20.17935309],
       [-19.18942739],
       [-22.17411201],
       [  0.40456674],
       [-22.17779303],
       [-21.93619848],
       [-21.05000301],
       [-22.02860519],
       [-20.52613296],
       [-21.77035797],
       [-21.91638425],
       [-20.77619676],
       [-21.91223985],
       [-21.37676795],
       [-22.13383514],
       [-21.805509  ],
       [-21.47464921],
       [-22.03144086],
       [-20.58081672],
       [-22.36836149],
       [-18.35371209],
       [-19.31087049],
       [-21.19250436]])
<<<<<<<<<<< STEP 30 >>>>>>>>>>>> + array([[-0.50000462],
       [ 0.01949545],
       [ 0.0317362 ],
       [-0.5000044 ],
       [-0.5       ],
       [-0.50000071],
       [-0.50000186],
       [-0.50000242],
       [-0.49999952],
       [-0.49999542],
       [-0.50000361],
       [ 0.032599  ],
       [-0.50000359],
       [-0.50000337],
       [-0.50000174],
       [-0.50000128],
       [-0.50000441],
       [-0.50000275],
       [-0.50000125],
       [-0.50000225],
       [-0.50000324],
       [-0.50000542],
       [-0.50000315],
       [-0.50000302],
       [-0.49999777],
       [-0.499999  ],
       [-0.4999996 ],
       [-0.50000032],
       [-0.49998801],
       [-0.49999379],
       [-0.50000097]])
array([[-22.23123078],
       [  1.38563638],
       [  1.32244973],
       [-22.26530086],
       [-22.56136928],
       [-23.16012186],
       [-23.10095471],
       [-23.09839304],
       [-20.67935261],
       [-19.68942281],
       [-22.67411562],
       [  0.43716574],
       [-22.67779662],
       [-22.43620185],
       [-21.55000475],
       [-22.52860647],
       [-21.02613737],
       [-22.27036072],
       [-22.41638549],
       [-21.27619901],
       [-22.41224309],
       [-21.87677337],
       [-22.63383829],
       [-22.30551201],
       [-21.97464697],
       [-22.53143986],
       [-21.08081631],
       [-22.86836182],
       [-18.8537001 ],
       [-19.81086429],
       [-21.69250533]])
<<<<<<<<<<< STEP 31 >>>>>>>>>>>> + array([[-0.50000354],
       [ 0.01921971],
       [ 0.03077315],
       [-0.50000338],
       [-0.5       ],
       [-0.50000055],
       [-0.50000143],
       [-0.50000186],
       [-0.49999963],
       [-0.49999649],
       [-0.50000277],
       [ 0.03186003],
       [-0.50000276],
       [-0.50000259],
       [-0.50000134],
       [-0.50000099],
       [-0.5000034 ],
       [-0.50000211],
       [-0.50000096],
       [-0.50000174],
       [-0.50000249],
       [-0.50000418],
       [-0.50000242],
       [-0.50000232],
       [-0.49999828],
       [-0.49999923],
       [-0.49999969],
       [-0.50000025],
       [-0.49999077],
       [-0.49999523],
       [-0.50000074]])
array([[-22.73123433],
       [  1.40485608],
       [  1.35322288],
       [-22.76530424],
       [-23.06136927],
       [-23.66012241],
       [-23.60095614],
       [-23.5983949 ],
       [-21.17935223],
       [-20.1894193 ],
       [-23.17411839],
       [  0.46902578],
       [-23.17779938],
       [-22.93620444],
       [-22.05000609],
       [-23.02860745],
       [-21.52614077],
       [-22.77036283],
       [-22.91638645],
       [-21.77620075],
       [-22.91224558],
       [-22.37677755],
       [-23.13384071],
       [-22.80551433],
       [-22.47464526],
       [-23.03143909],
       [-21.580816  ],
       [-23.36836206],
       [-19.35369087],
       [-20.31085952],
       [-22.19250607]])
<<<<<<<<<<< STEP 32 >>>>>>>>>>>> + array([[-0.50000272],
       [ 0.01895202],
       [ 0.0298658 ],
       [-0.50000259],
       [-0.5       ],
       [-0.50000042],
       [-0.5000011 ],
       [-0.50000143],
       [-0.49999971],
       [-0.4999973 ],
       [-0.50000213],
       [ 0.03114027],
       [-0.50000212],
       [-0.50000199],
       [-0.50000103],
       [-0.50000076],
       [-0.50000261],
       [-0.50000163],
       [-0.50000074],
       [-0.50000134],
       [-0.50000191],
       [-0.50000323],
       [-0.50000186],
       [-0.50000178],
       [-0.49999868],
       [-0.49999941],
       [-0.49999976],
       [-0.50000019],
       [-0.49999289],
       [-0.49999633],
       [-0.50000057]])
array([[-23.23123705],
       [  1.4238081 ],
       [  1.38308868],
       [-23.26530683],
       [-23.56136927],
       [-24.16012283],
       [-24.10095723],
       [-24.09839632],
       [-21.67935194],
       [-20.6894166 ],
       [-23.67412052],
       [  0.50016605],
       [-23.6778015 ],
       [-23.43620643],
       [-22.55000713],
       [-23.52860821],
       [-22.02614338],
       [-23.27036446],
       [-23.41638719],
       [-22.27620209],
       [-23.41224749],
       [-22.87678078],
       [-23.63384257],
       [-23.30551611],
       [-22.97464393],
       [-23.5314385 ],
       [-22.08081576],
       [-23.86836225],
       [-19.85368376],
       [-20.81085586],
       [-22.69250665]])
<<<<<<<<<<< STEP 33 >>>>>>>>>>>> + array([[-0.50000209],
       [ 0.01869175],
       [ 0.02900965],
       [-0.50000199],
       [-0.5       ],
       [-0.50000032],
       [-0.50000084],
       [-0.50000109],
       [-0.49999977],
       [-0.49999792],
       [-0.50000164],
       [ 0.03044023],
       [-0.50000163],
       [-0.50000153],
       [-0.5000008 ],
       [-0.50000058],
       [-0.50000201],
       [-0.50000125],
       [-0.50000056],
       [-0.50000103],
       [-0.50000147],
       [-0.5000025 ],
       [-0.50000143],
       [-0.50000137],
       [-0.49999898],
       [-0.49999954],
       [-0.49999981],
       [-0.50000014],
       [-0.49999453],
       [-0.49999718],
       [-0.50000044]])
array([[-23.73123914],
       [  1.44249985],
       [  1.41209833],
       [-23.76530883],
       [-24.06136927],
       [-24.66012315],
       [-24.60095808],
       [-24.59839742],
       [-22.17935171],
       [-21.18941452],
       [-24.17412216],
       [  0.53060627],
       [-24.17780313],
       [-23.93620796],
       [-23.05000792],
       [-24.0286088 ],
       [-22.52614539],
       [-23.77036571],
       [-23.91638775],
       [-22.77620312],
       [-23.91224896],
       [-23.37678328],
       [-24.133844  ],
       [-23.80551747],
       [-23.47464292],
       [-24.03143804],
       [-22.58081557],
       [-24.36836239],
       [-20.35367829],
       [-21.31085304],
       [-23.19250709]])
<<<<<<<<<<< STEP 34 >>>>>>>>>>>> + array([[-0.50000161],
       [ 0.01843838],
       [ 0.02820062],
       [-0.50000153],
       [-0.5       ],
       [-0.50000025],
       [-0.50000065],
       [-0.50000084],
       [-0.49999982],
       [-0.4999984 ],
       [-0.50000126],
       [ 0.02976017],
       [-0.50000126],
       [-0.50000118],
       [-0.50000061],
       [-0.50000045],
       [-0.50000155],
       [-0.50000096],
       [-0.50000043],
       [-0.50000079],
       [-0.50000113],
       [-0.50000193],
       [-0.5000011 ],
       [-0.50000105],
       [-0.49999922],
       [-0.49999965],
       [-0.49999985],
       [-0.50000011],
       [-0.49999578],
       [-0.49999783],
       [-0.50000034]])
array([[-24.23124075],
       [  1.46093823],
       [  1.44029895],
       [-24.26531036],
       [-24.56136926],
       [-25.16012339],
       [-25.10095872],
       [-25.09839826],
       [-22.67935153],
       [-21.68941293],
       [-24.67412343],
       [  0.56036645],
       [-24.67780439],
       [-24.43620913],
       [-23.55000853],
       [-24.52860925],
       [-23.02614694],
       [-24.27036667],
       [-24.41638818],
       [-23.27620391],
       [-24.41225008],
       [-23.87678521],
       [-24.6338451 ],
       [-24.30551852],
       [-23.97464213],
       [-24.53143769],
       [-23.08081543],
       [-24.8683625 ],
       [-20.85367407],
       [-21.81085087],
       [-23.69250742]])
<<<<<<<<<<< STEP 35 >>>>>>>>>>>> + array([[-0.50000124],
       [ 0.01819143],
       [ 0.02743503],
       [-0.50000118],
       [-0.5       ],
       [-0.50000019],
       [-0.5000005 ],
       [-0.50000065],
       [-0.49999986],
       [-0.49999877],
       [-0.50000097],
       [ 0.02910019],
       [-0.50000097],
       [-0.50000091],
       [-0.50000047],
       [-0.50000035],
       [-0.50000119],
       [-0.50000074],
       [-0.50000033],
       [-0.50000061],
       [-0.50000087],
       [-0.50000149],
       [-0.50000084],
       [-0.50000081],
       [-0.4999994 ],
       [-0.49999973],
       [-0.49999989],
       [-0.50000008],
       [-0.49999675],
       [-0.49999833],
       [-0.50000026]])
array([[-24.73124199],
       [  1.47912966],
       [  1.46773398],
       [-24.76531154],
       [-25.06136926],
       [-25.66012358],
       [-25.60095922],
       [-25.59839891],
       [-23.1793514 ],
       [-22.1894117 ],
       [-25.1741244 ],
       [  0.58946664],
       [-25.17780536],
       [-24.93621004],
       [-24.05000901],
       [-25.02860959],
       [-23.52614813],
       [-24.77036741],
       [-24.91638852],
       [-23.77620452],
       [-24.91225095],
       [-24.3767867 ],
       [-25.13384594],
       [-24.80551933],
       [-24.47464153],
       [-25.03143742],
       [-23.58081531],
       [-25.36836258],
       [-21.35367082],
       [-22.3108492 ],
       [-24.19250768]])
<<<<<<<<<<< STEP 36 >>>>>>>>>>>> + array([[-0.50000095],
       [ 0.01795052],
       [ 0.02670956],
       [-0.50000091],
       [-0.5       ],
       [-0.50000015],
       [-0.50000038],
       [-0.5000005 ],
       [-0.49999989],
       [-0.49999905],
       [-0.50000075],
       [ 0.0284602 ],
       [-0.50000074],
       [-0.5000007 ],
       [-0.50000036],
       [-0.50000027],
       [-0.50000092],
       [-0.50000057],
       [-0.50000026],
       [-0.50000047],
       [-0.50000067],
       [-0.50000115],
       [-0.50000065],
       [-0.50000062],
       [-0.49999953],
       [-0.49999979],
       [-0.49999991],
       [-0.50000006],
       [-0.4999975 ],
       [-0.49999872],
       [-0.5000002 ]])
array([[-25.23124294],
       [  1.49708019],
       [  1.49444354],
       [-25.26531244],
       [-25.56136925],
       [-26.16012373],
       [-26.1009596 ],
       [-26.0983994 ],
       [-23.67935129],
       [-22.68941075],
       [-25.67412514],
       [  0.61792684],
       [-25.6778061 ],
       [-25.43621074],
       [-24.55000937],
       [-25.52860986],
       [-24.02614905],
       [-25.27036798],
       [-25.41638878],
       [-24.27620499],
       [-25.41225162],
       [-24.87678785],
       [-25.63384659],
       [-25.30551995],
       [-24.97464106],
       [-25.53143721],
       [-24.08081523],
       [-25.86836264],
       [-21.85366832],
       [-22.81084792],
       [-24.69250788]])
<<<<<<<<<<< STEP 37 >>>>>>>>>>>> + array([[-0.50000073],
       [ 0.0177153 ],
       [ 0.02602121],
       [-0.5000007 ],
       [-0.5       ],
       [-0.50000011],
       [-0.50000029],
       [-0.50000038],
       [-0.49999992],
       [-0.49999927],
       [-0.50000058],
       [ 0.02784001],
       [-0.50000057],
       [-0.50000054],
       [-0.50000028],
       [-0.50000021],
       [-0.50000071],
       [-0.50000044],
       [-0.5000002 ],
       [-0.50000036],
       [-0.50000051],
       [-0.50000089],
       [-0.5000005 ],
       [-0.50000048],
       [-0.49999964],
       [-0.49999984],
       [-0.49999993],
       [-0.50000005],
       [-0.49999807],
       [-0.49999901],
       [-0.50000015]])
array([[-25.73124368],
       [  1.51479548],
       [  1.52046475],
       [-25.76531314],
       [-26.06136925],
       [-26.66012384],
       [-26.6009599 ],
       [-26.59839979],
       [-24.1793512 ],
       [-23.18941002],
       [-26.17412572],
       [  0.64576685],
       [-26.17780667],
       [-25.93621127],
       [-25.05000965],
       [-26.02861007],
       [-24.52614976],
       [-25.77036842],
       [-25.91638897],
       [-24.77620535],
       [-25.91225213],
       [-25.37678874],
       [-26.13384709],
       [-25.80552043],
       [-25.4746407 ],
       [-26.03143705],
       [-24.58081516],
       [-26.36836269],
       [-22.35366639],
       [-23.31084693],
       [-25.19250804]])
<<<<<<<<<<< STEP 38 >>>>>>>>>>>> + array([[-0.50000056],
       [ 0.01748546],
       [ 0.02536726],
       [-0.50000054],
       [-0.5       ],
       [-0.50000009],
       [-0.50000023],
       [-0.50000029],
       [-0.49999993],
       [-0.49999944],
       [-0.50000044],
       [ 0.02723929],
       [-0.50000044],
       [-0.50000041],
       [-0.50000022],
       [-0.50000016],
       [-0.50000054],
       [-0.50000034],
       [-0.50000015],
       [-0.50000028],
       [-0.5000004 ],
       [-0.50000069],
       [-0.50000038],
       [-0.50000037],
       [-0.49999972],
       [-0.49999988],
       [-0.49999995],
       [-0.50000004],
       [-0.49999851],
       [-0.49999924],
       [-0.50000012]])
array([[-26.23124424],
       [  1.53228094],
       [  1.54583201],
       [-26.26531368],
       [-26.56136925],
       [-27.16012393],
       [-27.10096013],
       [-27.09840008],
       [-24.67935114],
       [-23.68940946],
       [-26.67412616],
       [  0.67300614],
       [-26.67780711],
       [-26.43621168],
       [-25.55000986],
       [-26.52861023],
       [-25.0261503 ],
       [-26.27036876],
       [-26.41638912],
       [-25.27620563],
       [-26.41225253],
       [-25.87678943],
       [-26.63384747],
       [-26.3055208 ],
       [-25.97464043],
       [-26.53143693],
       [-25.08081511],
       [-26.86836273],
       [-22.8536649 ],
       [-23.81084617],
       [-25.69250816]])
<<<<<<<<<<< STEP 39 >>>>>>>>>>>> + array([[-0.50000043],
       [ 0.01726074],
       [ 0.02474522],
       [-0.50000041],
       [-0.5       ],
       [-0.50000007],
       [-0.50000017],
       [-0.50000023],
       [-0.49999995],
       [-0.49999957],
       [-0.50000034],
       [ 0.02665769],
       [-0.50000034],
       [-0.50000032],
       [-0.50000017],
       [-0.50000012],
       [-0.50000042],
       [-0.50000026],
       [-0.50000012],
       [-0.50000021],
       [-0.5000003 ],
       [-0.50000053],
       [-0.5000003 ],
       [-0.50000028],
       [-0.49999979],
       [-0.4999999 ],
       [-0.49999996],
       [-0.50000003],
       [-0.49999885],
       [-0.49999941],
       [-0.50000009]])
array([[-26.73124468],
       [  1.54954169],
       [  1.57057723],
       [-26.76531409],
       [-27.06136924],
       [-27.66012399],
       [-27.6009603 ],
       [-27.59840031],
       [-25.17935109],
       [-24.18940903],
       [-27.1741265 ],
       [  0.69966383],
       [-27.17780745],
       [-26.936212  ],
       [-26.05001003],
       [-27.02861035],
       [-25.52615072],
       [-26.77036902],
       [-26.91638924],
       [-25.77620584],
       [-26.91225283],
       [-26.37678996],
       [-27.13384777],
       [-26.80552108],
       [-26.47464022],
       [-27.03143684],
       [-25.58081507],
       [-27.36836275],
       [-23.35366375],
       [-24.31084558],
       [-26.19250825]])
