<<<<<<<<<<< STEP 0 >>>>>>>>>>>> + array([[-0.50037766],
       [-0.09901872],
       [-0.5003596 ],
       [-0.50021653],
       [-0.50177007],
       [-0.49931565],
       [ 0.0013152 ],
       [-0.5037018 ],
       [-0.5015635 ],
       [-0.50018478],
       [-0.50369485],
       [ 0.00081776],
       [-0.02390453],
       [-0.00232922],
       [-0.50178449],
       [-0.5017005 ],
       [-0.01652625],
       [ 0.00108626],
       [-0.50163947],
       [-0.49875955],
       [-0.00959944],
       [-0.03835146],
       [-0.02446958],
       [-0.50165616],
       [-0.49990697],
       [-0.50003219],
       [-0.50358905],
       [-0.50029752],
       [-0.49942894],
       [-0.4996367 ],
       [-0.50155556],
       [-0.50167001],
       [-0.50030341],
       [-0.50366898],
       [-0.5001711 ],
       [-0.50124194],
       [-0.50167949],
       [-0.50010576],
       [-0.49976075],
       [-0.50417036]])
array([[-13.48684864],
       [ -2.66262955],
       [-13.5249984 ],
       [-13.43759998],
       [-13.61258419],
       [-11.81495177],
       [ -0.50579921],
       [-12.82009327],
       [-13.57503189],
       [-13.20475288],
       [-12.82332073],
       [ -0.36665056],
       [ -1.28724833],
       [ -0.49603889],
       [-13.67437241],
       [-13.88079646],
       [  0.69382323],
       [ -0.28838419],
       [-13.76942367],
       [-11.68929509],
       [ -0.91635341],
       [ -1.46327389],
       [ -1.23065435],
       [-13.74596395],
       [-13.09622913],
       [-14.58656115],
       [-12.80546993],
       [-13.52185492],
       [-11.76723134],
       [-13.25367685],
       [-13.79257103],
       [-13.84364569],
       [-13.34954414],
       [-12.84548791],
       [-13.34490256],
       [-13.71607955],
       [-13.90667821],
       [-13.41141734],
       [-11.93963398],
       [-11.69621107]])
<<<<<<<<<<< STEP 1 >>>>>>>>>>>> + array([[-0.50025989],
       [-0.10197129],
       [-0.50024339],
       [-0.5001419 ],
       [-0.5013889 ],
       [-0.49942839],
       [ 0.00172714],
       [-0.5029191 ],
       [-0.50122521],
       [-0.50012455],
       [-0.50291312],
       [ 0.000999  ],
       [-0.02386718],
       [-0.00199085],
       [-0.50139723],
       [-0.50131815],
       [-0.01807641],
       [ 0.00117438],
       [-0.50127846],
       [-0.49897177],
       [-0.0094688 ],
       [-0.03868576],
       [-0.02455043],
       [-0.50129316],
       [-0.49990417],
       [-0.49997874],
       [-0.50283037],
       [-0.50019785],
       [-0.49951764],
       [-0.49966972],
       [-0.50121247],
       [-0.50129562],
       [-0.50021422],
       [-0.50289039],
       [-0.50010748],
       [-0.50095384],
       [-0.50129935],
       [-0.50005504],
       [-0.49979502],
       [-0.50331193]])
array([[-13.98710853],
       [ -2.76460084],
       [-14.02524179],
       [-13.93774189],
       [-14.11397309],
       [-12.31438015],
       [ -0.50407207],
       [-13.32301237],
       [-14.0762571 ],
       [-13.70487742],
       [-13.32623384],
       [ -0.36565156],
       [ -1.31111551],
       [ -0.49802974],
       [-14.17576964],
       [-14.38211461],
       [  0.67574681],
       [ -0.28720981],
       [-14.27070213],
       [-12.18826686],
       [ -0.92582221],
       [ -1.50195964],
       [ -1.25520478],
       [-14.24725711],
       [-13.59613331],
       [-15.08653988],
       [-13.3083003 ],
       [-14.02205278],
       [-12.26674898],
       [-13.75334657],
       [-14.2937835 ],
       [-14.34494131],
       [-13.84975835],
       [-13.3483783 ],
       [-13.84501004],
       [-14.21703339],
       [-14.40797755],
       [-13.91147238],
       [-12.439429  ],
       [-12.19952299]])
<<<<<<<<<<< STEP 2 >>>>>>>>>>>> + array([[-0.50018076],
       [-0.10609819],
       [-0.5001676 ],
       [-0.50009485],
       [-0.50109345],
       [-0.49952562],
       [ 0.00204791],
       [-0.50230249],
       [-0.50096321],
       [-0.50008605],
       [-0.50229746],
       [ 0.00111884],
       [-0.02402154],
       [-0.00173014],
       [-0.50109793],
       [-0.50102638],
       [-0.01948485],
       [ 0.00122386],
       [-0.50100166],
       [-0.49915073],
       [-0.00946969],
       [-0.03924242],
       [-0.02479904],
       [-0.50101371],
       [-0.49991048],
       [-0.4999547 ],
       [-0.50223277],
       [-0.50013294],
       [-0.49959557],
       [-0.49971259],
       [-0.50094953],
       [-0.50100983],
       [-0.50015404],
       [-0.50227783],
       [-0.50006802],
       [-0.50073823],
       [-0.50101111],
       [-0.50002655],
       [-0.49982786],
       [-0.50263066]])
array([[-14.48728928],
       [ -2.87069903],
       [-14.52540939],
       [-14.43783674],
       [-14.61506655],
       [-12.81390577],
       [ -0.50202416],
       [-13.82531485],
       [-14.57722031],
       [-14.20496347],
       [-13.82853131],
       [ -0.36453272],
       [ -1.33513705],
       [ -0.49975988],
       [-14.67686757],
       [-14.883141  ],
       [  0.65626196],
       [ -0.28598595],
       [-14.7717038 ],
       [-12.68741759],
       [ -0.9352919 ],
       [ -1.54120206],
       [ -1.28000382],
       [-14.74827082],
       [-14.09604379],
       [-15.58649458],
       [-13.81053307],
       [-14.52218572],
       [-12.76634455],
       [-14.25305916],
       [-14.79473303],
       [-14.84595114],
       [-14.3499124 ],
       [-13.85065613],
       [-14.34507806],
       [-14.71777163],
       [-14.90898866],
       [-14.41149893],
       [-12.93925686],
       [-12.70215365]])
<<<<<<<<<<< STEP 3 >>>>>>>>>>>> + array([[-0.500127  ],
       [-0.11148574],
       [-0.5001174 ],
       [-0.50006479],
       [-0.50086292],
       [-0.49960873],
       [ 0.00229778],
       [-0.50181633],
       [-0.500759  ],
       [-0.500061  ],
       [-0.50181217],
       [ 0.00119223],
       [-0.02432838],
       [-0.00153094],
       [-0.50086501],
       [-0.50080198],
       [-0.02077478],
       [ 0.00124327],
       [-0.50078755],
       [-0.49930106],
       [-0.00957329],
       [-0.03998352],
       [-0.02518248],
       [-0.50079694],
       [-0.4999207 ],
       [-0.49994683],
       [-0.50176159],
       [-0.50009026],
       [-0.49966335],
       [-0.49975679],
       [-0.5007462 ],
       [-0.50078987],
       [-0.5001127 ],
       [-0.50179542],
       [-0.50004341],
       [-0.50057485],
       [-0.50079031],
       [-0.50001094],
       [-0.49985804],
       [-0.50208945]])
array([[-14.98741628],
       [ -2.98218477],
       [-15.02552679],
       [-14.93790153],
       [-15.11592947],
       [-13.31351451],
       [ -0.49972638],
       [-14.32713118],
       [-15.07797931],
       [-14.70502447],
       [-14.33034347],
       [ -0.36334049],
       [ -1.35946543],
       [ -0.50129082],
       [-15.17773258],
       [-15.38394298],
       [  0.63548718],
       [ -0.28474269],
       [-15.27249134],
       [-13.18671865],
       [ -0.94486518],
       [ -1.58118558],
       [ -1.30518629],
       [-15.24906776],
       [-14.59596449],
       [-16.08644141],
       [-14.31229466],
       [-15.02227598],
       [-13.2660079 ],
       [-14.75281595],
       [-15.29547923],
       [-15.34674101],
       [-14.8500251 ],
       [-14.35245155],
       [-14.84512147],
       [-15.21834648],
       [-15.40977897],
       [-14.91150987],
       [-13.4391149 ],
       [-13.2042431 ]])
<<<<<<<<<<< STEP 4 >>>>>>>>>>>> + array([[-0.50009011],
       [-0.11828177],
       [-0.5000836 ],
       [-0.50004527],
       [-0.50068208],
       [-0.49967928],
       [ 0.00249258],
       [-0.50143273],
       [-0.50059901],
       [-0.50004433],
       [-0.50142931],
       [ 0.0012314 ],
       [-0.024754  ],
       [-0.00138087],
       [-0.50068274],
       [-0.50062827],
       [-0.02195778],
       [ 0.00123947],
       [-0.50062072],
       [-0.49942693],
       [-0.00975539],
       [-0.04087638],
       [-0.02567241],
       [-0.50062778],
       [-0.49993202],
       [-0.49994741],
       [-0.50138979],
       [-0.50006193],
       [-0.4997218 ],
       [-0.49979811],
       [-0.5005878 ],
       [-0.50061943],
       [-0.50008377],
       [-0.50141516],
       [-0.50002796],
       [-0.50044972],
       [-0.50061971],
       [-0.50000269],
       [-0.49988499],
       [-0.50165911]])
array([[-15.48750639],
       [ -3.10046654],
       [-15.52561039],
       [-15.4379468 ],
       [-15.61661155],
       [-13.81319379],
       [ -0.4972338 ],
       [-14.82856391],
       [-15.57857832],
       [-15.2050688 ],
       [-14.83177279],
       [ -0.36210909],
       [ -1.38421943],
       [ -0.50267169],
       [-15.67841532],
       [-15.88457125],
       [  0.6135294 ],
       [ -0.28350322],
       [-15.77311206],
       [-13.68614558],
       [ -0.95462057],
       [ -1.62206196],
       [ -1.33085871],
       [-15.74969555],
       [-15.09589652],
       [-16.58638882],
       [-14.81368446],
       [-15.52233791],
       [-13.76572969],
       [-15.25261405],
       [-15.79606703],
       [-15.84736044],
       [-15.35010887],
       [-14.85386671],
       [-15.34514944],
       [-15.71879619],
       [-15.91039869],
       [-15.41151256],
       [-13.93899989],
       [-13.7059022 ]])
<<<<<<<<<<< STEP 5 >>>>>>>>>>>> + array([[-0.50006455],
       [-0.12670459],
       [-0.50006042],
       [-0.50003235],
       [-0.50053961],
       [-0.49973884],
       [ 0.00264466],
       [-0.50112985],
       [-0.50047314],
       [-0.50003297],
       [-0.50112706],
       [ 0.00124664],
       [-0.02526814],
       [-0.00127051],
       [-0.50053947],
       [-0.50049309],
       [-0.02303442],
       [ 0.00121805],
       [-0.50048998],
       [-0.49953204],
       [-0.00999492],
       [-0.04189134],
       [-0.02624328],
       [-0.50049511],
       [-0.49994299],
       [-0.49995204],
       [-0.50109619],
       [-0.50004294],
       [-0.49977186],
       [-0.49983473],
       [-0.50046367],
       [-0.50048662],
       [-0.50006314],
       [-0.50111519],
       [-0.50001819],
       [-0.50035303],
       [-0.50048699],
       [-0.49999857],
       [-0.4999086 ],
       [-0.50131666]])
array([[-15.98757095],
       [ -3.22717113],
       [-16.02567081],
       [-15.93797915],
       [-16.11715116],
       [-14.31293263],
       [ -0.49458913],
       [-15.32969375],
       [-16.07905147],
       [-15.70510177],
       [-15.33289985],
       [ -0.36086245],
       [ -1.40948757],
       [ -0.5039422 ],
       [-16.17895479],
       [-16.38506435],
       [  0.59049498],
       [ -0.28228517],
       [-16.27360205],
       [-14.18567762],
       [ -0.9646155 ],
       [ -1.66395329],
       [ -1.35710198],
       [-16.25019066],
       [-15.59583951],
       [-17.08634086],
       [-15.31478064],
       [-16.02238085],
       [-14.26550155],
       [-15.75244878],
       [-16.2965307 ],
       [-16.34784706],
       [-15.850172  ],
       [-15.3549819 ],
       [-15.84516763],
       [-16.21914923],
       [-16.41088568],
       [-15.91151112],
       [-14.4389085 ],
       [-14.20721886]])
<<<<<<<<<<< STEP 6 >>>>>>>>>>>> + array([[-0.5000467 ],
       [-0.13705474],
       [-0.50004424],
       [-0.50002361],
       [-0.50042697],
       [-0.49978889],
       [ 0.00276368],
       [-0.50089055],
       [-0.50037379],
       [-0.50002501],
       [-0.50088828],
       [ 0.00124697],
       [-0.02584185],
       [-0.00119283],
       [-0.50042645],
       [-0.50038744],
       [-0.02399388],
       [ 0.00118372],
       [-0.50038704],
       [-0.49961959],
       [-0.01027253],
       [-0.04299946],
       [-0.02687045],
       [-0.50039065],
       [-0.49995292],
       [-0.49995828],
       [-0.50086417],
       [-0.50003011],
       [-0.49981449],
       [-0.49986616],
       [-0.50036593],
       [-0.50038269],
       [-0.50004817],
       [-0.50087839],
       [-0.50001195],
       [-0.50027778],
       [-0.50038314],
       [-0.4999967 ],
       [-0.49992898],
       [-0.50104395]])
array([[-16.48761765],
       [ -3.36422587],
       [-16.52571505],
       [-16.43800276],
       [-16.61757813],
       [-14.81272153],
       [ -0.49182546],
       [-15.8305843 ],
       [-16.57942526],
       [-16.20512679],
       [-15.83378813],
       [ -0.35961548],
       [ -1.43532942],
       [ -0.50513503],
       [-16.67938124],
       [-16.88545179],
       [  0.5665011 ],
       [ -0.28110145],
       [-16.77398909],
       [-14.68529721],
       [ -0.97488803],
       [ -1.70695276],
       [ -1.38397243],
       [-16.75058131],
       [-16.09579243],
       [-17.58629914],
       [-15.81564482],
       [-16.52241096],
       [-14.76531604],
       [-16.25231495],
       [-16.79689662],
       [-16.84822975],
       [-16.35022017],
       [-15.85586029],
       [-16.34517958],
       [-16.71942701],
       [-16.91126881],
       [-16.41150783],
       [-14.93883748],
       [-14.70826281]])
<<<<<<<<<<< STEP 7 >>>>>>>>>>>> + array([[-0.50003414],
       [-0.14972831],
       [-0.50003273],
       [-0.50001755],
       [-0.50033767],
       [-0.4998308 ],
       [ 0.00285714],
       [-0.50070139],
       [-0.50029516],
       [-0.50001927],
       [-0.50069952],
       [ 0.00124069],
       [-0.02644535],
       [-0.00114277],
       [-0.50033702],
       [-0.50030458],
       [-0.02481279],
       [ 0.00114063],
       [-0.50030568],
       [-0.49969237],
       [-0.01056921],
       [-0.04417011],
       [-0.02752833],
       [-0.50030814],
       [-0.49996157],
       [-0.49996481],
       [-0.50068071],
       [-0.50002137],
       [-0.49985061],
       [-0.49989258],
       [-0.50028867],
       [-0.50030105],
       [-0.50003713],
       [-0.50069133],
       [-0.50000793],
       [-0.50021886],
       [-0.50030151],
       [-0.49999603],
       [-0.49994637],
       [-0.50082663]])
array([[-16.98765179],
       [ -3.51395418],
       [-17.02574777],
       [-16.93802031],
       [-17.1179158 ],
       [-15.31255233],
       [ -0.48896831],
       [-16.33128569],
       [-17.07972042],
       [-16.70514606],
       [-16.33448764],
       [ -0.3583748 ],
       [ -1.46177477],
       [ -0.5062778 ],
       [-17.17971826],
       [-17.38575637],
       [  0.54168831],
       [ -0.27996082],
       [-17.27429477],
       [-15.18498958],
       [ -0.98545724],
       [ -1.75112287],
       [ -1.41150076],
       [-17.25088944],
       [-16.595754  ],
       [-18.08626395],
       [-16.31632552],
       [-17.02243232],
       [-15.26516665],
       [-16.75220753],
       [-17.29718529],
       [-17.3485308 ],
       [-16.8502573 ],
       [-16.35655162],
       [-16.8451875 ],
       [-17.21964587],
       [-17.41157032],
       [-16.91150386],
       [-15.43878385],
       [-15.20908944]])
<<<<<<<<<<< STEP 8 >>>>>>>>>>>> + array([[-0.50002526],
       [-0.16522758],
       [-0.5000244 ],
       [-0.50001323],
       [-0.50026671],
       [-0.49986576],
       [ 0.00293094],
       [-0.50055176],
       [-0.50023278],
       [-0.50001502],
       [-0.50055021],
       [ 0.00123591],
       [-0.02704573],
       [-0.00111686],
       [-0.5002661 ],
       [-0.50023941],
       [-0.02545335],
       [ 0.00109262],
       [-0.50024118],
       [-0.49975275],
       [-0.01086493],
       [-0.04536818],
       [-0.02818828],
       [-0.50024279],
       [-0.49996893],
       [-0.49997096],
       [-0.50053554],
       [-0.50001537],
       [-0.49988108],
       [-0.49991447],
       [-0.50022741],
       [-0.50023673],
       [-0.50002886],
       [-0.50054347],
       [-0.50000531],
       [-0.50017251],
       [-0.50023711],
       [-0.49999594],
       [-0.49996108],
       [-0.50065334]])
array([[-17.48767705],
       [ -3.67918176],
       [-17.52577217],
       [-17.43803355],
       [-17.61818251],
       [-15.81241809],
       [ -0.48603737],
       [-16.83183745],
       [-17.5799532 ],
       [-17.20516108],
       [-16.83503785],
       [ -0.35713888],
       [ -1.4888205 ],
       [ -0.50739465],
       [-17.67998436],
       [-17.88599579],
       [  0.51623496],
       [ -0.2788682 ],
       [-17.77453595],
       [-15.68474233],
       [ -0.99632217],
       [ -1.79649106],
       [ -1.43968905],
       [-17.75113223],
       [-17.09572293],
       [-18.58623491],
       [-16.81686107],
       [-17.5224477 ],
       [-15.76504773],
       [-17.252122  ],
       [-17.79741271],
       [-17.84876753],
       [-17.35028616],
       [-16.85709509],
       [-17.34519281],
       [-17.71981839],
       [-17.91180742],
       [-17.4114998 ],
       [-15.93874493],
       [-15.70974278]])
<<<<<<<<<<< STEP 9 >>>>>>>>>>>> + array([[-0.50001896],
       [-0.18415937],
       [-0.50001827],
       [-0.50001008],
       [-0.50021023],
       [-0.49989486],
       [ 0.00298964],
       [-0.50043335],
       [-0.50018322],
       [-0.5000118 ],
       [-0.50043204],
       [ 0.00124103],
       [-0.02760464],
       [-0.00111303],
       [-0.50020974],
       [-0.50018804],
       [-0.02586116],
       [ 0.00104354],
       [-0.50018992],
       [-0.49980276],
       [-0.01113729],
       [-0.04655122],
       [-0.02881658],
       [-0.50019092],
       [-0.49997508],
       [-0.49997644],
       [-0.50042062],
       [-0.50001124],
       [-0.49990669],
       [-0.49993242],
       [-0.50017873],
       [-0.50018594],
       [-0.50002259],
       [-0.50042653],
       [-0.50000357],
       [-0.50013591],
       [-0.50018615],
       [-0.49999612],
       [-0.49997342],
       [-0.50051509]])
array([[-17.98769601],
       [ -3.86334113],
       [-18.02579044],
       [-17.93804363],
       [-18.11839274],
       [-16.31231295],
       [ -0.48304773],
       [-17.3322708 ],
       [-18.08013641],
       [-17.70517288],
       [-17.33546989],
       [ -0.35589785],
       [ -1.51642514],
       [ -0.50850768],
       [-18.1801941 ],
       [-18.38618382],
       [  0.4903738 ],
       [ -0.27782466],
       [-18.27472588],
       [-16.18454509],
       [ -1.00745946],
       [ -1.84304228],
       [ -1.46850563],
       [-18.25132315],
       [-17.59569802],
       [-19.08621135],
       [-17.31728169],
       [-18.02245894],
       [-16.26495443],
       [-17.75205442],
       [-18.29759144],
       [-18.34895347],
       [-17.85030875],
       [-17.35752161],
       [-17.84519638],
       [-18.21995429],
       [-18.41199357],
       [-17.91149592],
       [-16.43871836],
       [-16.21025787]])
<<<<<<<<<<< STEP 10 >>>>>>>>>>>> + array([[-0.50001447],
       [-0.20720084],
       [-0.50001371],
       [-0.50000773],
       [-0.50016521],
       [-0.499919  ],
       [ 0.00303684],
       [-0.50033959],
       [-0.50014378],
       [-0.50000929],
       [-0.50033847],
       [ 0.00126501],
       [-0.02807627],
       [-0.00113039],
       [-0.50016489],
       [-0.50014746],
       [-0.02596378],
       [ 0.00099738],
       [-0.50014911],
       [-0.49984412],
       [-0.01136046],
       [-0.04766677],
       [-0.02937253],
       [-0.5001497 ],
       [-0.49998017],
       [-0.49998117],
       [-0.50032959],
       [-0.50000839],
       [-0.49992813],
       [-0.49994704],
       [-0.50013997],
       [-0.50014575],
       [-0.50001778],
       [-0.50033399],
       [-0.50000242],
       [-0.50010691],
       [-0.50014574],
       [-0.49999638],
       [-0.49998369],
       [-0.50040473]])
array([[-18.48771048],
       [ -4.07054197],
       [-18.52580415],
       [-18.43805136],
       [-18.61855795],
       [-16.81223196],
       [ -0.48001089],
       [-17.83261039],
       [-18.58028019],
       [-18.20518217],
       [-17.83580837],
       [ -0.35463283],
       [ -1.54450141],
       [ -0.50963807],
       [-18.68035899],
       [-18.88633128],
       [  0.46441003],
       [ -0.27682729],
       [-18.77487499],
       [-16.68438921],
       [ -1.01881992],
       [ -1.89070905],
       [ -1.49787816],
       [-18.75147285],
       [-18.09567819],
       [-19.58619253],
       [-17.81761128],
       [-18.52246732],
       [-16.76488256],
       [-18.25200147],
       [-18.79773141],
       [-18.84909923],
       [-18.35032653],
       [-17.8578556 ],
       [-18.3451988 ],
       [-18.7200612 ],
       [-18.91213931],
       [-18.4114923 ],
       [-16.93870205],
       [-16.7106626 ]])
<<<<<<<<<<< STEP 11 >>>>>>>>>>>> + array([[-0.50001127],
       [-0.23499589],
       [-0.50001026],
       [-0.50000593],
       [-0.50012928],
       [-0.49993895],
       [ 0.00307534],
       [-0.50026535],
       [-0.50011237],
       [-0.50000731],
       [-0.50026436],
       [ 0.0013174 ],
       [-0.0284066 ],
       [-0.00116896],
       [-0.50012916],
       [-0.50011536],
       [-0.02567208],
       [ 0.00095838],
       [-0.50011658],
       [-0.49987823],
       [-0.01150477],
       [-0.04865096],
       [-0.02980774],
       [-0.50011689],
       [-0.49998434],
       [-0.49998516],
       [-0.50025748],
       [-0.50000641],
       [-0.49994599],
       [-0.49995888],
       [-0.50010907],
       [-0.50011391],
       [-0.50001406],
       [-0.50026075],
       [-0.50000163],
       [-0.50008388],
       [-0.50011364],
       [-0.49999665],
       [-0.49999215],
       [-0.50031663]])
array([[-18.98772175],
       [ -4.30553786],
       [-19.02581441],
       [-18.93805729],
       [-19.11868723],
       [-17.31217091],
       [ -0.47693555],
       [-18.33287573],
       [-19.08039256],
       [-18.70518948],
       [-18.33607273],
       [ -0.35331543],
       [ -1.57290801],
       [ -0.51080703],
       [-19.18048815],
       [-19.38644665],
       [  0.43873795],
       [ -0.27586891],
       [-19.27499157],
       [-17.18426744],
       [ -1.03032469],
       [ -1.93936001],
       [ -1.52768589],
       [-19.25158974],
       [-18.59566253],
       [-20.08617769],
       [-18.31786876],
       [-19.02247373],
       [-17.26482854],
       [-18.75196035],
       [-19.29784048],
       [-19.34921314],
       [-18.85034059],
       [-18.35811636],
       [-18.84520043],
       [-19.22014508],
       [-19.41225295],
       [-18.91148895],
       [-17.4386942 ],
       [-17.21097922]])
<<<<<<<<<<< STEP 12 >>>>>>>>>>>> + array([[-0.50000898],
       [-0.26792924],
       [-0.50000764],
       [-0.50000454],
       [-0.50010062],
       [-0.49995533],
       [ 0.00310738],
       [-0.50020656],
       [-0.50008736],
       [-0.50000573],
       [-0.50020568],
       [ 0.00140772],
       [-0.02853565],
       [-0.00122939],
       [-0.5001007 ],
       [-0.50008997],
       [-0.02488821],
       [ 0.00093085],
       [-0.50009064],
       [-0.49990626],
       [-0.01153804],
       [-0.04943057],
       [-0.03006804],
       [-0.50009079],
       [-0.49998774],
       [-0.49998847],
       [-0.50020036],
       [-0.50000503],
       [-0.49996075],
       [-0.49996841],
       [-0.50008444],
       [-0.50008868],
       [-0.50001115],
       [-0.5002028 ],
       [-0.5000011 ],
       [-0.50006558],
       [-0.50008814],
       [-0.4999969 ],
       [-0.499999  ],
       [-0.50024634]])
array([[-19.48773072],
       [ -4.5734671 ],
       [-19.52582205],
       [-19.43806184],
       [-19.61878785],
       [-17.81212624],
       [ -0.47382816],
       [-18.8330823 ],
       [-19.58047991],
       [-19.20519522],
       [-18.83627841],
       [ -0.35190771],
       [ -1.60144366],
       [ -0.51203643],
       [-19.68058884],
       [-19.88653661],
       [  0.41384974],
       [ -0.27493806],
       [-19.77508221],
       [-17.6841737 ],
       [ -1.04186272],
       [ -1.98879058],
       [ -1.55775394],
       [-19.75168053],
       [-19.09565026],
       [-20.58616617],
       [-18.81806912],
       [-19.52247876],
       [-17.76478929],
       [-19.25192875],
       [-19.79792492],
       [-19.84930182],
       [-19.35035174],
       [-18.85831916],
       [-19.34520153],
       [-19.72021066],
       [-19.91234109],
       [-19.41148585],
       [-17.9386932 ],
       [-17.71122556]])
<<<<<<<<<<< STEP 13 >>>>>>>>>>>> + array([[-0.50000732],
       [-0.30573581],
       [-0.50000563],
       [-0.50000345],
       [-0.5000778 ],
       [-0.49996863],
       [ 0.00313474],
       [-0.50016009],
       [-0.50006747],
       [-0.50000446],
       [-0.50015928],
       [ 0.00154393],
       [-0.02840527],
       [-0.00131235],
       [-0.50007805],
       [-0.50006988],
       [-0.02352501],
       [ 0.00091866],
       [-0.50007   ],
       [-0.49992912],
       [-0.01142983],
       [-0.04993168],
       [-0.03010045],
       [-0.50007005],
       [-0.49999048],
       [-0.49999118],
       [-0.50015518],
       [-0.50000406],
       [-0.49997279],
       [-0.49997603],
       [-0.50006486],
       [-0.50006869],
       [-0.50000887],
       [-0.50015701],
       [-0.50000073],
       [-0.50005103],
       [-0.5000679 ],
       [-0.49999712],
       [-0.5000044 ],
       [-0.50019038]])
array([[-19.98773804],
       [ -4.87920292],
       [-20.02582768],
       [-19.93806529],
       [-20.11886566],
       [-18.31209487],
       [ -0.47069342],
       [-19.33324239],
       [-20.08054739],
       [-19.70519968],
       [-19.3364377 ],
       [ -0.35036378],
       [ -1.62984893],
       [ -0.51334877],
       [-20.18066689],
       [-20.38660649],
       [  0.39032473],
       [ -0.2740194 ],
       [-20.2751522 ],
       [-18.18410281],
       [ -1.05329256],
       [ -2.03872226],
       [ -1.58785438],
       [-20.25175058],
       [-19.59564075],
       [-21.08615735],
       [-19.31822429],
       [-20.02248282],
       [-18.26476208],
       [-19.75190478],
       [-20.29798978],
       [-20.34937051],
       [-19.85036061],
       [-19.35847617],
       [-19.84520225],
       [-20.22026169],
       [-20.41240899],
       [-19.91148297],
       [-18.4386976 ],
       [-18.21141595]])
<<<<<<<<<<< STEP 14 >>>>>>>>>>>> + array([[-0.5000061 ],
       [-0.34700456],
       [-0.5000041 ],
       [-0.50000259],
       [-0.50005971],
       [-0.49997921],
       [ 0.00315887],
       [-0.50012346],
       [-0.50005174],
       [-0.50000344],
       [-0.50012271],
       [ 0.00172961],
       [-0.02797472],
       [-0.00141765],
       [-0.5000601 ],
       [-0.50005403],
       [-0.02154009],
       [ 0.00092409],
       [-0.50005364],
       [-0.49994753],
       [-0.01115995],
       [-0.05009804],
       [-0.02986717],
       [-0.50005365],
       [-0.49999268],
       [-0.49999336],
       [-0.50011956],
       [-0.50000336],
       [-0.49998239],
       [-0.49998207],
       [-0.50004936],
       [-0.50005291],
       [-0.50000706],
       [-0.50012094],
       [-0.50000047],
       [-0.5000395 ],
       [-0.50005192],
       [-0.49999732],
       [-0.50000843],
       [-0.50014605]])
array([[-20.48774414],
       [ -5.22620748],
       [-20.52583178],
       [-20.43806788],
       [-20.61892537],
       [-18.81207408],
       [ -0.46753455],
       [-19.83336585],
       [-20.58059913],
       [-20.20520312],
       [-19.83656041],
       [ -0.34863416],
       [ -1.65782365],
       [ -0.51476642],
       [-20.680727  ],
       [-20.88666051],
       [  0.36878465],
       [ -0.27309531],
       [-20.77520584],
       [-18.68405034],
       [ -1.06445251],
       [ -2.08882031],
       [ -1.61772155],
       [-20.75180423],
       [-20.09563343],
       [-21.58615071],
       [-19.81834385],
       [-20.52248618],
       [-18.76474447],
       [-20.25188685],
       [-20.79803914],
       [-20.84942342],
       [-20.35036767],
       [-19.8585971 ],
       [-20.34520272],
       [-20.72030119],
       [-20.91246091],
       [-20.41148028],
       [-18.93870602],
       [-18.711562  ]])
<<<<<<<<<<< STEP 15 >>>>>>>>>>>> + array([[-0.50000516],
       [-0.3888763 ],
       [-0.50000294],
       [-0.50000192],
       [-0.50004548],
       [-0.49998735],
       [ 0.00318091],
       [-0.50009475],
       [-0.50003938],
       [-0.50000263],
       [-0.50009406],
       [ 0.00196062],
       [-0.02724226],
       [-0.00154324],
       [-0.50004599],
       [-0.50004158],
       [-0.01897767],
       [ 0.00094653],
       [-0.50004078],
       [-0.49996205],
       [-0.01072986],
       [-0.04991748],
       [-0.02936515],
       [-0.50004079],
       [-0.49999443],
       [-0.49999508],
       [-0.50009164],
       [-0.50000284],
       [-0.49998978],
       [-0.49998678],
       [-0.50003722],
       [-0.50004053],
       [-0.50000563],
       [-0.50009268],
       [-0.50000029],
       [-0.50003042],
       [-0.50003939],
       [-0.49999751],
       [-0.50001116],
       [-0.50011121]])
array([[-20.9877493 ],
       [ -5.61508378],
       [-21.02583472],
       [-20.93806981],
       [-21.11897085],
       [-19.31206143],
       [ -0.46435365],
       [-20.33346059],
       [-21.08063851],
       [-20.70520575],
       [-20.33665447],
       [ -0.34667354],
       [ -1.68506591],
       [ -0.51630966],
       [-21.18077298],
       [-21.3867021 ],
       [  0.34980698],
       [ -0.27214877],
       [-21.27524663],
       [-19.18401239],
       [ -1.07518236],
       [ -2.13873779],
       [ -1.6470867 ],
       [-21.25184502],
       [-20.59562786],
       [-22.08614579],
       [-20.3184355 ],
       [-21.02248903],
       [-19.26473425],
       [-20.75187363],
       [-21.29807636],
       [-21.34946396],
       [-20.8503733 ],
       [-20.35868979],
       [-20.84520301],
       [-21.22033161],
       [-21.4125003 ],
       [-20.91147779],
       [-19.43871718],
       [-19.2116732 ]])
<<<<<<<<<<< STEP 16 >>>>>>>>>>>> + array([[-0.50000439],
       [-0.4274536 ],
       [-0.50000207],
       [-0.50000141],
       [-0.50003443],
       [-0.49999332],
       [ 0.00320163],
       [-0.50007243],
       [-0.5000298 ],
       [-0.50000199],
       [-0.50007179],
       [ 0.00222314],
       [-0.02626248],
       [-0.00168448],
       [-0.500035  ],
       [-0.50003189],
       [-0.01599422],
       [ 0.00098147],
       [-0.50003081],
       [-0.49997318],
       [-0.01017176],
       [-0.04944462],
       [-0.02864204],
       [-0.50003081],
       [-0.49999579],
       [-0.49999642],
       [-0.50006995],
       [-0.50000242],
       [-0.49999517],
       [-0.49999039],
       [-0.50002783],
       [-0.50003091],
       [-0.50000449],
       [-0.50007074],
       [-0.50000017],
       [-0.50002332],
       [-0.50002969],
       [-0.49999772],
       [-0.50001267],
       [-0.50008415]])
array([[-21.48775369],
       [ -6.04253737],
       [-21.52583679],
       [-21.43807122],
       [-21.61900529],
       [-19.81205475],
       [ -0.46115201],
       [-20.83353302],
       [-21.58066831],
       [-21.20520774],
       [-20.83672626],
       [ -0.3444504 ],
       [ -1.71132839],
       [ -0.51799415],
       [-21.68080798],
       [-21.88673399],
       [  0.33381276],
       [ -0.27116731],
       [-21.77527743],
       [-19.68398557],
       [ -1.08535412],
       [ -2.18818241],
       [ -1.67572874],
       [-21.75187583],
       [-21.09562365],
       [-22.58614221],
       [-20.81850545],
       [-21.52249145],
       [-19.76472942],
       [-21.25186402],
       [-21.79810419],
       [-21.84949486],
       [-21.35037779],
       [-20.85876053],
       [-21.34520319],
       [-21.72035493],
       [-21.91252999],
       [-21.41147552],
       [-19.93872985],
       [-19.71175736]])
<<<<<<<<<<< STEP 17 >>>>>>>>>>>> + array([[-0.50000374],
       [-0.4591306 ],
       [-0.50000144],
       [-0.50000103],
       [-0.50002597],
       [-0.49999741],
       [ 0.00322139],
       [-0.50005524],
       [-0.50002246],
       [-0.5000015 ],
       [-0.50005467],
       [ 0.00249569],
       [-0.02514323],
       [-0.00183451],
       [-0.50002655],
       [-0.50002441],
       [-0.01283678],
       [ 0.00102105],
       [-0.50002318],
       [-0.49998141],
       [-0.00954645],
       [-0.0488001 ],
       [-0.02779381],
       [-0.50002319],
       [-0.49999683],
       [-0.49999742],
       [-0.50005327],
       [-0.50000206],
       [-0.4999988 ],
       [-0.49999309],
       [-0.50002071],
       [-0.50002351],
       [-0.50000358],
       [-0.50005387],
       [-0.50000009],
       [-0.50001785],
       [-0.50002229],
       [-0.49999795],
       [-0.5000131 ],
       [-0.50006345]])
array([[-21.98775742],
       [ -6.50166797],
       [-22.02583823],
       [-21.93807224],
       [-22.11903126],
       [-20.31205215],
       [ -0.45793063],
       [-21.33358826],
       [-22.08069077],
       [-21.70520924],
       [-21.33678092],
       [ -0.34195471],
       [ -1.73647162],
       [ -0.51982866],
       [-22.18083453],
       [-22.38675839],
       [  0.32097598],
       [ -0.27014625],
       [-22.27530062],
       [-20.18396698],
       [ -1.09490058],
       [ -2.23698251],
       [ -1.70352256],
       [-22.25189902],
       [-21.59562048],
       [-23.08613963],
       [-21.31855872],
       [-22.02249352],
       [-20.26472822],
       [-21.75185711],
       [-22.2981249 ],
       [-22.34951837],
       [-21.85038137],
       [-21.3588144 ],
       [-21.84520328],
       [-22.22037278],
       [-22.41255229],
       [-21.91147347],
       [-20.43874295],
       [-20.21182081]])
<<<<<<<<<<< STEP 18 >>>>>>>>>>>> + array([[-0.50000315],
       [-0.48208106],
       [-0.50000099],
       [-0.50000075],
       [-0.50001959],
       [-0.49999997],
       [ 0.00324007],
       [-0.50004214],
       [-0.50001692],
       [-0.50000113],
       [-0.50004162],
       [ 0.00275539],
       [-0.0240154 ],
       [-0.00198594],
       [-0.50002015],
       [-0.50001868],
       [-0.00977049],
       [ 0.00105642],
       [-0.50001744],
       [-0.49998727],
       [-0.00892655],
       [-0.04813691],
       [-0.02693796],
       [-0.50001745],
       [-0.49999762],
       [-0.49999815],
       [-0.50004056],
       [-0.50000174],
       [-0.50000101],
       [-0.49999506],
       [-0.50001539],
       [-0.50001788],
       [-0.50000285],
       [-0.50004102],
       [-0.50000005],
       [-0.50001366],
       [-0.50001673],
       [-0.49999819],
       [-0.50001268],
       [-0.50004782]])
array([[-22.48776057],
       [ -6.98374903],
       [-22.52583923],
       [-22.43807299],
       [-22.61905084],
       [-20.81205212],
       [ -0.45469055],
       [-21.8336304 ],
       [-22.58070769],
       [-22.20521037],
       [-21.83682254],
       [ -0.33919932],
       [ -1.76048701],
       [ -0.52181459],
       [-22.68085468],
       [-22.88677707],
       [  0.31120549],
       [ -0.26908983],
       [-22.77531806],
       [-20.68395425],
       [ -1.10382712],
       [ -2.28511942],
       [ -1.73046051],
       [-22.75191647],
       [-22.0956181 ],
       [-23.58613778],
       [-21.81859928],
       [-22.52249526],
       [-20.76472923],
       [-22.25185217],
       [-22.79814029],
       [-22.84953625],
       [-22.35038422],
       [-21.85885542],
       [-22.34520332],
       [-22.72038644],
       [-22.91256902],
       [-22.41147166],
       [-20.93875563],
       [-20.71186863]])
<<<<<<<<<<< STEP 19 >>>>>>>>>>>> + array([[-0.50000263],
       [-0.49670004],
       [-0.50000068],
       [-0.50000054],
       [-0.50001481],
       [-0.50000139],
       [ 0.00325738],
       [-0.50003221],
       [-0.50001279],
       [-0.50000086],
       [-0.50003175],
       [ 0.00298484],
       [-0.02299215],
       [-0.00213286],
       [-0.50001533],
       [-0.50001433],
       [-0.00699887],
       [ 0.00108042],
       [-0.50001316],
       [-0.4999913 ],
       [-0.00837401],
       [-0.04759223],
       [-0.02617674],
       [-0.50001317],
       [-0.4999982 ],
       [-0.49999868],
       [-0.50003095],
       [-0.50000145],
       [-0.50000216],
       [-0.49999647],
       [-0.50001147],
       [-0.50001363],
       [-0.50000228],
       [-0.5000313 ],
       [-0.50000002],
       [-0.50001048],
       [-0.50001259],
       [-0.49999844],
       [-0.50001168],
       [-0.50003614]])
array([[-22.9877632 ],
       [ -7.48044907],
       [-23.02583991],
       [-22.93807353],
       [-23.11906566],
       [-21.31205352],
       [ -0.45143317],
       [-22.33366261],
       [-23.08072048],
       [-22.70521124],
       [-22.3368543 ],
       [ -0.33621448],
       [ -1.78347917],
       [ -0.52394745],
       [-23.18087001],
       [-23.3867914 ],
       [  0.30420662],
       [ -0.26800942],
       [-23.27533121],
       [-21.18394555],
       [ -1.11220113],
       [ -2.33271166],
       [ -1.75663726],
       [-23.25192963],
       [-22.5956163 ],
       [-24.08613646],
       [-22.31863023],
       [-23.02249671],
       [-21.2647314 ],
       [-22.75184864],
       [-23.29815175],
       [-23.34954988],
       [-22.85038649],
       [-22.35888672],
       [-22.84520334],
       [-23.22039692],
       [-23.41258161],
       [-22.91147009],
       [-21.43876731],
       [-21.21190477]])
<<<<<<<<<<< STEP 20 >>>>>>>>>>>> + array([[-0.50000216],
       [-0.50480955],
       [-0.50000047],
       [-0.5000004 ],
       [-0.50001126],
       [-0.50000204],
       [ 0.00327302],
       [-0.5000247 ],
       [-0.50000971],
       [-0.50000066],
       [-0.50002431],
       [ 0.00317527],
       [-0.02214361],
       [-0.00227199],
       [-0.50001171],
       [-0.50001102],
       [-0.00462689],
       [ 0.00108905],
       [-0.50000997],
       [-0.49999401],
       [-0.00792647],
       [-0.0472559 ],
       [-0.02557426],
       [-0.50000998],
       [-0.49999864],
       [-0.49999905],
       [-0.5000237 ],
       [-0.5000012 ],
       [-0.50000261],
       [-0.49999747],
       [-0.50000859],
       [-0.50001043],
       [-0.50000182],
       [-0.50002396],
       [-0.5       ],
       [-0.50000808],
       [-0.50000952],
       [-0.49999867],
       [-0.50001037],
       [-0.50002744]])
array([[-23.48776536],
       [ -7.98525862],
       [-23.52584038],
       [-23.43807394],
       [-23.61907691],
       [-21.81205556],
       [ -0.44816016],
       [-22.83368731],
       [-23.58073019],
       [-23.2052119 ],
       [-22.83687861],
       [ -0.33303921],
       [ -1.80562278],
       [ -0.52621944],
       [-23.68088173],
       [-23.88680243],
       [  0.29957973],
       [ -0.26692037],
       [-23.77534119],
       [-21.68393956],
       [ -1.12012761],
       [ -2.37996756],
       [ -1.78221152],
       [-23.75193961],
       [-23.09561494],
       [-24.58613551],
       [-22.81865392],
       [-23.52249791],
       [-21.764734  ],
       [-23.25184611],
       [-23.79816034],
       [-23.84956031],
       [-23.35038831],
       [-22.85891068],
       [-23.34520334],
       [-23.720405  ],
       [-23.91259113],
       [-23.41146877],
       [-21.93877768],
       [-21.71193221]])
<<<<<<<<<<< STEP 21 >>>>>>>>>>>> + array([[-0.50000176],
       [-0.50854153],
       [-0.50000032],
       [-0.5000003 ],
       [-0.5000086 ],
       [-0.50000222],
       [ 0.0032869 ],
       [-0.50001901],
       [-0.50000741],
       [-0.50000052],
       [-0.50001868],
       [ 0.00332553],
       [-0.02149619],
       [-0.00240249],
       [-0.500009  ],
       [-0.50000851],
       [-0.00267333],
       [ 0.00108128],
       [-0.50000761],
       [-0.49999581],
       [-0.00759713],
       [-0.04716769],
       [-0.02515555],
       [-0.50000761],
       [-0.49999896],
       [-0.49999932],
       [-0.50001821],
       [-0.50000097],
       [-0.50000262],
       [-0.49999817],
       [-0.50000648],
       [-0.50000801],
       [-0.50000145],
       [-0.50001841],
       [-0.49999999],
       [-0.50000625],
       [-0.50000725],
       [-0.49999889],
       [-0.50000896],
       [-0.50002096]])
array([[-23.98776712],
       [ -8.49380015],
       [-24.0258407 ],
       [-23.93807424],
       [-24.11908552],
       [-22.31205778],
       [ -0.44487326],
       [-23.33370632],
       [-24.08073759],
       [-23.70521241],
       [-23.33689728],
       [ -0.32971368],
       [ -1.82711897],
       [ -0.52862193],
       [-24.18089073],
       [-24.38681094],
       [  0.2969064 ],
       [ -0.26583908],
       [-24.2753488 ],
       [-22.18393537],
       [ -1.12772473],
       [ -2.42713524],
       [ -1.80736707],
       [-24.25194723],
       [-23.5956139 ],
       [-25.08613483],
       [-23.31867214],
       [-24.02249888],
       [-22.26473663],
       [-23.75184429],
       [-24.29816682],
       [-24.34956832],
       [-23.85038976],
       [-23.35892909],
       [-23.84520333],
       [-24.22041125],
       [-24.41259838],
       [-23.91146766],
       [-22.43878665],
       [-22.21195317]])
<<<<<<<<<<< STEP 22 >>>>>>>>>>>> + array([[-0.50000142],
       [-0.5096577 ],
       [-0.50000023],
       [-0.50000023],
       [-0.50000662],
       [-0.50000213],
       [ 0.00329913],
       [-0.50001469],
       [-0.50000569],
       [-0.50000041],
       [-0.5000144 ],
       [ 0.00343903],
       [-0.02104616],
       [-0.00252513],
       [-0.50000695],
       [-0.5000066 ],
       [-0.00110464],
       [ 0.00105794],
       [-0.50000584],
       [-0.49999701],
       [-0.00738248],
       [-0.04733198],
       [-0.02491859],
       [-0.50000584],
       [-0.4999992 ],
       [-0.4999995 ],
       [-0.50001405],
       [-0.50000078],
       [-0.50000242],
       [-0.49999867],
       [-0.50000492],
       [-0.50000618],
       [-0.50000116],
       [-0.5000142 ],
       [-0.49999999],
       [-0.50000486],
       [-0.50000555],
       [-0.49999908],
       [-0.50000759],
       [-0.5000161 ]])
array([[-24.48776853],
       [ -9.00345786],
       [-24.52584093],
       [-24.43807447],
       [-24.61909213],
       [-22.81205991],
       [ -0.44157412],
       [-23.83372101],
       [-24.58074328],
       [-24.20521282],
       [-23.83691168],
       [ -0.32627465],
       [ -1.84816513],
       [ -0.53114706],
       [-24.68089767],
       [-24.88681754],
       [  0.29580176],
       [ -0.26478114],
       [-24.77535464],
       [-22.68393238],
       [ -1.13510721],
       [ -2.47446722],
       [ -1.83228566],
       [-24.75195307],
       [-24.09561309],
       [-25.58613433],
       [-23.81868619],
       [-24.52249967],
       [-22.76473904],
       [-24.25184296],
       [-24.79817175],
       [-24.84957451],
       [-24.35039091],
       [-23.85894329],
       [-24.34520332],
       [-24.7204161 ],
       [-24.91260393],
       [-24.41146674],
       [-22.93879424],
       [-22.71196927]])
<<<<<<<<<<< STEP 23 >>>>>>>>>>>> + array([[ -5.00001132e-01],
       [ -5.09372232e-01],
       [ -5.00000158e-01],
       [ -5.00000177e-01],
       [ -5.00005116e-01],
       [ -5.00001912e-01],
       [  3.30994893e-03],
       [ -5.00011382e-01],
       [ -5.00004388e-01],
       [ -5.00000322e-01],
       [ -5.00011147e-01],
       [  3.52112439e-03],
       [ -2.07745564e-02],
       [ -2.64144668e-03],
       [ -5.00005391e-01],
       [ -5.00005127e-01],
       [  1.34762437e-04],
       [  1.02069191e-03],
       [ -5.00004508e-01],
       [ -4.99997819e-01],
       [ -7.27075176e-03],
       [ -4.77347128e-02],
       [ -2.48475554e-02],
       [ -5.00004505e-01],
       [ -4.99999380e-01],
       [ -4.99999635e-01],
       [ -5.00010881e-01],
       [ -5.00000624e-01],
       [ -5.00002110e-01],
       [ -4.99999028e-01],
       [ -5.00003764e-01],
       [ -5.00004792e-01],
       [ -5.00000922e-01],
       [ -5.00010989e-01],
       [ -4.99999989e-01],
       [ -5.00003791e-01],
       [ -5.00004270e-01],
       [ -4.99999251e-01],
       [ -5.00006341e-01],
       [ -5.00012427e-01]])
array([[-24.98776967],
       [ -9.51283009],
       [-25.02584109],
       [-24.93807464],
       [-25.11909725],
       [-23.31206182],
       [ -0.43826417],
       [-24.33373239],
       [-25.08074767],
       [-24.70521314],
       [-24.33692283],
       [ -0.32275352],
       [ -1.86893969],
       [ -0.53378851],
       [-25.18090307],
       [-25.38682266],
       [  0.29593652],
       [ -0.26376045],
       [-25.27535914],
       [-23.1839302 ],
       [ -1.14237796],
       [ -2.52220193],
       [ -1.85713322],
       [-25.25195757],
       [-24.59561247],
       [-26.08613397],
       [-24.31869707],
       [-25.02250029],
       [-23.26474115],
       [-24.75184199],
       [-25.29817551],
       [-25.3495793 ],
       [-24.85039184],
       [-24.35895428],
       [-24.84520331],
       [-25.2204199 ],
       [-25.4126082 ],
       [-24.91146599],
       [-23.43880058],
       [-23.21198169]])
<<<<<<<<<<< STEP 24 >>>>>>>>>>>> + array([[-0.5000009 ],
       [-0.50843289],
       [-0.50000011],
       [-0.50000014],
       [-0.50000397],
       [-0.50000165],
       [ 0.00331963],
       [-0.50000885],
       [-0.5000034 ],
       [-0.50000026],
       [-0.50000865],
       [ 0.00357737],
       [-0.02065739],
       [-0.00275318],
       [-0.5000042 ],
       [-0.500004  ],
       [ 0.00110392],
       [ 0.00097137],
       [-0.5000035 ],
       [-0.49999837],
       [-0.00724765],
       [-0.04835543],
       [-0.02492205],
       [-0.50000349],
       [-0.49999952],
       [-0.49999973],
       [-0.50000845],
       [-0.50000049],
       [-0.50000178],
       [-0.49999928],
       [-0.50000289],
       [-0.50000373],
       [-0.50000074],
       [-0.50000853],
       [-0.49999999],
       [-0.50000297],
       [-0.5000033 ],
       [-0.49999939],
       [-0.50000524],
       [-0.50000964]])
array([[-25.48777057],
       [-10.02126298],
       [-25.5258412 ],
       [-25.43807478],
       [-25.61910122],
       [-23.81206347],
       [ -0.43494454],
       [-24.83374124],
       [-25.58075107],
       [-25.2052134 ],
       [-24.83693148],
       [ -0.31917615],
       [ -1.88959708],
       [ -0.53654169],
       [-25.68090726],
       [-25.88682666],
       [  0.29704044],
       [ -0.26278908],
       [-25.77536264],
       [-23.68392857],
       [ -1.14962561],
       [ -2.57055737],
       [ -1.88205527],
       [-25.75196106],
       [-25.09561199],
       [-26.5861337 ],
       [-24.81870552],
       [-25.52250078],
       [-23.76474293],
       [-25.25184127],
       [-25.7981784 ],
       [-25.84958302],
       [-25.35039257],
       [-24.8589628 ],
       [-25.3452033 ],
       [-25.72042286],
       [-25.9126115 ],
       [-25.41146538],
       [-23.93880582],
       [-23.71199133]])
<<<<<<<<<<< STEP 25 >>>>>>>>>>>> + array([[-0.50000071],
       [-0.50726406],
       [-0.50000008],
       [-0.50000011],
       [-0.5000031 ],
       [-0.50000139],
       [ 0.00332846],
       [-0.50000689],
       [-0.50000265],
       [-0.50000021],
       [-0.50000673],
       [ 0.00361281],
       [-0.02067124],
       [-0.00286198],
       [-0.50000328],
       [-0.50000312],
       [ 0.00185653],
       [ 0.00091165],
       [-0.50000272],
       [-0.49999876],
       [-0.00729941],
       [-0.049174  ],
       [-0.02512209],
       [-0.50000272],
       [-0.49999962],
       [-0.4999998 ],
       [-0.50000658],
       [-0.50000039],
       [-0.50000147],
       [-0.49999947],
       [-0.50000224],
       [-0.5000029 ],
       [-0.50000059],
       [-0.50000664],
       [-0.49999999],
       [-0.50000233],
       [-0.50000257],
       [-0.49999951],
       [-0.5000043 ],
       [-0.5000075 ]])
array([[-25.98777128],
       [-10.52852704],
       [-26.02584128],
       [-25.93807489],
       [-26.11910432],
       [-24.31206486],
       [ -0.43161608],
       [-25.33374813],
       [-26.08075372],
       [-25.70521361],
       [-25.33693822],
       [ -0.31556334],
       [ -1.91026832],
       [ -0.53940366],
       [-26.18091055],
       [-26.38682978],
       [  0.29889697],
       [ -0.26187743],
       [-26.27536537],
       [-24.18392733],
       [ -1.15692502],
       [ -2.61973136],
       [ -1.90717736],
       [-26.25196378],
       [-25.59561161],
       [-27.0861335 ],
       [-25.3187121 ],
       [-26.02250117],
       [-24.26474441],
       [-25.75184074],
       [-26.29818064],
       [-26.34958593],
       [-25.85039316],
       [-25.35896944],
       [-25.84520329],
       [-26.2204252 ],
       [-26.41261407],
       [-25.91146489],
       [-24.43881012],
       [-24.21199883]])
<<<<<<<<<<< STEP 26 >>>>>>>>>>>> + array([[-0.50000056],
       [-0.5060887 ],
       [-0.50000006],
       [-0.50000009],
       [-0.50000242],
       [-0.50000114],
       [ 0.0033367 ],
       [-0.50000538],
       [-0.50000206],
       [-0.50000017],
       [-0.50000525],
       [ 0.00363167],
       [-0.02079558],
       [-0.00296932],
       [-0.50000257],
       [-0.50000244],
       [ 0.00243802],
       [ 0.00084294],
       [-0.50000213],
       [-0.49999903],
       [-0.00741411],
       [-0.05017364],
       [-0.0254302 ],
       [-0.50000212],
       [-0.4999997 ],
       [-0.49999985],
       [-0.50000513],
       [-0.50000031],
       [-0.50000119],
       [-0.4999996 ],
       [-0.50000174],
       [-0.50000227],
       [-0.50000047],
       [-0.50000517],
       [-0.49999999],
       [-0.50000183],
       [-0.500002  ],
       [-0.4999996 ],
       [-0.5000035 ],
       [-0.50000586]])
array([[-26.48777184],
       [-11.03461573],
       [-26.52584133],
       [-26.43807498],
       [-26.61910675],
       [-24.812066  ],
       [ -0.42827938],
       [-25.83375351],
       [-26.58075578],
       [-26.20521378],
       [-25.83694347],
       [ -0.31193168],
       [ -1.93106389],
       [ -0.54237299],
       [-26.68091312],
       [-26.88683223],
       [  0.30133499],
       [ -0.2610345 ],
       [-26.7753675 ],
       [-24.68392636],
       [ -1.16433913],
       [ -2.669905  ],
       [ -1.93260756],
       [-26.7519659 ],
       [-26.09561132],
       [-27.58613335],
       [-25.81871723],
       [-26.52250148],
       [-24.7647456 ],
       [-26.25184034],
       [-26.79818238],
       [-26.8495882 ],
       [-26.35039363],
       [-25.85897462],
       [-26.34520328],
       [-26.72042703],
       [-26.91261607],
       [-26.41146449],
       [-24.93881362],
       [-24.7120047 ]])
<<<<<<<<<<< STEP 27 >>>>>>>>>>>> + array([[-0.50000044],
       [-0.50501243],
       [-0.50000004],
       [-0.50000007],
       [-0.5000019 ],
       [-0.50000093],
       [ 0.00334457],
       [-0.50000421],
       [-0.50000162],
       [-0.50000014],
       [-0.5000041 ],
       [ 0.00363737],
       [-0.02101345],
       [-0.00307646],
       [-0.50000202],
       [-0.50000192],
       [ 0.00288534],
       [ 0.00076635],
       [-0.50000167],
       [-0.49999924],
       [-0.00758194],
       [-0.051342  ],
       [-0.0258321 ],
       [-0.50000166],
       [-0.49999977],
       [-0.49999989],
       [-0.50000401],
       [-0.50000024],
       [-0.50000096],
       [-0.4999997 ],
       [-0.50000135],
       [-0.50000178],
       [-0.50000038],
       [-0.50000404],
       [-0.49999999],
       [-0.50000145],
       [-0.50000156],
       [-0.49999968],
       [-0.50000285],
       [-0.50000459]])
array([[-26.98777228],
       [-11.53962816],
       [-27.02584137],
       [-26.93807505],
       [-27.11910865],
       [-25.31206693],
       [ -0.42493481],
       [-26.33375772],
       [-27.0807574 ],
       [-26.70521391],
       [-26.33694757],
       [ -0.30829431],
       [ -1.95207734],
       [ -0.54544945],
       [-27.18091514],
       [-27.38683414],
       [  0.30422033],
       [ -0.26026815],
       [-27.27536916],
       [-25.1839256 ],
       [ -1.17192107],
       [ -2.72124701],
       [ -1.95843966],
       [-27.25196756],
       [-26.59561108],
       [-28.08613323],
       [-26.31872124],
       [-27.02250172],
       [-25.26474656],
       [-26.75184004],
       [-27.29818373],
       [-27.34958997],
       [-26.85039401],
       [-26.35897866],
       [-26.84520328],
       [-27.22042848],
       [-27.41261763],
       [-26.91146418],
       [-25.43881647],
       [-25.21200928]])
<<<<<<<<<<< STEP 28 >>>>>>>>>>>> + array([[-0.50000035],
       [-0.50407599],
       [-0.50000003],
       [-0.50000006],
       [-0.5000015 ],
       [-0.50000075],
       [ 0.00335227],
       [-0.5000033 ],
       [-0.50000127],
       [-0.50000011],
       [-0.50000321],
       [ 0.00363263],
       [-0.02131135],
       [-0.00318444],
       [-0.50000159],
       [-0.5000015 ],
       [ 0.00322794],
       [ 0.00068272],
       [-0.50000131],
       [-0.49999939],
       [-0.00779519],
       [-0.05267133],
       [-0.02631657],
       [-0.5000013 ],
       [-0.49999982],
       [-0.49999992],
       [-0.50000314],
       [-0.50000019],
       [-0.50000076],
       [-0.49999978],
       [-0.50000106],
       [-0.50000139],
       [-0.5000003 ],
       [-0.50000316],
       [-0.5       ],
       [-0.50000114],
       [-0.50000122],
       [-0.49999974],
       [-0.50000231],
       [-0.5000036 ]])
array([[-27.48777263],
       [-12.04370415],
       [-27.5258414 ],
       [-27.4380751 ],
       [-27.61911015],
       [-25.81206768],
       [ -0.42158254],
       [-26.83376102],
       [-27.58075866],
       [-27.20521402],
       [-26.83695077],
       [ -0.30466168],
       [ -1.97338869],
       [ -0.54863389],
       [-27.68091673],
       [-27.88683565],
       [  0.30744827],
       [ -0.25958543],
       [-27.77537048],
       [-25.68392499],
       [ -1.17971626],
       [ -2.77391834],
       [ -1.98475623],
       [-27.75196887],
       [-27.0956109 ],
       [-28.58613315],
       [-26.81872438],
       [-27.5225019 ],
       [-25.76474732],
       [-27.25183982],
       [-27.79818479],
       [-27.84959137],
       [-27.35039431],
       [-26.85898182],
       [-27.34520327],
       [-27.72042962],
       [-27.91261885],
       [-27.41146392],
       [-25.93881878],
       [-25.71201289]])
<<<<<<<<<<< STEP 29 >>>>>>>>>>>> + array([[-0.50000027],
       [-0.50328615],
       [-0.50000002],
       [-0.50000005],
       [-0.50000118],
       [-0.5000006 ],
       [ 0.00335995],
       [-0.50000258],
       [-0.50000099],
       [-0.50000009],
       [-0.50000251],
       [ 0.00361958],
       [-0.02167881],
       [-0.00329415],
       [-0.50000125],
       [-0.50000118],
       [ 0.00348899],
       [ 0.00059268],
       [-0.50000103],
       [-0.49999951],
       [-0.00804788],
       [-0.05415822],
       [-0.02687513],
       [-0.50000102],
       [-0.49999985],
       [-0.49999994],
       [-0.50000246],
       [-0.50000015],
       [-0.5000006 ],
       [-0.49999983],
       [-0.50000083],
       [-0.50000109],
       [-0.50000024],
       [-0.50000247],
       [-0.5       ],
       [-0.5000009 ],
       [-0.50000096],
       [-0.49999979],
       [-0.50000186],
       [-0.50000283]])
array([[-27.9877729 ],
       [-12.54699029],
       [-28.02584142],
       [-27.93807515],
       [-28.11911132],
       [-26.31206828],
       [ -0.41822259],
       [-27.3337636 ],
       [-28.08075966],
       [-27.70521411],
       [-27.33695329],
       [ -0.3010421 ],
       [ -1.99506751],
       [ -0.55192804],
       [-28.18091799],
       [-28.38683683],
       [  0.31093726],
       [ -0.25899275],
       [-28.27537151],
       [-26.1839245 ],
       [ -1.18776414],
       [ -2.82807656],
       [ -2.01163136],
       [-28.25196989],
       [-27.59561075],
       [-29.08613309],
       [-27.31872684],
       [-28.02250205],
       [-26.26474793],
       [-27.75183965],
       [-28.29818561],
       [-28.34959246],
       [-27.85039455],
       [-27.35898429],
       [-27.84520327],
       [-28.22043053],
       [-28.41261981],
       [-27.91146371],
       [-26.43882064],
       [-26.21201572]])
