<<<<<<<<<<< STEP 0 >>>>>>>>>>>> + array([[-0.59616407],
       [-0.11232048],
       [-0.46172997],
       [-0.59734772],
       [-0.31527225],
       [-1.08889786],
       [-1.17662506],
       [-1.08215669],
       [-0.95900208],
       [-0.47141112],
       [-1.005186  ],
       [-0.06630691],
       [-0.99613547],
       [-0.91706404],
       [-0.74186281],
       [-0.95754494],
       [-0.98728626],
       [-0.92207975],
       [-0.98562362],
       [-1.05471995],
       [-0.95154491],
       [-0.9850044 ],
       [-0.99488499],
       [-0.91562718],
       [-0.8559074 ],
       [-0.51920326],
       [-0.94572155],
       [-1.06178195],
       [-0.80938338],
       [-0.33404259],
       [-0.21171731]])
array([[-0.59616407],
       [-0.11232048],
       [-0.46172997],
       [-0.59734772],
       [-0.31527225],
       [-1.08889786],
       [-1.17662506],
       [-1.08215669],
       [-0.95900208],
       [-0.47141112],
       [-1.005186  ],
       [-0.06630691],
       [-0.99613547],
       [-0.91706404],
       [-0.74186281],
       [-0.95754494],
       [-0.98728626],
       [-0.92207975],
       [-0.98562362],
       [-1.05471995],
       [-0.95154491],
       [-0.9850044 ],
       [-0.99488499],
       [-0.91562718],
       [-0.8559074 ],
       [-0.51920326],
       [-0.94572155],
       [-1.06178195],
       [-0.80938338],
       [-0.33404259],
       [-0.21171731]])
<<<<<<<<<<< STEP 1 >>>>>>>>>>>> + array([[-0.64653394],
       [-0.16965365],
       [-0.50442295],
       [-0.65006534],
       [-0.42009305],
       [-1.04844854],
       [-1.12267065],
       [-1.05366435],
       [-0.92658292],
       [-0.57576648],
       [-0.94582505],
       [-0.13140837],
       [-0.956122  ],
       [-0.88315445],
       [-0.69701881],
       [-0.92108048],
       [-0.95997148],
       [-0.90017014],
       [-0.91418554],
       [-0.9625704 ],
       [-0.90139377],
       [-0.83606282],
       [-0.94927505],
       [-0.87019121],
       [-0.7688653 ],
       [-0.6926601 ],
       [-0.93002837],
       [-1.02413219],
       [-0.7642492 ],
       [-0.42117667],
       [-0.23186844]])
array([[-1.24269801],
       [-0.28197414],
       [-0.96615292],
       [-1.24741306],
       [-0.73536529],
       [-2.1373464 ],
       [-2.29929571],
       [-2.13582104],
       [-1.88558499],
       [-1.0471776 ],
       [-1.95101104],
       [-0.19771529],
       [-1.95225747],
       [-1.80021849],
       [-1.43888162],
       [-1.87862542],
       [-1.94725774],
       [-1.82224989],
       [-1.89980916],
       [-2.01729035],
       [-1.85293867],
       [-1.82106722],
       [-1.94416004],
       [-1.78581839],
       [-1.6247727 ],
       [-1.21186336],
       [-1.87574992],
       [-2.08591414],
       [-1.57363258],
       [-0.75521926],
       [-0.44358575]])
<<<<<<<<<<< STEP 2 >>>>>>>>>>>> + array([[-0.66892883],
       [-0.18124309],
       [-0.51607794],
       [-0.67541101],
       [-0.49848302],
       [-0.9631535 ],
       [-1.01052835],
       [-0.97278136],
       [-0.8660504 ],
       [-0.63530485],
       [-0.8687957 ],
       [-0.16844694],
       [-0.88273357],
       [-0.82755085],
       [-0.65466497],
       [-0.8554832 ],
       [-0.88701893],
       [-0.84609051],
       [-0.82746669],
       [-0.87093603],
       [-0.84304698],
       [-0.71729648],
       [-0.88285434],
       [-0.81792365],
       [-0.70899427],
       [-0.79990669],
       [-0.87646366],
       [-0.94385801],
       [-0.71869829],
       [-0.48913824],
       [-0.26054739]])
array([[-1.91162684],
       [-0.46321722],
       [-1.48223086],
       [-1.92282407],
       [-1.23384831],
       [-3.1004999 ],
       [-3.30982406],
       [-3.1086024 ],
       [-2.75163539],
       [-1.68248245],
       [-2.81980674],
       [-0.36616222],
       [-2.83499104],
       [-2.62776934],
       [-2.09354658],
       [-2.73410862],
       [-2.83427667],
       [-2.6683404 ],
       [-2.72727585],
       [-2.88822637],
       [-2.69598566],
       [-2.5383637 ],
       [-2.82701438],
       [-2.60374204],
       [-2.33376696],
       [-2.01177005],
       [-2.75221358],
       [-3.02977215],
       [-2.29233087],
       [-1.2443575 ],
       [-0.70413314]])
<<<<<<<<<<< STEP 3 >>>>>>>>>>>> + array([[-0.64158368],
       [-0.17154539],
       [-0.46478091],
       [-0.65275537],
       [-0.51671085],
       [-0.85150558],
       [-0.88044581],
       [-0.864122  ],
       [-0.78200266],
       [-0.63451601],
       [-0.78159812],
       [-0.183648  ],
       [-0.79212051],
       [-0.75691597],
       [-0.61531179],
       [-0.77087365],
       [-0.79106681],
       [-0.76589487],
       [-0.73875401],
       [-0.77873972],
       [-0.77375634],
       [-0.64470161],
       [-0.80079117],
       [-0.75562878],
       [-0.66398817],
       [-0.79582093],
       [-0.79396445],
       [-0.84021763],
       [-0.66837052],
       [-0.51135052],
       [-0.29753154]])
array([[-2.55321052],
       [-0.63476261],
       [-1.94701177],
       [-2.57557944],
       [-1.75055917],
       [-3.95200548],
       [-4.19026987],
       [-3.9727244 ],
       [-3.53363806],
       [-2.31699846],
       [-3.60140485],
       [-0.54981023],
       [-3.62711155],
       [-3.38468531],
       [-2.70885838],
       [-3.50498227],
       [-3.62534348],
       [-3.43423528],
       [-3.46602986],
       [-3.6669661 ],
       [-3.46974199],
       [-3.18306531],
       [-3.62780555],
       [-3.35937082],
       [-2.99775514],
       [-2.80759098],
       [-3.54617803],
       [-3.86998978],
       [-2.96070139],
       [-1.75570802],
       [-1.00166469]])
<<<<<<<<<<< STEP 4 >>>>>>>>>>>> + array([[-0.58097479],
       [-0.1542861 ],
       [-0.36000374],
       [-0.59787597],
       [-0.47765062],
       [-0.74346739],
       [-0.76228773],
       [-0.7566858 ],
       [-0.69686814],
       [-0.59402033],
       [-0.69965956],
       [-0.18469861],
       [-0.70613959],
       [-0.68529228],
       [-0.58193227],
       [-0.68868276],
       [-0.70123714],
       [-0.68708874],
       [-0.6622872 ],
       [-0.6944662 ],
       [-0.69985397],
       [-0.60140246],
       [-0.71612598],
       [-0.68793002],
       [-0.620942  ],
       [-0.72537144],
       [-0.70717743],
       [-0.73768362],
       [-0.61688098],
       [-0.48881109],
       [-0.33874435]])
array([[-3.1341853 ],
       [-0.78904871],
       [-2.30701551],
       [-3.17345541],
       [-2.22820978],
       [-4.69547287],
       [-4.9525576 ],
       [-4.72941021],
       [-4.23050619],
       [-2.91101879],
       [-4.30106442],
       [-0.73450884],
       [-4.33325114],
       [-4.06997758],
       [-3.29079065],
       [-4.19366503],
       [-4.32658062],
       [-4.12132402],
       [-4.12831706],
       [-4.3614323 ],
       [-4.16959596],
       [-3.78446777],
       [-4.34393153],
       [-4.04730084],
       [-3.61869714],
       [-3.53296242],
       [-4.25335546],
       [-4.6076734 ],
       [-3.57758237],
       [-2.24451911],
       [-1.34040903]])
<<<<<<<<<<< STEP 5 >>>>>>>>>>>> + array([[-0.5216821 ],
       [-0.13478617],
       [-0.23560733],
       [-0.54402049],
       [-0.41855808],
       [-0.6588613 ],
       [-0.67170005],
       [-0.67047568],
       [-0.62830044],
       [-0.54816245],
       [-0.63457017],
       [-0.17887786],
       [-0.63835376],
       [-0.62593041],
       [-0.55623324],
       [-0.62430009],
       [-0.63231071],
       [-0.6251899 ],
       [-0.60544946],
       [-0.62865358],
       [-0.63620914],
       [-0.57410177],
       [-0.64556024],
       [-0.62869227],
       [-0.58188329],
       [-0.65059276],
       [-0.63618789],
       [-0.65560162],
       [-0.5739987 ],
       [-0.45323982],
       [-0.37959727]])
array([[-3.6558674 ],
       [-0.92383489],
       [-2.54262283],
       [-3.7174759 ],
       [-2.64676787],
       [-5.35433417],
       [-5.62425764],
       [-5.39988588],
       [-4.85880663],
       [-3.45918124],
       [-4.93563459],
       [-0.9133867 ],
       [-4.9716049 ],
       [-4.69590799],
       [-3.84702389],
       [-4.81796512],
       [-4.95889133],
       [-4.74651392],
       [-4.73376653],
       [-4.99008588],
       [-4.80580511],
       [-4.35856954],
       [-4.98949177],
       [-4.67599312],
       [-4.20058043],
       [-4.18355518],
       [-4.88954334],
       [-5.26327502],
       [-4.15158107],
       [-2.69775893],
       [-1.7200063 ]])
<<<<<<<<<<< STEP 6 >>>>>>>>>>>> + array([[-0.48452816],
       [-0.11446525],
       [-0.11400323],
       [-0.51022466],
       [-0.36961431],
       [-0.60084586],
       [-0.60994543],
       [-0.6103414 ],
       [-0.58060046],
       [-0.51481776],
       [-0.58877751],
       [-0.17212311],
       [-0.59100763],
       [-0.58332777],
       [-0.53788271],
       [-0.57988454],
       [-0.58517464],
       [-0.58212006],
       [-0.56709696],
       [-0.58292843],
       [-0.58994801],
       [-0.55556113],
       [-0.59528895],
       [-0.58520057],
       [-0.55191891],
       [-0.5949413 ],
       [-0.58643691],
       [-0.59871637],
       [-0.54379242],
       [-0.42696118],
       [-0.41630348]])
array([[-4.14039556],
       [-1.03830013],
       [-2.65662607],
       [-4.22770057],
       [-3.01638218],
       [-5.95518003],
       [-6.23420307],
       [-6.01022729],
       [-5.43940709],
       [-3.973999  ],
       [-5.5244121 ],
       [-1.08550981],
       [-5.56261253],
       [-5.27923576],
       [-4.3849066 ],
       [-5.39784966],
       [-5.54406597],
       [-5.32863398],
       [-5.30086349],
       [-5.57301431],
       [-5.39575312],
       [-4.91413066],
       [-5.58478072],
       [-5.26119368],
       [-4.75249934],
       [-4.77849648],
       [-5.47598025],
       [-5.86199139],
       [-4.69537349],
       [-3.12472011],
       [-2.13630978]])
<<<<<<<<<<< STEP 7 >>>>>>>>>>>> + array([[-0.47215316],
       [-0.09269308],
       [-0.00162871],
       [-0.49753113],
       [-0.34011046],
       [-0.56350986],
       [-0.5701952 ],
       [-0.57114779],
       [-0.54981975],
       [-0.49560352],
       [-0.55851848],
       [-0.16876717],
       [-0.55985687],
       [-0.55493921],
       [-0.52539574],
       [-0.55100023],
       [-0.55464703],
       [-0.55380802],
       [-0.54247167],
       [-0.55299802],
       [-0.55910299],
       [-0.54216837],
       [-0.56216252],
       [-0.55603029],
       [-0.53142383],
       [-0.55830874],
       [-0.55408505],
       [-0.56201543],
       [-0.52449835],
       [-0.41457985],
       [-0.44602071]])
array([[-4.61254873],
       [-1.13099322],
       [-2.65825478],
       [-4.7252317 ],
       [-3.35649264],
       [-6.51868989],
       [-6.80439827],
       [-6.58137508],
       [-5.98922684],
       [-4.46960252],
       [-6.08293059],
       [-1.25427698],
       [-6.12246941],
       [-5.83417497],
       [-4.91030235],
       [-5.94884989],
       [-6.098713  ],
       [-5.882442  ],
       [-5.84333515],
       [-6.12601234],
       [-5.95485611],
       [-5.45629903],
       [-6.14694323],
       [-5.81722397],
       [-5.28392317],
       [-5.33680522],
       [-6.0300653 ],
       [-6.42400682],
       [-5.21987183],
       [-3.53929996],
       [-2.58233049]])
<<<<<<<<<<< STEP 8 >>>>>>>>>>>> + array([[-0.47791364],
       [-0.06803131],
       [ 0.09736995],
       [-0.49892688],
       [-0.33001284],
       [-0.54001437],
       [-0.54507699],
       [-0.54617528],
       [-0.53057121],
       [-0.48674764],
       [-0.53895361],
       [-0.1717529 ],
       [-0.53976215],
       [-0.53653662],
       [-0.51707606],
       [-0.53260331],
       [-0.53523425],
       [-0.53554175],
       [-0.52695587],
       [-0.53383897],
       [-0.53919436],
       [-0.53216559],
       [-0.54093982],
       [-0.53713941],
       [-0.51821139],
       [-0.53524311],
       [-0.53365679],
       [-0.53896557],
       [-0.51282097],
       [-0.4134669 ],
       [-0.46767403]])
array([[-5.09046237],
       [-1.19902452],
       [-2.56088483],
       [-5.22415858],
       [-3.68650548],
       [-7.05870426],
       [-7.34947526],
       [-7.12755036],
       [-6.51979806],
       [-4.95635016],
       [-6.6218842 ],
       [-1.42602988],
       [-6.66223156],
       [-6.37071159],
       [-5.42737841],
       [-6.4814532 ],
       [-6.63394725],
       [-6.41798375],
       [-6.37029103],
       [-6.65985131],
       [-6.49405048],
       [-5.98846462],
       [-6.68788305],
       [-6.35436338],
       [-5.80213457],
       [-5.87204833],
       [-6.56372209],
       [-6.96297239],
       [-5.7326928 ],
       [-3.95276686],
       [-3.05000452]])
<<<<<<<<<<< STEP 9 >>>>>>>>>>>> + array([[-0.49147667],
       [-0.03894198],
       [ 0.174992  ],
       [-0.50570621],
       [-0.33747568],
       [-0.52529329],
       [-0.52922157],
       [-0.53030625],
       [-0.51865707],
       [-0.48434269],
       [-0.5263263 ],
       [-0.1832997 ],
       [-0.52680918],
       [-0.52467033],
       [-0.51154634],
       [-0.52092947],
       [-0.52290586],
       [-0.52375619],
       [-0.51720469],
       [-0.5216331 ],
       [-0.52645056],
       [-0.52458974],
       [-0.52742425],
       [-0.52502685],
       [-0.50994662],
       [-0.52097136],
       [-0.5208835 ],
       [-0.52459189],
       [-0.50599252],
       [-0.41996981],
       [-0.48212596]])
array([[-5.58193904],
       [-1.2379665 ],
       [-2.38589283],
       [-5.72986479],
       [-4.02398116],
       [-7.58399755],
       [-7.87869683],
       [-7.65785661],
       [-7.03845513],
       [-5.44069284],
       [-7.14821049],
       [-1.60932959],
       [-7.18904074],
       [-6.89538191],
       [-5.93892475],
       [-7.00238267],
       [-7.15685312],
       [-6.94173994],
       [-6.88749571],
       [-7.18148441],
       [-7.02050104],
       [-6.51305436],
       [-7.2153073 ],
       [-6.87939024],
       [-6.31208119],
       [-6.39301969],
       [-7.08460559],
       [-7.48756428],
       [-6.23868533],
       [-4.37273667],
       [-3.53213049]])
