<<<<<<<<<<< STEP 0 >>>>>>>>>>>> + array([[-0.46879473],
       [-0.47652845],
       [-0.48905423],
       [-0.47577765],
       [-0.45840085],
       [-0.51756531],
       [-0.51763085],
       [-0.51774678],
       [-0.46517929],
       [-0.49533529],
       [-0.51388368],
       [-0.18486199],
       [-0.51422773],
       [-0.51288073],
       [-0.50914674],
       [-0.51465309],
       [-0.51524502],
       [-0.51342074],
       [-0.51311626],
       [-0.51539117],
       [-0.51252556],
       [-0.17583861],
       [-0.51359649],
       [-0.51180768],
       [-0.51136198],
       [-0.51380973],
       [-0.51458464],
       [-0.51532161],
       [-0.50887205],
       [-0.45707524],
       [-0.50610511]])
array([[-5.98907391],
       [-4.47973025],
       [-6.42767573],
       [-6.09489904],
       [-4.7555765 ],
       [-8.28215704],
       [-8.11090135],
       [-8.07942825],
       [-4.62224525],
       [-5.67815654],
       [-7.64579053],
       [-2.40235639],
       [-7.65437196],
       [-7.42650943],
       [-6.58541679],
       [-7.59925051],
       [-7.73662621],
       [-7.3365547 ],
       [-7.41067826],
       [-7.76240552],
       [-7.50795855],
       [-2.59466726],
       [-7.72375576],
       [-7.3534429 ],
       [-6.88289593],
       [-7.55589072],
       [-7.61693595],
       [-7.8829241 ],
       [-6.77296782],
       [-4.62990675],
       [-6.80512322]])
<<<<<<<<<<< STEP 1 >>>>>>>>>>>> + array([[-0.47368417],
       [-0.48208506],
       [-0.48947488],
       [-0.47920346],
       [-0.46240779],
       [-0.51087964],
       [-0.51101553],
       [-0.51102606],
       [-0.46854434],
       [-0.49382732],
       [-0.50866862],
       [-0.15475255],
       [-0.5089476 ],
       [-0.50799086],
       [-0.50602437],
       [-0.50933772],
       [-0.50971688],
       [-0.50854844],
       [-0.50829542],
       [-0.50976494],
       [-0.50758635],
       [-0.15009351],
       [-0.50828694],
       [-0.50714708],
       [-0.50710766],
       [-0.50854752],
       [-0.50905907],
       [-0.50934244],
       [-0.50520928],
       [-0.46389658],
       [-0.50376257]])
array([[-6.46275808],
       [-4.96181531],
       [-6.91715061],
       [-6.5741025 ],
       [-5.21798429],
       [-8.79303668],
       [-8.62191688],
       [-8.59045431],
       [-5.09078959],
       [-6.17198386],
       [-8.15445915],
       [-2.55710893],
       [-8.16331955],
       [-7.93450029],
       [-7.09144115],
       [-8.10858823],
       [-8.24634308],
       [-7.84510314],
       [-7.91897368],
       [-8.27217046],
       [-8.0155449 ],
       [-2.74476077],
       [-8.2320427 ],
       [-7.86058998],
       [-7.39000359],
       [-8.06443824],
       [-8.12599502],
       [-8.39226655],
       [-7.2781771 ],
       [-5.09380333],
       [-7.3088858 ]])
<<<<<<<<<<< STEP 2 >>>>>>>>>>>> + array([[-0.47918222],
       [-0.48729211],
       [-0.49106608],
       [-0.48338058],
       [-0.46861079],
       [-0.50670637],
       [-0.50686957],
       [-0.50683223],
       [-0.47367368],
       [-0.49394164],
       [-0.50541755],
       [-0.12505061],
       [-0.50564035],
       [-0.50495716],
       [-0.50398447],
       [-0.50596073],
       [-0.50620759],
       [-0.50545956],
       [-0.50524142],
       [-0.50619393],
       [-0.50457573],
       [-0.12422842],
       [-0.5050355 ],
       [-0.504307  ],
       [-0.50440083],
       [-0.50525824],
       [-0.50560265],
       [-0.50564936],
       [-0.50296526],
       [-0.47121975],
       [-0.50232205]])
array([[-6.9419403 ],
       [-5.44910742],
       [-7.40821669],
       [-7.05748308],
       [-5.68659507],
       [-9.29974305],
       [-9.12878645],
       [-9.09728654],
       [-5.56446327],
       [-6.66592549],
       [-8.6598767 ],
       [-2.68215954],
       [-8.6689599 ],
       [-8.43945745],
       [-7.59542562],
       [-8.61454896],
       [-8.75255067],
       [-8.35056271],
       [-8.4242151 ],
       [-8.77836438],
       [-8.52012063],
       [-2.8689892 ],
       [-8.7370782 ],
       [-8.36489698],
       [-7.89440442],
       [-8.56969648],
       [-8.63159767],
       [-8.8979159 ],
       [-7.78114236],
       [-5.56502308],
       [-7.81120785]])
<<<<<<<<<<< STEP 3 >>>>>>>>>>>> + array([[-0.4844361 ],
       [-0.49191771],
       [-0.49304733],
       [-0.48750245],
       [-0.47554412],
       [-0.50411794],
       [-0.50428314],
       [-0.50422781],
       [-0.4793776 ],
       [-0.49485636],
       [-0.50339537],
       [-0.09774016],
       [-0.50357175],
       [-0.50307987],
       [-0.502656  ],
       [-0.50382164],
       [-0.50398524],
       [-0.50350584],
       [-0.50331752],
       [-0.50393804],
       [-0.50274711],
       [-0.10066931],
       [-0.50305067],
       [-0.50258275],
       [-0.50270106],
       [-0.50321746],
       [-0.50345397],
       [-0.50338565],
       [-0.50161756],
       [-0.4782058 ],
       [-0.5014367 ]])
array([[-7.4263764 ],
       [-5.94102513],
       [-7.90126402],
       [-7.54498553],
       [-6.1621392 ],
       [-9.80386099],
       [-9.63306959],
       [-9.60151435],
       [-6.04384087],
       [-7.16078186],
       [-9.16327207],
       [-2.77989971],
       [-9.17253165],
       [-8.94253732],
       [-8.09808162],
       [-9.1183706 ],
       [-9.25653591],
       [-8.85406855],
       [-8.92753262],
       [-9.28230242],
       [-9.02286773],
       [-2.96965851],
       [-9.24012887],
       [-8.86747973],
       [-8.39710548],
       [-9.07291393],
       [-9.13505164],
       [-9.40130156],
       [-8.28275992],
       [-6.04322888],
       [-8.31264456]])
<<<<<<<<<<< STEP 4 >>>>>>>>>>>> + array([[-0.488931  ],
       [-0.4956656 ],
       [-0.49494094],
       [-0.49108316],
       [-0.48205686],
       [-0.50252093],
       [-0.50267459],
       [-0.50261622],
       [-0.48472845],
       [-0.49601482],
       [-0.50213845],
       [-0.07412738],
       [-0.50227738],
       [-0.50191968],
       [-0.50178993],
       [-0.50246734],
       [-0.50257788],
       [-0.50226984],
       [-0.50210912],
       [-0.50251616],
       [-0.50164034],
       [-0.08120664],
       [-0.50184254],
       [-0.50153979],
       [-0.50164471],
       [-0.5019591 ],
       [-0.50212471],
       [-0.50200826],
       [-0.50082548],
       [-0.48424438],
       [-0.50089233]])
array([[ -7.91530739],
       [ -6.43669073],
       [ -8.39620496],
       [ -8.0360687 ],
       [ -6.64419605],
       [-10.30638192],
       [-10.13574418],
       [-10.10413057],
       [ -6.52856931],
       [ -7.65679667],
       [ -9.66541053],
       [ -2.85402708],
       [ -9.67480904],
       [ -9.444457  ],
       [ -8.59987154],
       [ -9.62083794],
       [ -9.75911379],
       [ -9.35633839],
       [ -9.42964174],
       [ -9.78481858],
       [ -9.52450808],
       [ -3.05086515],
       [ -9.74197141],
       [ -9.36901952],
       [ -8.89875019],
       [ -9.57487304],
       [ -9.63717635],
       [ -9.90330981],
       [ -8.78358541],
       [ -6.52747326],
       [ -8.81353688]])
<<<<<<<<<<< STEP 5 >>>>>>>>>>>> + array([[-0.4924549 ],
       [-0.49839042],
       [-0.49650979],
       [-0.49391255],
       [-0.4874768 ],
       [-0.5015399 ],
       [-0.50167579],
       [-0.50162142],
       [-0.48919125],
       [-0.49709973],
       [-0.5013565 ],
       [-0.05458534],
       [-0.5014656 ],
       [-0.50120266],
       [-0.50122248],
       [-0.50160816],
       [-0.50168437],
       [-0.50148571],
       [-0.50135053],
       [-0.50161984],
       [-0.50097301],
       [-0.06673894],
       [-0.50110923],
       [-0.50091145],
       [-0.50099385],
       [-0.50118728],
       [-0.50130541],
       [-0.50117647],
       [-0.50037225],
       [-0.48904315],
       [-0.50055711]])
array([[ -8.40776229],
       [ -6.93508115],
       [ -8.89271475],
       [ -8.52998124],
       [ -7.13167286],
       [-10.80792182],
       [-10.63741996],
       [-10.60575199],
       [ -7.01776056],
       [ -8.1538964 ],
       [-10.16676703],
       [ -2.90861242],
       [-10.17627464],
       [ -9.94565965],
       [ -9.10109402],
       [-10.12244609],
       [-10.26079815],
       [ -9.8578241 ],
       [ -9.93099227],
       [-10.28643842],
       [-10.02548109],
       [ -3.11760409],
       [-10.24308064],
       [ -9.86993097],
       [ -9.39974404],
       [-10.07606032],
       [-10.13848176],
       [-10.40448628],
       [ -9.28395766],
       [ -7.01651641],
       [ -9.31409399]])
<<<<<<<<<<< STEP 6 >>>>>>>>>>>> + array([[-0.49503065],
       [-0.5001503 ],
       [-0.49769094],
       [-0.49598934],
       [-0.49159813],
       [-0.50093938],
       [-0.50105563],
       [-0.50100812],
       [-0.49260518],
       [-0.49797755],
       [-0.50086883],
       [-0.03860991],
       [-0.5009543 ],
       [-0.50075897],
       [-0.50084755],
       [-0.50106056],
       [-0.50111421],
       [-0.50098563],
       [-0.50087349],
       [-0.50105338],
       [-0.50057235],
       [-0.05737419],
       [-0.50066534],
       [-0.5005346 ],
       [-0.50059573],
       [-0.50071598],
       [-0.50080169],
       [-0.50067825],
       [-0.50012221],
       [-0.49260294],
       [-0.50035015]])
array([[ -8.90279294],
       [ -7.43523145],
       [ -9.39040569],
       [ -9.02597059],
       [ -7.62327098],
       [-11.30886119],
       [-11.13847559],
       [-11.1067601 ],
       [ -7.51036574],
       [ -8.65187395],
       [-10.66763586],
       [ -2.94722233],
       [-10.67722894],
       [-10.44641862],
       [ -9.60194157],
       [-10.62350665],
       [-10.76191236],
       [-10.35880973],
       [-10.43186576],
       [-10.7874918 ],
       [-10.52605344],
       [ -3.17497828],
       [-10.74374598],
       [-10.37046557],
       [ -9.90033977],
       [-10.5767763 ],
       [-10.63928344],
       [-10.90516453],
       [ -9.78407987],
       [ -7.50911935],
       [ -9.81444414]])
<<<<<<<<<<< STEP 7 >>>>>>>>>>>> + array([[-0.49681397],
       [-0.50113783],
       [-0.49852193],
       [-0.49743038],
       [-0.49452978],
       [-0.50057278],
       [-0.50066995],
       [-0.50063003],
       [-0.49505831],
       [-0.49862836],
       [-0.50056344],
       [-0.02511146],
       [-0.50063026],
       [-0.50048373],
       [-0.50059704],
       [-0.50070905],
       [-0.50074763],
       [-0.50066428],
       [-0.50057235],
       [-0.50069362],
       [-0.50033301],
       [-0.05279757],
       [-0.5003974 ],
       [-0.50030978],
       [-0.50035369],
       [-0.50042922],
       [-0.50049238],
       [-0.50038256],
       [-0.49999167],
       [-0.49510742],
       [-0.50022191]])
array([[ -9.39960692],
       [ -7.93636928],
       [ -9.88892762],
       [ -9.52340097],
       [ -8.11780077],
       [-11.80943397],
       [-11.63914555],
       [-11.60739013],
       [ -8.00542404],
       [ -9.15050231],
       [-11.1681993 ],
       [ -2.9723338 ],
       [-11.17785919],
       [-10.94690235],
       [-10.10253861],
       [-11.1242157 ],
       [-11.26265999],
       [-10.85947402],
       [-10.93243811],
       [-11.28818542],
       [-11.02638645],
       [ -3.22777585],
       [-11.24414338],
       [-10.87077535],
       [-10.40069346],
       [-11.07720552],
       [-11.13977583],
       [-11.40554709],
       [-10.28407153],
       [ -8.00422677],
       [-10.31466605]])
<<<<<<<<<<< STEP 8 >>>>>>>>>>>> + array([[-0.49800008],
       [-0.50158269],
       [-0.49907908],
       [-0.49838978],
       [-0.496518  ],
       [-0.50034942],
       [-0.50042934],
       [-0.50039669],
       [-0.49674636],
       [-0.49908512],
       [-0.50037116],
       [-0.0127216 ],
       [-0.50042327],
       [-0.50031236],
       [-0.50042751],
       [-0.5004813 ],
       [-0.50050967],
       [-0.50045582],
       [-0.50038114],
       [-0.50046352],
       [-0.50019089],
       [-0.05267802],
       [-0.50023616],
       [-0.50017654],
       [-0.50020729],
       [-0.50025524],
       [-0.50030246],
       [-0.50020898],
       [-0.49992969],
       [-0.49680352],
       [-0.50014205]])
array([[ -9.89760699],
       [ -8.43795196],
       [-10.3880067 ],
       [-10.02179075],
       [ -8.61431877],
       [-12.30978339],
       [-12.13957488],
       [-12.10778682],
       [ -8.5021704 ],
       [ -9.64958743],
       [-11.66857047],
       [ -2.98505539],
       [-11.67828246],
       [-11.44721471],
       [-10.60296612],
       [-11.624697  ],
       [-11.76316967],
       [-11.35992984],
       [-11.43281925],
       [-11.78864895],
       [-11.52657734],
       [ -3.28045387],
       [-11.74437954],
       [-11.37095188],
       [-10.90090075],
       [-11.57746076],
       [-11.64007829],
       [-11.90575607],
       [-10.78400122],
       [ -8.50103029],
       [-10.81480809]])
<<<<<<<<<<< STEP 9 >>>>>>>>>>>> + array([[ -4.98766656e-01],
       [ -5.01686459e-01],
       [ -4.99440148e-01],
       [ -4.99009927e-01],
       [ -4.97822626e-01],
       [ -5.00213522e-01],
       [ -5.00278510e-01],
       [ -5.00252374e-01],
       [ -4.97875720e-01],
       [ -4.99395016e-01],
       [ -5.00249287e-01],
       [  3.40664972e-05],
       [ -5.00289830e-01],
       [ -5.00205173e-01],
       [ -5.00311209e-01],
       [ -5.00332079e-01],
       [ -5.00353437e-01],
       [ -5.00319124e-01],
       [ -5.00258846e-01],
       [ -5.00315032e-01],
       [ -5.00107169e-01],
       [ -5.69649735e-02],
       [ -5.00139463e-01],
       [ -5.00098227e-01],
       [ -5.00119117e-01],
       [ -5.00149900e-01],
       [ -5.00185690e-01],
       [ -5.00108469e-01],
       [ -4.99905773e-01],
       [ -4.97922981e-01],
       [ -5.00092020e-01]])
array([[-10.39637365],
       [ -8.93963842],
       [-10.88744685],
       [-10.52080067],
       [ -9.11214139],
       [-12.80999691],
       [-12.63985339],
       [-12.6080392 ],
       [ -9.00004612],
       [-10.14898245],
       [-12.16881975],
       [ -2.98502133],
       [-12.17857229],
       [-11.94741988],
       [-11.10327733],
       [-12.12502908],
       [-12.2635231 ],
       [-11.86024896],
       [-11.9330781 ],
       [-12.28896398],
       [-12.02668451],
       [ -3.33741885],
       [-12.24451901],
       [-11.87105011],
       [-11.40101987],
       [-12.07761066],
       [-12.14026398],
       [-12.40586454],
       [-11.283907  ],
       [ -8.99895327],
       [-11.31490011]])
<<<<<<<<<<< STEP 10 >>>>>>>>>>>> + array([[-0.49925225],
       [-0.50159872],
       [-0.49966857],
       [-0.49940256],
       [-0.49865997],
       [-0.50013093],
       [-0.50018338],
       [-0.50016284],
       [-0.49861877],
       [-0.49960117],
       [-0.50017147],
       [ 0.01470885],
       [-0.50020293],
       [-0.50013778],
       [-0.50023036],
       [-0.50023309],
       [-0.50024957],
       [-0.50022846],
       [-0.50017998],
       [-0.50021821],
       [-0.50005834],
       [-0.06606375],
       [-0.50008172],
       [-0.50005271],
       [-0.50006621],
       [-0.5000862 ],
       [-0.5001137 ],
       [-0.50005132],
       [-0.49990196],
       [-0.49864996],
       [-0.50006045]])
array([[-10.8956259 ],
       [ -9.44123715],
       [-11.38711543],
       [-11.02020324],
       [ -9.61080137],
       [-13.31012784],
       [-13.14003678],
       [-13.10820204],
       [ -9.49866489],
       [-10.64858362],
       [-12.66899122],
       [ -2.97031248],
       [-12.67877522],
       [-12.44755766],
       [-11.60350769],
       [-12.62526216],
       [-12.76377268],
       [-12.36047742],
       [-12.43325808],
       [-12.78918219],
       [-12.52674286],
       [ -3.4034826 ],
       [-12.74460072],
       [-12.37110282],
       [-11.90108608],
       [-12.57769686],
       [-12.64037768],
       [-12.90591585],
       [-11.78380896],
       [ -9.49760323],
       [-11.81496057]])
<<<<<<<<<<< STEP 11 >>>>>>>>>>>> + array([[-0.49955561],
       [-0.5014187 ],
       [-0.4998106 ],
       [-0.49964757],
       [-0.49918979],
       [-0.50008079],
       [-0.50012295],
       [-0.5001071 ],
       [-0.49910363],
       [-0.49973697],
       [-0.5001214 ],
       [ 0.03298897],
       [-0.50014575],
       [-0.50009518],
       [-0.50017348],
       [-0.50016655],
       [-0.50017963],
       [-0.50016764],
       [-0.50012868],
       [-0.50015436],
       [-0.50003026],
       [-0.0809376 ],
       [-0.50004742],
       [-0.50002665],
       [-0.50003454],
       [-0.50004768],
       [-0.50006912],
       [-0.50001963],
       [-0.49990793],
       [-0.49911768],
       [-0.50004037]])
array([[-11.39518151],
       [ -9.94265585],
       [-11.88692603],
       [-11.5198508 ],
       [-10.10999115],
       [-13.81020863],
       [-13.64015973],
       [-13.60830915],
       [ -9.99776852],
       [-11.14832059],
       [-13.16911262],
       [ -2.93732351],
       [-13.17892097],
       [-12.94765284],
       [-12.10368117],
       [-13.12542871],
       [-13.2639523 ],
       [-12.86064505],
       [-12.93338676],
       [-13.28933655],
       [-13.02677312],
       [ -3.4844202 ],
       [-13.24464815],
       [-12.87112948],
       [-12.40112062],
       [-13.07774454],
       [-13.14044679],
       [-13.40593549],
       [-12.28371689],
       [ -9.99672091],
       [-12.31500093]])
<<<<<<<<<<< STEP 12 >>>>>>>>>>>> + array([[-0.49974332],
       [-0.50120673],
       [-0.49989779],
       [-0.49979891],
       [-0.49952216],
       [-0.50005039],
       [-0.50008424],
       [-0.50007227],
       [-0.49941942],
       [-0.49982616],
       [-0.50008897],
       [ 0.05673221],
       [-0.50010775],
       [-0.50006813],
       [-0.50013303],
       [-0.50012123],
       [-0.50013192],
       [-0.50012642],
       [-0.50009505],
       [-0.50011178],
       [-0.50001443],
       [-0.10315712],
       [-0.5000272 ],
       [-0.50001206],
       [-0.50001561],
       [-0.50002435],
       [-0.50004133],
       [-0.50000272],
       [-0.4999179 ],
       [-0.49941726],
       [-0.50002747]])
array([[-11.89492482],
       [-10.44386257],
       [-12.38682382],
       [-12.01964971],
       [-10.60951331],
       [-14.31025902],
       [-14.14024397],
       [-14.10838141],
       [-10.49718794],
       [-11.64814675],
       [-13.6692016 ],
       [ -2.8805913 ],
       [-13.67902872],
       [-13.44772097],
       [-12.6038142 ],
       [-13.62554994],
       [-13.76408422],
       [-13.36077148],
       [-13.43348181],
       [-13.78944832],
       [-13.52678755],
       [ -3.58757732],
       [-13.74467534],
       [-13.37114153],
       [-12.90113623],
       [-13.57776889],
       [-13.64048813],
       [-13.90593821],
       [-12.78363479],
       [-10.49613817],
       [-12.8150284 ]])
<<<<<<<<<<< STEP 13 >>>>>>>>>>>> + array([[-0.49985874],
       [-0.50099654],
       [-0.49995081],
       [-0.49989174],
       [-0.49972982],
       [-0.50003199],
       [-0.50005922],
       [-0.50005041],
       [-0.49962572],
       [-0.49988486],
       [-0.50006786],
       [ 0.0878381 ],
       [-0.50008229],
       [-0.50005089],
       [-0.50010405],
       [-0.50008997],
       [-0.50009899],
       [-0.50009826],
       [-0.50007286],
       [-0.50008306],
       [-0.50000576],
       [-0.13482165],
       [-0.50001538],
       [-0.50000413],
       [-0.50000427],
       [-0.50001015],
       [-0.50002385],
       [-0.49999423],
       [-0.49992879],
       [-0.49960894],
       [-0.5000191 ]])
array([[-12.39478356],
       [-10.94485911],
       [-12.88677463],
       [-12.51954145],
       [-11.10924314],
       [-14.81029101],
       [-14.64030319],
       [-14.60843183],
       [-10.99681366],
       [-12.1480316 ],
       [-14.16926946],
       [ -2.7927532 ],
       [-14.17911101],
       [-13.94777186],
       [-13.10391825],
       [-14.12563991],
       [-14.26418321],
       [-13.86086974],
       [-13.93355467],
       [-14.28953138],
       [-14.02679331],
       [ -3.72239897],
       [-14.24469072],
       [-13.87114567],
       [-13.4011405 ],
       [-14.07777903],
       [-14.14051197],
       [-14.40593244],
       [-13.28356359],
       [-10.99574711],
       [-13.3150475 ]])
<<<<<<<<<<< STEP 14 >>>>>>>>>>>> + array([[-0.49992941],
       [-0.50080511],
       [-0.4999828 ],
       [-0.49994842],
       [-0.49985946],
       [-0.50002089],
       [-0.50004291],
       [-0.50003666],
       [-0.49976137],
       [-0.4999237 ],
       [-0.50005406],
       [ 0.12766089],
       [-0.5000651 ],
       [-0.50003989],
       [-0.50008315],
       [-0.50006815],
       [-0.50007601],
       [-0.50007889],
       [-0.50005814],
       [-0.50006348],
       [-0.50000122],
       [-0.17809252],
       [-0.50000858],
       [-0.50000005],
       [-0.49999745],
       [-0.50000144],
       [-0.50001272],
       [-0.49999043],
       [-0.49993906],
       [-0.49973172],
       [-0.50001361]])
array([[-12.89471297],
       [-11.44566422],
       [-13.38675743],
       [-13.01948987],
       [-11.6091026 ],
       [-15.3103119 ],
       [-15.1403461 ],
       [-15.10846849],
       [-11.49657504],
       [-12.6479553 ],
       [-14.66932352],
       [ -2.66509231],
       [-14.67917611],
       [-14.44781175],
       [-13.6040014 ],
       [-14.62570805],
       [-14.76425922],
       [-14.36094862],
       [-14.43361281],
       [-14.78959486],
       [-14.52679452],
       [ -3.90049149],
       [-14.7446993 ],
       [-14.37114572],
       [-13.90113795],
       [-14.57778047],
       [-14.6405247 ],
       [-14.90592287],
       [-13.78350265],
       [-11.49547883],
       [-13.81506111]])
<<<<<<<<<<< STEP 15 >>>>>>>>>>>> + array([[-0.49997247],
       [-0.50063945],
       [-0.50000191],
       [-0.4999828 ],
       [-0.49994031],
       [-0.5000142 ],
       [-0.50003216],
       [-0.50002796],
       [-0.49985121],
       [-0.49994958],
       [-0.50004498],
       [ 0.1755408 ],
       [-0.50005338],
       [-0.50003283],
       [-0.50006797],
       [-0.50005274],
       [-0.5000598 ],
       [-0.50006544],
       [-0.5000483 ],
       [-0.50004999],
       [-0.49999901],
       [-0.23383998],
       [-0.50000472],
       [-0.49999813],
       [-0.49999332],
       [-0.49999605],
       [-0.50000555],
       [-0.49998915],
       [-0.49994808],
       [-0.49981055],
       [-0.50000997]])
array([[-13.39468544],
       [-11.94630367],
       [-13.88675934],
       [-13.51947268],
       [-12.10904291],
       [-15.8103261 ],
       [-15.64037826],
       [-15.60849645],
       [-11.99642625],
       [-13.14790488],
       [-15.1693685 ],
       [ -2.48955151],
       [-15.17922949],
       [-14.94784458],
       [-14.10406937],
       [-15.12576079],
       [-15.26431903],
       [-14.86101406],
       [-14.93366111],
       [-15.28964485],
       [-15.02679354],
       [ -4.13433147],
       [-15.24470402],
       [-14.87114384],
       [-14.40113127],
       [-15.07777652],
       [-15.14053025],
       [-15.40591201],
       [-14.28345073],
       [-11.99528938],
       [-14.31507108]])
<<<<<<<<<<< STEP 16 >>>>>>>>>>>> + array([[-0.49999823],
       [-0.500501  ],
       [-0.50001298],
       [-0.50000325],
       [-0.49999009],
       [-0.50001017],
       [-0.50002495],
       [-0.50002237],
       [-0.49991075],
       [-0.49996683],
       [-0.50003884],
       [ 0.22646896],
       [-0.5000452 ],
       [-0.50002819],
       [-0.50005677],
       [-0.5000417 ],
       [-0.50004819],
       [-0.50005587],
       [-0.50004154],
       [-0.50004052],
       [-0.4999981 ],
       [-0.29912193],
       [-0.50000259],
       [-0.49999738],
       [-0.49999088],
       [-0.49999276],
       [-0.50000092],
       [-0.49998917],
       [-0.49995572],
       [-0.49986134],
       [-0.50000752]])
array([[-13.89468367],
       [-12.44680467],
       [-14.38677231],
       [-14.01947592],
       [-12.609033  ],
       [-16.31033627],
       [-16.14040321],
       [-16.10851881],
       [-12.496337  ],
       [-13.64787171],
       [-15.66940734],
       [ -2.26308255],
       [-15.67927469],
       [-15.44787277],
       [-14.60412613],
       [-15.6258025 ],
       [-15.76436722],
       [-15.36106994],
       [-15.43370265],
       [-15.78968537],
       [-15.52679164],
       [ -4.4334534 ],
       [-15.74470662],
       [-15.37114122],
       [-14.90112215],
       [-15.57776928],
       [-15.64053117],
       [-15.90590118],
       [-14.78340645],
       [-12.49515072],
       [-14.8150786 ]])
<<<<<<<<<<< STEP 17 >>>>>>>>>>>> + array([[-0.50001275],
       [-0.50038816],
       [-0.50001874],
       [-0.5000146 ],
       [-0.50001919],
       [-0.50000769],
       [-0.50001996],
       [-0.50001859],
       [-0.49994954],
       [-0.4999782 ],
       [-0.50003431],
       [ 0.27004371],
       [-0.50003911],
       [-0.50002487],
       [-0.50004816],
       [-0.50003359],
       [-0.50003958],
       [-0.50004862],
       [-0.50003652],
       [-0.5000336 ],
       [-0.49999786],
       [-0.36519029],
       [-0.50000145],
       [-0.49999725],
       [-0.49998961],
       [-0.49999091],
       [-0.499998  ],
       [-0.49998984],
       [-0.49996219],
       [-0.49989436],
       [-0.50000582]])
array([[-14.39469643],
       [-12.94719283],
       [-14.88679105],
       [-14.51949053],
       [-13.10905219],
       [-16.81034397],
       [-16.64042317],
       [-16.6085374 ],
       [-12.99628654],
       [-14.1478499 ],
       [-16.16944165],
       [ -1.99303885],
       [-16.1793138 ],
       [-15.94789764],
       [-15.1041743 ],
       [-16.12583609],
       [-16.2644068 ],
       [-15.86111856],
       [-15.93373917],
       [-16.28971897],
       [-16.0267895 ],
       [ -4.79864369],
       [-16.24470806],
       [-15.87113847],
       [-15.40111176],
       [-16.07776018],
       [-16.14052917],
       [-16.40589102],
       [-15.28336864],
       [-12.99504508],
       [-15.31508442]])
<<<<<<<<<<< STEP 18 >>>>>>>>>>>> + array([[-0.50001964],
       [-0.50029786],
       [-0.50002075],
       [-0.50001974],
       [-0.5000338 ],
       [-0.50000606],
       [-0.50001626],
       [-0.50001575],
       [-0.49997369],
       [-0.49998551],
       [-0.5000304 ],
       [ 0.29492935],
       [-0.50003401],
       [-0.50002204],
       [-0.50004103],
       [-0.50002733],
       [-0.50003281],
       [-0.50004243],
       [-0.5000322 ],
       [-0.50002814],
       [-0.49999795],
       [-0.42045334],
       [-0.50000083],
       [-0.49999743],
       [-0.49998928],
       [-0.49999018],
       [-0.49999636],
       [-0.49999084],
       [-0.49996786],
       [-0.49991654],
       [-0.5000046 ]])
array([[-14.89471606],
       [-13.44749069],
       [-15.38681181],
       [-15.01951026],
       [-13.60908599],
       [-17.31035003],
       [-17.14043943],
       [-17.10855315],
       [-13.49626023],
       [-14.64783541],
       [-16.66947205],
       [ -1.6981095 ],
       [-16.67934782],
       [-16.44791968],
       [-15.60421532],
       [-16.62586342],
       [-16.76443961],
       [-16.36116098],
       [-16.43377137],
       [-16.78974711],
       [-16.52678745],
       [ -5.21909703],
       [-16.7447089 ],
       [-16.3711359 ],
       [-15.90110104],
       [-16.57775037],
       [-16.64052552],
       [-16.90588186],
       [-15.7833365 ],
       [-13.49496163],
       [-15.81508902]])
<<<<<<<<<<< STEP 19 >>>>>>>>>>>> + array([[-0.50002142],
       [-0.50022654],
       [-0.50002017],
       [-0.50002069],
       [-0.50003846],
       [-0.50000487],
       [-0.50001327],
       [-0.5000133 ],
       [-0.49998773],
       [-0.49999013],
       [-0.50002648],
       [ 0.29713958],
       [-0.50002919],
       [-0.50001922],
       [-0.50003458],
       [-0.5000222 ],
       [-0.50002708],
       [-0.50003649],
       [-0.50002793],
       [-0.50002345],
       [-0.49999819],
       [-0.45829033],
       [-0.50000051],
       [-0.49999774],
       [-0.49998976],
       [-0.49999039],
       [-0.49999567],
       [-0.49999204],
       [-0.49997305],
       [-0.49993268],
       [-0.50000365]])
array([[-15.39473748],
       [-13.94771722],
       [-15.88683197],
       [-15.51953095],
       [-14.10912445],
       [-17.8103549 ],
       [-17.6404527 ],
       [-17.60856645],
       [-13.99624796],
       [-15.14782554],
       [-17.16949853],
       [ -1.40096992],
       [-17.17937701],
       [-16.9479389 ],
       [-16.10424991],
       [-17.12588562],
       [-17.26446669],
       [-16.86119747],
       [-16.93379931],
       [-17.28977056],
       [-17.02678565],
       [ -5.67738736],
       [-17.2447094 ],
       [-16.87113364],
       [-16.4010908 ],
       [-17.07774075],
       [-17.1405212 ],
       [-17.4058739 ],
       [-16.28330956],
       [-13.9948943 ],
       [-16.31509267]])
<<<<<<<<<<< STEP 20 >>>>>>>>>>>> + array([[-0.50002017],
       [-0.50017079],
       [-0.50001802],
       [-0.50001915],
       [-0.50003699],
       [-0.5000039 ],
       [-0.50001072],
       [-0.50001102],
       [-0.4999953 ],
       [-0.49999308],
       [-0.50002241],
       [ 0.28191745],
       [-0.50002444],
       [-0.50001628],
       [-0.50002855],
       [-0.50001782],
       [-0.50002201],
       [-0.50003058],
       [-0.50002357],
       [-0.50001921],
       [-0.49999848],
       [-0.48025777],
       [-0.50000032],
       [-0.4999981 ],
       [-0.49999082],
       [-0.49999126],
       [-0.49999568],
       [-0.49999331],
       [-0.49997788],
       [-0.49994562],
       [-0.50000289]])
array([[-15.89475765],
       [-14.44788801],
       [-16.38684999],
       [-16.0195501 ],
       [-14.60916144],
       [-18.31035881],
       [-18.14046342],
       [-18.10857747],
       [-14.49624326],
       [-15.64781862],
       [-17.66952093],
       [ -1.11905246],
       [-17.67940144],
       [-17.44795519],
       [-16.60427846],
       [-17.62590345],
       [-17.7644887 ],
       [-17.36122805],
       [-17.43382288],
       [-17.78978976],
       [-17.52678413],
       [ -6.15764513],
       [-17.74470972],
       [-17.37113174],
       [-16.90108162],
       [-17.57773201],
       [-17.64051687],
       [-17.90586721],
       [-16.78328743],
       [-14.49483992],
       [-16.81509556]])
<<<<<<<<<<< STEP 21 >>>>>>>>>>>> + array([[-0.50001749],
       [-0.50012772],
       [-0.5000152 ],
       [-0.50001646],
       [-0.50003248],
       [-0.50000309],
       [-0.50000851],
       [-0.50000892],
       [-0.49999908],
       [-0.49999504],
       [-0.50001839],
       [ 0.25773105],
       [-0.5000199 ],
       [-0.50001338],
       [-0.50002302],
       [-0.50001407],
       [-0.50001754],
       [-0.50002493],
       [-0.5000193 ],
       [-0.5000154 ],
       [-0.49999877],
       [-0.49168008],
       [-0.50000021],
       [-0.49999846],
       [-0.49999218],
       [-0.49999249],
       [-0.49999608],
       [-0.49999455],
       [-0.49998225],
       [-0.49995656],
       [-0.50000225]])
array([[-16.39477514],
       [-14.94801573],
       [-16.88686519],
       [-16.51956655],
       [-15.10919392],
       [-18.81036189],
       [-18.64047193],
       [-18.60858638],
       [-14.99624235],
       [-16.14781366],
       [-18.16953932],
       [ -0.86132141],
       [-18.17942135],
       [-17.94796856],
       [-17.10430147],
       [-18.12591752],
       [-18.26450624],
       [-17.86125298],
       [-17.93384218],
       [-18.28980516],
       [-18.0267829 ],
       [ -6.64932521],
       [-18.24470993],
       [-17.87113019],
       [-17.40107381],
       [-18.0777245 ],
       [-18.14051295],
       [-18.40586177],
       [-17.28326968],
       [-14.99479648],
       [-17.31509781]])
<<<<<<<<<<< STEP 22 >>>>>>>>>>>> + array([[-0.50001442],
       [-0.50009491],
       [-0.50001233],
       [-0.5000135 ],
       [-0.500027  ],
       [-0.50000241],
       [-0.50000664],
       [-0.50000706],
       [-0.50000079],
       [-0.4999964 ],
       [-0.5000147 ],
       [ 0.23114996],
       [-0.50001583],
       [-0.50001071],
       [-0.50001817],
       [-0.50001094],
       [-0.50001373],
       [-0.50001983],
       [-0.50001541],
       [-0.50001211],
       [-0.49999903],
       [-0.49721419],
       [-0.50000014],
       [-0.49999878],
       [-0.49999359],
       [-0.49999381],
       [-0.49999666],
       [-0.49999567],
       [-0.49998604],
       [-0.49996582],
       [-0.50000174]])
array([[-16.89478956],
       [-15.44811064],
       [-17.38687753],
       [-17.01958005],
       [-15.60922092],
       [-19.3103643 ],
       [-19.14047857],
       [-19.10859344],
       [-15.49624314],
       [-16.64781007],
       [-18.66955402],
       [ -0.63017145],
       [-18.67943717],
       [-18.44797927],
       [-17.60431964],
       [-18.62592846],
       [-18.76451997],
       [-18.36127281],
       [-18.43385759],
       [-18.78981727],
       [-18.52678193],
       [ -7.14653941],
       [-18.74471007],
       [-18.37112897],
       [-17.9010674 ],
       [-18.57771831],
       [-18.64050961],
       [-18.90585744],
       [-17.78325573],
       [-15.4947623 ],
       [-17.81509955]])
<<<<<<<<<<< STEP 23 >>>>>>>>>>>> + array([[-0.50001151],
       [-0.50007025],
       [-0.50000975],
       [-0.50001074],
       [-0.50002169],
       [-0.50000185],
       [-0.50000512],
       [-0.5000055 ],
       [-0.50000143],
       [-0.49999737],
       [-0.50001153],
       [ 0.20578887],
       [-0.50001236],
       [-0.5000084 ],
       [-0.50001411],
       [-0.5000084 ],
       [-0.5000106 ],
       [-0.5000155 ],
       [-0.50001207],
       [-0.50000938],
       [-0.49999925],
       [-0.4997325 ],
       [-0.50000009],
       [-0.49999905],
       [-0.49999489],
       [-0.49999504],
       [-0.49999726],
       [-0.49999662],
       [-0.49998919],
       [-0.49997346],
       [-0.50000133]])
array([[-17.39480108],
       [-15.9481809 ],
       [-17.88688728],
       [-17.5195908 ],
       [-16.10924261],
       [-19.81036615],
       [-19.64048369],
       [-19.60859894],
       [-15.99624457],
       [-17.14780743],
       [-19.16956556],
       [ -0.42438258],
       [-19.17944953],
       [-18.94798767],
       [-18.10433375],
       [-19.12593686],
       [-19.26453057],
       [-18.86128831],
       [-18.93386966],
       [-19.28982664],
       [-19.02678118],
       [ -7.64627191],
       [-19.24471017],
       [-18.87112802],
       [-18.40106228],
       [-19.07771335],
       [-19.14050688],
       [-19.40585406],
       [-18.28324492],
       [-15.99473576],
       [-18.31510087]])
<<<<<<<<<<< STEP 24 >>>>>>>>>>>> + array([[-0.50000901],
       [-0.50005192],
       [-0.50000758],
       [-0.50000839],
       [-0.50001705],
       [-0.50000142],
       [-0.50000391],
       [-0.50000423],
       [-0.50000156],
       [-0.49999807],
       [-0.50000892],
       [ 0.18313666],
       [-0.50000954],
       [-0.5000065 ],
       [-0.50001084],
       [-0.5000064 ],
       [-0.50000811],
       [-0.50001196],
       [-0.50000934],
       [-0.50000719],
       [-0.49999942],
       [-0.5007714 ],
       [-0.50000007],
       [-0.49999927],
       [-0.49999599],
       [-0.4999961 ],
       [-0.49999781],
       [-0.4999974 ],
       [-0.49999171],
       [-0.49997959],
       [-0.500001  ]])
array([[-17.89481009],
       [-16.44823282],
       [-18.38689487],
       [-18.01959919],
       [-16.60925966],
       [-20.31036757],
       [-20.1404876 ],
       [-20.10860318],
       [-16.49624613],
       [-17.6478055 ],
       [-19.66957448],
       [ -0.24124592],
       [-19.67945907],
       [-19.44799418],
       [-18.60434459],
       [-19.62594326],
       [-19.76453868],
       [-19.36130027],
       [-19.433879  ],
       [-19.78983383],
       [-19.5267806 ],
       [ -8.1470433 ],
       [-19.74471023],
       [-19.37112729],
       [-18.90105827],
       [-19.57770945],
       [-19.64050469],
       [-19.90585146],
       [-18.78323663],
       [-16.49471536],
       [-18.81510188]])
<<<<<<<<<<< STEP 25 >>>>>>>>>>>> + array([[-0.50000697],
       [-0.50003838],
       [-0.50000584],
       [-0.50000648],
       [-0.50001322],
       [-0.50000107],
       [-0.50000297],
       [-0.50000324],
       [-0.50000145],
       [-0.49999857],
       [-0.50000685],
       [ 0.16352705],
       [-0.5000073 ],
       [-0.50000499],
       [-0.50000827],
       [-0.50000485],
       [-0.50000616],
       [-0.50000916],
       [-0.50000716],
       [-0.50000548],
       [-0.49999956],
       [-0.5011075 ],
       [-0.50000005],
       [-0.49999944],
       [-0.4999969 ],
       [-0.49999697],
       [-0.49999828],
       [-0.49999801],
       [-0.49999369],
       [-0.49998442],
       [-0.50000076]])
array([[-18.39481706],
       [-16.9482712 ],
       [-18.8869007 ],
       [-18.51960567],
       [-17.10927288],
       [-20.81036864],
       [-20.64049056],
       [-20.60860641],
       [-16.99624757],
       [-18.14780407],
       [-20.16958133],
       [ -0.07771887],
       [-20.17946637],
       [-19.94799917],
       [-19.10435286],
       [-20.12594811],
       [-20.26454484],
       [-19.86130942],
       [-19.93388616],
       [-20.28983931],
       [-20.02678016],
       [ -8.64815081],
       [-20.24471028],
       [-19.87112674],
       [-19.40105517],
       [-20.07770642],
       [-20.14050298],
       [-20.40584947],
       [-19.28323032],
       [-16.99469977],
       [-19.31510264]])
<<<<<<<<<<< STEP 26 >>>>>>>>>>>> + array([[-0.50000534],
       [-0.50002841],
       [-0.50000446],
       [-0.50000496],
       [-0.50001017],
       [-0.50000081],
       [-0.50000224],
       [-0.50000246],
       [-0.50000125],
       [-0.49999894],
       [-0.50000522],
       [ 0.14677622],
       [-0.50000556],
       [-0.50000381],
       [-0.50000628],
       [-0.50000366],
       [-0.50000467],
       [-0.50000697],
       [-0.50000546],
       [-0.50000415],
       [-0.49999967],
       [-0.50112492],
       [-0.50000003],
       [-0.49999958],
       [-0.49999761],
       [-0.49999767],
       [-0.49999867],
       [-0.49999849],
       [-0.49999522],
       [-0.49998815],
       [-0.50000057]])
array([[-18.8948224 ],
       [-17.44829961],
       [-19.38690516],
       [-19.01961063],
       [-17.60928304],
       [-21.31036946],
       [-21.14049281],
       [-21.10860887],
       [-17.49624882],
       [-18.64780302],
       [-20.66958655],
       [  0.06905734],
       [-20.67947193],
       [-20.44800297],
       [-19.60435914],
       [-20.62595178],
       [-20.76454951],
       [-20.3613164 ],
       [-20.43389161],
       [-20.78984346],
       [-20.52677982],
       [ -9.14927573],
       [-20.74471031],
       [-20.37112631],
       [-19.90105278],
       [-20.57770409],
       [-20.64050164],
       [-20.90584795],
       [-19.78322554],
       [-17.49468792],
       [-19.81510321]])
<<<<<<<<<<< STEP 27 >>>>>>>>>>>> + array([[-0.50000408],
       [-0.50002108],
       [-0.5000034 ],
       [-0.50000378],
       [-0.50000777],
       [-0.50000061],
       [-0.5000017 ],
       [-0.50000187],
       [-0.50000103],
       [-0.49999922],
       [-0.50000397],
       [ 0.13251977],
       [-0.50000422],
       [-0.5000029 ],
       [-0.50000476],
       [-0.50000276],
       [-0.50000353],
       [-0.50000529],
       [-0.50000415],
       [-0.50000314],
       [-0.49999975],
       [-0.50101112],
       [-0.50000002],
       [-0.49999968],
       [-0.49999818],
       [-0.49999822],
       [-0.49999897],
       [-0.49999885],
       [-0.49999638],
       [-0.49999101],
       [-0.50000043]])
array([[-19.39482648],
       [-17.94832069],
       [-19.88690856],
       [-19.51961441],
       [-18.10929082],
       [-21.81037007],
       [-21.6404945 ],
       [-21.60861074],
       [-17.99624986],
       [-19.14780223],
       [-21.16959052],
       [  0.20157712],
       [-21.17947615],
       [-20.94800587],
       [-20.1043639 ],
       [-21.12595454],
       [-21.26455304],
       [-20.86132169],
       [-20.93389576],
       [-21.2898466 ],
       [-21.02677957],
       [ -9.65028685],
       [-21.24471033],
       [-20.87112599],
       [-20.40105096],
       [-21.07770231],
       [-21.14050062],
       [-21.40584681],
       [-20.28322192],
       [-17.99467893],
       [-20.31510364]])
<<<<<<<<<<< STEP 28 >>>>>>>>>>>> + array([[-0.5000031 ],
       [-0.50001568],
       [-0.50000258],
       [-0.50000288],
       [-0.50000592],
       [-0.50000046],
       [-0.50000128],
       [-0.50000141],
       [-0.50000083],
       [-0.49999942],
       [-0.50000301],
       [ 0.1203674 ],
       [-0.5000032 ],
       [-0.5000022 ],
       [-0.5000036 ],
       [-0.50000208],
       [-0.50000266],
       [-0.50000401],
       [-0.50000315],
       [-0.50000238],
       [-0.49999981],
       [-0.50085569],
       [-0.50000002],
       [-0.49999976],
       [-0.49999861],
       [-0.49999864],
       [-0.49999921],
       [-0.49999913],
       [-0.49999726],
       [-0.49999319],
       [-0.50000032]])
array([[-19.89482958],
       [-18.44833638],
       [-20.38691114],
       [-20.01961729],
       [-18.60929674],
       [-22.31037053],
       [-22.14049578],
       [-22.10861215],
       [-18.49625069],
       [-19.64780165],
       [-21.66959353],
       [  0.32194452],
       [-21.67947935],
       [-21.44800807],
       [-20.6043675 ],
       [-21.62595662],
       [-21.7645557 ],
       [-21.3613257 ],
       [-21.43389891],
       [-21.78984898],
       [-21.52677938],
       [-10.15114254],
       [-21.74471035],
       [-21.37112575],
       [-20.90104957],
       [-21.57770095],
       [-21.64049983],
       [-21.90584594],
       [-20.78321918],
       [-18.49467213],
       [-20.81510396]])
<<<<<<<<<<< STEP 29 >>>>>>>>>>>> + array([[-0.50000236],
       [-0.5000117 ],
       [-0.50000196],
       [-0.50000219],
       [-0.50000451],
       [-0.50000035],
       [-0.50000097],
       [-0.50000107],
       [-0.50000066],
       [-0.49999956],
       [-0.50000228],
       [ 0.10996391],
       [-0.50000242],
       [-0.50000167],
       [-0.50000272],
       [-0.50000157],
       [-0.50000201],
       [-0.50000304],
       [-0.50000238],
       [-0.5000018 ],
       [-0.49999986],
       [-0.50069963],
       [-0.50000001],
       [-0.49999982],
       [-0.49999894],
       [-0.49999896],
       [-0.4999994 ],
       [-0.49999934],
       [-0.49999793],
       [-0.49999485],
       [-0.50000024]])
array([[-20.39483194],
       [-18.94834808],
       [-20.88691309],
       [-20.51961948],
       [-19.10930125],
       [-22.81037088],
       [-22.64049675],
       [-22.60861322],
       [-18.99625135],
       [-20.14780121],
       [-22.16959582],
       [  0.43190843],
       [-22.17948177],
       [-21.94800973],
       [-21.10437022],
       [-22.12595819],
       [-22.26455771],
       [-21.86132874],
       [-21.93390129],
       [-22.28985078],
       [-22.02677923],
       [-10.65184217],
       [-22.24471036],
       [-21.87112557],
       [-21.40104851],
       [-22.07769991],
       [-22.14049923],
       [-22.40584528],
       [-21.28321711],
       [-18.99466697],
       [-21.3151042 ]])
<<<<<<<<<<< STEP 30 >>>>>>>>>>>> + array([[-0.50000179],
       [-0.50000875],
       [-0.50000148],
       [-0.50000166],
       [-0.50000342],
       [-0.50000026],
       [-0.50000073],
       [-0.50000081],
       [-0.50000052],
       [-0.49999967],
       [-0.50000173],
       [ 0.1010071 ],
       [-0.50000183],
       [-0.50000126],
       [-0.50000206],
       [-0.50000119],
       [-0.50000152],
       [-0.5000023 ],
       [-0.50000181],
       [-0.50000136],
       [-0.49999989],
       [-0.50055988],
       [-0.50000001],
       [-0.49999986],
       [-0.4999992 ],
       [-0.49999921],
       [-0.49999954],
       [-0.4999995 ],
       [-0.49999844],
       [-0.4999961 ],
       [-0.50000018]])
array([[-20.89483373],
       [-19.44835683],
       [-21.38691458],
       [-21.01962114],
       [-19.60930467],
       [-23.31037115],
       [-23.14049748],
       [-23.10861403],
       [-19.49625187],
       [-20.64780089],
       [-22.66959755],
       [  0.53291553],
       [-22.67948361],
       [-22.448011  ],
       [-21.60437228],
       [-22.62595938],
       [-22.76455923],
       [-22.36133104],
       [-22.4339031 ],
       [-22.78985214],
       [-22.52677912],
       [-11.15240204],
       [-22.74471037],
       [-22.37112543],
       [-21.90104771],
       [-22.57769912],
       [-22.64049877],
       [-22.90584478],
       [-21.78321555],
       [-19.49466307],
       [-21.81510439]])
<<<<<<<<<<< STEP 31 >>>>>>>>>>>> + array([[-0.50000136],
       [-0.50000656],
       [-0.50000112],
       [-0.50000126],
       [-0.5000026 ],
       [-0.5000002 ],
       [-0.50000055],
       [-0.50000061],
       [-0.50000041],
       [-0.49999975],
       [-0.50000131],
       [ 0.09324774],
       [-0.50000139],
       [-0.50000096],
       [-0.50000156],
       [-0.5000009 ],
       [-0.50000115],
       [-0.50000174],
       [-0.50000137],
       [-0.50000103],
       [-0.49999992],
       [-0.50044176],
       [-0.50000001],
       [-0.4999999 ],
       [-0.49999939],
       [-0.4999994 ],
       [-0.49999965],
       [-0.49999962],
       [-0.49999882],
       [-0.49999705],
       [-0.50000014]])
array([[-21.39483508],
       [-19.94836339],
       [-21.8869157 ],
       [-21.51962239],
       [-20.10930727],
       [-23.81037135],
       [-23.64049803],
       [-23.60861465],
       [-19.99625228],
       [-21.14780064],
       [-23.16959886],
       [  0.62616327],
       [-23.17948499],
       [-22.94801195],
       [-22.10437384],
       [-23.12596028],
       [-23.26456038],
       [-22.86133279],
       [-22.93390447],
       [-23.28985316],
       [-23.02677904],
       [-11.6528438 ],
       [-23.24471038],
       [-22.87112532],
       [-22.4010471 ],
       [-23.07769852],
       [-23.14049842],
       [-23.4058444 ],
       [-22.28321436],
       [-19.99466011],
       [-22.31510453]])
<<<<<<<<<<< STEP 32 >>>>>>>>>>>> + array([[-0.50000103],
       [-0.50000493],
       [-0.50000085],
       [-0.50000095],
       [-0.50000197],
       [-0.50000015],
       [-0.50000042],
       [-0.50000046],
       [-0.50000031],
       [-0.49999982],
       [-0.50000099],
       [ 0.08648306],
       [-0.50000105],
       [-0.50000073],
       [-0.50000118],
       [-0.50000068],
       [-0.50000087],
       [-0.50000132],
       [-0.50000104],
       [-0.50000078],
       [-0.49999994],
       [-0.50034524],
       [-0.5       ],
       [-0.49999992],
       [-0.49999954],
       [-0.49999955],
       [-0.49999973],
       [-0.49999971],
       [-0.4999991 ],
       [-0.49999776],
       [-0.5000001 ]])
array([[-21.89483611],
       [-20.44836832],
       [-22.38691655],
       [-22.01962335],
       [-20.60930924],
       [-24.3103715 ],
       [-24.14049845],
       [-24.10861511],
       [-20.49625259],
       [-21.64780046],
       [-23.66959985],
       [  0.71264633],
       [-23.67948605],
       [-23.44801268],
       [-22.60437502],
       [-23.62596095],
       [-23.76456125],
       [-23.36133411],
       [-23.4339055 ],
       [-23.78985394],
       [-23.52677898],
       [-12.15318904],
       [-23.74471038],
       [-23.37112524],
       [-22.90104663],
       [-23.57769807],
       [-23.64049815],
       [-23.90584411],
       [-22.78321347],
       [-20.49465787],
       [-22.81510463]])
<<<<<<<<<<< STEP 33 >>>>>>>>>>>> + array([[-0.50000078],
       [-0.50000371],
       [-0.50000065],
       [-0.50000072],
       [-0.5000015 ],
       [-0.50000011],
       [-0.50000032],
       [-0.50000035],
       [-0.50000024],
       [-0.49999986],
       [-0.50000075],
       [ 0.08054885],
       [-0.5000008 ],
       [-0.50000055],
       [-0.50000089],
       [-0.50000051],
       [-0.50000066],
       [-0.500001  ],
       [-0.50000079],
       [-0.50000059],
       [-0.49999995],
       [-0.50026801],
       [-0.5       ],
       [-0.49999994],
       [-0.49999965],
       [-0.49999965],
       [-0.4999998 ],
       [-0.49999978],
       [-0.49999932],
       [-0.4999983 ],
       [-0.50000008]])
array([[-22.3948369 ],
       [-20.94837203],
       [-22.8869172 ],
       [-22.51962407],
       [-21.10931074],
       [-24.81037161],
       [-24.64049876],
       [-24.60861546],
       [-20.99625284],
       [-22.14780032],
       [-24.16960061],
       [  0.79319518],
       [-24.17948685],
       [-23.94801323],
       [-23.10437591],
       [-24.12596147],
       [-24.26456191],
       [-23.86133511],
       [-23.93390629],
       [-24.28985453],
       [-24.02677893],
       [-12.65345705],
       [-24.24471038],
       [-23.87112518],
       [-23.40104628],
       [-24.07769772],
       [-24.14049795],
       [-24.4058439 ],
       [-23.28321279],
       [-20.99465618],
       [-23.31510471]])
<<<<<<<<<<< STEP 34 >>>>>>>>>>>> + array([[-0.50000059],
       [-0.5000028 ],
       [-0.50000049],
       [-0.50000055],
       [-0.50000114],
       [-0.50000009],
       [-0.50000024],
       [-0.50000027],
       [-0.50000019],
       [-0.49999989],
       [-0.50000057],
       [ 0.07531209],
       [-0.50000061],
       [-0.50000042],
       [-0.50000068],
       [-0.50000039],
       [-0.5000005 ],
       [-0.50000076],
       [-0.5000006 ],
       [-0.50000045],
       [-0.49999996],
       [-0.50020709],
       [-0.5       ],
       [-0.49999995],
       [-0.49999973],
       [-0.49999974],
       [-0.49999985],
       [-0.49999984],
       [-0.49999949],
       [-0.49999871],
       [-0.50000006]])
array([[-22.89483749],
       [-21.44837484],
       [-23.38691769],
       [-23.01962462],
       [-21.60931188],
       [-25.3103717 ],
       [-25.140499  ],
       [-25.10861573],
       [-21.49625302],
       [-22.64780021],
       [-24.66960118],
       [  0.86850727],
       [-24.67948745],
       [-24.44801365],
       [-23.60437659],
       [-24.62596186],
       [-24.76456241],
       [-24.36133587],
       [-24.43390689],
       [-24.78985498],
       [-24.52677889],
       [-13.15366414],
       [-24.74471039],
       [-24.37112514],
       [-23.90104601],
       [-24.57769746],
       [-24.6404978 ],
       [-24.90584373],
       [-23.78321227],
       [-21.49465489],
       [-23.81510477]])
<<<<<<<<<<< STEP 35 >>>>>>>>>>>> + array([[-0.50000045],
       [-0.50000212],
       [-0.50000037],
       [-0.50000042],
       [-0.50000087],
       [-0.50000007],
       [-0.50000018],
       [-0.5000002 ],
       [-0.50000014],
       [-0.49999992],
       [-0.50000043],
       [ 0.07066471],
       [-0.50000046],
       [-0.50000032],
       [-0.50000051],
       [-0.50000029],
       [-0.50000038],
       [-0.50000058],
       [-0.50000045],
       [-0.50000034],
       [-0.49999997],
       [-0.50015948],
       [-0.5       ],
       [-0.49999997],
       [-0.4999998 ],
       [-0.4999998 ],
       [-0.49999988],
       [-0.49999988],
       [-0.49999961],
       [-0.49999902],
       [-0.50000005]])
array([[-23.39483794],
       [-21.94837696],
       [-23.88691806],
       [-23.51962504],
       [-22.10931275],
       [-25.81037177],
       [-25.64049919],
       [-25.60861593],
       [-21.99625316],
       [-23.14780013],
       [-25.16960161],
       [  0.93917198],
       [-25.17948791],
       [-24.94801396],
       [-24.10437711],
       [-25.12596215],
       [-25.26456279],
       [-24.86133644],
       [-24.93390734],
       [-25.28985532],
       [-25.02677887],
       [-13.65382362],
       [-25.24471039],
       [-24.8711251 ],
       [-24.40104581],
       [-25.07769726],
       [-25.14049768],
       [-25.40584361],
       [-24.28321188],
       [-21.99465391],
       [-24.31510482]])
<<<<<<<<<<< STEP 36 >>>>>>>>>>>> + array([[-0.50000034],
       [-0.5000016 ],
       [-0.50000028],
       [-0.50000032],
       [-0.50000066],
       [-0.50000005],
       [-0.50000014],
       [-0.50000015],
       [-0.50000011],
       [-0.49999994],
       [-0.50000033],
       [ 0.06651847],
       [-0.50000035],
       [-0.50000024],
       [-0.50000039],
       [-0.50000022],
       [-0.50000029],
       [-0.50000044],
       [-0.50000034],
       [-0.50000026],
       [-0.49999998],
       [-0.50012253],
       [-0.5       ],
       [-0.49999997],
       [-0.49999985],
       [-0.49999985],
       [-0.49999991],
       [-0.49999991],
       [-0.4999997 ],
       [-0.49999926],
       [-0.50000003]])
array([[-23.89483828],
       [-22.44837856],
       [-24.38691835],
       [-24.01962536],
       [-22.6093134 ],
       [-26.31037182],
       [-26.14049932],
       [-26.10861608],
       [-22.49625327],
       [-23.64780007],
       [-25.66960194],
       [  1.00569044],
       [-25.67948826],
       [-25.44801421],
       [-24.6043775 ],
       [-25.62596237],
       [-25.76456308],
       [-25.36133688],
       [-25.43390768],
       [-25.78985557],
       [-25.52677885],
       [-14.15394615],
       [-25.74471039],
       [-25.37112508],
       [-24.90104565],
       [-25.57769711],
       [-25.64049759],
       [-25.90584351],
       [-24.78321159],
       [-22.49465317],
       [-24.81510485]])
<<<<<<<<<<< STEP 37 >>>>>>>>>>>> + array([[-0.50000026],
       [-0.50000122],
       [-0.50000022],
       [-0.50000024],
       [-0.5000005 ],
       [-0.50000004],
       [-0.5000001 ],
       [-0.50000012],
       [-0.50000008],
       [-0.49999995],
       [-0.50000025],
       [ 0.06280093],
       [-0.50000027],
       [-0.50000018],
       [-0.5000003 ],
       [-0.50000017],
       [-0.50000022],
       [-0.50000033],
       [-0.50000026],
       [-0.5000002 ],
       [-0.49999998],
       [-0.500094  ],
       [-0.5       ],
       [-0.49999998],
       [-0.49999988],
       [-0.49999988],
       [-0.49999993],
       [-0.49999993],
       [-0.49999977],
       [-0.49999944],
       [-0.50000003]])
array([[-24.39483855],
       [-22.94837978],
       [-24.88691856],
       [-24.5196256 ],
       [-23.10931391],
       [-26.81037185],
       [-26.64049943],
       [-26.6086162 ],
       [-22.99625336],
       [-24.14780003],
       [-26.1696022 ],
       [  1.06849138],
       [-26.17948853],
       [-25.94801439],
       [-25.10437779],
       [-26.12596254],
       [-26.2645633 ],
       [-25.86133722],
       [-25.93390795],
       [-26.28985577],
       [-26.02677883],
       [-14.65404015],
       [-26.24471039],
       [-25.87112506],
       [-25.40104554],
       [-26.07769699],
       [-26.14049752],
       [-26.40584344],
       [-25.28321136],
       [-22.9946526 ],
       [-25.31510488]])
<<<<<<<<<<< STEP 38 >>>>>>>>>>>> + array([[-0.5000002 ],
       [-0.50000092],
       [-0.50000016],
       [-0.50000018],
       [-0.50000038],
       [-0.50000003],
       [-0.50000008],
       [-0.50000009],
       [-0.50000006],
       [-0.49999997],
       [-0.50000019],
       [ 0.0594523 ],
       [-0.5000002 ],
       [-0.50000014],
       [-0.50000023],
       [-0.50000013],
       [-0.50000017],
       [-0.50000025],
       [-0.5000002 ],
       [-0.50000015],
       [-0.49999999],
       [-0.50007203],
       [-0.5       ],
       [-0.49999998],
       [-0.49999991],
       [-0.49999991],
       [-0.49999995],
       [-0.49999995],
       [-0.49999983],
       [-0.49999957],
       [-0.50000002]])
array([[-24.89483874],
       [-23.4483807 ],
       [-25.38691873],
       [-25.01962578],
       [-23.60931429],
       [-27.31037188],
       [-27.14049951],
       [-27.10861629],
       [-23.49625342],
       [-24.64779999],
       [-26.66960239],
       [  1.12794368],
       [-26.67948873],
       [-26.44801453],
       [-25.60437802],
       [-26.62596267],
       [-26.76456346],
       [-26.36133747],
       [-26.43390815],
       [-26.78985592],
       [-26.52677882],
       [-15.15411218],
       [-26.74471039],
       [-26.37112504],
       [-25.90104545],
       [-26.57769691],
       [-26.64049747],
       [-26.90584338],
       [-25.78321119],
       [-23.49465217],
       [-25.8151049 ]])
<<<<<<<<<<< STEP 39 >>>>>>>>>>>> + array([[-0.50000015],
       [-0.5000007 ],
       [-0.50000012],
       [-0.50000014],
       [-0.50000029],
       [-0.50000002],
       [-0.50000006],
       [-0.50000007],
       [-0.50000005],
       [-0.49999997],
       [-0.50000015],
       [ 0.05642288],
       [-0.50000015],
       [-0.50000011],
       [-0.50000017],
       [-0.5000001 ],
       [-0.50000013],
       [-0.50000019],
       [-0.50000015],
       [-0.50000011],
       [-0.49999999],
       [-0.50005515],
       [-0.5       ],
       [-0.49999999],
       [-0.49999993],
       [-0.49999993],
       [-0.49999996],
       [-0.49999996],
       [-0.49999987],
       [-0.49999967],
       [-0.50000002]])
array([[-25.3948389 ],
       [-23.94838141],
       [-25.88691885],
       [-25.51962592],
       [-24.10931458],
       [-27.8103719 ],
       [-27.64049957],
       [-27.60861636],
       [-23.99625347],
       [-25.14779997],
       [-27.16960253],
       [  1.18436656],
       [-27.17948888],
       [-26.94801463],
       [-26.10437819],
       [-27.12596277],
       [-27.26456359],
       [-26.86133766],
       [-26.9339083 ],
       [-27.28985603],
       [-27.02677881],
       [-15.65416733],
       [-27.24471039],
       [-26.87112503],
       [-26.40104538],
       [-27.07769684],
       [-27.14049743],
       [-27.40584334],
       [-26.28321106],
       [-23.99465185],
       [-26.31510491]])
