<<<<<<<<<<< STEP 0 >>>>>>>>>>>> + array([[ -4.99999988e-01],
       [ -5.00001962e-01],
       [ -5.00000579e-01],
       [ -1.75884375e-02],
       [ -5.00000060e-01],
       [ -5.00000626e-01],
       [ -5.00002156e-01],
       [ -1.37266234e-03],
       [ -8.85547985e-03],
       [ -5.00000035e-01],
       [ -4.99999943e-01],
       [ -1.28325297e-02],
       [ -5.00001114e-01],
       [ -5.00000626e-01],
       [ -5.00000259e-01],
       [ -4.99999959e-01],
       [ -5.00000727e-01],
       [ -5.00000599e-01],
       [ -5.00002386e-01],
       [ -4.99999922e-01],
       [ -2.06175611e-02],
       [ -4.99999998e-01],
       [ -5.00000593e-01],
       [ -1.36728062e-02],
       [ -5.00000046e-01],
       [ -5.00000204e-01],
       [ -5.00000594e-01],
       [ -3.23740839e-04],
       [ -5.00000485e-01],
       [ -5.00000080e-01],
       [ -1.09563867e-03],
       [ -5.00000018e-01],
       [ -5.00000606e-01],
       [ -5.02269687e-01],
       [ -1.24157828e-02],
       [ -5.00000664e-01],
       [ -5.00000662e-01],
       [ -5.00000064e-01],
       [ -5.00000661e-01],
       [ -4.99999988e-01]])
array([[-28.64005429],
       [-27.57385943],
       [-28.79330724],
       [ -1.86220247],
       [-28.75663077],
       [-28.87616674],
       [-27.48159766],
       [ -0.75931045],
       [ -1.04949465],
       [-28.42812319],
       [-28.51252536],
       [ -1.38207941],
       [-28.18372372],
       [-28.63023787],
       [-27.13458885],
       [-28.53078969],
       [-28.55926303],
       [-28.76400997],
       [-25.99761657],
       [-28.69168904],
       [ -1.79035984],
       [-28.7265025 ],
       [-28.64544331],
       [ -1.14664523],
       [-27.19657631],
       [-27.15136276],
       [-28.59425888],
       [ -0.60373785],
       [-28.85605243],
       [-27.14757709],
       [ -0.65383387],
       [-28.41938889],
       [-27.19499704],
       [-13.44821562],
       [ -1.22545476],
       [-28.63980407],
       [-27.19173872],
       [-28.50344679],
       [-28.60384167],
       [-28.48311645]])
<<<<<<<<<<< STEP 1 >>>>>>>>>>>> + array([[ -4.99999991e-01],
       [ -5.00001532e-01],
       [ -5.00000454e-01],
       [ -1.78181736e-02],
       [ -5.00000047e-01],
       [ -5.00000490e-01],
       [ -5.00001683e-01],
       [ -1.38106289e-03],
       [ -8.93104896e-03],
       [ -5.00000027e-01],
       [ -4.99999955e-01],
       [ -1.29884293e-02],
       [ -5.00000873e-01],
       [ -5.00000489e-01],
       [ -5.00000206e-01],
       [ -4.99999969e-01],
       [ -5.00000569e-01],
       [ -5.00000469e-01],
       [ -5.00001866e-01],
       [ -4.99999940e-01],
       [ -2.08799495e-02],
       [ -4.99999999e-01],
       [ -5.00000465e-01],
       [ -1.38162160e-02],
       [ -5.00000036e-01],
       [ -5.00000162e-01],
       [ -5.00000464e-01],
       [ -3.10877442e-04],
       [ -5.00000380e-01],
       [ -5.00000065e-01],
       [ -8.70307579e-04],
       [ -5.00000015e-01],
       [ -5.00000482e-01],
       [ -5.01785534e-01],
       [ -1.25394856e-02],
       [ -5.00000519e-01],
       [ -5.00000524e-01],
       [ -5.00000051e-01],
       [ -5.00000517e-01],
       [ -4.99999990e-01]])
array([[-29.14005428],
       [-28.07386096],
       [-29.29330769],
       [ -1.88002064],
       [-29.25663081],
       [-29.37616723],
       [-27.98159934],
       [ -0.76069151],
       [ -1.0584257 ],
       [-28.92812322],
       [-29.01252531],
       [ -1.39506784],
       [-28.6837246 ],
       [-29.13023836],
       [-27.63458906],
       [-29.03078966],
       [-29.0592636 ],
       [-29.26401044],
       [-26.49761843],
       [-29.19168898],
       [ -1.81123979],
       [-29.2265025 ],
       [-29.14544377],
       [ -1.16046145],
       [-27.69657634],
       [-27.65136292],
       [-29.09425935],
       [ -0.60404873],
       [-29.35605281],
       [-27.64757715],
       [ -0.65470418],
       [-28.91938891],
       [-27.69499752],
       [-13.95000115],
       [ -1.23799425],
       [-29.13980459],
       [-27.69173924],
       [-29.00344684],
       [-29.10384219],
       [-28.98311644]])
<<<<<<<<<<< STEP 2 >>>>>>>>>>>> + array([[ -4.99999994e-01],
       [ -5.00001196e-01],
       [ -5.00000356e-01],
       [ -1.80648202e-02],
       [ -5.00000037e-01],
       [ -5.00000384e-01],
       [ -5.00001315e-01],
       [ -1.39115686e-03],
       [ -9.01859623e-03],
       [ -5.00000021e-01],
       [ -4.99999965e-01],
       [ -1.31550844e-02],
       [ -5.00000684e-01],
       [ -5.00000383e-01],
       [ -5.00000162e-01],
       [ -4.99999976e-01],
       [ -5.00000446e-01],
       [ -5.00000367e-01],
       [ -5.00001460e-01],
       [ -4.99999953e-01],
       [ -2.11675943e-02],
       [ -4.99999999e-01],
       [ -5.00000364e-01],
       [ -1.39741959e-02],
       [ -5.00000028e-01],
       [ -5.00000128e-01],
       [ -5.00000363e-01],
       [ -2.96779827e-04],
       [ -5.00000298e-01],
       [ -5.00000053e-01],
       [ -6.97594086e-04],
       [ -5.00000012e-01],
       [ -5.00000383e-01],
       [ -5.01402757e-01],
       [ -1.26769691e-02],
       [ -5.00000407e-01],
       [ -5.00000415e-01],
       [ -5.00000040e-01],
       [ -5.00000405e-01],
       [ -4.99999992e-01]])
array([[-29.64005427],
       [-28.57386216],
       [-29.79330805],
       [ -1.89808546],
       [-29.75663085],
       [-29.87616762],
       [-28.48160066],
       [ -0.76208267],
       [ -1.0674443 ],
       [-29.42812324],
       [-29.51252528],
       [ -1.40822293],
       [-29.18372528],
       [-29.63023874],
       [-28.13458922],
       [-29.53078964],
       [-29.55926404],
       [-29.76401081],
       [-26.99761989],
       [-29.69168893],
       [ -1.83240738],
       [-29.7265025 ],
       [-29.64544414],
       [ -1.17443564],
       [-28.19657637],
       [-28.15136305],
       [-29.59425971],
       [ -0.60434551],
       [-29.85605311],
       [-28.1475772 ],
       [ -0.65540177],
       [-29.41938892],
       [-28.1949979 ],
       [-14.45140391],
       [ -1.25067122],
       [-29.63980499],
       [-28.19173966],
       [-29.50344688],
       [-29.60384259],
       [-29.48311643]])
<<<<<<<<<<< STEP 3 >>>>>>>>>>>> + array([[ -4.99999996e-01],
       [ -5.00000934e-01],
       [ -5.00000279e-01],
       [ -1.83269077e-02],
       [ -5.00000029e-01],
       [ -5.00000300e-01],
       [ -5.00001027e-01],
       [ -1.40266915e-03],
       [ -9.11632793e-03],
       [ -5.00000017e-01],
       [ -4.99999972e-01],
       [ -1.33315046e-02],
       [ -5.00000536e-01],
       [ -5.00000299e-01],
       [ -5.00000128e-01],
       [ -4.99999982e-01],
       [ -5.00000349e-01],
       [ -5.00000288e-01],
       [ -5.00001144e-01],
       [ -4.99999964e-01],
       [ -2.14778689e-02],
       [ -5.00000000e-01],
       [ -5.00000286e-01],
       [ -1.41449384e-02],
       [ -5.00000021e-01],
       [ -5.00000101e-01],
       [ -5.00000284e-01],
       [ -2.81616291e-04],
       [ -5.00000233e-01],
       [ -5.00000042e-01],
       [ -5.65878412e-04],
       [ -5.00000010e-01],
       [ -5.00000304e-01],
       [ -5.01100928e-01],
       [ -1.28264402e-02],
       [ -5.00000319e-01],
       [ -5.00000328e-01],
       [ -5.00000032e-01],
       [ -5.00000318e-01],
       [ -4.99999994e-01]])
array([[-30.14005427],
       [-29.07386309],
       [-30.29330832],
       [ -1.91641237],
       [-30.25663088],
       [-30.37616792],
       [-28.98160169],
       [ -0.76348534],
       [ -1.07656062],
       [-29.92812326],
       [-30.01252525],
       [ -1.42155443],
       [-29.68372582],
       [-30.13023904],
       [-28.63458935],
       [-30.03078962],
       [-30.05926439],
       [-30.26401109],
       [-27.49762104],
       [-30.1916889 ],
       [ -1.85388525],
       [-30.22650249],
       [-30.14544442],
       [ -1.18858058],
       [-28.69657639],
       [-28.65136315],
       [-30.09425999],
       [ -0.60462712],
       [-30.35605334],
       [-28.64757725],
       [ -0.65596765],
       [-29.91938893],
       [-28.69499821],
       [-14.95250484],
       [ -1.26349766],
       [-30.13980531],
       [-28.69173998],
       [-30.00344691],
       [-30.10384291],
       [-29.98311643]])
<<<<<<<<<<< STEP 4 >>>>>>>>>>>> + array([[ -4.99999997e-01],
       [ -5.00000730e-01],
       [ -5.00000219e-01],
       [ -1.86033935e-02],
       [ -5.00000023e-01],
       [ -5.00000236e-01],
       [ -5.00000803e-01],
       [ -1.41538936e-03],
       [ -9.22287986e-03],
       [ -5.00000013e-01],
       [ -4.99999978e-01],
       [ -1.35169770e-02],
       [ -5.00000420e-01],
       [ -5.00000235e-01],
       [ -5.00000100e-01],
       [ -4.99999986e-01],
       [ -5.00000274e-01],
       [ -5.00000226e-01],
       [ -5.00000896e-01],
       [ -4.99999972e-01],
       [ -2.18088628e-02],
       [ -5.00000000e-01],
       [ -5.00000224e-01],
       [ -1.43270909e-02],
       [ -5.00000016e-01],
       [ -5.00000079e-01],
       [ -5.00000223e-01],
       [ -2.65513516e-04],
       [ -5.00000183e-01],
       [ -5.00000033e-01],
       [ -4.66131283e-04],
       [ -5.00000008e-01],
       [ -5.00000241e-01],
       [ -5.00863396e-01],
       [ -1.29865512e-02],
       [ -5.00000250e-01],
       [ -5.00000259e-01],
       [ -5.00000025e-01],
       [ -5.00000249e-01],
       [ -4.99999995e-01]])
array([[-30.64005427],
       [-29.57386382],
       [-30.79330854],
       [ -1.93501577],
       [-30.7566309 ],
       [-30.87616815],
       [-29.48160249],
       [ -0.76490073],
       [ -1.0857835 ],
       [-30.42812327],
       [-30.51252523],
       [ -1.43507141],
       [-30.18372624],
       [-30.63023927],
       [-29.13458945],
       [-30.5307896 ],
       [-30.55926467],
       [-30.76401132],
       [-27.99762193],
       [-30.69168887],
       [ -1.87569411],
       [-30.72650249],
       [-30.64544465],
       [ -1.20290767],
       [-29.19657641],
       [-29.15136323],
       [-30.59426022],
       [ -0.60489264],
       [-30.85605352],
       [-29.14757728],
       [ -0.65643378],
       [-30.41938894],
       [-29.19499845],
       [-15.45336823],
       [ -1.27648421],
       [-30.63980556],
       [-29.19174024],
       [-30.50344693],
       [-30.60384316],
       [-30.48311642]])
<<<<<<<<<<< STEP 5 >>>>>>>>>>>> + array([[ -4.99999998e-01],
       [ -5.00000571e-01],
       [ -5.00000172e-01],
       [ -1.88935759e-02],
       [ -5.00000018e-01],
       [ -5.00000185e-01],
       [ -5.00000628e-01],
       [ -1.42915792e-03],
       [ -9.33722534e-03],
       [ -5.00000010e-01],
       [ -4.99999983e-01],
       [ -1.37110096e-02],
       [ -5.00000329e-01],
       [ -5.00000184e-01],
       [ -5.00000079e-01],
       [ -4.99999989e-01],
       [ -5.00000215e-01],
       [ -5.00000177e-01],
       [ -5.00000702e-01],
       [ -4.99999978e-01],
       [ -2.21592361e-02],
       [ -5.00000000e-01],
       [ -5.00000176e-01],
       [ -1.45196603e-02],
       [ -5.00000012e-01],
       [ -5.00000062e-01],
       [ -5.00000174e-01],
       [ -2.48565585e-04],
       [ -5.00000144e-01],
       [ -5.00000026e-01],
       [ -3.91335304e-04],
       [ -5.00000007e-01],
       [ -5.00000191e-01],
       [ -5.00676739e-01],
       [ -1.31563064e-02],
       [ -5.00000196e-01],
       [ -5.00000204e-01],
       [ -5.00000019e-01],
       [ -5.00000196e-01],
       [ -4.99999996e-01]])
array([[-31.14005427],
       [-30.07386439],
       [-31.29330872],
       [ -1.95390934],
       [-31.25663092],
       [-31.37616834],
       [-29.98160312],
       [ -0.76632988],
       [ -1.09512073],
       [-30.92812328],
       [-31.01252521],
       [ -1.44878242],
       [-30.68372657],
       [-31.13023946],
       [-29.63458953],
       [-31.03078959],
       [-31.05926488],
       [-31.2640115 ],
       [-28.49762263],
       [-31.19168885],
       [ -1.89785335],
       [-31.22650249],
       [-31.14544482],
       [ -1.21742733],
       [-29.69657642],
       [-29.65136329],
       [-31.09426039],
       [ -0.6051412 ],
       [-31.35605367],
       [-29.64757731],
       [ -0.65682512],
       [-30.91938895],
       [-29.69499864],
       [-15.95404497],
       [ -1.28964051],
       [-31.13980576],
       [-29.69174045],
       [-31.00344695],
       [-31.10384335],
       [-30.98311642]])
<<<<<<<<<<< STEP 6 >>>>>>>>>>>> + array([[ -4.99999999e-01],
       [ -5.00000446e-01],
       [ -5.00000135e-01],
       [ -1.91970281e-02],
       [ -5.00000014e-01],
       [ -5.00000145e-01],
       [ -5.00000491e-01],
       [ -1.44385519e-03],
       [ -9.45860357e-03],
       [ -5.00000008e-01],
       [ -4.99999987e-01],
       [ -1.39132866e-02],
       [ -5.00000257e-01],
       [ -5.00000144e-01],
       [ -5.00000062e-01],
       [ -4.99999992e-01],
       [ -5.00000168e-01],
       [ -5.00000139e-01],
       [ -5.00000551e-01],
       [ -4.99999983e-01],
       [ -2.25281064e-02],
       [ -5.00000000e-01],
       [ -5.00000138e-01],
       [ -1.47219388e-02],
       [ -5.00000009e-01],
       [ -5.00000048e-01],
       [ -5.00000137e-01],
       [ -2.30840972e-04],
       [ -5.00000113e-01],
       [ -5.00000021e-01],
       [ -3.36036135e-04],
       [ -5.00000005e-01],
       [ -5.00000151e-01],
       [ -5.00530222e-01],
       [ -1.33349882e-02],
       [ -5.00000154e-01],
       [ -5.00000161e-01],
       [ -5.00000015e-01],
       [ -5.00000154e-01],
       [ -4.99999997e-01]])
array([[-31.64005426],
       [-30.57386484],
       [-31.79330885],
       [ -1.97310637],
       [-31.75663093],
       [-31.87616848],
       [-30.48160361],
       [ -0.76777374],
       [ -1.10457933],
       [-31.42812329],
       [-31.5125252 ],
       [ -1.46269571],
       [-31.18372682],
       [-31.6302396 ],
       [-30.13458959],
       [-31.53078959],
       [-31.55926505],
       [-31.76401164],
       [-28.99762319],
       [-31.69168883],
       [ -1.92038146],
       [-31.72650249],
       [-31.64544496],
       [ -1.23214927],
       [-30.19657643],
       [-30.15136334],
       [-31.59426053],
       [ -0.60537204],
       [-31.85605378],
       [-30.14757733],
       [ -0.65716115],
       [-31.41938895],
       [-30.19499879],
       [-16.4545752 ],
       [ -1.3029755 ],
       [-31.63980591],
       [-30.19174061],
       [-31.50344697],
       [-31.60384351],
       [-31.48311641]])
<<<<<<<<<<< STEP 7 >>>>>>>>>>>> + array([[ -4.99999999e-01],
       [ -5.00000349e-01],
       [ -5.00000106e-01],
       [ -1.95135465e-02],
       [ -5.00000011e-01],
       [ -5.00000114e-01],
       [ -5.00000384e-01],
       [ -1.45939295e-03],
       [ -9.58646387e-03],
       [ -5.00000006e-01],
       [ -4.99999990e-01],
       [ -1.41236349e-02],
       [ -5.00000201e-01],
       [ -5.00000113e-01],
       [ -5.00000048e-01],
       [ -4.99999994e-01],
       [ -5.00000132e-01],
       [ -5.00000109e-01],
       [ -5.00000432e-01],
       [ -4.99999987e-01],
       [ -2.29149623e-02],
       [ -5.00000000e-01],
       [ -5.00000109e-01],
       [ -1.49334457e-02],
       [ -5.00000006e-01],
       [ -5.00000038e-01],
       [ -5.00000107e-01],
       [ -2.12387956e-04],
       [ -5.00000089e-01],
       [ -5.00000016e-01],
       [ -2.95994295e-04],
       [ -5.00000004e-01],
       [ -5.00000120e-01],
       [ -5.00415307e-01],
       [ -1.35221007e-02],
       [ -5.00000120e-01],
       [ -5.00000127e-01],
       [ -5.00000012e-01],
       [ -5.00000121e-01],
       [ -4.99999997e-01]])
array([[-32.14005426],
       [-31.07386519],
       [-32.29330896],
       [ -1.99261992],
       [-32.25663095],
       [-32.3761686 ],
       [-30.98160399],
       [ -0.76923313],
       [ -1.1141658 ],
       [-31.92812329],
       [-32.01252519],
       [ -1.47681934],
       [-31.68372703],
       [-32.13023971],
       [-30.63458964],
       [-32.03078958],
       [-32.05926518],
       [-32.26401175],
       [-29.49762362],
       [-32.19168882],
       [ -1.94329642],
       [-32.22650249],
       [-32.14544507],
       [ -1.24708272],
       [-30.69657643],
       [-30.65136337],
       [-32.09426064],
       [ -0.60558443],
       [-32.35605387],
       [-30.64757734],
       [ -0.65745715],
       [-31.91938896],
       [-30.69499891],
       [-16.9549905 ],
       [ -1.3164976 ],
       [-32.13980603],
       [-30.69174073],
       [-32.00344698],
       [-32.10384363],
       [-31.98311641]])
<<<<<<<<<<< STEP 8 >>>>>>>>>>>> + array([[ -5.00000000e-01],
       [ -5.00000273e-01],
       [ -5.00000084e-01],
       [ -1.98431117e-02],
       [ -5.00000009e-01],
       [ -5.00000089e-01],
       [ -5.00000300e-01],
       [ -1.47570781e-03],
       [ -9.72042230e-03],
       [ -5.00000005e-01],
       [ -4.99999992e-01],
       [ -1.43419974e-02],
       [ -5.00000158e-01],
       [ -5.00000089e-01],
       [ -5.00000038e-01],
       [ -4.99999995e-01],
       [ -5.00000104e-01],
       [ -5.00000086e-01],
       [ -5.00000339e-01],
       [ -4.99999990e-01],
       [ -2.33195955e-02],
       [ -5.00000000e-01],
       [ -5.00000085e-01],
       [ -1.51538828e-02],
       [ -5.00000004e-01],
       [ -5.00000029e-01],
       [ -5.00000084e-01],
       [ -1.93238815e-04],
       [ -5.00000070e-01],
       [ -5.00000013e-01],
       [ -2.67914939e-04],
       [ -5.00000004e-01],
       [ -5.00000095e-01],
       [ -5.00325234e-01],
       [ -1.37173251e-02],
       [ -5.00000095e-01],
       [ -5.00000100e-01],
       [ -5.00000009e-01],
       [ -5.00000095e-01],
       [ -4.99999998e-01]])
array([[-32.64005426],
       [-31.57386546],
       [-32.79330904],
       [ -2.01246303],
       [-32.75663095],
       [-32.87616869],
       [-31.48160429],
       [ -0.77070884],
       [ -1.12388622],
       [-32.4281233 ],
       [-32.51252518],
       [ -1.49116134],
       [-32.18372718],
       [-32.6302398 ],
       [-31.13458968],
       [-32.53078958],
       [-32.55926529],
       [-32.76401183],
       [-29.99762396],
       [-32.69168881],
       [ -1.96661602],
       [-32.72650249],
       [-32.64544516],
       [ -1.2622366 ],
       [-31.19657644],
       [-31.1513634 ],
       [-32.59426072],
       [ -0.60577767],
       [-32.85605394],
       [-31.14757736],
       [ -0.65772506],
       [-32.41938896],
       [-31.19499901],
       [-17.45531574],
       [ -1.33021493],
       [-32.63980613],
       [-31.19174083],
       [-32.50344699],
       [-32.60384372],
       [-32.48311641]])
<<<<<<<<<<< STEP 9 >>>>>>>>>>>> + array([[ -5.00000000e-01],
       [ -5.00000214e-01],
       [ -5.00000066e-01],
       [ -2.01858580e-02],
       [ -5.00000007e-01],
       [ -5.00000070e-01],
       [ -5.00000235e-01],
       [ -1.49275602e-03],
       [ -9.86022809e-03],
       [ -5.00000004e-01],
       [ -4.99999994e-01],
       [ -1.45684128e-02],
       [ -5.00000123e-01],
       [ -5.00000070e-01],
       [ -5.00000029e-01],
       [ -4.99999996e-01],
       [ -5.00000081e-01],
       [ -5.00000067e-01],
       [ -5.00000266e-01],
       [ -4.99999992e-01],
       [ -2.37420498e-02],
       [ -5.00000000e-01],
       [ -5.00000067e-01],
       [ -1.53830996e-02],
       [ -5.00000003e-01],
       [ -5.00000023e-01],
       [ -5.00000066e-01],
       [ -1.73413060e-04],
       [ -5.00000055e-01],
       [ -5.00000010e-01],
       [ -2.49238052e-04],
       [ -5.00000003e-01],
       [ -5.00000075e-01],
       [ -5.00254663e-01],
       [ -1.39204856e-02],
       [ -5.00000074e-01],
       [ -5.00000079e-01],
       [ -5.00000007e-01],
       [ -5.00000074e-01],
       [ -4.99999998e-01]])
array([[-33.14005426],
       [-32.07386567],
       [-33.29330911],
       [ -2.03264889],
       [-33.25663096],
       [-33.37616876],
       [-31.98160453],
       [ -0.7722016 ],
       [ -1.13374645],
       [-32.9281233 ],
       [-33.01252517],
       [ -1.50572975],
       [-32.68372731],
       [-33.13023987],
       [-31.63458971],
       [-33.03078957],
       [-33.05926537],
       [-33.2640119 ],
       [-30.49762422],
       [-33.1916888 ],
       [ -1.99035806],
       [-33.22650249],
       [-33.14544522],
       [ -1.2776197 ],
       [-31.69657644],
       [-31.65136343],
       [-33.09426079],
       [ -0.60595108],
       [-33.35605399],
       [-31.64757737],
       [ -0.6579743 ],
       [-32.91938896],
       [-31.69499908],
       [-17.9555704 ],
       [ -1.34413541],
       [-33.1398062 ],
       [-31.69174091],
       [-33.003447  ],
       [-33.1038438 ],
       [-32.98311641]])
<<<<<<<<<<< STEP 10 >>>>>>>>>>>> + array([[ -5.00000000e-01],
       [ -5.00000167e-01],
       [ -5.00000052e-01],
       [ -2.05420510e-02],
       [ -5.00000005e-01],
       [ -5.00000055e-01],
       [ -5.00000184e-01],
       [ -1.51050956e-03],
       [ -1.00057376e-02],
       [ -5.00000003e-01],
       [ -4.99999995e-01],
       [ -1.48030004e-02],
       [ -5.00000097e-01],
       [ -5.00000055e-01],
       [ -5.00000023e-01],
       [ -4.99999997e-01],
       [ -5.00000064e-01],
       [ -5.00000053e-01],
       [ -5.00000209e-01],
       [ -4.99999994e-01],
       [ -2.41825826e-02],
       [ -5.00000000e-01],
       [ -5.00000053e-01],
       [ -1.56210662e-02],
       [ -5.00000002e-01],
       [ -5.00000018e-01],
       [ -5.00000052e-01],
       [ -1.52919927e-04],
       [ -5.00000043e-01],
       [ -5.00000008e-01],
       [ -2.37975468e-04],
       [ -5.00000002e-01],
       [ -5.00000060e-01],
       [ -5.00199390e-01],
       [ -1.41315231e-02],
       [ -5.00000058e-01],
       [ -5.00000062e-01],
       [ -5.00000006e-01],
       [ -5.00000059e-01],
       [ -4.99999999e-01]])
array([[-33.64005426],
       [-32.57386584],
       [-33.79330916],
       [ -2.05319094],
       [-33.75663097],
       [-33.87616881],
       [-32.48160471],
       [ -0.7737121 ],
       [ -1.14375218],
       [-33.42812331],
       [-33.51252517],
       [ -1.52053275],
       [-33.1837274 ],
       [-33.63023993],
       [-32.13458973],
       [-33.53078957],
       [-33.55926543],
       [-33.76401195],
       [-30.99762443],
       [-33.69168879],
       [ -2.01454065],
       [-33.72650249],
       [-33.64544528],
       [ -1.29324077],
       [-32.19657644],
       [-32.15136344],
       [-33.59426084],
       [ -0.606104  ],
       [-33.85605404],
       [-32.14757737],
       [ -0.65821228],
       [-33.41938896],
       [-32.19499914],
       [-18.45576979],
       [ -1.35826694],
       [-33.63980626],
       [-32.19174098],
       [-33.503447  ],
       [-33.60384385],
       [-33.4831164 ]])
<<<<<<<<<<< STEP 11 >>>>>>>>>>>> + array([[ -5.00000000e-01],
       [ -5.00000131e-01],
       [ -5.00000041e-01],
       [ -2.09120707e-02],
       [ -5.00000004e-01],
       [ -5.00000043e-01],
       [ -5.00000144e-01],
       [ -1.52895301e-03],
       [ -1.01568944e-02],
       [ -5.00000002e-01],
       [ -4.99999996e-01],
       [ -1.50459482e-02],
       [ -5.00000076e-01],
       [ -5.00000043e-01],
       [ -5.00000018e-01],
       [ -4.99999998e-01],
       [ -5.00000050e-01],
       [ -5.00000041e-01],
       [ -5.00000164e-01],
       [ -4.99999995e-01],
       [ -2.46416357e-02],
       [ -5.00000000e-01],
       [ -5.00000042e-01],
       [ -1.58678536e-02],
       [ -5.00000001e-01],
       [ -5.00000014e-01],
       [ -5.00000041e-01],
       [ -1.31760290e-04],
       [ -5.00000034e-01],
       [ -5.00000006e-01],
       [ -2.32584231e-04],
       [ -5.00000002e-01],
       [ -5.00000047e-01],
       [ -5.00156108e-01],
       [ -1.43504752e-02],
       [ -5.00000046e-01],
       [ -5.00000049e-01],
       [ -5.00000005e-01],
       [ -5.00000046e-01],
       [ -4.99999999e-01]])
array([[-34.14005426],
       [-33.07386597],
       [-34.2933092 ],
       [ -2.07410301],
       [-34.25663097],
       [-34.37616885],
       [-32.98160486],
       [ -0.77524106],
       [ -1.15390908],
       [-33.92812331],
       [-34.01252516],
       [ -1.5355787 ],
       [-33.68372748],
       [-34.13023997],
       [-32.63458975],
       [-34.03078957],
       [-34.05926548],
       [-34.26401199],
       [-31.4976246 ],
       [-34.19168879],
       [ -2.03918228],
       [-34.2265025 ],
       [-34.14544532],
       [ -1.30910862],
       [-32.69657644],
       [-32.65136346],
       [-34.09426088],
       [ -0.60623576],
       [-34.35605407],
       [-32.64757738],
       [ -0.65844486],
       [-33.91938897],
       [-32.69499919],
       [-18.9559259 ],
       [ -1.37261741],
       [-34.13980631],
       [-32.69174102],
       [-34.00344701],
       [-34.1038439 ],
       [-33.9831164 ]])
<<<<<<<<<<< STEP 12 >>>>>>>>>>>> + array([[ -5.00000000e-01],
       [ -5.00000102e-01],
       [ -5.00000032e-01],
       [ -2.12963993e-02],
       [ -5.00000003e-01],
       [ -5.00000034e-01],
       [ -5.00000113e-01],
       [ -1.54808119e-03],
       [ -1.03137137e-02],
       [ -5.00000002e-01],
       [ -4.99999997e-01],
       [ -1.52975047e-02],
       [ -5.00000059e-01],
       [ -5.00000034e-01],
       [ -5.00000014e-01],
       [ -4.99999998e-01],
       [ -5.00000039e-01],
       [ -5.00000033e-01],
       [ -5.00000129e-01],
       [ -4.99999996e-01],
       [ -2.51198143e-02],
       [ -5.00000000e-01],
       [ -5.00000033e-01],
       [ -1.61236176e-02],
       [ -5.00000001e-01],
       [ -5.00000011e-01],
       [ -5.00000032e-01],
       [ -1.09928124e-04],
       [ -5.00000027e-01],
       [ -5.00000005e-01],
       [ -2.31868148e-04],
       [ -5.00000002e-01],
       [ -5.00000037e-01],
       [ -5.00122222e-01],
       [ -1.45774602e-02],
       [ -5.00000036e-01],
       [ -5.00000039e-01],
       [ -5.00000004e-01],
       [ -5.00000036e-01],
       [ -4.99999999e-01]])
array([[-34.64005426],
       [-33.57386607],
       [-34.79330923],
       [ -2.09539941],
       [-34.75663097],
       [-34.87616889],
       [-33.48160497],
       [ -0.77678914],
       [ -1.16422279],
       [-34.42812331],
       [-34.51252516],
       [ -1.5508762 ],
       [-34.18372754],
       [-34.63024   ],
       [-33.13458976],
       [-34.53078957],
       [-34.55926552],
       [-34.76401202],
       [-31.99762472],
       [-34.69168878],
       [ -2.0643021 ],
       [-34.7265025 ],
       [-34.64544535],
       [ -1.32523224],
       [-33.19657645],
       [-33.15136347],
       [-34.59426091],
       [ -0.60634569],
       [-34.8560541 ],
       [-33.14757738],
       [ -0.65867673],
       [-34.41938897],
       [-33.19499923],
       [-19.45604812],
       [ -1.38719487],
       [-34.63980634],
       [-33.19174106],
       [-34.50344701],
       [-34.60384394],
       [-34.4831164 ]])
<<<<<<<<<<< STEP 13 >>>>>>>>>>>> + array([[ -5.00000000e-01],
       [ -5.00000080e-01],
       [ -5.00000025e-01],
       [ -2.16956131e-02],
       [ -5.00000003e-01],
       [ -5.00000027e-01],
       [ -5.00000088e-01],
       [ -1.56789736e-03],
       [ -1.04762707e-02],
       [ -5.00000002e-01],
       [ -4.99999998e-01],
       [ -1.55579726e-02],
       [ -5.00000046e-01],
       [ -5.00000026e-01],
       [ -5.00000011e-01],
       [ -4.99999999e-01],
       [ -5.00000031e-01],
       [ -5.00000026e-01],
       [ -5.00000101e-01],
       [ -4.99999997e-01],
       [ -2.56178728e-02],
       [ -5.00000000e-01],
       [ -5.00000026e-01],
       [ -1.63885875e-02],
       [ -5.00000000e-01],
       [ -5.00000008e-01],
       [ -5.00000025e-01],
       [ -8.74116094e-05],
       [ -5.00000021e-01],
       [ -5.00000004e-01],
       [ -2.34901250e-04],
       [ -5.00000001e-01],
       [ -5.00000030e-01],
       [ -5.00095695e-01],
       [ -1.48126664e-02],
       [ -5.00000028e-01],
       [ -5.00000031e-01],
       [ -5.00000003e-01],
       [ -5.00000028e-01],
       [ -4.99999999e-01]])
array([[-35.14005426],
       [-34.07386615],
       [-35.29330926],
       [ -2.11709502],
       [-35.25663098],
       [-35.37616892],
       [-33.98160506],
       [ -0.77835704],
       [ -1.17469906],
       [-34.92812331],
       [-35.01252516],
       [ -1.56643418],
       [-34.68372758],
       [-35.13024003],
       [-33.63458977],
       [-35.03078956],
       [-35.05926555],
       [-35.26401205],
       [-32.49762483],
       [-35.19168878],
       [ -2.08991997],
       [-35.2265025 ],
       [-35.14544538],
       [ -1.34162083],
       [-33.69657645],
       [-33.65136348],
       [-35.09426094],
       [ -0.6064331 ],
       [-35.35605412],
       [-33.64757739],
       [ -0.65891163],
       [-34.91938897],
       [-33.69499926],
       [-19.95614381],
       [ -1.40200754],
       [-35.13980637],
       [-33.69174109],
       [-35.00344701],
       [-35.10384397],
       [-34.9831164 ]])
<<<<<<<<<<< STEP 14 >>>>>>>>>>>> + array([[ -5.00000000e-01],
       [ -5.00000063e-01],
       [ -5.00000020e-01],
       [ -2.21103772e-02],
       [ -5.00000002e-01],
       [ -5.00000021e-01],
       [ -5.00000069e-01],
       [ -1.58841183e-03],
       [ -1.06446921e-02],
       [ -5.00000001e-01],
       [ -4.99999998e-01],
       [ -1.58277044e-02],
       [ -5.00000036e-01],
       [ -5.00000021e-01],
       [ -5.00000009e-01],
       [ -4.99999999e-01],
       [ -5.00000024e-01],
       [ -5.00000020e-01],
       [ -5.00000080e-01],
       [ -4.99999998e-01],
       [ -2.61367056e-02],
       [ -5.00000000e-01],
       [ -5.00000020e-01],
       [ -1.66630573e-02],
       [ -5.00000000e-01],
       [ -5.00000006e-01],
       [ -5.00000020e-01],
       [ -6.41939623e-05],
       [ -5.00000017e-01],
       [ -5.00000003e-01],
       [ -2.40968272e-04],
       [ -5.00000001e-01],
       [ -5.00000023e-01],
       [ -5.00074928e-01],
       [ -1.50563431e-02],
       [ -5.00000022e-01],
       [ -5.00000024e-01],
       [ -5.00000002e-01],
       [ -5.00000022e-01],
       [ -4.99999999e-01]])
array([[-35.64005426],
       [-34.57386622],
       [-35.79330928],
       [ -2.1392054 ],
       [-35.75663098],
       [-35.87616894],
       [-34.48160513],
       [ -0.77994545],
       [ -1.18534376],
       [-35.42812331],
       [-35.51252516],
       [ -1.58226188],
       [-35.18372762],
       [-35.63024005],
       [-34.13458978],
       [-35.53078956],
       [-35.55926558],
       [-35.76401207],
       [-32.99762491],
       [-35.69168878],
       [ -2.11605668],
       [-35.7265025 ],
       [-35.6454454 ],
       [ -1.35828388],
       [-34.19657645],
       [-34.15136348],
       [-35.59426096],
       [ -0.6064973 ],
       [-35.85605413],
       [-34.14757739],
       [ -0.6591526 ],
       [-35.41938897],
       [-34.19499928],
       [-20.45621874],
       [ -1.41706388],
       [-35.63980639],
       [-34.19174112],
       [-35.50344701],
       [-35.60384399],
       [-35.4831164 ]])
<<<<<<<<<<< STEP 15 >>>>>>>>>>>> + array([[ -5.00000000e-01],
       [ -5.00000049e-01],
       [ -5.00000016e-01],
       [ -2.25414431e-02],
       [ -5.00000002e-01],
       [ -5.00000016e-01],
       [ -5.00000054e-01],
       [ -1.60964092e-03],
       [ -1.08191491e-02],
       [ -5.00000001e-01],
       [ -4.99999999e-01],
       [ -1.61071003e-02],
       [ -5.00000028e-01],
       [ -5.00000016e-01],
       [ -5.00000007e-01],
       [ -4.99999999e-01],
       [ -5.00000019e-01],
       [ -5.00000016e-01],
       [ -5.00000063e-01],
       [ -4.99999998e-01],
       [ -2.66773418e-02],
       [ -5.00000000e-01],
       [ -5.00000016e-01],
       [ -1.69473804e-02],
       [ -5.00000000e-01],
       [ -5.00000005e-01],
       [ -5.00000016e-01],
       [ -4.02540401e-05],
       [ -5.00000013e-01],
       [ -5.00000002e-01],
       [ -2.49518373e-04],
       [ -5.00000001e-01],
       [ -5.00000019e-01],
       [ -5.00058672e-01],
       [ -1.53087944e-02],
       [ -5.00000017e-01],
       [ -5.00000019e-01],
       [ -5.00000002e-01],
       [ -5.00000018e-01],
       [ -5.00000000e-01]])
array([[-36.14005426],
       [-35.07386627],
       [-36.29330929],
       [ -2.16174684],
       [-36.25663098],
       [-36.37616895],
       [-34.98160518],
       [ -0.78155509],
       [ -1.1961629 ],
       [-35.92812332],
       [-36.01252515],
       [ -1.59836898],
       [-35.68372765],
       [-36.13024007],
       [-34.63458979],
       [-36.03078956],
       [-36.05926559],
       [-36.26401209],
       [-33.49762497],
       [-36.19168878],
       [ -2.14273402],
       [-36.2265025 ],
       [-36.14544541],
       [ -1.37523126],
       [-34.69657645],
       [-34.65136349],
       [-36.09426097],
       [ -0.60653755],
       [-36.35605415],
       [-34.64757739],
       [ -0.65940212],
       [-35.91938897],
       [-34.6949993 ],
       [-20.95627742],
       [ -1.43237268],
       [-36.13980641],
       [-34.69174114],
       [-36.00344702],
       [-36.10384401],
       [-35.9831164 ]])
<<<<<<<<<<< STEP 16 >>>>>>>>>>>> + array([[ -5.00000000e-01],
       [ -5.00000038e-01],
       [ -5.00000012e-01],
       [ -2.29896478e-02],
       [ -5.00000001e-01],
       [ -5.00000013e-01],
       [ -5.00000042e-01],
       [ -1.63160622e-03],
       [ -1.09998530e-02],
       [ -5.00000001e-01],
       [ -4.99999999e-01],
       [ -1.63966064e-02],
       [ -5.00000022e-01],
       [ -5.00000013e-01],
       [ -5.00000005e-01],
       [ -4.99999999e-01],
       [ -5.00000015e-01],
       [ -5.00000012e-01],
       [ -5.00000049e-01],
       [ -4.99999999e-01],
       [ -2.72409444e-02],
       [ -5.00000000e-01],
       [ -5.00000013e-01],
       [ -1.72419648e-02],
       [ -5.00000000e-01],
       [ -5.00000004e-01],
       [ -5.00000012e-01],
       [ -1.55667771e-05],
       [ -5.00000010e-01],
       [ -5.00000002e-01],
       [ -2.60129143e-04],
       [ -5.00000001e-01],
       [ -5.00000015e-01],
       [ -5.00045947e-01],
       [ -1.55703757e-02],
       [ -5.00000014e-01],
       [ -5.00000015e-01],
       [ -5.00000001e-01],
       [ -5.00000014e-01],
       [ -5.00000000e-01]])
array([[-36.64005426],
       [-35.5738663 ],
       [-36.7933093 ],
       [ -2.18473649],
       [-36.75663098],
       [-36.87616897],
       [-35.48160522],
       [ -0.7831867 ],
       [ -1.20716276],
       [-36.42812332],
       [-36.51252515],
       [ -1.61476559],
       [-36.18372767],
       [-36.63024008],
       [-35.13458979],
       [-36.53078956],
       [-36.55926561],
       [-36.7640121 ],
       [-33.99762502],
       [-36.69168877],
       [ -2.16997496],
       [-36.7265025 ],
       [-36.64544542],
       [ -1.39247323],
       [-35.19657645],
       [-35.15136349],
       [-36.59426098],
       [ -0.60655312],
       [-36.85605416],
       [-35.1475774 ],
       [ -0.65966224],
       [-36.41938897],
       [-35.19499931],
       [-21.45632336],
       [ -1.44794305],
       [-36.63980642],
       [-35.19174115],
       [-36.50344702],
       [-36.60384402],
       [-36.4831164 ]])
<<<<<<<<<<< STEP 17 >>>>>>>>>>>> + array([[ -5.00000000e-01],
       [ -5.00000030e-01],
       [ -5.00000010e-01],
       [ -2.34559156e-02],
       [ -5.00000001e-01],
       [ -5.00000010e-01],
       [ -5.00000033e-01],
       [ -1.65433403e-03],
       [ -1.11870520e-02],
       [ -5.00000001e-01],
       [ -4.99999999e-01],
       [ -1.66967147e-02],
       [ -5.00000017e-01],
       [ -5.00000010e-01],
       [ -5.00000004e-01],
       [ -5.00000000e-01],
       [ -5.00000012e-01],
       [ -5.00000010e-01],
       [ -5.00000039e-01],
       [ -4.99999999e-01],
       [ -2.78288121e-02],
       [ -5.00000000e-01],
       [ -5.00000010e-01],
       [ -1.75472714e-02],
       [ -5.00000000e-01],
       [ -5.00000003e-01],
       [ -5.00000010e-01],
       [  9.89652231e-06],
       [ -5.00000008e-01],
       [ -5.00000001e-01],
       [ -2.72478631e-04],
       [ -5.00000001e-01],
       [ -5.00000012e-01],
       [ -5.00035985e-01],
       [ -1.58414904e-02],
       [ -5.00000011e-01],
       [ -5.00000012e-01],
       [ -5.00000001e-01],
       [ -5.00000011e-01],
       [ -5.00000000e-01]])
array([[-37.14005426],
       [-36.07386633],
       [-37.29330931],
       [ -2.2081924 ],
       [-37.25663098],
       [-37.37616898],
       [-35.98160526],
       [ -0.78484103],
       [ -1.21834981],
       [-36.92812332],
       [-37.01252515],
       [ -1.6314623 ],
       [-36.68372769],
       [-37.13024009],
       [-35.6345898 ],
       [-37.03078956],
       [-37.05926562],
       [-37.26401211],
       [-34.49762506],
       [-37.19168877],
       [ -2.19780377],
       [-37.2265025 ],
       [-37.14544543],
       [ -1.4100205 ],
       [-35.69657645],
       [-35.65136349],
       [-37.09426099],
       [ -0.60654322],
       [-37.35605417],
       [-35.6475774 ],
       [ -0.65993472],
       [-36.91938897],
       [-35.69499932],
       [-21.95635935],
       [ -1.46378454],
       [-37.13980643],
       [-35.69174116],
       [-37.00344702],
       [-37.10384403],
       [-36.9831164 ]])
<<<<<<<<<<< STEP 18 >>>>>>>>>>>> + array([[ -5.00000000e-01],
       [ -5.00000024e-01],
       [ -5.00000008e-01],
       [ -2.39412614e-02],
       [ -5.00000001e-01],
       [ -5.00000008e-01],
       [ -5.00000026e-01],
       [ -1.67785499e-03],
       [ -1.13810291e-02],
       [ -5.00000000e-01],
       [ -4.99999999e-01],
       [ -1.70079637e-02],
       [ -5.00000014e-01],
       [ -5.00000008e-01],
       [ -5.00000003e-01],
       [ -5.00000000e-01],
       [ -5.00000009e-01],
       [ -5.00000008e-01],
       [ -5.00000030e-01],
       [ -4.99999999e-01],
       [ -2.84423847e-02],
       [ -5.00000000e-01],
       [ -5.00000008e-01],
       [ -1.78638128e-02],
       [ -5.00000000e-01],
       [ -5.00000002e-01],
       [ -5.00000008e-01],
       [  3.61680025e-05],
       [ -5.00000006e-01],
       [ -5.00000001e-01],
       [ -2.86323602e-04],
       [ -5.00000000e-01],
       [ -5.00000009e-01],
       [ -5.00028186e-01],
       [ -1.61225894e-02],
       [ -5.00000008e-01],
       [ -5.00000009e-01],
       [ -5.00000001e-01],
       [ -5.00000009e-01],
       [ -5.00000000e-01]])
array([[-37.64005426],
       [-36.57386636],
       [-37.79330932],
       [ -2.23213367],
       [-37.75663098],
       [-37.87616898],
       [-36.48160528],
       [ -0.78651888],
       [ -1.22973084],
       [-37.42812332],
       [-37.51252515],
       [ -1.64847027],
       [-37.1837277 ],
       [-37.6302401 ],
       [-36.1345898 ],
       [-37.53078956],
       [-37.55926563],
       [-37.76401212],
       [-34.99762509],
       [-37.69168877],
       [ -2.22624616],
       [-37.7265025 ],
       [-37.64544544],
       [ -1.42788431],
       [-36.19657645],
       [-36.1513635 ],
       [-37.594261  ],
       [ -0.60650705],
       [-37.85605417],
       [-36.1475774 ],
       [ -0.66022105],
       [-37.41938897],
       [-36.19499933],
       [-22.45638753],
       [ -1.47990713],
       [-37.63980644],
       [-36.19174117],
       [-37.50344702],
       [-37.60384404],
       [-37.4831164 ]])
<<<<<<<<<<< STEP 19 >>>>>>>>>>>> + array([[ -5.00000000e-01],
       [ -5.00000018e-01],
       [ -5.00000006e-01],
       [ -2.44467949e-02],
       [ -5.00000001e-01],
       [ -5.00000006e-01],
       [ -5.00000020e-01],
       [ -1.70220382e-03],
       [ -1.15821011e-02],
       [ -5.00000000e-01],
       [ -4.99999999e-01],
       [ -1.73309403e-02],
       [ -5.00000011e-01],
       [ -5.00000006e-01],
       [ -5.00000002e-01],
       [ -5.00000000e-01],
       [ -5.00000007e-01],
       [ -5.00000006e-01],
       [ -5.00000024e-01],
       [ -4.99999999e-01],
       [ -2.90832505e-02],
       [ -5.00000000e-01],
       [ -5.00000006e-01],
       [ -1.81921538e-02],
       [ -5.00000000e-01],
       [ -5.00000002e-01],
       [ -5.00000006e-01],
       [  6.32831681e-05],
       [ -5.00000005e-01],
       [ -5.00000001e-01],
       [ -3.01482656e-04],
       [ -5.00000000e-01],
       [ -5.00000007e-01],
       [ -5.00022080e-01],
       [ -1.64141708e-02],
       [ -5.00000007e-01],
       [ -5.00000007e-01],
       [ -5.00000001e-01],
       [ -5.00000007e-01],
       [ -5.00000000e-01]])
array([[-38.14005426],
       [-37.07386638],
       [-38.29330933],
       [ -2.25658046],
       [-38.25663098],
       [-38.37616899],
       [-36.9816053 ],
       [ -0.78822109],
       [ -1.24131294],
       [-37.92812332],
       [-38.01252515],
       [ -1.66580121],
       [-37.68372771],
       [-38.1302401 ],
       [-36.6345898 ],
       [-38.03078956],
       [-38.05926564],
       [-38.26401212],
       [-35.49762511],
       [-38.19168877],
       [ -2.25532941],
       [-38.2265025 ],
       [-38.14544545],
       [ -1.44607647],
       [-36.69657644],
       [-36.6513635 ],
       [-38.09426101],
       [ -0.60644377],
       [-38.35605418],
       [-36.6475774 ],
       [ -0.66052253],
       [-37.91938897],
       [-36.69499934],
       [-22.95640961],
       [ -1.4963213 ],
       [-38.13980645],
       [-36.69174118],
       [-38.00344702],
       [-38.10384405],
       [-37.9831164 ]])
<<<<<<<<<<< STEP 20 >>>>>>>>>>>> + array([[ -5.00000000e-01],
       [ -5.00000014e-01],
       [ -5.00000005e-01],
       [ -2.49737276e-02],
       [ -5.00000001e-01],
       [ -5.00000005e-01],
       [ -5.00000016e-01],
       [ -1.72741928e-03],
       [ -1.17906184e-02],
       [ -5.00000000e-01],
       [ -5.00000000e-01],
       [ -1.76662817e-02],
       [ -5.00000008e-01],
       [ -5.00000005e-01],
       [ -5.00000002e-01],
       [ -5.00000000e-01],
       [ -5.00000006e-01],
       [ -5.00000005e-01],
       [ -5.00000019e-01],
       [ -5.00000000e-01],
       [ -2.97531571e-02],
       [ -5.00000000e-01],
       [ -5.00000005e-01],
       [ -1.85329125e-02],
       [ -5.00000000e-01],
       [ -5.00000001e-01],
       [ -5.00000005e-01],
       [  9.12808739e-05],
       [ -5.00000004e-01],
       [ -5.00000001e-01],
       [ -3.17823128e-04],
       [ -5.00000000e-01],
       [ -5.00000006e-01],
       [ -5.00017299e-01],
       [ -1.67167805e-02],
       [ -5.00000005e-01],
       [ -5.00000006e-01],
       [ -5.00000001e-01],
       [ -5.00000005e-01],
       [ -5.00000000e-01]])
array([[-38.64005426],
       [-37.57386639],
       [-38.79330933],
       [ -2.28155419],
       [-38.75663098],
       [-38.876169  ],
       [-37.48160532],
       [ -0.78994851],
       [ -1.25310356],
       [-38.42812332],
       [-38.51252515],
       [ -1.68346749],
       [-38.18372772],
       [-38.63024011],
       [-37.13458981],
       [-38.53078956],
       [-38.55926564],
       [-38.76401213],
       [-35.99762513],
       [-38.69168877],
       [ -2.28508257],
       [-38.7265025 ],
       [-38.64544545],
       [ -1.46460938],
       [-37.19657644],
       [-37.1513635 ],
       [-38.59426101],
       [ -0.60635249],
       [-38.85605418],
       [-37.1475774 ],
       [ -0.66084035],
       [-38.41938897],
       [-37.19499935],
       [-23.45642691],
       [ -1.51303808],
       [-38.63980645],
       [-37.19174119],
       [-38.50344702],
       [-38.60384405],
       [-38.4831164 ]])
<<<<<<<<<<< STEP 21 >>>>>>>>>>>> + array([[ -5.00000000e-01],
       [ -5.00000011e-01],
       [ -5.00000004e-01],
       [ -2.55233798e-02],
       [ -5.00000000e-01],
       [ -5.00000004e-01],
       [ -5.00000012e-01],
       [ -1.75354404e-03],
       [ -1.20069657e-02],
       [ -5.00000000e-01],
       [ -5.00000000e-01],
       [ -1.80146789e-02],
       [ -5.00000007e-01],
       [ -5.00000004e-01],
       [ -5.00000001e-01],
       [ -5.00000000e-01],
       [ -5.00000005e-01],
       [ -5.00000004e-01],
       [ -5.00000015e-01],
       [ -5.00000000e-01],
       [ -3.04540243e-02],
       [ -5.00000000e-01],
       [ -5.00000004e-01],
       [ -1.88867625e-02],
       [ -5.00000000e-01],
       [ -5.00000001e-01],
       [ -5.00000004e-01],
       [  1.20203380e-04],
       [ -5.00000003e-01],
       [ -5.00000000e-01],
       [ -3.35250946e-04],
       [ -5.00000000e-01],
       [ -5.00000005e-01],
       [ -5.00013555e-01],
       [ -1.70310147e-02],
       [ -5.00000004e-01],
       [ -5.00000005e-01],
       [ -5.00000000e-01],
       [ -5.00000004e-01],
       [ -5.00000000e-01]])
array([[-39.14005426],
       [-38.0738664 ],
       [-39.29330934],
       [ -2.30707757],
       [-39.25663099],
       [-39.376169  ],
       [-37.98160533],
       [ -0.79170205],
       [ -1.26511052],
       [-38.92812332],
       [-39.01252515],
       [ -1.70148217],
       [-38.68372773],
       [-39.13024011],
       [-37.63458981],
       [-39.03078956],
       [-39.05926565],
       [-39.26401213],
       [-36.49762514],
       [-39.19168877],
       [ -2.31553659],
       [-39.2265025 ],
       [-39.14544546],
       [ -1.48349614],
       [-37.69657644],
       [-37.6513635 ],
       [-39.09426102],
       [ -0.60623228],
       [-39.35605418],
       [-37.6475774 ],
       [ -0.6611756 ],
       [-38.91938897],
       [-37.69499935],
       [-23.95644047],
       [ -1.5300691 ],
       [-39.13980646],
       [-37.69174119],
       [-39.00344702],
       [-39.10384406],
       [-38.9831164 ]])
<<<<<<<<<<< STEP 22 >>>>>>>>>>>> + array([[ -5.00000000e-01],
       [ -5.00000009e-01],
       [ -5.00000003e-01],
       [ -2.60971906e-02],
       [ -5.00000000e-01],
       [ -5.00000003e-01],
       [ -5.00000010e-01],
       [ -1.78062482e-03],
       [ -1.22315626e-02],
       [ -5.00000000e-01],
       [ -5.00000000e-01],
       [ -1.83768802e-02],
       [ -5.00000005e-01],
       [ -5.00000003e-01],
       [ -5.00000001e-01],
       [ -5.00000000e-01],
       [ -5.00000004e-01],
       [ -5.00000003e-01],
       [ -5.00000012e-01],
       [ -5.00000000e-01],
       [ -3.11879607e-02],
       [ -5.00000000e-01],
       [ -5.00000003e-01],
       [ -1.92544363e-02],
       [ -5.00000000e-01],
       [ -5.00000001e-01],
       [ -5.00000003e-01],
       [  1.50096464e-04],
       [ -5.00000002e-01],
       [ -5.00000000e-01],
       [ -3.53702779e-04],
       [ -5.00000000e-01],
       [ -5.00000004e-01],
       [ -5.00010623e-01],
       [ -1.73575216e-02],
       [ -5.00000003e-01],
       [ -5.00000004e-01],
       [ -5.00000000e-01],
       [ -5.00000003e-01],
       [ -5.00000000e-01]])
array([[-39.64005426],
       [-38.57386641],
       [-39.79330934],
       [ -2.33317476],
       [-39.75663099],
       [-39.876169  ],
       [-38.48160534],
       [ -0.79348268],
       [ -1.27734209],
       [-39.42812332],
       [-39.51252515],
       [ -1.71985905],
       [-39.18372773],
       [-39.63024011],
       [-38.13458981],
       [-39.53078956],
       [-39.55926565],
       [-39.76401213],
       [-36.99762516],
       [-39.69168877],
       [ -2.34672455],
       [-39.7265025 ],
       [-39.64544546],
       [ -1.50275058],
       [-38.19657644],
       [-38.1513635 ],
       [-39.59426102],
       [ -0.60608219],
       [-39.85605419],
       [-38.1475774 ],
       [ -0.66152931],
       [-39.41938897],
       [-38.19499935],
       [-24.45645109],
       [ -1.54742662],
       [-39.63980646],
       [-38.19174119],
       [-39.50344702],
       [-39.60384406],
       [-39.4831164 ]])
<<<<<<<<<<< STEP 23 >>>>>>>>>>>> + array([[ -5.00000000e-01],
       [ -5.00000007e-01],
       [ -5.00000002e-01],
       [ -2.66967283e-02],
       [ -5.00000000e-01],
       [ -5.00000002e-01],
       [ -5.00000008e-01],
       [ -1.80871251e-03],
       [ -1.24648661e-02],
       [ -5.00000000e-01],
       [ -5.00000000e-01],
       [ -1.87536956e-02],
       [ -5.00000004e-01],
       [ -5.00000002e-01],
       [ -5.00000001e-01],
       [ -5.00000000e-01],
       [ -5.00000003e-01],
       [ -5.00000002e-01],
       [ -5.00000009e-01],
       [ -5.00000000e-01],
       [ -3.19572821e-02],
       [ -5.00000000e-01],
       [ -5.00000002e-01],
       [ -1.96367289e-02],
       [ -5.00000000e-01],
       [ -5.00000001e-01],
       [ -5.00000002e-01],
       [  1.81009592e-04],
       [ -5.00000002e-01],
       [ -5.00000000e-01],
       [ -3.73140000e-04],
       [ -5.00000000e-01],
       [ -5.00000003e-01],
       [ -5.00008327e-01],
       [ -1.76970057e-02],
       [ -5.00000003e-01],
       [ -5.00000003e-01],
       [ -5.00000000e-01],
       [ -5.00000003e-01],
       [ -5.00000000e-01]])
array([[-40.14005426],
       [-39.07386642],
       [-40.29330934],
       [ -2.35987149],
       [-40.25663099],
       [-40.376169  ],
       [-38.98160535],
       [ -0.79529139],
       [ -1.28980695],
       [-39.92812332],
       [-40.01252515],
       [ -1.73861274],
       [-39.68372774],
       [-40.13024012],
       [-38.63458981],
       [-40.03078956],
       [-40.05926565],
       [-40.26401214],
       [-37.49762516],
       [-40.19168877],
       [ -2.37868183],
       [-40.2265025 ],
       [-40.14544546],
       [ -1.52238731],
       [-38.69657644],
       [-38.6513635 ],
       [-40.09426102],
       [ -0.60590118],
       [-40.35605419],
       [-38.6475774 ],
       [ -0.66190245],
       [-39.91938897],
       [-38.69499936],
       [-24.95645942],
       [ -1.56512363],
       [-40.13980646],
       [-38.6917412 ],
       [-40.00344702],
       [-40.10384406],
       [-39.9831164 ]])
<<<<<<<<<<< STEP 24 >>>>>>>>>>>> + array([[ -5.00000000e-01],
       [ -5.00000005e-01],
       [ -5.00000002e-01],
       [ -2.73237037e-02],
       [ -5.00000000e-01],
       [ -5.00000002e-01],
       [ -5.00000006e-01],
       [ -1.83786234e-03],
       [ -1.27073721e-02],
       [ -5.00000000e-01],
       [ -5.00000000e-01],
       [ -1.91460025e-02],
       [ -5.00000003e-01],
       [ -5.00000002e-01],
       [ -5.00000001e-01],
       [ -5.00000000e-01],
       [ -5.00000002e-01],
       [ -5.00000002e-01],
       [ -5.00000007e-01],
       [ -5.00000000e-01],
       [ -3.27645345e-02],
       [ -5.00000000e-01],
       [ -5.00000002e-01],
       [ -2.00345029e-02],
       [ -5.00000000e-01],
       [ -5.00000001e-01],
       [ -5.00000002e-01],
       [  2.12996126e-04],
       [ -5.00000002e-01],
       [ -5.00000000e-01],
       [ -3.93544037e-04],
       [ -5.00000000e-01],
       [ -5.00000002e-01],
       [ -5.00006528e-01],
       [ -1.80502309e-02],
       [ -5.00000002e-01],
       [ -5.00000002e-01],
       [ -5.00000000e-01],
       [ -5.00000002e-01],
       [ -5.00000000e-01]])
array([[-40.64005426],
       [-39.57386642],
       [-40.79330934],
       [ -2.38719519],
       [-40.75663099],
       [-40.87616901],
       [-39.48160535],
       [ -0.79712925],
       [ -1.30251432],
       [-40.42812332],
       [-40.51252515],
       [ -1.75775875],
       [-40.18372774],
       [-40.63024012],
       [-39.13458981],
       [-40.53078956],
       [-40.55926566],
       [-40.76401214],
       [-37.99762517],
       [-40.69168877],
       [ -2.41144637],
       [-40.7265025 ],
       [-40.64544546],
       [ -1.54242181],
       [-39.19657644],
       [-39.1513635 ],
       [-40.59426102],
       [ -0.60568818],
       [-40.85605419],
       [-39.1475774 ],
       [ -0.66229599],
       [-40.41938897],
       [-39.19499936],
       [-25.45646595],
       [ -1.58317386],
       [-40.63980647],
       [-39.1917412 ],
       [-40.50344702],
       [-40.60384406],
       [-40.4831164 ]])
<<<<<<<<<<< STEP 25 >>>>>>>>>>>> + array([[ -5.00000000e-01],
       [ -5.00000004e-01],
       [ -5.00000001e-01],
       [ -2.79799844e-02],
       [ -5.00000000e-01],
       [ -5.00000002e-01],
       [ -5.00000005e-01],
       [ -1.86813417e-03],
       [ -1.29596187e-02],
       [ -5.00000000e-01],
       [ -5.00000000e-01],
       [ -1.95547515e-02],
       [ -5.00000002e-01],
       [ -5.00000001e-01],
       [ -5.00000001e-01],
       [ -5.00000000e-01],
       [ -5.00000002e-01],
       [ -5.00000001e-01],
       [ -5.00000006e-01],
       [ -5.00000000e-01],
       [ -3.36125202e-02],
       [ -5.00000000e-01],
       [ -5.00000001e-01],
       [ -2.04486939e-02],
       [ -5.00000000e-01],
       [ -5.00000000e-01],
       [ -5.00000001e-01],
       [  2.46113592e-04],
       [ -5.00000001e-01],
       [ -5.00000000e-01],
       [ -4.14912841e-04],
       [ -5.00000000e-01],
       [ -5.00000002e-01],
       [ -5.00005118e-01],
       [ -1.84180264e-02],
       [ -5.00000002e-01],
       [ -5.00000002e-01],
       [ -5.00000000e-01],
       [ -5.00000002e-01],
       [ -5.00000000e-01]])
array([[-41.14005426],
       [-40.07386643],
       [-41.29330934],
       [ -2.41517517],
       [-41.25663099],
       [-41.37616901],
       [-39.98160536],
       [ -0.79899739],
       [ -1.31547394],
       [-40.92812332],
       [-41.01252515],
       [ -1.7773135 ],
       [-40.68372774],
       [-41.13024012],
       [-39.63458981],
       [-41.03078956],
       [-41.05926566],
       [-41.26401214],
       [-38.49762518],
       [-41.19168877],
       [ -2.44505889],
       [-41.2265025 ],
       [-41.14544547],
       [ -1.5628705 ],
       [-39.69657644],
       [-39.6513635 ],
       [-41.09426102],
       [ -0.60544207],
       [-41.35605419],
       [-39.6475774 ],
       [ -0.6627109 ],
       [-40.91938897],
       [-39.69499936],
       [-25.95647106],
       [ -1.60159188],
       [-41.13980647],
       [-39.6917412 ],
       [-41.00344702],
       [-41.10384406],
       [-40.9831164 ]])
<<<<<<<<<<< STEP 26 >>>>>>>>>>>> + array([[ -5.00000000e-01],
       [ -5.00000003e-01],
       [ -5.00000001e-01],
       [ -2.86676115e-02],
       [ -5.00000000e-01],
       [ -5.00000001e-01],
       [ -5.00000004e-01],
       [ -1.89959275e-03],
       [ -1.32221894e-02],
       [ -5.00000000e-01],
       [ -5.00000000e-01],
       [ -1.99809730e-02],
       [ -5.00000002e-01],
       [ -5.00000001e-01],
       [ -5.00000000e-01],
       [ -5.00000000e-01],
       [ -5.00000001e-01],
       [ -5.00000001e-01],
       [ -5.00000004e-01],
       [ -5.00000000e-01],
       [ -3.45043286e-02],
       [ -5.00000000e-01],
       [ -5.00000001e-01],
       [ -2.08803173e-02],
       [ -5.00000000e-01],
       [ -5.00000000e-01],
       [ -5.00000001e-01],
       [  2.80423988e-04],
       [ -5.00000001e-01],
       [ -5.00000000e-01],
       [ -4.37258214e-04],
       [ -5.00000000e-01],
       [ -5.00000001e-01],
       [ -5.00004014e-01],
       [ -1.88012916e-02],
       [ -5.00000001e-01],
       [ -5.00000001e-01],
       [ -5.00000000e-01],
       [ -5.00000001e-01],
       [ -5.00000000e-01]])
array([[-41.64005426],
       [-40.57386643],
       [-41.79330935],
       [ -2.44384279],
       [-41.75663099],
       [-41.87616901],
       [-40.48160536],
       [ -0.80089698],
       [ -1.32869613],
       [-41.42812332],
       [-41.51252515],
       [ -1.79729447],
       [-41.18372775],
       [-41.63024012],
       [-40.13458981],
       [-41.53078956],
       [-41.55926566],
       [-41.76401214],
       [-38.99762518],
       [-41.69168877],
       [ -2.47956322],
       [-41.7265025 ],
       [-41.64544547],
       [ -1.58375082],
       [-40.19657644],
       [-40.1513635 ],
       [-41.59426102],
       [ -0.60516164],
       [-41.85605419],
       [-40.1475774 ],
       [ -0.66314816],
       [-41.41938897],
       [-40.19499936],
       [-26.45647508],
       [ -1.62039317],
       [-41.63980647],
       [-40.1917412 ],
       [-41.50344702],
       [-41.60384407],
       [-41.4831164 ]])
<<<<<<<<<<< STEP 27 >>>>>>>>>>>> + array([[ -5.00000000e-01],
       [ -5.00000003e-01],
       [ -5.00000001e-01],
       [ -2.93888197e-02],
       [ -5.00000000e-01],
       [ -5.00000001e-01],
       [ -5.00000003e-01],
       [ -1.93230820e-03],
       [ -1.34957169e-02],
       [ -5.00000000e-01],
       [ -5.00000000e-01],
       [ -2.04257856e-02],
       [ -5.00000002e-01],
       [ -5.00000001e-01],
       [ -5.00000000e-01],
       [ -5.00000000e-01],
       [ -5.00000001e-01],
       [ -5.00000001e-01],
       [ -5.00000004e-01],
       [ -5.00000000e-01],
       [ -3.54433713e-02],
       [ -5.00000000e-01],
       [ -5.00000001e-01],
       [ -2.13304756e-02],
       [ -5.00000000e-01],
       [ -5.00000000e-01],
       [ -5.00000001e-01],
       [  3.15994138e-04],
       [ -5.00000001e-01],
       [ -5.00000000e-01],
       [ -4.60603811e-04],
       [ -5.00000000e-01],
       [ -5.00000001e-01],
       [ -5.00003148e-01],
       [ -1.92010029e-02],
       [ -5.00000001e-01],
       [ -5.00000001e-01],
       [ -5.00000000e-01],
       [ -5.00000001e-01],
       [ -5.00000000e-01]])
array([[-42.14005426],
       [-41.07386643],
       [-42.29330935],
       [ -2.47323161],
       [-42.25663099],
       [-42.37616901],
       [-40.98160536],
       [ -0.80282929],
       [ -1.34219185],
       [-41.92812332],
       [-42.01252515],
       [ -1.81772026],
       [-41.68372775],
       [-42.13024012],
       [-40.63458981],
       [-42.03078956],
       [-42.05926566],
       [-42.26401214],
       [-39.49762519],
       [-42.19168877],
       [ -2.51500659],
       [-42.2265025 ],
       [-42.14544547],
       [ -1.6050813 ],
       [-40.69657644],
       [-40.6513635 ],
       [-42.09426103],
       [ -0.60484565],
       [-42.35605419],
       [-40.6475774 ],
       [ -0.66360877],
       [-41.91938897],
       [-40.69499936],
       [-26.95647823],
       [ -1.63959418],
       [-42.13980647],
       [-40.6917412 ],
       [-42.00344702],
       [-42.10384407],
       [-41.9831164 ]])
<<<<<<<<<<< STEP 28 >>>>>>>>>>>> + array([[ -5.00000000e-01],
       [ -5.00000002e-01],
       [ -5.00000001e-01],
       [ -3.01460586e-02],
       [ -5.00000000e-01],
       [ -5.00000001e-01],
       [ -5.00000002e-01],
       [ -1.96635631e-03],
       [ -1.37808875e-02],
       [ -5.00000000e-01],
       [ -5.00000000e-01],
       [ -2.08904045e-02],
       [ -5.00000001e-01],
       [ -5.00000001e-01],
       [ -5.00000000e-01],
       [ -5.00000000e-01],
       [ -5.00000001e-01],
       [ -5.00000001e-01],
       [ -5.00000003e-01],
       [ -5.00000000e-01],
       [ -3.64334244e-02],
       [ -5.00000000e-01],
       [ -5.00000001e-01],
       [ -2.18003673e-02],
       [ -5.00000000e-01],
       [ -5.00000000e-01],
       [ -5.00000001e-01],
       [  3.52896096e-04],
       [ -5.00000001e-01],
       [ -5.00000000e-01],
       [ -4.84983697e-04],
       [ -5.00000000e-01],
       [ -5.00000001e-01],
       [ -5.00002470e-01],
       [ -1.96182212e-02],
       [ -5.00000001e-01],
       [ -5.00000001e-01],
       [ -5.00000000e-01],
       [ -5.00000001e-01],
       [ -5.00000000e-01]])
array([[-42.64005426],
       [-41.57386644],
       [-42.79330935],
       [ -2.50337766],
       [-42.75663099],
       [-42.87616901],
       [-41.48160537],
       [ -0.80479564],
       [ -1.35597274],
       [-42.42812332],
       [-42.51252515],
       [ -1.83861066],
       [-42.18372775],
       [-42.63024012],
       [-41.13458981],
       [-42.53078956],
       [-42.55926566],
       [-42.76401214],
       [-39.99762519],
       [-42.69168877],
       [ -2.55144001],
       [-42.7265025 ],
       [-42.64544547],
       [ -1.62688166],
       [-41.19657644],
       [-41.1513635 ],
       [-42.59426103],
       [ -0.60449275],
       [-42.85605419],
       [-41.1475774 ],
       [ -0.66409375],
       [-42.41938897],
       [-41.19499937],
       [-27.4564807 ],
       [ -1.6592124 ],
       [-42.63980647],
       [-41.19174121],
       [-42.50344702],
       [-42.60384407],
       [-42.4831164 ]])
<<<<<<<<<<< STEP 29 >>>>>>>>>>>> + array([[ -5.00000000e-01],
       [ -5.00000002e-01],
       [ -5.00000001e-01],
       [ -3.09420190e-02],
       [ -5.00000000e-01],
       [ -5.00000001e-01],
       [ -5.00000002e-01],
       [ -2.00181914e-03],
       [ -1.40784465e-02],
       [ -5.00000000e-01],
       [ -5.00000000e-01],
       [ -2.13761519e-02],
       [ -5.00000001e-01],
       [ -5.00000001e-01],
       [ -5.00000000e-01],
       [ -5.00000000e-01],
       [ -5.00000001e-01],
       [ -5.00000001e-01],
       [ -5.00000002e-01],
       [ -5.00000000e-01],
       [ -3.74786759e-02],
       [ -5.00000000e-01],
       [ -5.00000001e-01],
       [ -2.22912965e-02],
       [ -5.00000000e-01],
       [ -5.00000000e-01],
       [ -5.00000001e-01],
       [  3.91207608e-04],
       [ -5.00000000e-01],
       [ -5.00000000e-01],
       [ -5.10441320e-04],
       [ -5.00000000e-01],
       [ -5.00000001e-01],
       [ -5.00001938e-01],
       [ -2.00541005e-02],
       [ -5.00000001e-01],
       [ -5.00000001e-01],
       [ -5.00000000e-01],
       [ -5.00000001e-01],
       [ -5.00000000e-01]])
array([[-43.14005427],
       [-42.07386644],
       [-43.29330935],
       [ -2.53431968],
       [-43.25663099],
       [-43.37616901],
       [-41.98160537],
       [ -0.80679746],
       [ -1.37005118],
       [-42.92812332],
       [-43.01252515],
       [ -1.85998681],
       [-42.68372775],
       [-43.13024012],
       [-41.63458981],
       [-43.03078956],
       [-43.05926566],
       [-43.26401214],
       [-40.49762519],
       [-43.19168877],
       [ -2.58891869],
       [-43.2265025 ],
       [-43.14544547],
       [ -1.64917296],
       [-41.69657644],
       [-41.6513635 ],
       [-43.09426103],
       [ -0.60410155],
       [-43.35605419],
       [-41.6475774 ],
       [ -0.66460419],
       [-42.91938897],
       [-41.69499937],
       [-27.95648263],
       [ -1.6792665 ],
       [-43.13980647],
       [-41.69174121],
       [-43.00344702],
       [-43.10384407],
       [-42.9831164 ]])
<<<<<<<<<<< STEP 30 >>>>>>>>>>>> + array([[ -5.00000000e-01],
       [ -5.00000001e-01],
       [ -5.00000000e-01],
       [ -3.17796612e-02],
       [ -5.00000000e-01],
       [ -5.00000000e-01],
       [ -5.00000001e-01],
       [ -2.03878553e-03],
       [ -1.43892035e-02],
       [ -5.00000000e-01],
       [ -5.00000000e-01],
       [ -2.18844681e-02],
       [ -5.00000001e-01],
       [ -5.00000000e-01],
       [ -5.00000000e-01],
       [ -5.00000000e-01],
       [ -5.00000001e-01],
       [ -5.00000000e-01],
       [ -5.00000002e-01],
       [ -5.00000000e-01],
       [ -3.85837825e-02],
       [ -5.00000000e-01],
       [ -5.00000000e-01],
       [ -2.28046844e-02],
       [ -5.00000000e-01],
       [ -5.00000000e-01],
       [ -5.00000000e-01],
       [  4.31012620e-04],
       [ -5.00000000e-01],
       [ -5.00000000e-01],
       [ -5.37028839e-04],
       [ -5.00000000e-01],
       [ -5.00000001e-01],
       [ -5.00001521e-01],
       [ -2.05098972e-02],
       [ -5.00000000e-01],
       [ -5.00000001e-01],
       [ -5.00000000e-01],
       [ -5.00000000e-01],
       [ -5.00000000e-01]])
array([[-43.64005427],
       [-42.57386644],
       [-43.79330935],
       [ -2.56609934],
       [-43.75663099],
       [-43.87616901],
       [-42.48160537],
       [ -0.80883625],
       [ -1.38444039],
       [-43.42812332],
       [-43.51252515],
       [ -1.88187128],
       [-43.18372775],
       [-43.63024012],
       [-42.13458981],
       [-43.53078956],
       [-43.55926566],
       [-43.76401214],
       [-40.99762519],
       [-43.69168877],
       [ -2.62750247],
       [-43.7265025 ],
       [-43.64544547],
       [ -1.67197764],
       [-42.19657644],
       [-42.1513635 ],
       [-43.59426103],
       [ -0.60367053],
       [-43.85605419],
       [-42.1475774 ],
       [ -0.66514122],
       [-43.41938897],
       [-42.19499937],
       [-28.45648416],
       [ -1.6997764 ],
       [-43.63980647],
       [-42.19174121],
       [-43.50344702],
       [-43.60384407],
       [-43.4831164 ]])
<<<<<<<<<<< STEP 31 >>>>>>>>>>>> + array([[ -5.00000000e-01],
       [ -5.00000001e-01],
       [ -5.00000000e-01],
       [ -3.26622493e-02],
       [ -5.00000000e-01],
       [ -5.00000000e-01],
       [ -5.00000001e-01],
       [ -2.07735169e-03],
       [ -1.47140392e-02],
       [ -5.00000000e-01],
       [ -5.00000000e-01],
       [ -2.24169243e-02],
       [ -5.00000001e-01],
       [ -5.00000000e-01],
       [ -5.00000000e-01],
       [ -5.00000000e-01],
       [ -5.00000000e-01],
       [ -5.00000000e-01],
       [ -5.00000001e-01],
       [ -5.00000000e-01],
       [ -3.97539357e-02],
       [ -5.00000000e-01],
       [ -5.00000000e-01],
       [ -2.33420816e-02],
       [ -5.00000000e-01],
       [ -5.00000000e-01],
       [ -5.00000000e-01],
       [  4.72401850e-04],
       [ -5.00000000e-01],
       [ -5.00000000e-01],
       [ -5.64806722e-04],
       [ -5.00000000e-01],
       [ -5.00000000e-01],
       [ -5.00001194e-01],
       [ -2.09869812e-02],
       [ -5.00000000e-01],
       [ -5.00000000e-01],
       [ -5.00000000e-01],
       [ -5.00000000e-01],
       [ -5.00000000e-01]])
array([[-44.14005427],
       [-43.07386644],
       [-44.29330935],
       [ -2.59876159],
       [-44.25663099],
       [-44.37616901],
       [-42.98160537],
       [ -0.8109136 ],
       [ -1.39915443],
       [-43.92812332],
       [-44.01252515],
       [ -1.9042882 ],
       [-43.68372775],
       [-44.13024012],
       [-42.63458981],
       [-44.03078956],
       [-44.05926566],
       [-44.26401214],
       [-41.49762519],
       [-44.19168877],
       [ -2.66725641],
       [-44.2265025 ],
       [-44.14544547],
       [ -1.69531973],
       [-42.69657644],
       [-42.65136351],
       [-44.09426103],
       [ -0.60319813],
       [-44.35605419],
       [-42.6475774 ],
       [ -0.66570603],
       [-43.91938897],
       [-42.69499937],
       [-28.95648535],
       [ -1.72076338],
       [-44.13980647],
       [-42.69174121],
       [-44.00344702],
       [-44.10384407],
       [-43.9831164 ]])
<<<<<<<<<<< STEP 32 >>>>>>>>>>>> + array([[-0.5       ],
       [-0.5       ],
       [-0.5       ],
       [-0.03359339],
       [-0.5       ],
       [-0.5       ],
       [-0.5       ],
       [-0.00211762],
       [-0.01505391],
       [-0.5       ],
       [-0.5       ],
       [-0.02297524],
       [-0.5       ],
       [-0.5       ],
       [-0.5       ],
       [-0.5       ],
       [-0.5       ],
       [-0.5       ],
       [-0.5       ],
       [-0.5       ],
       [-0.04099494],
       [-0.5       ],
       [-0.5       ],
       [-0.02390518],
       [-0.5       ],
       [-0.5       ],
       [-0.5       ],
       [ 0.00051547],
       [-0.5       ],
       [-0.5       ],
       [-0.00059384],
       [-0.5       ],
       [-0.5       ],
       [-0.50000094],
       [-0.02148685],
       [-0.5       ],
       [-0.5       ],
       [-0.5       ],
       [-0.5       ],
       [-0.5       ]])
array([[-44.64005427],
       [-43.57386644],
       [-44.79330935],
       [ -2.63235498],
       [-44.75663099],
       [-44.87616901],
       [-43.48160537],
       [ -0.81303122],
       [ -1.41420834],
       [-44.42812332],
       [-44.51252515],
       [ -1.92726344],
       [-44.18372775],
       [-44.63024012],
       [-43.13458981],
       [-44.53078956],
       [-44.55926566],
       [-44.76401214],
       [-41.99762519],
       [-44.69168877],
       [ -2.70825135],
       [-44.7265025 ],
       [-44.64544547],
       [ -1.71922491],
       [-43.19657644],
       [-43.15136351],
       [-44.59426103],
       [ -0.60268266],
       [-44.85605419],
       [-43.1475774 ],
       [ -0.66629987],
       [-44.41938897],
       [-43.19499937],
       [-29.45648629],
       [ -1.74225023],
       [-44.63980647],
       [-43.19174121],
       [-44.50344702],
       [-44.60384407],
       [-44.4831164 ]])
<<<<<<<<<<< STEP 33 >>>>>>>>>>>> + array([[-0.5       ],
       [-0.5       ],
       [-0.5       ],
       [-0.03457707],
       [-0.5       ],
       [-0.5       ],
       [-0.5       ],
       [-0.00215971],
       [-0.01540987],
       [-0.5       ],
       [-0.5       ],
       [-0.02356129],
       [-0.5       ],
       [-0.5       ],
       [-0.5       ],
       [-0.5       ],
       [-0.5       ],
       [-0.5       ],
       [-0.5       ],
       [-0.5       ],
       [-0.0423133 ],
       [-0.5       ],
       [-0.5       ],
       [-0.02449584],
       [-0.5       ],
       [-0.5       ],
       [-0.5       ],
       [ 0.00056033],
       [-0.5       ],
       [-0.5       ],
       [-0.00062422],
       [-0.5       ],
       [-0.5       ],
       [-0.50000074],
       [-0.02201113],
       [-0.5       ],
       [-0.5       ],
       [-0.5       ],
       [-0.5       ],
       [-0.5       ]])
array([[-45.14005427],
       [-44.07386644],
       [-45.29330935],
       [ -2.66693206],
       [-45.25663099],
       [-45.37616901],
       [-43.98160537],
       [ -0.81519093],
       [ -1.42961821],
       [-44.92812332],
       [-45.01252515],
       [ -1.95082473],
       [-44.68372775],
       [-45.13024012],
       [-43.63458981],
       [-45.03078956],
       [-45.05926566],
       [-45.26401214],
       [-42.4976252 ],
       [-45.19168877],
       [ -2.75056465],
       [-45.2265025 ],
       [-45.14544547],
       [ -1.74372075],
       [-43.69657644],
       [-43.65136351],
       [-45.09426103],
       [ -0.60212233],
       [-45.3560542 ],
       [-43.6475774 ],
       [ -0.66692409],
       [-44.91938897],
       [-43.69499937],
       [-29.95648702],
       [ -1.76426136],
       [-45.13980647],
       [-43.69174121],
       [-45.00344702],
       [-45.10384407],
       [-44.9831164 ]])
<<<<<<<<<<< STEP 34 >>>>>>>>>>>> + array([[-0.5       ],
       [-0.5       ],
       [-0.5       ],
       [-0.03561774],
       [-0.5       ],
       [-0.5       ],
       [-0.5       ],
       [-0.00220374],
       [-0.01578305],
       [-0.5       ],
       [-0.5       ],
       [-0.02417713],
       [-0.5       ],
       [-0.5       ],
       [-0.5       ],
       [-0.5       ],
       [-0.5       ],
       [-0.5       ],
       [-0.5       ],
       [-0.5       ],
       [-0.04371634],
       [-0.5       ],
       [-0.5       ],
       [-0.0251161 ],
       [-0.5       ],
       [-0.5       ],
       [-0.5       ],
       [ 0.0006071 ],
       [-0.5       ],
       [-0.5       ],
       [-0.00065601],
       [-0.5       ],
       [-0.5       ],
       [-0.50000058],
       [-0.02256163],
       [-0.5       ],
       [-0.5       ],
       [-0.5       ],
       [-0.5       ],
       [-0.5       ]])
array([[-45.64005427],
       [-44.57386644],
       [-45.79330935],
       [ -2.70254979],
       [-45.75663099],
       [-45.87616901],
       [-44.48160537],
       [ -0.81739467],
       [ -1.44540126],
       [-45.42812332],
       [-45.51252515],
       [ -1.97500186],
       [-45.18372775],
       [-45.63024013],
       [-44.13458981],
       [-45.53078956],
       [-45.55926566],
       [-45.76401214],
       [-42.9976252 ],
       [-45.69168877],
       [ -2.79428099],
       [-45.7265025 ],
       [-45.64544547],
       [ -1.76883685],
       [-44.19657644],
       [-44.15136351],
       [-45.59426103],
       [ -0.60151523],
       [-45.8560542 ],
       [-44.1475774 ],
       [ -0.6675801 ],
       [-45.41938897],
       [-44.19499937],
       [-30.4564876 ],
       [ -1.78682299],
       [-45.63980647],
       [-44.19174121],
       [-45.50344702],
       [-45.60384407],
       [-45.4831164 ]])
<<<<<<<<<<< STEP 35 >>>>>>>>>>>> + array([[-0.5       ],
       [-0.5       ],
       [-0.5       ],
       [-0.03672031],
       [-0.5       ],
       [-0.5       ],
       [-0.5       ],
       [-0.00224984],
       [-0.0161747 ],
       [-0.5       ],
       [-0.5       ],
       [-0.02482503],
       [-0.5       ],
       [-0.5       ],
       [-0.5       ],
       [-0.5       ],
       [-0.5       ],
       [-0.5       ],
       [-0.5       ],
       [-0.5       ],
       [-0.04521231],
       [-0.5       ],
       [-0.5       ],
       [-0.02576818],
       [-0.5       ],
       [-0.5       ],
       [-0.5       ],
       [ 0.00065589],
       [-0.5       ],
       [-0.5       ],
       [-0.00068932],
       [-0.5       ],
       [-0.5       ],
       [-0.50000045],
       [-0.02314029],
       [-0.5       ],
       [-0.5       ],
       [-0.5       ],
       [-0.5       ],
       [-0.5       ]])
array([[-46.14005427],
       [-45.07386644],
       [-46.29330935],
       [ -2.7392701 ],
       [-46.25663099],
       [-46.37616901],
       [-44.98160537],
       [ -0.81964451],
       [ -1.46157596],
       [-45.92812332],
       [-46.01252515],
       [ -1.99982689],
       [-45.68372775],
       [-46.13024013],
       [-44.63458981],
       [-46.03078956],
       [-46.05926566],
       [-46.26401214],
       [-43.4976252 ],
       [-46.19168877],
       [ -2.8394933 ],
       [-46.2265025 ],
       [-46.14544547],
       [ -1.79460502],
       [-44.69657644],
       [-44.65136351],
       [-46.09426103],
       [ -0.60085934],
       [-46.3560542 ],
       [-44.6475774 ],
       [ -0.66826941],
       [-45.91938897],
       [-44.69499937],
       [-30.95648806],
       [ -1.80996328],
       [-46.13980647],
       [-44.69174121],
       [-46.00344702],
       [-46.10384407],
       [-45.9831164 ]])
<<<<<<<<<<< STEP 36 >>>>>>>>>>>> + array([[-0.5       ],
       [-0.5       ],
       [-0.5       ],
       [-0.03789028],
       [-0.5       ],
       [-0.5       ],
       [-0.5       ],
       [-0.00229816],
       [-0.01658619],
       [-0.5       ],
       [-0.5       ],
       [-0.02550748],
       [-0.5       ],
       [-0.5       ],
       [-0.5       ],
       [-0.5       ],
       [-0.5       ],
       [-0.5       ],
       [-0.5       ],
       [-0.5       ],
       [-0.04681058],
       [-0.5       ],
       [-0.5       ],
       [-0.02645454],
       [-0.5       ],
       [-0.5       ],
       [-0.5       ],
       [ 0.00070685],
       [-0.5       ],
       [-0.5       ],
       [-0.00072424],
       [-0.5       ],
       [-0.5       ],
       [-0.50000036],
       [-0.02374929],
       [-0.5       ],
       [-0.5       ],
       [-0.5       ],
       [-0.5       ],
       [-0.5       ]])
array([[-46.64005427],
       [-45.57386644],
       [-46.79330935],
       [ -2.77716038],
       [-46.75663099],
       [-46.87616901],
       [-45.48160537],
       [ -0.82194267],
       [ -1.47816215],
       [-46.42812332],
       [-46.51252515],
       [ -2.02533437],
       [-46.18372775],
       [-46.63024013],
       [-45.13458981],
       [-46.53078956],
       [-46.55926566],
       [-46.76401214],
       [-43.9976252 ],
       [-46.69168877],
       [ -2.88630388],
       [-46.7265025 ],
       [-46.64544547],
       [ -1.82105957],
       [-45.19657644],
       [-45.15136351],
       [-46.59426103],
       [ -0.60015249],
       [-46.8560542 ],
       [-45.1475774 ],
       [ -0.66899366],
       [-46.41938897],
       [-45.19499937],
       [-31.45648841],
       [ -1.83371257],
       [-46.63980647],
       [-45.19174121],
       [-46.50344702],
       [-46.60384407],
       [-46.4831164 ]])
<<<<<<<<<<< STEP 37 >>>>>>>>>>>> + array([[-0.5       ],
       [-0.5       ],
       [-0.5       ],
       [-0.03913381],
       [-0.5       ],
       [-0.5       ],
       [-0.5       ],
       [-0.00234886],
       [-0.01701901],
       [-0.5       ],
       [-0.5       ],
       [-0.0262272 ],
       [-0.5       ],
       [-0.5       ],
       [-0.5       ],
       [-0.5       ],
       [-0.5       ],
       [-0.5       ],
       [-0.5       ],
       [-0.5       ],
       [-0.04852177],
       [-0.5       ],
       [-0.5       ],
       [-0.02717791],
       [-0.5       ],
       [-0.5       ],
       [-0.5       ],
       [ 0.00076011],
       [-0.5       ],
       [-0.5       ],
       [-0.0007609 ],
       [-0.5       ],
       [-0.5       ],
       [-0.50000028],
       [-0.02439099],
       [-0.5       ],
       [-0.5       ],
       [-0.5       ],
       [-0.5       ],
       [-0.5       ]])
array([[-47.14005427],
       [-46.07386644],
       [-47.29330935],
       [ -2.8162942 ],
       [-47.25663099],
       [-47.37616901],
       [-45.98160537],
       [ -0.82429152],
       [ -1.49518116],
       [-46.92812332],
       [-47.01252515],
       [ -2.05156157],
       [-46.68372775],
       [-47.13024013],
       [-45.63458981],
       [-47.03078956],
       [-47.05926566],
       [-47.26401214],
       [-44.4976252 ],
       [-47.19168877],
       [ -2.93482565],
       [-47.2265025 ],
       [-47.14544547],
       [ -1.84823747],
       [-45.69657644],
       [-45.65136351],
       [-47.09426103],
       [ -0.59939238],
       [-47.3560542 ],
       [-45.6475774 ],
       [ -0.66975455],
       [-46.91938897],
       [-45.69499937],
       [-31.9564887 ],
       [ -1.85810356],
       [-47.13980647],
       [-45.69174121],
       [-47.00344702],
       [-47.10384407],
       [-46.9831164 ]])
<<<<<<<<<<< STEP 38 >>>>>>>>>>>> + array([[-0.5       ],
       [-0.5       ],
       [-0.5       ],
       [-0.0404578 ],
       [-0.5       ],
       [-0.5       ],
       [-0.5       ],
       [-0.0024021 ],
       [-0.0174748 ],
       [-0.5       ],
       [-0.5       ],
       [-0.02698724],
       [-0.5       ],
       [-0.5       ],
       [-0.5       ],
       [-0.5       ],
       [-0.5       ],
       [-0.5       ],
       [-0.5       ],
       [-0.5       ],
       [-0.05035802],
       [-0.5       ],
       [-0.5       ],
       [-0.02794126],
       [-0.5       ],
       [-0.5       ],
       [-0.5       ],
       [ 0.00081585],
       [-0.5       ],
       [-0.5       ],
       [-0.0007994 ],
       [-0.5       ],
       [-0.5       ],
       [-0.50000022],
       [-0.02506801],
       [-0.5       ],
       [-0.5       ],
       [-0.5       ],
       [-0.5       ],
       [-0.5       ]])
array([[-47.64005427],
       [-46.57386644],
       [-47.79330935],
       [ -2.85675199],
       [-47.75663099],
       [-47.87616901],
       [-46.48160537],
       [ -0.82669363],
       [ -1.51265597],
       [-47.42812332],
       [-47.51252515],
       [ -2.07854881],
       [-47.18372775],
       [-47.63024013],
       [-46.13458981],
       [-47.53078956],
       [-47.55926566],
       [-47.76401214],
       [-44.9976252 ],
       [-47.69168877],
       [ -2.98518367],
       [-47.7265025 ],
       [-47.64544547],
       [ -1.87617873],
       [-46.19657644],
       [-46.15136351],
       [-47.59426103],
       [ -0.59857652],
       [-47.8560542 ],
       [-46.1475774 ],
       [ -0.67055396],
       [-47.41938897],
       [-46.19499937],
       [-32.45648892],
       [ -1.88317157],
       [-47.63980647],
       [-46.19174121],
       [-47.50344702],
       [-47.60384407],
       [-47.4831164 ]])
<<<<<<<<<<< STEP 39 >>>>>>>>>>>> + array([[-0.5       ],
       [-0.5       ],
       [-0.5       ],
       [-0.04186998],
       [-0.5       ],
       [-0.5       ],
       [-0.5       ],
       [-0.00245808],
       [-0.01795537],
       [-0.5       ],
       [-0.5       ],
       [-0.02779092],
       [-0.5       ],
       [-0.5       ],
       [-0.5       ],
       [-0.5       ],
       [-0.5       ],
       [-0.5       ],
       [-0.5       ],
       [-0.5       ],
       [-0.05233322],
       [-0.5       ],
       [-0.5       ],
       [-0.02874792],
       [-0.5       ],
       [-0.5       ],
       [-0.5       ],
       [ 0.00087424],
       [-0.5       ],
       [-0.5       ],
       [-0.0008399 ],
       [-0.5       ],
       [-0.5       ],
       [-0.50000017],
       [-0.02578323],
       [-0.5       ],
       [-0.5       ],
       [-0.5       ],
       [-0.5       ],
       [-0.5       ]])
array([[-48.14005427],
       [-47.07386644],
       [-48.29330935],
       [ -2.89862198],
       [-48.25663099],
       [-48.37616901],
       [-46.98160537],
       [ -0.82915171],
       [ -1.53061134],
       [-47.92812332],
       [-48.01252515],
       [ -2.10633973],
       [-47.68372775],
       [-48.13024013],
       [-46.63458981],
       [-48.03078956],
       [-48.05926566],
       [-48.26401214],
       [-45.4976252 ],
       [-48.19168877],
       [ -3.03751689],
       [-48.2265025 ],
       [-48.14544547],
       [ -1.90492666],
       [-46.69657644],
       [-46.65136351],
       [-48.09426103],
       [ -0.59770228],
       [-48.3560542 ],
       [-46.6475774 ],
       [ -0.67139386],
       [-47.91938897],
       [-46.69499937],
       [-32.95648909],
       [ -1.9089548 ],
       [-48.13980647],
       [-46.69174121],
       [-48.00344702],
       [-48.10384407],
       [-47.9831164 ]])
<<<<<<<<<<< STEP 40 >>>>>>>>>>>> + array([[-0.5       ],
       [-0.5       ],
       [-0.5       ],
       [-0.04337912],
       [-0.5       ],
       [-0.5       ],
       [-0.5       ],
       [-0.00251701],
       [-0.01846269],
       [-0.5       ],
       [-0.5       ],
       [-0.02864195],
       [-0.5       ],
       [-0.5       ],
       [-0.5       ],
       [-0.5       ],
       [-0.5       ],
       [-0.5       ],
       [-0.5       ],
       [-0.5       ],
       [-0.05446339],
       [-0.5       ],
       [-0.5       ],
       [-0.02960157],
       [-0.5       ],
       [-0.5       ],
       [-0.5       ],
       [ 0.00093546],
       [-0.5       ],
       [-0.5       ],
       [-0.00088252],
       [-0.5       ],
       [-0.5       ],
       [-0.50000014],
       [-0.02653985],
       [-0.5       ],
       [-0.5       ],
       [-0.5       ],
       [-0.5       ],
       [-0.5       ]])
array([[-48.64005427],
       [-47.57386644],
       [-48.79330935],
       [ -2.9420011 ],
       [-48.75663099],
       [-48.87616901],
       [-47.48160537],
       [ -0.83166872],
       [ -1.54907402],
       [-48.42812332],
       [-48.51252515],
       [ -2.13498168],
       [-48.18372775],
       [-48.63024013],
       [-47.13458981],
       [-48.53078956],
       [-48.55926566],
       [-48.76401214],
       [-45.9976252 ],
       [-48.69168877],
       [ -3.09198028],
       [-48.7265025 ],
       [-48.64544547],
       [ -1.93452822],
       [-47.19657644],
       [-47.15136351],
       [-48.59426103],
       [ -0.59676683],
       [-48.8560542 ],
       [-47.1475774 ],
       [ -0.67227637],
       [-48.41938897],
       [-47.19499937],
       [-33.45648923],
       [ -1.93549465],
       [-48.63980647],
       [-47.19174121],
       [-48.50344702],
       [-48.60384407],
       [-48.4831164 ]])
<<<<<<<<<<< STEP 41 >>>>>>>>>>>> + array([[-0.5       ],
       [-0.5       ],
       [-0.5       ],
       [-0.04499511],
       [-0.5       ],
       [-0.5       ],
       [-0.5       ],
       [-0.00257909],
       [-0.01899893],
       [-0.5       ],
       [-0.5       ],
       [-0.02954444],
       [-0.5       ],
       [-0.5       ],
       [-0.5       ],
       [-0.5       ],
       [-0.5       ],
       [-0.5       ],
       [-0.5       ],
       [-0.5       ],
       [-0.05676702],
       [-0.5       ],
       [-0.5       ],
       [-0.03050627],
       [-0.5       ],
       [-0.5       ],
       [-0.5       ],
       [ 0.00099972],
       [-0.5       ],
       [-0.5       ],
       [-0.00092743],
       [-0.5       ],
       [-0.5       ],
       [-0.50000011],
       [-0.02734139],
       [-0.5       ],
       [-0.5       ],
       [-0.5       ],
       [-0.5       ],
       [-0.5       ]])
array([[-49.14005427],
       [-48.07386644],
       [-49.29330935],
       [ -2.98699621],
       [-49.25663099],
       [-49.37616901],
       [-47.98160538],
       [ -0.8342478 ],
       [ -1.56807295],
       [-48.92812332],
       [-49.01252515],
       [ -2.16452613],
       [-48.68372775],
       [-49.13024013],
       [-47.63458981],
       [-49.03078956],
       [-49.05926566],
       [-49.26401214],
       [-46.4976252 ],
       [-49.19168877],
       [ -3.1487473 ],
       [-49.2265025 ],
       [-49.14544547],
       [ -1.9650345 ],
       [-47.69657644],
       [-47.65136351],
       [-49.09426103],
       [ -0.59576711],
       [-49.3560542 ],
       [-47.6475774 ],
       [ -0.6732038 ],
       [-48.91938897],
       [-47.69499937],
       [-33.95648933],
       [ -1.96283603],
       [-49.13980647],
       [-47.69174121],
       [-49.00344702],
       [-49.10384407],
       [-48.9831164 ]])
<<<<<<<<<<< STEP 42 >>>>>>>>>>>> + array([[-0.5       ],
       [-0.5       ],
       [-0.5       ],
       [-0.04672918],
       [-0.5       ],
       [-0.5       ],
       [-0.5       ],
       [-0.00264457],
       [-0.01956649],
       [-0.5       ],
       [-0.5       ],
       [-0.03050294],
       [-0.5       ],
       [-0.5       ],
       [-0.5       ],
       [-0.5       ],
       [-0.5       ],
       [-0.5       ],
       [-0.5       ],
       [-0.5       ],
       [-0.05926561],
       [-0.5       ],
       [-0.5       ],
       [-0.03146659],
       [-0.5       ],
       [-0.5       ],
       [-0.5       ],
       [ 0.00106724],
       [-0.5       ],
       [-0.5       ],
       [-0.00097479],
       [-0.5       ],
       [-0.5       ],
       [-0.50000008],
       [-0.02819176],
       [-0.5       ],
       [-0.5       ],
       [-0.5       ],
       [-0.5       ],
       [-0.5       ]])
array([[-49.64005427],
       [-48.57386644],
       [-49.79330935],
       [ -3.03372539],
       [-49.75663099],
       [-49.87616901],
       [-48.48160538],
       [ -0.83689237],
       [ -1.58763944],
       [-49.42812332],
       [-49.51252515],
       [ -2.19502907],
       [-49.18372775],
       [-49.63024013],
       [-48.13458981],
       [-49.53078956],
       [-49.55926566],
       [-49.76401214],
       [-46.9976252 ],
       [-49.69168877],
       [ -3.20801291],
       [-49.7265025 ],
       [-49.64544547],
       [ -1.99650109],
       [-48.19657644],
       [-48.15136351],
       [-49.59426103],
       [ -0.59469986],
       [-49.8560542 ],
       [-48.1475774 ],
       [ -0.67417858],
       [-49.41938897],
       [-48.19499937],
       [-34.45648942],
       [ -1.9910278 ],
       [-49.63980647],
       [-48.19174121],
       [-49.50344702],
       [-49.60384407],
       [-49.4831164 ]])
<<<<<<<<<<< STEP 43 >>>>>>>>>>>> + array([[-0.5       ],
       [-0.5       ],
       [-0.5       ],
       [-0.04859411],
       [-0.5       ],
       [-0.5       ],
       [-0.5       ],
       [-0.00271371],
       [-0.02016801],
       [-0.5       ],
       [-0.5       ],
       [-0.03152252],
       [-0.5       ],
       [-0.5       ],
       [-0.5       ],
       [-0.5       ],
       [-0.5       ],
       [-0.5       ],
       [-0.5       ],
       [-0.5       ],
       [-0.06198426],
       [-0.5       ],
       [-0.5       ],
       [-0.0324876 ],
       [-0.5       ],
       [-0.5       ],
       [-0.5       ],
       [ 0.00113828],
       [-0.5       ],
       [-0.5       ],
       [-0.00102478],
       [-0.5       ],
       [-0.5       ],
       [-0.50000007],
       [-0.02909531],
       [-0.5       ],
       [-0.5       ],
       [-0.5       ],
       [-0.5       ],
       [-0.5       ]])
array([[-50.14005427],
       [-49.07386644],
       [-50.29330935],
       [ -3.0823195 ],
       [-50.25663099],
       [-50.37616901],
       [-48.98160538],
       [ -0.83960609],
       [ -1.60780746],
       [-49.92812332],
       [-50.01252515],
       [ -2.22655159],
       [-49.68372775],
       [-50.13024013],
       [-48.63458981],
       [-50.03078956],
       [-50.05926566],
       [-50.26401215],
       [-47.4976252 ],
       [-50.19168877],
       [ -3.26999718],
       [-50.2265025 ],
       [-50.14544547],
       [ -2.02898869],
       [-48.69657644],
       [-48.65136351],
       [-50.09426103],
       [ -0.59356158],
       [-50.3560542 ],
       [-48.6475774 ],
       [ -0.67520336],
       [-49.91938897],
       [-48.69499937],
       [-34.95648949],
       [ -2.0201231 ],
       [-50.13980647],
       [-48.69174121],
       [-50.00344702],
       [-50.10384407],
       [-49.9831164 ]])
<<<<<<<<<<< STEP 44 >>>>>>>>>>>> + array([[-0.5       ],
       [-0.5       ],
       [-0.5       ],
       [-0.05060452],
       [-0.5       ],
       [-0.5       ],
       [-0.5       ],
       [-0.0027868 ],
       [-0.02080638],
       [-0.5       ],
       [-0.5       ],
       [-0.03260883],
       [-0.5       ],
       [-0.5       ],
       [-0.5       ],
       [-0.5       ],
       [-0.5       ],
       [-0.5       ],
       [-0.5       ],
       [-0.5       ],
       [-0.06495246],
       [-0.5       ],
       [-0.5       ],
       [-0.03357495],
       [-0.5       ],
       [-0.5       ],
       [-0.5       ],
       [ 0.00121308],
       [-0.5       ],
       [-0.5       ],
       [-0.0010776 ],
       [-0.5       ],
       [-0.5       ],
       [-0.50000005],
       [-0.03005684],
       [-0.5       ],
       [-0.5       ],
       [-0.5       ],
       [-0.5       ],
       [-0.5       ]])
array([[-50.64005427],
       [-49.57386644],
       [-50.79330935],
       [ -3.13292402],
       [-50.75663099],
       [-50.87616901],
       [-49.48160538],
       [ -0.84239289],
       [ -1.62861384],
       [-50.42812332],
       [-50.51252515],
       [ -2.25916042],
       [-50.18372775],
       [-50.63024013],
       [-49.13458981],
       [-50.53078956],
       [-50.55926566],
       [-50.76401215],
       [-47.9976252 ],
       [-50.69168877],
       [ -3.33494964],
       [-50.7265025 ],
       [-50.64544547],
       [ -2.06256365],
       [-49.19657644],
       [-49.15136351],
       [-50.59426103],
       [ -0.5923485 ],
       [-50.8560542 ],
       [-49.1475774 ],
       [ -0.67628096],
       [-50.41938897],
       [-49.19499937],
       [-35.45648954],
       [ -2.05017995],
       [-50.63980647],
       [-49.19174121],
       [-50.50344702],
       [-50.60384407],
       [-50.4831164 ]])
<<<<<<<<<<< STEP 45 >>>>>>>>>>>> + array([[-0.5       ],
       [-0.5       ],
       [-0.5       ],
       [-0.05277717],
       [-0.5       ],
       [-0.5       ],
       [-0.5       ],
       [-0.00286413],
       [-0.02148478],
       [-0.5       ],
       [-0.5       ],
       [-0.03376816],
       [-0.5       ],
       [-0.5       ],
       [-0.5       ],
       [-0.5       ],
       [-0.5       ],
       [-0.5       ],
       [-0.5       ],
       [-0.5       ],
       [-0.06820502],
       [-0.5       ],
       [-0.5       ],
       [-0.034735  ],
       [-0.5       ],
       [-0.5       ],
       [-0.5       ],
       [ 0.00129194],
       [-0.5       ],
       [-0.5       ],
       [-0.00113345],
       [-0.5       ],
       [-0.5       ],
       [-0.50000004],
       [-0.03108171],
       [-0.5       ],
       [-0.5       ],
       [-0.5       ],
       [-0.5       ],
       [-0.5       ]])
array([[-51.14005427],
       [-50.07386644],
       [-51.29330935],
       [ -3.18570119],
       [-51.25663099],
       [-51.37616901],
       [-49.98160538],
       [ -0.84525702],
       [ -1.65009861],
       [-50.92812332],
       [-51.01252515],
       [ -2.29292859],
       [-50.68372775],
       [-51.13024013],
       [-49.63458981],
       [-51.03078956],
       [-51.05926566],
       [-51.26401215],
       [-48.4976252 ],
       [-51.19168877],
       [ -3.40315465],
       [-51.2265025 ],
       [-51.14544547],
       [ -2.09729865],
       [-49.69657644],
       [-49.65136351],
       [-51.09426103],
       [ -0.59105657],
       [-51.3560542 ],
       [-49.6475774 ],
       [ -0.67741441],
       [-50.91938897],
       [-49.69499937],
       [-35.95648958],
       [ -2.08126166],
       [-51.13980647],
       [-49.69174121],
       [-51.00344702],
       [-51.10384407],
       [-50.9831164 ]])
<<<<<<<<<<< STEP 46 >>>>>>>>>>>> + array([[-0.5       ],
       [-0.5       ],
       [-0.5       ],
       [-0.05513134],
       [-0.5       ],
       [-0.5       ],
       [-0.5       ],
       [-0.00294603],
       [-0.02220668],
       [-0.5       ],
       [-0.5       ],
       [-0.03500752],
       [-0.5       ],
       [-0.5       ],
       [-0.5       ],
       [-0.5       ],
       [-0.5       ],
       [-0.5       ],
       [-0.5       ],
       [-0.5       ],
       [-0.0717833 ],
       [-0.5       ],
       [-0.5       ],
       [-0.03597485],
       [-0.5       ],
       [-0.5       ],
       [-0.5       ],
       [ 0.00137515],
       [-0.5       ],
       [-0.5       ],
       [-0.00119253],
       [-0.5       ],
       [-0.5       ],
       [-0.50000003],
       [-0.03217585],
       [-0.5       ],
       [-0.5       ],
       [-0.5       ],
       [-0.5       ],
       [-0.5       ]])
array([[-51.64005427],
       [-50.57386644],
       [-51.79330935],
       [ -3.24083253],
       [-51.75663099],
       [-51.87616901],
       [-50.48160538],
       [ -0.84820305],
       [ -1.67230529],
       [-51.42812332],
       [-51.51252515],
       [ -2.32793611],
       [-51.18372775],
       [-51.63024013],
       [-50.13458981],
       [-51.53078956],
       [-51.55926566],
       [-51.76401215],
       [-48.9976252 ],
       [-51.69168877],
       [ -3.47493795],
       [-51.7265025 ],
       [-51.64544547],
       [ -2.1332735 ],
       [-50.19657644],
       [-50.15136351],
       [-51.59426103],
       [ -0.58968141],
       [-51.8560542 ],
       [-50.1475774 ],
       [ -0.67860694],
       [-51.41938897],
       [-50.19499937],
       [-36.45648961],
       [ -2.11343751],
       [-51.63980647],
       [-50.19174121],
       [-51.50344702],
       [-51.60384407],
       [-51.4831164 ]])
<<<<<<<<<<< STEP 47 >>>>>>>>>>>> + array([[-0.5       ],
       [-0.5       ],
       [-0.5       ],
       [-0.05768931],
       [-0.5       ],
       [-0.5       ],
       [-0.5       ],
       [-0.00303284],
       [-0.02297589],
       [-0.5       ],
       [-0.5       ],
       [-0.03633473],
       [-0.5       ],
       [-0.5       ],
       [-0.5       ],
       [-0.5       ],
       [-0.5       ],
       [-0.5       ],
       [-0.5       ],
       [-0.5       ],
       [-0.07573676],
       [-0.5       ],
       [-0.5       ],
       [-0.03730248],
       [-0.5       ],
       [-0.5       ],
       [-0.5       ],
       [ 0.00146306],
       [-0.5       ],
       [-0.5       ],
       [-0.00125507],
       [-0.5       ],
       [-0.5       ],
       [-0.50000003],
       [-0.03334584],
       [-0.5       ],
       [-0.5       ],
       [-0.5       ],
       [-0.5       ],
       [-0.5       ]])
array([[-52.14005427],
       [-51.07386644],
       [-52.29330935],
       [ -3.29852183],
       [-52.25663099],
       [-52.37616901],
       [-50.98160538],
       [ -0.85123588],
       [ -1.69528119],
       [-51.92812332],
       [-52.01252515],
       [ -2.36427084],
       [-51.68372775],
       [-52.13024013],
       [-50.63458981],
       [-52.03078956],
       [-52.05926566],
       [-52.26401215],
       [-49.4976252 ],
       [-52.19168877],
       [ -3.55067471],
       [-52.2265025 ],
       [-52.14544547],
       [ -2.17057599],
       [-50.69657644],
       [-50.65136351],
       [-52.09426103],
       [ -0.58821836],
       [-52.3560542 ],
       [-50.6475774 ],
       [ -0.67986201],
       [-51.91938897],
       [-50.69499937],
       [-36.95648964],
       [ -2.14678334],
       [-52.13980647],
       [-50.69174121],
       [-52.00344702],
       [-52.10384407],
       [-51.9831164 ]])
<<<<<<<<<<< STEP 48 >>>>>>>>>>>> + array([[-0.5       ],
       [-0.5       ],
       [-0.5       ],
       [-0.06047689],
       [-0.5       ],
       [-0.5       ],
       [-0.5       ],
       [-0.00312491],
       [-0.02379654],
       [-0.5       ],
       [-0.5       ],
       [-0.03775849],
       [-0.5       ],
       [-0.5       ],
       [-0.5       ],
       [-0.5       ],
       [-0.5       ],
       [-0.5       ],
       [-0.5       ],
       [-0.5       ],
       [-0.08012493],
       [-0.5       ],
       [-0.5       ],
       [-0.03872685],
       [-0.5       ],
       [-0.5       ],
       [-0.5       ],
       [ 0.00155598],
       [-0.5       ],
       [-0.5       ],
       [-0.00132128],
       [-0.5       ],
       [-0.5       ],
       [-0.50000002],
       [-0.03459895],
       [-0.5       ],
       [-0.5       ],
       [-0.5       ],
       [-0.5       ],
       [-0.5       ]])
array([[-52.64005427],
       [-51.57386644],
       [-52.79330935],
       [ -3.35899873],
       [-52.75663099],
       [-52.87616901],
       [-51.48160538],
       [ -0.85436079],
       [ -1.71907772],
       [-52.42812332],
       [-52.51252515],
       [ -2.40202933],
       [-52.18372775],
       [-52.63024013],
       [-51.13458981],
       [-52.53078956],
       [-52.55926566],
       [-52.76401215],
       [-49.9976252 ],
       [-52.69168877],
       [ -3.63079964],
       [-52.7265025 ],
       [-52.64544547],
       [ -2.20930284],
       [-51.19657644],
       [-51.15136351],
       [-52.59426103],
       [ -0.58666237],
       [-52.8560542 ],
       [-51.1475774 ],
       [ -0.6811833 ],
       [-52.41938897],
       [-51.19499937],
       [-37.45648966],
       [ -2.18138229],
       [-52.63980647],
       [-51.19174121],
       [-52.50344702],
       [-52.60384407],
       [-52.4831164 ]])
<<<<<<<<<<< STEP 49 >>>>>>>>>>>> + array([[-0.5       ],
       [-0.5       ],
       [-0.5       ],
       [-0.06352416],
       [-0.5       ],
       [-0.5       ],
       [-0.5       ],
       [-0.00322261],
       [-0.02467305],
       [-0.5       ],
       [-0.5       ],
       [-0.03928847],
       [-0.5       ],
       [-0.5       ],
       [-0.5       ],
       [-0.5       ],
       [-0.5       ],
       [-0.5       ],
       [-0.5       ],
       [-0.5       ],
       [-0.08501989],
       [-0.5       ],
       [-0.5       ],
       [-0.04025801],
       [-0.5       ],
       [-0.5       ],
       [-0.5       ],
       [ 0.0016543 ],
       [-0.5       ],
       [-0.5       ],
       [-0.00139136],
       [-0.5       ],
       [-0.5       ],
       [-0.50000002],
       [-0.03594323],
       [-0.5       ],
       [-0.5       ],
       [-0.5       ],
       [-0.5       ],
       [-0.5       ]])
array([[-53.14005427],
       [-52.07386644],
       [-53.29330935],
       [ -3.42252288],
       [-53.25663099],
       [-53.37616901],
       [-51.98160538],
       [ -0.8575834 ],
       [ -1.74375077],
       [-52.92812332],
       [-53.01252515],
       [ -2.44131779],
       [-52.68372775],
       [-53.13024013],
       [-51.63458981],
       [-53.03078956],
       [-53.05926566],
       [-53.26401215],
       [-50.4976252 ],
       [-53.19168877],
       [ -3.71581953],
       [-53.2265025 ],
       [-53.14544547],
       [ -2.24956084],
       [-51.69657644],
       [-51.65136351],
       [-53.09426103],
       [ -0.58500807],
       [-53.3560542 ],
       [-51.6475774 ],
       [ -0.68257466],
       [-52.91938897],
       [-51.69499937],
       [-37.95648968],
       [ -2.21732553],
       [-53.13980647],
       [-51.69174121],
       [-53.00344702],
       [-53.10384407],
       [-52.9831164 ]])
