<<<<<<<<<<< STEP 0 >>>>>>>>>>>> + array([[ 0.0133814 ],
       [-0.9807304 ],
       [-1.02543975],
       [-0.02183841],
       [-0.59561393],
       [ 0.02530551],
       [-0.97352078],
       [-1.03216772],
       [-0.02540212],
       [-0.01905388],
       [-1.01992163],
       [-0.96503559],
       [ 0.09489822],
       [-0.97839904],
       [-0.96637223],
       [-1.02227074],
       [-0.97388597],
       [-0.96384414],
       [-0.89524314],
       [-0.96806832],
       [-1.02076792],
       [-0.97786633],
       [-0.9746982 ],
       [-0.97957429],
       [-1.0001948 ],
       [-1.02352349],
       [-1.0284027 ],
       [-0.97308797],
       [-1.03500539],
       [-0.97787541],
       [-0.02660975],
       [-0.97267645],
       [-0.10508031],
       [-1.02580026],
       [-0.99423534],
       [-0.97651534],
       [-0.02762644],
       [-1.01948812],
       [-1.03141144],
       [-0.02067043]])
array([[ 0.0133814 ],
       [-0.9807304 ],
       [-1.02543975],
       [-0.02183841],
       [-0.59561393],
       [ 0.02530551],
       [-0.97352078],
       [-1.03216772],
       [-0.02540212],
       [-0.01905388],
       [-1.01992163],
       [-0.96503559],
       [ 0.09489822],
       [-0.97839904],
       [-0.96637223],
       [-1.02227074],
       [-0.97388597],
       [-0.96384414],
       [-0.89524314],
       [-0.96806832],
       [-1.02076792],
       [-0.97786633],
       [-0.9746982 ],
       [-0.97957429],
       [-1.0001948 ],
       [-1.02352349],
       [-1.0284027 ],
       [-0.97308797],
       [-1.03500539],
       [-0.97787541],
       [-0.02660975],
       [-0.97267645],
       [-0.10508031],
       [-1.02580026],
       [-0.99423534],
       [-0.97651534],
       [-0.02762644],
       [-1.01948812],
       [-1.03141144],
       [-0.02067043]])
<<<<<<<<<<< STEP 1 >>>>>>>>>>>> + array([[ 0.01134624],
       [-0.89691426],
       [-1.01699374],
       [-0.02021272],
       [-0.57732908],
       [-0.03927034],
       [-0.88039368],
       [-1.01930318],
       [-0.07284303],
       [-0.06291059],
       [-1.01609096],
       [-0.97585291],
       [ 0.06198672],
       [-0.98441037],
       [-0.97508605],
       [-1.01658601],
       [-0.97735876],
       [-0.97138205],
       [-0.84257056],
       [-0.97294822],
       [-1.01496093],
       [-0.97951079],
       [-0.88242928],
       [-0.88593542],
       [-0.93889033],
       [-1.01657578],
       [-1.01969889],
       [-0.87883231],
       [-1.02702786],
       [-0.97952488],
       [-0.07250579],
       [-0.97618497],
       [-0.14652099],
       [-0.93363498],
       [-0.88707769],
       [-0.97903634],
       [-0.07569211],
       [-1.00859986],
       [-1.02159782],
       [-0.06912882]])
array([[ 0.02472764],
       [-1.87764467],
       [-2.04243348],
       [-0.04205113],
       [-1.17294301],
       [-0.01396483],
       [-1.85391446],
       [-2.0514709 ],
       [-0.09824515],
       [-0.08196448],
       [-2.03601259],
       [-1.94088849],
       [ 0.15688494],
       [-1.9628094 ],
       [-1.94145828],
       [-2.03885675],
       [-1.95124472],
       [-1.93522619],
       [-1.7378137 ],
       [-1.94101653],
       [-2.03572886],
       [-1.95737712],
       [-1.85712748],
       [-1.86550971],
       [-1.93908513],
       [-2.04009927],
       [-2.0481016 ],
       [-1.85192028],
       [-2.06203325],
       [-1.95740029],
       [-0.09911554],
       [-1.94886142],
       [-0.2516013 ],
       [-1.95943524],
       [-1.88131303],
       [-1.95555168],
       [-0.10331855],
       [-2.02808797],
       [-2.05300926],
       [-0.08979925]])
<<<<<<<<<<< STEP 2 >>>>>>>>>>>> + array([[ 0.01217744],
       [-0.78852542],
       [-1.00195689],
       [-0.02189846],
       [-0.56910815],
       [-0.06940769],
       [-0.77058694],
       [-1.00450678],
       [-0.09361726],
       [-0.08530596],
       [-1.00371732],
       [-0.98193804],
       [ 0.05287222],
       [-0.98433332],
       [-0.98096866],
       [-1.00562262],
       [-0.97985251],
       [-0.98015741],
       [-0.77815918],
       [-0.97819478],
       [-1.00184145],
       [-0.98068796],
       [-0.770603  ],
       [-0.77415386],
       [-0.84610648],
       [-1.00286231],
       [-1.00350805],
       [-0.76764438],
       [-1.01067846],
       [-0.98301456],
       [-0.09328576],
       [-0.97722656],
       [-0.17398663],
       [-0.81593912],
       [-0.76893956],
       [-0.98071073],
       [-0.09712808],
       [-0.99651288],
       [-1.00706411],
       [-0.09027998]])
array([[ 0.03690508],
       [-2.66617009],
       [-3.04439037],
       [-0.06394959],
       [-1.74205116],
       [-0.08337252],
       [-2.6245014 ],
       [-3.05597768],
       [-0.1918624 ],
       [-0.16727044],
       [-3.03972991],
       [-2.92282653],
       [ 0.20975716],
       [-2.94714273],
       [-2.92242694],
       [-3.04447937],
       [-2.93109724],
       [-2.9153836 ],
       [-2.51597288],
       [-2.91921131],
       [-3.03757031],
       [-2.93806508],
       [-2.62773047],
       [-2.63966357],
       [-2.78519161],
       [-3.04296158],
       [-3.05160965],
       [-2.61956466],
       [-3.0727117 ],
       [-2.94041484],
       [-0.1924013 ],
       [-2.92608798],
       [-0.42558793],
       [-2.77537435],
       [-2.65025258],
       [-2.93626241],
       [-0.20044663],
       [-3.02460085],
       [-3.06007337],
       [-0.18007923]])
<<<<<<<<<<< STEP 3 >>>>>>>>>>>> + array([[ 0.0166203 ],
       [-0.69688389],
       [-0.97881372],
       [-0.0280585 ],
       [-0.56844204],
       [-0.07166581],
       [-0.6803863 ],
       [-0.98627937],
       [-0.09333821],
       [-0.08673508],
       [-0.98397559],
       [-0.97560546],
       [ 0.04964016],
       [-0.97217902],
       [-0.97344194],
       [-0.9887184 ],
       [-0.97064237],
       [-0.97636811],
       [-0.71183859],
       [-0.97281037],
       [-0.98114317],
       [-0.97074915],
       [-0.67801026],
       [-0.68266194],
       [-0.75742393],
       [-0.98141899],
       [-0.98250633],
       [-0.67712496],
       [-0.98850508],
       [-0.97600688],
       [-0.09249333],
       [-0.96556346],
       [-0.17945424],
       [-0.72383409],
       [-0.68620051],
       [-0.97304111],
       [-0.09723242],
       [-0.97961806],
       [-0.98637496],
       [-0.08928052]])
array([[ 0.05352538],
       [-3.36305398],
       [-4.0232041 ],
       [-0.09200809],
       [-2.3104932 ],
       [-0.15503833],
       [-3.3048877 ],
       [-4.04225705],
       [-0.28520061],
       [-0.25400552],
       [-4.0237055 ],
       [-3.89843199],
       [ 0.25939732],
       [-3.91932175],
       [-3.89586888],
       [-4.03319777],
       [-3.90173961],
       [-3.89175171],
       [-3.22781147],
       [-3.89202168],
       [-4.01871348],
       [-3.90881423],
       [-3.30574073],
       [-3.32232551],
       [-3.54261554],
       [-4.02438057],
       [-4.03411598],
       [-3.29668962],
       [-4.06121679],
       [-3.91642172],
       [-0.28489463],
       [-3.89165144],
       [-0.60504217],
       [-3.49920844],
       [-3.33645309],
       [-3.90930352],
       [-0.29767905],
       [-4.00421891],
       [-4.04644833],
       [-0.26935975]])
<<<<<<<<<<< STEP 4 >>>>>>>>>>>> + array([[ 0.02706624],
       [-0.63086825],
       [-0.93697784],
       [-0.04158609],
       [-0.57409052],
       [-0.06268529],
       [-0.6149718 ],
       [-0.95379887],
       [-0.08455989],
       [-0.07918162],
       [-0.94835198],
       [-0.94777677],
       [ 0.04323635],
       [-0.93896019],
       [-0.94038574],
       [-0.95658922],
       [-0.93646073],
       [-0.94696126],
       [-0.65776197],
       [-0.94598202],
       [-0.9432097 ],
       [-0.936957  ],
       [-0.61085451],
       [-0.61666266],
       [-0.69339252],
       [-0.94226452],
       [-0.94926562],
       [-0.6118281 ],
       [-0.95129665],
       [-0.94509938],
       [-0.08233314],
       [-0.9284649 ],
       [-0.16844263],
       [-0.66510214],
       [-0.63794831],
       [-0.94526453],
       [-0.08883714],
       [-0.94584856],
       [-0.94803374],
       [-0.07895212]])
array([[ 0.08059162],
       [-3.99392223],
       [-4.96018194],
       [-0.13359418],
       [-2.88458371],
       [-0.21772362],
       [-3.91985951],
       [-4.99605592],
       [-0.3697605 ],
       [-0.33318714],
       [-4.97205748],
       [-4.84620877],
       [ 0.30263368],
       [-4.85828194],
       [-4.83625463],
       [-4.98978699],
       [-4.83820034],
       [-4.83871296],
       [-3.88557344],
       [-4.8380037 ],
       [-4.96192318],
       [-4.84577124],
       [-3.91659525],
       [-3.93898817],
       [-4.23600806],
       [-4.96664508],
       [-4.9833816 ],
       [-3.90851772],
       [-5.01251344],
       [-4.8615211 ],
       [-0.36722777],
       [-4.82011634],
       [-0.7734848 ],
       [-4.16431059],
       [-3.9744014 ],
       [-4.85456805],
       [-0.38651619],
       [-4.95006747],
       [-4.99448207],
       [-0.34831187]])
<<<<<<<<<<< STEP 5 >>>>>>>>>>>> + array([[ 0.04371456],
       [-0.58405882],
       [-0.86349207],
       [-0.0632587 ],
       [-0.5806428 ],
       [-0.05134285],
       [-0.56901239],
       [-0.89142371],
       [-0.07375264],
       [-0.06958109],
       [-0.88198118],
       [-0.88607651],
       [ 0.03564108],
       [-0.8726831 ],
       [-0.8695548 ],
       [-0.89399912],
       [-0.86543339],
       [-0.87997586],
       [-0.61816554],
       [-0.88590864],
       [-0.87379543],
       [-0.86759368],
       [-0.56409869],
       [-0.57010342],
       [-0.65066646],
       [-0.87118402],
       [-0.88848779],
       [-0.56607578],
       [-0.88331254],
       [-0.87834866],
       [-0.06956939],
       [-0.85535734],
       [-0.15056599],
       [-0.62841997],
       [-0.60964685],
       [-0.8843139 ],
       [-0.07834295],
       [-0.88045627],
       [-0.87670168],
       [-0.06621025]])
array([[ 0.12430618],
       [-4.57798105],
       [-5.82367401],
       [-0.19685288],
       [-3.46522651],
       [-0.26906647],
       [-4.4888719 ],
       [-5.88747963],
       [-0.44351313],
       [-0.40276823],
       [-5.85403866],
       [-5.73228528],
       [ 0.33827476],
       [-5.73096504],
       [-5.70580942],
       [-5.88378611],
       [-5.70363373],
       [-5.71868883],
       [-4.50373898],
       [-5.72391234],
       [-5.8357186 ],
       [-5.71336492],
       [-4.48069394],
       [-4.50909159],
       [-4.88667452],
       [-5.83782911],
       [-5.87186939],
       [-4.4745935 ],
       [-5.89582598],
       [-5.73986976],
       [-0.43679716],
       [-5.67547368],
       [-0.92405079],
       [-4.79273056],
       [-4.58404825],
       [-5.73888195],
       [-0.46485915],
       [-5.83052374],
       [-5.87118375],
       [-0.41452212]])
<<<<<<<<<<< STEP 6 >>>>>>>>>>>> + array([[ 0.05808109],
       [-0.55264358],
       [-0.76586932],
       [-0.08431242],
       [-0.57849908],
       [-0.04110449],
       [-0.54021215],
       [-0.79707238],
       [-0.06273873],
       [-0.05975055],
       [-0.7863151 ],
       [-0.79158214],
       [ 0.02855823],
       [-0.77710974],
       [-0.76946005],
       [-0.79905286],
       [-0.76662451],
       [-0.78172159],
       [-0.58866898],
       [-0.79303201],
       [-0.77689859],
       [-0.77015926],
       [-0.53559465],
       [-0.5404404 ],
       [-0.61764356],
       [-0.77323638],
       [-0.79643293],
       [-0.5377302 ],
       [-0.78598853],
       [-0.78145872],
       [-0.0570028 ],
       [-0.75750632],
       [-0.13146685],
       [-0.60134162],
       [-0.58843866],
       [-0.7906759 ],
       [-0.06733626],
       [-0.78504414],
       [-0.77700598],
       [-0.05383506]])
array([[ 0.18238728],
       [-5.13062463],
       [-6.58954332],
       [-0.28116529],
       [-4.0437256 ],
       [-0.31017096],
       [-5.02908405],
       [-6.68455201],
       [-0.50625187],
       [-0.46251878],
       [-6.64035377],
       [-6.52386741],
       [ 0.36683298],
       [-6.50807478],
       [-6.47526947],
       [-6.68283896],
       [-6.47025824],
       [-6.50041041],
       [-5.09240796],
       [-6.51694435],
       [-6.61261719],
       [-6.48352418],
       [-5.01628859],
       [-5.04953199],
       [-5.50431807],
       [-6.61106549],
       [-6.66830232],
       [-5.01232369],
       [-6.68181451],
       [-6.52132848],
       [-0.49379996],
       [-6.43298   ],
       [-1.05551765],
       [-5.39407218],
       [-5.17248691],
       [-6.52955785],
       [-0.53219541],
       [-6.61556788],
       [-6.64818973],
       [-0.46835718]])
<<<<<<<<<<< STEP 7 >>>>>>>>>>>> + array([[ 0.06088327],
       [-0.53381342],
       [-0.67511115],
       [-0.09333512],
       [-0.56622883],
       [-0.0327622 ],
       [-0.52520859],
       [-0.69908517],
       [-0.052146  ],
       [-0.05006507],
       [-0.69090056],
       [-0.69379109],
       [ 0.02221632],
       [-0.6826323 ],
       [-0.67478788],
       [-0.70047003],
       [-0.67357152],
       [-0.68500248],
       [-0.56598892],
       [-0.69557508],
       [-0.68329761],
       [-0.67683749],
       [-0.52153503],
       [-0.5247097 ],
       [-0.58895464],
       [-0.68009194],
       [-0.69951567],
       [-0.52341094],
       [-0.68973656],
       [-0.68572476],
       [-0.04607933],
       [-0.66749089],
       [-0.1127806 ],
       [-0.57798468],
       [-0.56894335],
       [-0.69350872],
       [-0.05644317],
       [-0.68975262],
       [-0.68189   ],
       [-0.04321354]])
array([[ 0.24327054],
       [-5.66443805],
       [-7.26465447],
       [-0.37450042],
       [-4.60995443],
       [-0.34293315],
       [-5.55429265],
       [-7.38363718],
       [-0.55839787],
       [-0.51258385],
       [-7.33125432],
       [-7.2176585 ],
       [ 0.3890493 ],
       [-7.19070708],
       [-7.15005735],
       [-7.38330899],
       [-7.14382976],
       [-7.18541289],
       [-5.65839688],
       [-7.21251943],
       [-7.2959148 ],
       [-7.16036167],
       [-5.53782362],
       [-5.57424168],
       [-6.09327271],
       [-7.29115743],
       [-7.36781799],
       [-5.53573463],
       [-7.37155106],
       [-7.20705324],
       [-0.53987929],
       [-7.10047089],
       [-1.16829825],
       [-5.97205686],
       [-5.74143026],
       [-7.22306657],
       [-0.58863858],
       [-7.3053205 ],
       [-7.33007973],
       [-0.51157071]])
<<<<<<<<<<< STEP 8 >>>>>>>>>>>> + array([[ 0.0543161 ],
       [-0.52293456],
       [-0.60993147],
       [-0.09031039],
       [-0.55118292],
       [-0.02605124],
       [-0.51777946],
       [-0.62467667],
       [-0.04267223],
       [-0.0411566 ],
       [-0.61974227],
       [-0.61984088],
       [ 0.01674386],
       [-0.61297266],
       [-0.60720786],
       [-0.62569352],
       [-0.60697369],
       [-0.613946  ],
       [-0.54889242],
       [-0.62117278],
       [-0.61488858],
       [-0.60918075],
       [-0.51509627],
       [-0.51691453],
       [-0.56567156],
       [-0.61277451],
       [-0.62518384],
       [-0.51663479],
       [-0.61854584],
       [-0.61488341],
       [-0.03724771],
       [-0.60350144],
       [-0.09515475],
       [-0.55867034],
       [-0.55216839],
       [-0.61995201],
       [-0.04655662],
       [-0.61900712],
       [-0.61335444],
       [-0.03472919]])
array([[ 0.29758665],
       [-6.18737261],
       [-7.87458594],
       [-0.46481081],
       [-5.16113735],
       [-0.36898439],
       [-6.07207211],
       [-8.00831385],
       [-0.6010701 ],
       [-0.55374045],
       [-7.95099659],
       [-7.83749939],
       [ 0.40579315],
       [-7.80367974],
       [-7.75726521],
       [-8.00900251],
       [-7.75080345],
       [-7.79935889],
       [-6.2072893 ],
       [-7.83369221],
       [-7.91080338],
       [-7.76954242],
       [-6.05291989],
       [-6.09115621],
       [-6.65894428],
       [-7.90393194],
       [-7.99300183],
       [-6.05236942],
       [-7.99009691],
       [-7.82193665],
       [-0.577127  ],
       [-7.70397233],
       [-1.263453  ],
       [-6.5307272 ],
       [-6.29359865],
       [-7.84301858],
       [-0.63519521],
       [-7.92432762],
       [-7.94343417],
       [-0.5462999 ]])
<<<<<<<<<<< STEP 9 >>>>>>>>>>>> + array([[ 0.04469795],
       [-0.51625947],
       [-0.56834433],
       [-0.08130342],
       [-0.53829702],
       [-0.02064356],
       [-0.51350679],
       [-0.57650491],
       [-0.03467471],
       [-0.03348702],
       [-0.57383439],
       [-0.57222999],
       [ 0.01224897],
       [-0.56847166],
       [-0.5647083 ],
       [-0.57730942],
       [-0.56492326],
       [-0.56868556],
       [-0.536337  ],
       [-0.57307615],
       [-0.57107853],
       [-0.56619942],
       [-0.51161204],
       [-0.51254147],
       [-0.54826902],
       [-0.5698766 ],
       [-0.57684996],
       [-0.51284069],
       [-0.57286495],
       [-0.56951714],
       [-0.03027365],
       [-0.56304708],
       [-0.0792631 ],
       [-0.54388559],
       [-0.53910695],
       [-0.57255536],
       [-0.03815703],
       [-0.57350244],
       [-0.56986258],
       [-0.02808331]])
array([[ 0.34228459],
       [-6.70363208],
       [-8.44293028],
       [-0.54611423],
       [-5.69943437],
       [-0.38962795],
       [-6.5855789 ],
       [-8.58481876],
       [-0.63574481],
       [-0.58722747],
       [-8.52483098],
       [-8.40972938],
       [ 0.41804212],
       [-8.3721514 ],
       [-8.3219735 ],
       [-8.58631193],
       [-8.31572671],
       [-8.36804446],
       [-6.7436263 ],
       [-8.40676835],
       [-8.48188191],
       [-8.33574184],
       [-6.56453193],
       [-6.60369768],
       [-7.2072133 ],
       [-8.47380854],
       [-8.56985179],
       [-6.56521012],
       [-8.56296185],
       [-8.39145379],
       [-0.60740065],
       [-8.26701941],
       [-1.3427161 ],
       [-7.07461279],
       [-6.83270559],
       [-8.41557394],
       [-0.67335223],
       [-8.49783006],
       [-8.51329676],
       [-0.57438321]])
