<<<<<<<<<<< STEP 0 >>>>>>>>>>>> + array([[-0.60967417],
       [-0.09858862],
       [-0.52928585],
       [-0.55606528],
       [-0.34825972],
       [-0.62149104],
       [-1.10749238],
       [-1.08826647],
       [-0.93931019],
       [-0.13846355],
       [-0.99870162],
       [ 0.06142132],
       [-1.0253115 ],
       [-0.909794  ],
       [-0.77203704],
       [-0.97713116],
       [-1.01779926],
       [-0.88764238],
       [-0.33417904],
       [-1.05953415],
       [-0.95896633],
       [-0.95877471],
       [-1.00084243],
       [-0.92304848],
       [-0.39181253],
       [-0.97479698],
       [-0.95752313],
       [-1.04797364],
       [-0.82178251],
       [-0.82496573],
       [-0.87786032]])
array([[-0.60967417],
       [-0.09858862],
       [-0.52928585],
       [-0.55606528],
       [-0.34825972],
       [-0.62149104],
       [-1.10749238],
       [-1.08826647],
       [-0.93931019],
       [-0.13846355],
       [-0.99870162],
       [ 0.06142132],
       [-1.0253115 ],
       [-0.909794  ],
       [-0.77203704],
       [-0.97713116],
       [-1.01779926],
       [-0.88764238],
       [-0.33417904],
       [-1.05953415],
       [-0.95896633],
       [-0.95877471],
       [-1.00084243],
       [-0.92304848],
       [-0.39181253],
       [-0.97479698],
       [-0.95752313],
       [-1.04797364],
       [-0.82178251],
       [-0.82496573],
       [-0.87786032]])
<<<<<<<<<<< STEP 1 >>>>>>>>>>>> + array([[-0.65872519],
       [-0.1464135 ],
       [-0.57003786],
       [-0.60787811],
       [-0.46375329],
       [-0.83521519],
       [-1.04128894],
       [-1.02681569],
       [-0.87475119],
       [-0.22056554],
       [-0.94231568],
       [ 0.01194641],
       [-0.97761962],
       [-0.87913937],
       [-0.71722718],
       [-0.92975084],
       [-0.96587336],
       [-0.86320842],
       [-0.42279072],
       [-0.96400328],
       [-0.91604129],
       [-0.81709933],
       [-0.9602913 ],
       [-0.88473569],
       [-0.46078532],
       [-0.92724014],
       [-0.93871121],
       [-1.00460109],
       [-0.75379217],
       [-0.78990678],
       [-0.78096397]])
array([[-1.26839935],
       [-0.24500212],
       [-1.09932371],
       [-1.16394339],
       [-0.81201301],
       [-1.45670623],
       [-2.14878132],
       [-2.11508216],
       [-1.81406139],
       [-0.3590291 ],
       [-1.9410173 ],
       [ 0.07336774],
       [-2.00293112],
       [-1.78893337],
       [-1.48926422],
       [-1.906882  ],
       [-1.98367262],
       [-1.75085081],
       [-0.75696975],
       [-2.02353742],
       [-1.87500763],
       [-1.77587404],
       [-1.96113372],
       [-1.80778418],
       [-0.85259784],
       [-1.90203712],
       [-1.89623434],
       [-2.05257473],
       [-1.57557468],
       [-1.61487251],
       [-1.65882429]])
<<<<<<<<<<< STEP 2 >>>>>>>>>>>> + array([[-0.68350973],
       [-0.15634099],
       [-0.58283842],
       [-0.63587149],
       [-0.57507791],
       [-0.9430832 ],
       [-0.95274902],
       [-0.95001708],
       [-0.81693037],
       [-0.28377891],
       [-0.86981081],
       [-0.01384217],
       [-0.89955558],
       [-0.82674063],
       [-0.67345091],
       [-0.85502129],
       [-0.88248099],
       [-0.81705664],
       [-0.51596329],
       [-0.86543351],
       [-0.85892803],
       [-0.70260393],
       [-0.89479768],
       [-0.83302734],
       [-0.52111871],
       [-0.85651418],
       [-0.87421778],
       [-0.92702277],
       [-0.70413056],
       [-0.74162669],
       [-0.68777869]])
array([[-1.95190908],
       [-0.40134312],
       [-1.68216213],
       [-1.79981488],
       [-1.38709093],
       [-2.39978942],
       [-3.10153034],
       [-3.06509924],
       [-2.63099176],
       [-0.642808  ],
       [-2.81082811],
       [ 0.05952557],
       [-2.9024867 ],
       [-2.615674  ],
       [-2.16271513],
       [-2.76190329],
       [-2.86615361],
       [-2.56790744],
       [-1.27293304],
       [-2.88897093],
       [-2.73393565],
       [-2.47847797],
       [-2.8559314 ],
       [-2.64081151],
       [-1.37371655],
       [-2.7585513 ],
       [-2.77045212],
       [-2.9795975 ],
       [-2.27970524],
       [-2.3564992 ],
       [-2.34660298]])
<<<<<<<<<<< STEP 3 >>>>>>>>>>>> + array([[-0.66019776],
       [-0.14576771],
       [-0.53887074],
       [-0.61384386],
       [-0.64349436],
       [-0.9057887 ],
       [-0.85120885],
       [-0.85665714],
       [-0.75608687],
       [-0.29260229],
       [-0.7899144 ],
       [-0.02862466],
       [-0.80955921],
       [-0.76185958],
       [-0.63581938],
       [-0.77024129],
       [-0.79036076],
       [-0.75229411],
       [-0.59160811],
       [-0.77455045],
       [-0.78880555],
       [-0.6269323 ],
       [-0.81291545],
       [-0.7693198 ],
       [-0.56081932],
       [-0.77132496],
       [-0.78834782],
       [-0.83156981],
       [-0.66282225],
       [-0.68712254],
       [-0.61897792]])
array([[-2.61210683],
       [-0.54711083],
       [-2.22103287],
       [-2.41365873],
       [-2.03058528],
       [-3.30557812],
       [-3.95273918],
       [-3.92175638],
       [-3.38707863],
       [-0.9354103 ],
       [-3.60074251],
       [ 0.0309009 ],
       [-3.71204591],
       [-3.37753357],
       [-2.79853451],
       [-3.53214458],
       [-3.65651438],
       [-3.32020156],
       [-1.86454115],
       [-3.66352138],
       [-3.5227412 ],
       [-3.10541027],
       [-3.66884685],
       [-3.41013131],
       [-1.93453587],
       [-3.52987626],
       [-3.55879994],
       [-3.81116731],
       [-2.94252749],
       [-3.04362174],
       [-2.9655809 ]])
<<<<<<<<<<< STEP 4 >>>>>>>>>>>> + array([[-0.59714951],
       [-0.12838895],
       [-0.44053278],
       [-0.54804282],
       [-0.65023067],
       [-0.80195741],
       [-0.75131809],
       [-0.75834523],
       [-0.69094387],
       [-0.24162786],
       [-0.71108577],
       [-0.03357559],
       [-0.72263959],
       [-0.69314582],
       [-0.60204575],
       [-0.69209641],
       [-0.70628359],
       [-0.68487502],
       [-0.62421106],
       [-0.69567783],
       [-0.71187065],
       [-0.58180991],
       [-0.72651957],
       [-0.69870781],
       [-0.57206794],
       [-0.69111653],
       [-0.70473882],
       [-0.73658551],
       [-0.6223383 ],
       [-0.63529826],
       [-0.57363817]])
array([[ -3.20925635e+00],
       [ -6.75499772e-01],
       [ -2.66156565e+00],
       [ -2.96170155e+00],
       [ -2.68081596e+00],
       [ -4.10753552e+00],
       [ -4.70405727e+00],
       [ -4.68010161e+00],
       [ -4.07802250e+00],
       [ -1.17703816e+00],
       [ -4.31182828e+00],
       [ -2.67468596e-03],
       [ -4.43468550e+00],
       [ -4.07067940e+00],
       [ -3.40058026e+00],
       [ -4.22424099e+00],
       [ -4.36279796e+00],
       [ -4.00507658e+00],
       [ -2.48875221e+00],
       [ -4.35919921e+00],
       [ -4.23461185e+00],
       [ -3.68722018e+00],
       [ -4.39536641e+00],
       [ -4.10883912e+00],
       [ -2.50660381e+00],
       [ -4.22099279e+00],
       [ -4.26353877e+00],
       [ -4.54775282e+00],
       [ -3.56486579e+00],
       [ -3.67892000e+00],
       [ -3.53921907e+00]])
<<<<<<<<<<< STEP 5 >>>>>>>>>>>> + array([[-0.529768  ],
       [-0.11473129],
       [-0.32058011],
       [-0.47489869],
       [-0.62138222],
       [-0.70365232],
       [-0.66902287],
       [-0.67441549],
       [-0.63220375],
       [-0.15935258],
       [-0.64381698],
       [-0.02739172],
       [-0.65059872],
       [-0.63238292],
       [-0.57283049],
       [-0.63005961],
       [-0.63936772],
       [-0.62726346],
       [-0.61548521],
       [-0.63333684],
       [-0.64360782],
       [-0.5566609 ],
       [-0.65237611],
       [-0.63529643],
       [-0.56314705],
       [-0.62787481],
       [-0.63732539],
       [-0.65827945],
       [-0.58513578],
       [-0.59295558],
       [-0.54497744]])
array([[-3.73902435],
       [-0.79023106],
       [-2.98214576],
       [-3.43660025],
       [-3.30219818],
       [-4.81118784],
       [-5.37308015],
       [-5.35451711],
       [-4.71022625],
       [-1.33639074],
       [-4.95564526],
       [-0.0300664 ],
       [-5.08528422],
       [-4.70306231],
       [-3.97341075],
       [-4.8543006 ],
       [-5.00216569],
       [-4.63234004],
       [-3.10423742],
       [-4.99253605],
       [-4.87821967],
       [-4.24388108],
       [-5.04774252],
       [-4.74413555],
       [-3.06975086],
       [-4.8488676 ],
       [-4.90086415],
       [-5.20603227],
       [-4.15000158],
       [-4.27187558],
       [-4.08419651]])
<<<<<<<<<<< STEP 6 >>>>>>>>>>>> + array([[-0.48308321],
       [-0.10865133],
       [-0.20324824],
       [-0.42251487],
       [-0.58802196],
       [-0.63221531],
       [-0.61011563],
       [-0.61362615],
       [-0.58738473],
       [-0.07425253],
       [-0.59441633],
       [-0.01385594],
       [-0.5985909 ],
       [-0.58708005],
       [-0.55000654],
       [-0.5857229 ],
       [-0.59155408],
       [-0.58455034],
       [-0.58908737],
       [-0.58847903],
       [-0.59333987],
       [-0.54206688],
       [-0.59870656],
       [-0.5882037 ],
       [-0.54798516],
       [-0.58321469],
       [-0.5893302 ],
       [-0.60228295],
       [-0.55566648],
       [-0.56184959],
       [-0.52740683]])
array([[-4.22210756],
       [-0.89888239],
       [-3.185394  ],
       [-3.85911512],
       [-3.89022014],
       [-5.44340316],
       [-5.98319577],
       [-5.96814326],
       [-5.29761098],
       [-1.41064327],
       [-5.55006159],
       [-0.04392235],
       [-5.68387512],
       [-5.29014236],
       [-4.5234173 ],
       [-5.44002349],
       [-5.59371976],
       [-5.21689038],
       [-3.69332479],
       [-5.58101508],
       [-5.47155954],
       [-4.78594796],
       [-5.64644909],
       [-5.33233925],
       [-3.61773602],
       [-5.4320823 ],
       [-5.49019435],
       [-5.80831521],
       [-4.70566806],
       [-4.83372517],
       [-4.61160334]])
<<<<<<<<<<< STEP 7 >>>>>>>>>>>> + array([[ -4.61640084e-01],
       [ -1.09503472e-01],
       [ -9.18292512e-02],
       [ -3.98798788e-01],
       [ -5.62325845e-01],
       [ -5.85330798e-01],
       [ -5.71208179e-01],
       [ -5.73374898e-01],
       [ -5.56696756e-01],
       [  3.37992263e-04],
       [ -5.61307259e-01],
       [  1.65852905e-03],
       [ -5.64017100e-01],
       [ -5.56518970e-01],
       [ -5.33736298e-01],
       [ -5.56107892e-01],
       [ -5.59701564e-01],
       [ -5.55541928e-01],
       [ -5.63139317e-01],
       [ -5.58313845e-01],
       [ -5.59878521e-01],
       [ -5.32422168e-01],
       [ -5.63268752e-01],
       [ -5.56688377e-01],
       [ -5.34486914e-01],
       [ -5.53715542e-01],
       [ -5.57589550e-01],
       [ -5.65410400e-01],
       [ -5.35087331e-01],
       [ -5.40647222e-01],
       [ -5.16768957e-01]])
array([[-4.68374764],
       [-1.00838586],
       [-3.27722325],
       [-4.25791391],
       [-4.45254598],
       [-6.02873395],
       [-6.55440395],
       [-6.54151816],
       [-5.85430774],
       [-1.41030528],
       [-6.11136884],
       [-0.04226382],
       [-6.24789222],
       [-5.84666133],
       [-5.0571536 ],
       [-5.99613139],
       [-6.15342133],
       [-5.77243231],
       [-4.25646411],
       [-6.13932892],
       [-6.03143806],
       [-5.31837013],
       [-6.20971784],
       [-5.88902763],
       [-4.15222293],
       [-5.98579784],
       [-6.0477839 ],
       [-6.37372561],
       [-5.24075539],
       [-5.37437239],
       [-5.1283723 ]])
<<<<<<<<<<< STEP 8 >>>>>>>>>>>> + array([[-0.46048413],
       [-0.11594152],
       [ 0.01766658],
       [-0.40183144],
       [-0.54469981],
       [-0.55566005],
       [-0.54635841],
       [-0.54766528],
       [-0.53679317],
       [ 0.06160205],
       [-0.53994748],
       [ 0.01588681],
       [-0.54179089],
       [-0.53674736],
       [-0.52272851],
       [-0.5369642 ],
       [-0.53916654],
       [-0.53662351],
       [-0.5434188 ],
       [-0.53870983],
       [-0.53846641],
       [-0.52529973],
       [-0.54068406],
       [-0.53645433],
       [-0.52456786],
       [-0.53487714],
       [-0.5373171 ],
       [-0.54200356],
       [-0.52178151],
       [-0.52683006],
       [-0.51030182]])
array([[-5.14423177],
       [-1.12432738],
       [-3.25955667],
       [-4.65974535],
       [-4.99724579],
       [-6.58439401],
       [-7.10076236],
       [-7.08918343],
       [-6.39110091],
       [-1.34870323],
       [-6.65131632],
       [-0.02637701],
       [-6.78968311],
       [-6.38340869],
       [-5.57988211],
       [-6.53309558],
       [-6.69258787],
       [-6.30905581],
       [-4.79988291],
       [-6.67803875],
       [-6.56990447],
       [-5.84366985],
       [-6.7504019 ],
       [-6.42548196],
       [-4.6767908 ],
       [-6.52067497],
       [-6.585101  ],
       [-6.91572917],
       [-5.7625369 ],
       [-5.90120245],
       [-5.63867411]])
<<<<<<<<<<< STEP 9 >>>>>>>>>>>> + array([[-0.47187853],
       [-0.12713221],
       [ 0.12434586],
       [-0.42502354],
       [-0.53274651],
       [-0.53701232],
       [-0.53062526],
       [-0.5314018 ],
       [-0.52415495],
       [ 0.11002104],
       [-0.52632376],
       [ 0.02761738],
       [-0.52762696],
       [-0.52413048],
       [-0.51544   ],
       [-0.52470539],
       [-0.52604938],
       [-0.52444374],
       [-0.52977227],
       [-0.52609562],
       [-0.52493697],
       [-0.51974114],
       [-0.52643964],
       [-0.52364283],
       [-0.51770205],
       [-0.52298189],
       [-0.52451515],
       [-0.52732165],
       [-0.51351485],
       [-0.51798948],
       [-0.50634508]])
array([[ -5.61611030e+00],
       [ -1.25145959e+00],
       [ -3.13521081e+00],
       [ -5.08476889e+00],
       [ -5.52999230e+00],
       [ -7.12140632e+00],
       [ -7.63138762e+00],
       [ -7.62058523e+00],
       [ -6.91525585e+00],
       [ -1.23868219e+00],
       [ -7.17764008e+00],
       [  1.24037369e-03],
       [ -7.31731007e+00],
       [ -6.90753917e+00],
       [ -6.09532210e+00],
       [ -7.05780098e+00],
       [ -7.21863725e+00],
       [ -6.83349955e+00],
       [ -5.32965518e+00],
       [ -7.20413437e+00],
       [ -7.09484144e+00],
       [ -6.36341100e+00],
       [ -7.27684154e+00],
       [ -6.94912479e+00],
       [ -5.19449285e+00],
       [ -7.04365686e+00],
       [ -7.10961615e+00],
       [ -7.44305082e+00],
       [ -6.27605175e+00],
       [ -6.41919193e+00],
       [ -6.14501919e+00]])
