<<<<<<<<<<< STEP 0 >>>>>>>>>>>> + array([[ 0.00414357],
       [-0.02297239],
       [-0.50145103],
       [-0.50047687],
       [-0.0368167 ],
       [-0.50024928],
       [-0.50128553],
       [-0.4998242 ],
       [-0.50128631],
       [-0.05946092],
       [-0.49957419],
       [-0.50141729],
       [-0.50177269],
       [-0.50345094],
       [-0.50057684],
       [-0.49976831],
       [-0.51643977],
       [-0.50125765],
       [-0.50077798],
       [-0.4997546 ],
       [-0.50024761],
       [-0.49987851],
       [ 0.00798592],
       [-0.50168447],
       [-0.49930389],
       [-0.5005169 ],
       [-0.4997441 ],
       [-0.04563453],
       [-0.03572654],
       [-0.50113238],
       [-0.50179688],
       [-0.49978031],
       [-0.50426771],
       [-0.50216886],
       [-0.50024577],
       [-0.54143528],
       [-0.49981727],
       [-0.50011883],
       [-0.50158018],
       [-0.03051748]])
array([[ -1.90944376],
       [ -1.07470949],
       [-13.33652833],
       [-13.42501176],
       [ -2.74962855],
       [-12.02498641],
       [-13.59730056],
       [-13.19124893],
       [-13.59572588],
       [ -1.49416549],
       [-13.16835085],
       [-13.94461065],
       [-13.65468612],
       [-12.8173922 ],
       [-13.53366535],
       [-14.19328776],
       [-10.03757813],
       [-13.63580137],
       [-13.22770366],
       [-13.29079238],
       [-13.73489611],
       [-12.95285497],
       [ -0.47700331],
       [-13.93287704],
       [-11.763291  ],
       [-13.61861365],
       [-11.99976021],
       [ -1.61896048],
       [ -1.70117817],
       [-13.47224798],
       [-13.80796711],
       [-13.23842514],
       [-11.4294743 ],
       [-13.47246593],
       [-11.87702344],
       [ -7.93670989],
       [-12.9616659 ],
       [-11.86315821],
       [-13.36736045],
       [ -1.24380594]])
<<<<<<<<<<< STEP 1 >>>>>>>>>>>> + array([[ 0.00586161],
       [-0.02244174],
       [-0.50110453],
       [-0.50036362],
       [-0.02824904],
       [-0.500275  ],
       [-0.5009648 ],
       [-0.49985042],
       [-0.50097425],
       [-0.05994923],
       [-0.49966976],
       [-0.5010584 ],
       [-0.50135634],
       [-0.5026554 ],
       [-0.50042154],
       [-0.49979599],
       [-0.51284494],
       [-0.50094663],
       [-0.50056072],
       [-0.49979021],
       [-0.5001584 ],
       [-0.49987501],
       [ 0.00836311],
       [-0.50126838],
       [-0.49952407],
       [-0.50036963],
       [-0.49986306],
       [-0.04488963],
       [-0.03419321],
       [-0.50086577],
       [-0.5013593 ],
       [-0.49980681],
       [-0.50326883],
       [-0.50163068],
       [-0.50026366],
       [-0.53448534],
       [-0.49985101],
       [-0.50020197],
       [-0.50118524],
       [-0.02982959]])
array([[ -1.90358215],
       [ -1.09715123],
       [-13.83763287],
       [-13.92537538],
       [ -2.77787759],
       [-12.52526141],
       [-14.09826535],
       [-13.69109935],
       [-14.09670013],
       [ -1.55411472],
       [-13.66802061],
       [-14.44566904],
       [-14.15604246],
       [-13.3200476 ],
       [-14.03408689],
       [-14.69308375],
       [-10.55042307],
       [-14.136748  ],
       [-13.72826438],
       [-13.79058259],
       [-14.23505451],
       [-13.45272998],
       [ -0.4686402 ],
       [-14.43414541],
       [-12.26281507],
       [-14.11898328],
       [-12.49962327],
       [ -1.66385012],
       [ -1.73537138],
       [-13.97311375],
       [-14.30932641],
       [-13.73823195],
       [-11.93274314],
       [-13.97409661],
       [-12.3772871 ],
       [ -8.47119523],
       [-13.46151691],
       [-12.36336018],
       [-13.86854569],
       [ -1.27363553]])
<<<<<<<<<<< STEP 2 >>>>>>>>>>>> + array([[ 0.00711517],
       [-0.02215713],
       [-0.50084768],
       [-0.50027899],
       [-0.02182596],
       [-0.50026733],
       [-0.50073215],
       [-0.49987712],
       [-0.50074559],
       [-0.06081418],
       [-0.49974383],
       [-0.50079863],
       [-0.50104451],
       [-0.50205166],
       [-0.50031151],
       [-0.49982707],
       [-0.51003822],
       [-0.50072037],
       [-0.50040815],
       [-0.49982609],
       [-0.50010217],
       [-0.49988319],
       [ 0.00863941],
       [-0.50096343],
       [-0.49966773],
       [-0.50026767],
       [-0.49993133],
       [-0.04463529],
       [-0.03319565],
       [-0.50066731],
       [-0.5010366 ],
       [-0.4998365 ],
       [-0.50252005],
       [-0.50123626],
       [-0.50024992],
       [-0.5281477 ],
       [-0.49987996],
       [-0.50023325],
       [-0.50089758],
       [-0.02948282]])
array([[ -1.89646698],
       [ -1.11930836],
       [-14.33848054],
       [-14.42565437],
       [ -2.79970355],
       [-13.02552873],
       [-14.5989975 ],
       [-14.19097647],
       [-14.59744572],
       [ -1.61492889],
       [-14.16776444],
       [-14.94646767],
       [-14.65708697],
       [-13.82209926],
       [-14.5343984 ],
       [-15.19291082],
       [-11.0604613 ],
       [-14.63746838],
       [-14.22867253],
       [-14.29040868],
       [-14.73515667],
       [-13.95261318],
       [ -0.46000079],
       [-14.93510884],
       [-12.7624828 ],
       [-14.61925095],
       [-12.99955459],
       [ -1.7084854 ],
       [ -1.76856703],
       [-14.47378105],
       [-14.81036301],
       [-14.23806845],
       [-12.43526319],
       [-14.47533286],
       [-12.87753702],
       [ -8.99934293],
       [-13.96139686],
       [-12.86359343],
       [-14.36944327],
       [ -1.30311836]])
<<<<<<<<<<< STEP 3 >>>>>>>>>>>> + array([[ 0.00801857],
       [-0.02208152],
       [-0.50065516],
       [-0.50021504],
       [-0.01701403],
       [-0.50024329],
       [-0.500561  ],
       [-0.49990138],
       [-0.50057577],
       [-0.06203173],
       [-0.49980101],
       [-0.50060816],
       [-0.50080883],
       [-0.50159089],
       [-0.50023252],
       [-0.49985692],
       [-0.50784848],
       [-0.50055339],
       [-0.50029983],
       [-0.49985865],
       [-0.50006645],
       [-0.49989633],
       [ 0.00883937],
       [-0.50073749],
       [-0.4997623 ],
       [-0.50019616],
       [-0.49996908],
       [-0.0448075 ],
       [-0.03264872],
       [-0.50051787],
       [-0.50079614],
       [-0.49986491],
       [-0.50195397],
       [-0.50094421],
       [-0.5002217 ],
       [-0.52268892],
       [-0.49990396],
       [-0.50023507],
       [-0.50068554],
       [-0.02942858]])
array([[ -1.88844841],
       [ -1.14138988],
       [-14.83913571],
       [-14.92586941],
       [ -2.81671758],
       [-13.52577202],
       [-15.09955851],
       [-14.69087785],
       [-15.09802149],
       [ -1.67696062],
       [-14.66756546],
       [-15.44707583],
       [-15.1578958 ],
       [-14.32369014],
       [-15.03463093],
       [-15.69276774],
       [-11.56830978],
       [-15.13802177],
       [-14.72897236],
       [-14.79026733],
       [-15.23522312],
       [-14.45250951],
       [ -0.45116141],
       [-15.43584633],
       [-13.26224511],
       [-15.11944711],
       [-13.49952367],
       [ -1.7532929 ],
       [ -1.80121575],
       [-14.97429893],
       [-15.31115914],
       [-14.73793337],
       [-12.93721716],
       [-14.97627707],
       [-13.37775871],
       [ -9.52203185],
       [-14.46130082],
       [-13.3638285 ],
       [-14.8701288 ],
       [ -1.33254693]])
<<<<<<<<<<< STEP 4 >>>>>>>>>>>> + array([[ 0.00865497],
       [-0.02218293],
       [-0.5005094 ],
       [-0.50016632],
       [-0.01339852],
       [-0.50021292],
       [-0.50043341],
       [-0.49992217],
       [-0.50044804],
       [-0.06358047],
       [-0.49984515],
       [-0.50046676],
       [-0.50062923],
       [-0.50123739],
       [-0.5001751 ],
       [-0.49988353],
       [-0.50614002],
       [-0.50042851],
       [-0.50022205],
       [-0.49988663],
       [-0.50004357],
       [-0.49991081],
       [ 0.00898133],
       [-0.50056832],
       [-0.49982555],
       [-0.50014531],
       [-0.49998899],
       [-0.04535226],
       [-0.03247991],
       [-0.50040419],
       [-0.50061519],
       [-0.49989015],
       [-0.50152249],
       [-0.50072578],
       [-0.50018886],
       [-0.51813995],
       [-0.49992349],
       [-0.50022138],
       [-0.50052743],
       [-0.02962516]])
array([[ -1.87979344],
       [ -1.16357281],
       [-15.3396451 ],
       [-15.42603572],
       [ -2.8301161 ],
       [-14.02598494],
       [-15.59999192],
       [-15.19080002],
       [-15.59846953],
       [ -1.74054109],
       [-15.1674106 ],
       [-15.94754259],
       [-15.65852504],
       [-14.82492753],
       [-15.53480603],
       [-16.19265127],
       [-12.07444979],
       [-15.63845028],
       [-15.22919441],
       [-15.29015396],
       [-15.73526669],
       [-14.95242032],
       [ -0.44218008],
       [-15.93641465],
       [-13.76207066],
       [-15.61959241],
       [-13.99951266],
       [ -1.79864516],
       [ -1.83369567],
       [-15.47470312],
       [-15.81177433],
       [-15.23782352],
       [-13.43873965],
       [-15.47700285],
       [-13.87794757],
       [-10.0401718 ],
       [-14.96122431],
       [-13.86404987],
       [-15.37065623],
       [ -1.36217209]])
<<<<<<<<<<< STEP 5 >>>>>>>>>>>> + array([[ 0.00908543],
       [-0.02243547],
       [-0.50039804],
       [-0.50012898],
       [-0.01067032],
       [-0.50018178],
       [-0.50033714],
       [-0.49993937],
       [-0.50035088],
       [-0.06544529],
       [-0.49987927],
       [-0.50036062],
       [-0.50049141],
       [-0.50096494],
       [-0.50013286],
       [-0.49990626],
       [-0.50480654],
       [-0.50033403],
       [-0.50016559],
       [-0.49990993],
       [-0.50002877],
       [-0.49992478],
       [ 0.00907915],
       [-0.50044043],
       [-0.49986874],
       [-0.50010867],
       [-0.49999876],
       [-0.04622759],
       [-0.03263083],
       [-0.50031695],
       [-0.50047781],
       [-0.49991166],
       [-0.50119119],
       [-0.50056089],
       [-0.50015664],
       [-0.51442494],
       [-0.49993922],
       [-0.5002005 ],
       [-0.50040828],
       [-0.03003926]])
array([[ -1.87070802],
       [ -1.18600828],
       [-15.84004314],
       [-15.9261647 ],
       [ -2.84078642],
       [-14.52616672],
       [-16.10032906],
       [-15.69073938],
       [-16.09882041],
       [ -1.80598638],
       [-15.66728987],
       [-16.44790321],
       [-16.15901645],
       [-15.32589247],
       [-16.03493889],
       [-16.69255753],
       [-12.57925634],
       [-16.13878431],
       [-15.72936   ],
       [-15.79006389],
       [-16.23529546],
       [-15.4523451 ],
       [ -0.43310093],
       [-16.43685508],
       [-14.2619394 ],
       [-16.11970108],
       [-14.49951142],
       [ -1.84487275],
       [ -1.86632649],
       [-15.97502007],
       [-16.31225214],
       [-15.73773518],
       [-13.93993085],
       [-15.97756374],
       [-14.37810421],
       [-10.55459673],
       [-15.46116353],
       [-14.36425038],
       [-15.87106451],
       [ -1.39221135]])
<<<<<<<<<<< STEP 6 >>>>>>>>>>>> + array([[ 0.00935508],
       [-0.02281908],
       [-0.50031231],
       [-0.50010023],
       [-0.00860243],
       [-0.50015267],
       [-0.50026375],
       [-0.49995326],
       [-0.50027624],
       [-0.06761875],
       [-0.4999057 ],
       [-0.50028015],
       [-0.500385  ],
       [-0.50075414],
       [-0.50010146],
       [-0.49992518],
       [-0.50376518],
       [-0.50026181],
       [-0.50012418],
       [-0.49992895],
       [-0.50001912],
       [-0.4999374 ],
       [ 0.0091434 ],
       [-0.50034294],
       [-0.49989896],
       [-0.50008193],
       [-0.50000295],
       [-0.04740314],
       [-0.03305626],
       [-0.5002495 ],
       [-0.5003727 ],
       [-0.49992952],
       [-0.50093522],
       [-0.50043541],
       [-0.50012752],
       [-0.51142963],
       [-0.4999518 ],
       [-0.50017723],
       [-0.50031768],
       [-0.03064571]])
array([[ -1.86135293],
       [ -1.20882736],
       [-16.34035545],
       [-16.42626492],
       [ -2.84938885],
       [-15.02631939],
       [-16.60059281],
       [-16.19069265],
       [-16.59909665],
       [ -1.87360512],
       [-16.16719558],
       [-16.94818336],
       [-16.65940145],
       [-15.8266466 ],
       [-16.53504035],
       [-17.19248271],
       [-13.08302152],
       [-16.63904612],
       [-16.22948418],
       [-16.28999284],
       [-16.73531459],
       [-15.9522825 ],
       [ -0.42395753],
       [-16.93719802],
       [-14.76183836],
       [-16.61978301],
       [-14.99951437],
       [ -1.8922759 ],
       [ -1.89938275],
       [-16.47526957],
       [-16.81262484],
       [-16.2376647 ],
       [-14.44086607],
       [-16.47799914],
       [-14.87823173],
       [-11.06602637],
       [-15.96111534],
       [-14.86442761],
       [-16.37138219],
       [ -1.42285706]])
<<<<<<<<<<< STEP 7 >>>>>>>>>>>> + array([[ 0.00949748],
       [-0.02331893],
       [-0.5002459 ],
       [-0.50007802],
       [-0.00702851],
       [-0.50012681],
       [-0.50020732],
       [-0.4999643 ],
       [-0.50021844],
       [-0.07010145],
       [-0.49992623],
       [-0.50021864],
       [-0.50030245],
       [-0.5005905 ],
       [-0.50007789],
       [-0.49994064],
       [-0.50295145],
       [-0.50020615],
       [-0.50009355],
       [-0.49994426],
       [-0.50001277],
       [-0.49994837],
       [ 0.00918221],
       [-0.50026809],
       [-0.49992066],
       [-0.50006221],
       [-0.50000422],
       [-0.04885924],
       [-0.03372253],
       [-0.50019704],
       [-0.50029176],
       [-0.49994409],
       [-0.5007364 ],
       [-0.50033926],
       [-0.50010243],
       [-0.50903473],
       [-0.49996182],
       [-0.5001542 ],
       [-0.50024824],
       [-0.03142665]])
array([[ -1.85185545],
       [ -1.23214628],
       [-16.84060135],
       [-16.92634294],
       [ -2.85641736],
       [-15.52644619],
       [-17.10080013],
       [-16.69065695],
       [-17.09931508],
       [ -1.94370657],
       [-16.66712181],
       [-17.448402  ],
       [-17.1597039 ],
       [-16.3272371 ],
       [-17.03511825],
       [-17.69242334],
       [-13.58597297],
       [-17.13925227],
       [-16.72957773],
       [-16.7899371 ],
       [-17.23532735],
       [-16.45223087],
       [ -0.41477533],
       [-17.43746611],
       [-15.26175902],
       [-17.11984522],
       [-15.4995186 ],
       [ -1.94113513],
       [ -1.93310528],
       [-16.97546661],
       [-17.3129166 ],
       [-16.73760878],
       [-14.94160246],
       [-16.97833841],
       [-15.37833415],
       [-11.5750611 ],
       [-16.46107716],
       [-15.3645818 ],
       [-16.87163043],
       [ -1.4542837 ]])
<<<<<<<<<<< STEP 8 >>>>>>>>>>>> + array([[ 0.00953757],
       [-0.02392464],
       [-0.50019417],
       [-0.50006081],
       [-0.00582614],
       [-0.50010454],
       [-0.5001636 ],
       [-0.49997296],
       [-0.50017336],
       [-0.07290206],
       [-0.49994221],
       [-0.50017129],
       [-0.50023815],
       [-0.50046314],
       [-0.50006007],
       [-0.49995311],
       [-0.5023152 ],
       [-0.50016295],
       [-0.50007072],
       [-0.49995646],
       [-0.50000854],
       [-0.49995768],
       [ 0.00920183],
       [-0.50021027],
       [-0.49993667],
       [-0.50004751],
       [-0.50000407],
       [-0.05058563],
       [-0.03460575],
       [-0.50015603],
       [-0.50022909],
       [-0.49995583],
       [-0.50058129],
       [-0.50026517],
       [-0.50008144],
       [-0.50713051],
       [-0.49996978],
       [-0.50013273],
       [-0.50019467],
       [-0.03237053]])
array([[ -1.84231788],
       [ -1.25607092],
       [-17.34079552],
       [-17.42640375],
       [ -2.8622435 ],
       [-16.02655073],
       [-17.60096373],
       [-17.19062991],
       [-17.59948844],
       [ -2.01660864],
       [-17.16706402],
       [-17.94857329],
       [-17.65994204],
       [-16.82770024],
       [-17.53517831],
       [-18.19237645],
       [-14.08828818],
       [-17.63941523],
       [-17.22964846],
       [-17.28989356],
       [-17.7353359 ],
       [-16.95218856],
       [ -0.4055735 ],
       [-17.93767638],
       [-15.76169568],
       [-17.61989273],
       [-15.99952266],
       [ -1.99172076],
       [ -1.96771103],
       [-17.47562264],
       [-17.81314569],
       [-17.23756462],
       [-15.44218376],
       [-17.47860358],
       [-15.8784156 ],
       [-12.08219161],
       [-16.96104694],
       [-15.86471454],
       [-17.3718251 ],
       [ -1.48665423]])
<<<<<<<<<<< STEP 9 >>>>>>>>>>>> + array([[ 0.00949384],
       [-0.02462968],
       [-0.50015372],
       [-0.50004745],
       [-0.00490459],
       [-0.50008575],
       [-0.50012953],
       [-0.49997968],
       [-0.50013801],
       [-0.07603742],
       [-0.49995466],
       [-0.50013462],
       [-0.50018788],
       [-0.50036378],
       [-0.50004649],
       [-0.49996309],
       [-0.50181742],
       [-0.50012922],
       [-0.5000536 ],
       [-0.49996611],
       [-0.50000571],
       [-0.49996546],
       [ 0.00920712],
       [-0.50016539],
       [-0.49994876],
       [-0.50003645],
       [-0.50000331],
       [-0.05258061],
       [-0.03569027],
       [-0.50012385],
       [-0.50018035],
       [-0.49996523],
       [-0.50045986],
       [-0.5002078 ],
       [-0.50006425],
       [-0.50562213],
       [-0.49997608],
       [-0.50011343],
       [-0.50015312],
       [-0.03347135]])
array([[ -1.83282404],
       [ -1.28070061],
       [-17.84094924],
       [-17.9264512 ],
       [ -2.86714809],
       [-16.52663648],
       [-18.10109326],
       [-17.69060959],
       [-18.09962646],
       [ -2.09264606],
       [-17.66701867],
       [-18.44870791],
       [-18.16012993],
       [-17.32806402],
       [-18.03522481],
       [-18.69233954],
       [-14.5901056 ],
       [-18.13954445],
       [-17.72970206],
       [-17.78985968],
       [-18.23534161],
       [-17.45215402],
       [ -0.39636638],
       [-18.43784177],
       [-16.26164444],
       [-18.11992918],
       [-16.49952598],
       [ -2.04430137],
       [ -2.0034013 ],
       [-17.97574649],
       [-18.31332604],
       [-17.73752984],
       [-15.94264361],
       [-17.97881138],
       [-16.37847985],
       [-12.58781374],
       [-17.46102302],
       [-16.36482796],
       [-17.87197822],
       [ -1.52012559]])
<<<<<<<<<<< STEP 10 >>>>>>>>>>>> + array([[ 0.0093799 ],
       [-0.02543079],
       [-0.50012196],
       [-0.50003706],
       [-0.00419605],
       [-0.5000701 ],
       [-0.50010285],
       [-0.49998485],
       [-0.50011017],
       [-0.07953287],
       [-0.49996438],
       [-0.50010609],
       [-0.50014849],
       [-0.50028613],
       [-0.5000361 ],
       [-0.49997101],
       [-0.50142774],
       [-0.50010277],
       [-0.5000407 ],
       [-0.49997371],
       [-0.5000038 ],
       [-0.49997188],
       [ 0.00920184],
       [-0.5001304 ],
       [-0.4999581 ],
       [-0.50002808],
       [-0.50000239],
       [-0.05485027],
       [-0.03696751],
       [-0.5000985 ],
       [-0.5001423 ],
       [-0.49997269],
       [-0.50036449],
       [-0.50016321],
       [-0.50005037],
       [-0.50443036],
       [-0.49998108],
       [-0.50009645],
       [-0.50012075],
       [-0.03472796]])
array([[ -1.82344414],
       [ -1.30613139],
       [-18.34107119],
       [-18.42648826],
       [ -2.87134414],
       [-17.02670658],
       [-18.60119611],
       [-18.19059444],
       [-18.59973662],
       [ -2.17217893],
       [-18.16698306],
       [-18.948814  ],
       [-18.66027842],
       [-17.82835015],
       [-18.5352609 ],
       [-19.19231056],
       [-15.09153334],
       [-18.63964722],
       [-18.22974276],
       [-18.28983339],
       [-18.73534541],
       [-17.9521259 ],
       [ -0.38716454],
       [-18.93797217],
       [-16.76160254],
       [-18.61995726],
       [-16.99952837],
       [ -2.09915164],
       [ -2.0403688 ],
       [-18.47584499],
       [-18.81346834],
       [-18.23750253],
       [-16.44300811],
       [-18.47897459],
       [-16.87853022],
       [-13.09224409],
       [-17.9610041 ],
       [-16.86492442],
       [-18.37209897],
       [ -1.55485355]])
<<<<<<<<<<< STEP 11 >>>>>>>>>>>> + array([[ 0.00920557],
       [-0.02632762],
       [-0.50009695],
       [-0.50002896],
       [-0.00364937],
       [-0.5000572 ],
       [-0.50008187],
       [-0.4999888 ],
       [-0.50008815],
       [-0.08342288],
       [-0.49997198],
       [-0.50008381],
       [-0.50011755],
       [-0.50022533],
       [-0.5000281 ],
       [-0.49997728],
       [-0.5011225 ],
       [-0.50008193],
       [-0.50003093],
       [-0.49997966],
       [-0.5000025 ],
       [-0.49997715],
       [ 0.00918892],
       [-0.50010304],
       [-0.49996545],
       [-0.5000217 ],
       [-0.50000151],
       [-0.05740819],
       [-0.03843496],
       [-0.50007849],
       [-0.5001125 ],
       [-0.49997859],
       [-0.50028942],
       [-0.50012844],
       [-0.50003928],
       [-0.50349035],
       [-0.49998502],
       [-0.50008174],
       [-0.50009544],
       [-0.03614362]])
array([[ -1.81423857],
       [ -1.33245901],
       [-18.84116815],
       [-18.92651722],
       [ -2.87499351],
       [-17.52676378],
       [-19.10127797],
       [-18.69058324],
       [-19.09982477],
       [ -2.25560181],
       [-18.66695504],
       [-19.44889781],
       [-19.16039597],
       [-18.32857548],
       [-19.035289  ],
       [-19.69228784],
       [-15.59265584],
       [-19.13972915],
       [-18.72977369],
       [-18.78981304],
       [-19.23534791],
       [-18.45210305],
       [ -0.37797562],
       [-19.4380752 ],
       [-17.261568  ],
       [-19.11997897],
       [-17.49952987],
       [ -2.15655983],
       [ -2.07880376],
       [-18.97592348],
       [-19.31358083],
       [-18.73748112],
       [-16.94329752],
       [-18.97910303],
       [-17.37856951],
       [-13.59573445],
       [-18.46098912],
       [-17.36500615],
       [-18.8721944 ],
       [ -1.59099717]])
<<<<<<<<<<< STEP 12 >>>>>>>>>>>> + array([[ 0.00897776],
       [-0.02732246],
       [-0.50007722],
       [-0.50002265],
       [-0.00322568],
       [-0.50004663],
       [-0.50006531],
       [-0.49999181],
       [-0.50007068],
       [-0.08775213],
       [-0.49997794],
       [-0.50006635],
       [-0.50009319],
       [-0.50017768],
       [-0.50002192],
       [-0.49998222],
       [-0.50088325],
       [-0.50006547],
       [-0.50002352],
       [-0.4999843 ],
       [-0.50000161],
       [-0.49998145],
       [ 0.00917067],
       [-0.50008157],
       [-0.49997133],
       [-0.50001682],
       [-0.50000076],
       [-0.06027529],
       [-0.04009558],
       [-0.50006265],
       [-0.5000891 ],
       [-0.49998324],
       [-0.50023019],
       [-0.50010125],
       [-0.5000305 ],
       [-0.50274979],
       [-0.49998814],
       [-0.50006911],
       [-0.50007558],
       [-0.03772572]])
array([[ -1.80526081],
       [ -1.35978148],
       [-19.34124537],
       [-19.42653988],
       [ -2.8782192 ],
       [-18.02681041],
       [-19.60134328],
       [-19.19057505],
       [-19.59989544],
       [ -2.34335394],
       [-19.16693298],
       [-19.94896415],
       [-19.66048916],
       [-18.82875316],
       [-19.53531092],
       [-20.19227006],
       [-16.09353908],
       [-19.63979462],
       [-19.22979721],
       [-19.28979735],
       [-19.73534952],
       [-18.95208449],
       [ -0.36880495],
       [-19.93815678],
       [-17.76153933],
       [-19.61999579],
       [-17.99953063],
       [ -2.21683512],
       [ -2.11889934],
       [-19.47598613],
       [-19.81366994],
       [-19.23746436],
       [-17.44352771],
       [-19.47920428],
       [-17.8786    ],
       [-14.09848423],
       [-18.96097727],
       [-17.86507526],
       [-19.37226998],
       [ -1.62872289]])
<<<<<<<<<<< STEP 13 >>>>>>>>>>>> + array([[ 0.00870105],
       [-0.02842014],
       [-0.50006161],
       [-0.50001773],
       [-0.00289509],
       [-0.500038  ],
       [-0.50005221],
       [-0.49999407],
       [-0.50005678],
       [-0.0925771 ],
       [-0.4999826 ],
       [-0.50005262],
       [-0.50007399],
       [-0.50014027],
       [-0.50001713],
       [-0.4999861 ],
       [-0.50069561],
       [-0.50005243],
       [-0.50001788],
       [-0.49998792],
       [-0.500001  ],
       [-0.49998494],
       [ 0.00914888],
       [-0.5000647 ],
       [-0.4999761 ],
       [-0.50001306],
       [-0.50000017],
       [-0.06348012],
       [-0.04195728],
       [-0.50005009],
       [-0.5000707 ],
       [-0.49998689],
       [-0.50018337],
       [-0.50007995],
       [-0.50002358],
       [-0.50216676],
       [-0.49999061],
       [-0.50005835],
       [-0.50005997],
       [-0.03948565]])
array([[ -1.79655976],
       [ -1.38820162],
       [-19.84130698],
       [-19.9265576 ],
       [ -2.88111429],
       [-18.52684841],
       [-20.10139549],
       [-19.69056912],
       [-20.09995222],
       [ -2.43593104],
       [-19.66691558],
       [-20.44901678],
       [-20.16056314],
       [-19.32889343],
       [-20.03532805],
       [-20.69225616],
       [-16.5942347 ],
       [-20.13984705],
       [-19.72981509],
       [-19.78978526],
       [-20.23535052],
       [-19.45206943],
       [ -0.35965607],
       [-20.43822147],
       [-18.26151543],
       [-20.12000885],
       [-18.49953081],
       [ -2.28031523],
       [ -2.16085662],
       [-19.97603621],
       [-20.31374063],
       [-19.73745125],
       [-17.94371108],
       [-19.97928423],
       [-18.37862358],
       [-14.600651  ],
       [-19.46096788],
       [-18.36513361],
       [-19.87232995],
       [ -1.66820854]])
<<<<<<<<<<< STEP 14 >>>>>>>>>>>> + array([[ 0.00837819],
       [-0.02962793],
       [-0.50004924],
       [-0.50001388],
       [-0.00263435],
       [-0.50003098],
       [-0.50004182],
       [-0.49999577],
       [-0.5000457 ],
       [-0.09796819],
       [-0.49998627],
       [-0.50004181],
       [-0.50005882],
       [-0.50011087],
       [-0.50001341],
       [-0.49998914],
       [-0.50054836],
       [-0.50004207],
       [-0.50001359],
       [-0.49999072],
       [-0.50000059],
       [-0.49998777],
       [ 0.00912494],
       [-0.5000514 ],
       [-0.49997999],
       [-0.50001016],
       [-0.49999974],
       [-0.06705929],
       [-0.04403271],
       [-0.50004011],
       [-0.50005618],
       [-0.49998976],
       [-0.50014631],
       [-0.50006322],
       [-0.50001816],
       [-0.50170796],
       [-0.49999256],
       [-0.50004921],
       [-0.50004766],
       [-0.04143888]])
array([[ -1.78818157],
       [ -1.41782955],
       [-20.34135622],
       [-20.42657148],
       [ -2.88374864],
       [-19.0268794 ],
       [-20.60143732],
       [-20.19056489],
       [-20.59999793],
       [ -2.53389923],
       [-20.16690185],
       [-20.94905859],
       [-20.66062197],
       [-19.8290043 ],
       [-20.53534147],
       [-21.1922453 ],
       [-17.09478306],
       [-20.63988911],
       [-20.22982867],
       [-20.28977598],
       [-20.73535111],
       [-19.9520572 ],
       [ -0.35053113],
       [-20.93827287],
       [-18.76149541],
       [-20.62001901],
       [-18.99953055],
       [ -2.34737452],
       [ -2.20488933],
       [-20.47607632],
       [-20.81379682],
       [-20.23744101],
       [-18.44385739],
       [-20.47934745],
       [-18.87864174],
       [-15.10235896],
       [-19.96096044],
       [-18.86518282],
       [-20.37237762],
       [ -1.70964742]])
<<<<<<<<<<< STEP 15 >>>>>>>>>>>> + array([[ 0.00801047],
       [-0.03095565],
       [-0.50003942],
       [-0.50001087],
       [-0.00242509],
       [-0.50002528],
       [-0.50003356],
       [-0.49999703],
       [-0.50003685],
       [-0.10401276],
       [-0.49998915],
       [-0.50003328],
       [-0.50004684],
       [-0.50008775],
       [-0.50001052],
       [-0.49999152],
       [-0.50043272],
       [-0.50003382],
       [-0.50001031],
       [-0.49999289],
       [-0.50000031],
       [-0.49999006],
       [ 0.00909993],
       [-0.5000409 ],
       [-0.49998319],
       [-0.50000792],
       [-0.49999944],
       [-0.07105825],
       [-0.04633912],
       [-0.50003217],
       [-0.50004472],
       [-0.49999201],
       [-0.50011692],
       [-0.50005007],
       [-0.50001393],
       [-0.50134697],
       [-0.4999941 ],
       [-0.50004149],
       [-0.50003795],
       [-0.04360504]])
array([[ -1.78017111],
       [ -1.44878519],
       [-20.84139565],
       [-20.92658236],
       [ -2.88617373],
       [-19.52690468],
       [-21.10147088],
       [-20.69056192],
       [-21.10003478],
       [ -2.63791199],
       [-20.66689099],
       [-21.44909187],
       [-21.16066881],
       [-20.32909206],
       [-21.03535199],
       [-21.69223681],
       [-17.59521578],
       [-21.13992293],
       [-20.72983898],
       [-20.78976887],
       [-21.23535142],
       [-20.45204726],
       [ -0.3414312 ],
       [-21.43831377],
       [-19.26147861],
       [-21.12002693],
       [-19.49952998],
       [ -2.41843277],
       [ -2.25122845],
       [-20.9761085 ],
       [-21.31384154],
       [-20.73743302],
       [-18.94397431],
       [-20.97939752],
       [-19.37865566],
       [-15.60370593],
       [-20.46095454],
       [-19.36522431],
       [-20.87241557],
       [ -1.75325246]])
<<<<<<<<<<< STEP 16 >>>>>>>>>>>> + array([[ 0.007598  ],
       [-0.03241582],
       [-0.50003162],
       [-0.50000852],
       [-0.00225243],
       [-0.50002066],
       [-0.50002699],
       [-0.49999797],
       [-0.50002977],
       [-0.11081906],
       [-0.49999141],
       [-0.50002654],
       [-0.50003735],
       [-0.50006954],
       [-0.50000826],
       [-0.49999338],
       [-0.50034185],
       [-0.50002724],
       [-0.50000781],
       [-0.49999457],
       [-0.50000012],
       [-0.49999192],
       [ 0.00907469],
       [-0.5000326 ],
       [-0.49998585],
       [-0.50000618],
       [-0.49999924],
       [-0.07553229],
       [-0.04889834],
       [-0.50002585],
       [-0.50003566],
       [-0.49999376],
       [-0.50009359],
       [-0.50003971],
       [-0.50001064],
       [-0.50106294],
       [-0.49999532],
       [-0.50003497],
       [-0.50003027],
       [-0.04600819]])
array([[ -1.7725731 ],
       [ -1.48120102],
       [-21.34142727],
       [-21.42659088],
       [ -2.88842616],
       [-20.02692534],
       [-21.60149787],
       [-21.19055989],
       [-21.60006455],
       [ -2.74873105],
       [-21.1668824 ],
       [-21.94911841],
       [-21.66070615],
       [-20.8291616 ],
       [-21.53536025],
       [-22.19223019],
       [-18.09555763],
       [-21.63995018],
       [-21.22984679],
       [-21.28976344],
       [-21.73535154],
       [-20.95203918],
       [ -0.33235651],
       [-21.93834638],
       [-19.76146445],
       [-21.62003311],
       [-19.99952922],
       [ -2.49396505],
       [ -2.30012679],
       [-21.47613434],
       [-21.8138772 ],
       [-21.23742678],
       [-19.4440679 ],
       [-21.47943724],
       [-19.8786663 ],
       [-16.10476888],
       [-20.96094986],
       [-19.86525928],
       [-21.37244583],
       [ -1.79926065]])
<<<<<<<<<<< STEP 17 >>>>>>>>>>>> + array([[ 0.00714006],
       [-0.03402392],
       [-0.50002541],
       [-0.50000669],
       [-0.00210387],
       [-0.50001692],
       [-0.50002174],
       [-0.49999865],
       [-0.50002409],
       [-0.1185214 ],
       [-0.49999319],
       [-0.5000212 ],
       [-0.50002983],
       [-0.50005519],
       [-0.50000649],
       [-0.49999483],
       [-0.50027038],
       [-0.50002199],
       [-0.50000591],
       [-0.49999586],
       [-0.49999999],
       [-0.49999342],
       [ 0.00904981],
       [-0.50002603],
       [-0.49998806],
       [-0.50000483],
       [-0.49999913],
       [-0.08054773],
       [-0.05173674],
       [-0.5000208 ],
       [-0.50002848],
       [-0.49999514],
       [-0.50007504],
       [-0.50003155],
       [-0.50000809],
       [-0.50083943],
       [-0.49999629],
       [-0.50002947],
       [-0.50002418],
       [-0.04867711]])
array([[ -1.76543305],
       [ -1.51522494],
       [-21.84145267],
       [-21.92659757],
       [ -2.89053003],
       [-20.52694226],
       [-22.10151961],
       [-21.69055854],
       [-22.10008865],
       [ -2.86725244],
       [-21.6668756 ],
       [-22.44913961],
       [-22.16073598],
       [-21.32921678],
       [-22.03536674],
       [-22.69222502],
       [-18.59582801],
       [-22.13997216],
       [-21.7298527 ],
       [-21.78975931],
       [-22.23535153],
       [-21.4520326 ],
       [ -0.32330669],
       [-22.43837241],
       [-20.26145251],
       [-22.12003794],
       [-20.49952835],
       [ -2.57451278],
       [ -2.35186353],
       [-21.97615515],
       [-22.31390568],
       [-21.73742192],
       [-19.94414295],
       [-21.97946878],
       [-20.37867439],
       [-16.60560831],
       [-21.46094615],
       [-20.36528876],
       [-21.87247001],
       [ -1.84793777]])
<<<<<<<<<<< STEP 18 >>>>>>>>>>>> + array([[ 0.00663531],
       [-0.03579868],
       [-0.50002045],
       [-0.50000525],
       [-0.00196842],
       [-0.50001388],
       [-0.50001755],
       [-0.49999915],
       [-0.50001954],
       [-0.12728699],
       [-0.4999946 ],
       [-0.50001696],
       [-0.50002386],
       [-0.50004386],
       [-0.50000511],
       [-0.49999597],
       [-0.50021413],
       [-0.50001778],
       [-0.50000445],
       [-0.49999686],
       [-0.49999991],
       [-0.49999463],
       [ 0.00902566],
       [-0.50002082],
       [-0.4999899 ],
       [-0.50000378],
       [-0.49999909],
       [-0.08618327],
       [-0.0548852 ],
       [-0.50001677],
       [-0.50002278],
       [-0.49999621],
       [-0.50006027],
       [-0.5000251 ],
       [-0.50000613],
       [-0.50066348],
       [-0.49999706],
       [-0.50002484],
       [-0.50001935],
       [-0.05164555]])
array([[ -1.75879773],
       [ -1.55102361],
       [-22.34147313],
       [-22.42660282],
       [ -2.89249846],
       [-21.02695614],
       [-22.60153717],
       [-22.19055769],
       [-22.60010818],
       [ -2.99453943],
       [-22.1668702 ],
       [-22.94915657],
       [-22.66075984],
       [-21.82926064],
       [-22.53537185],
       [-23.19222099],
       [-19.09604214],
       [-22.63998994],
       [-22.22985716],
       [-22.28975617],
       [-22.73535145],
       [-21.95202723],
       [ -0.31428103],
       [-22.93839323],
       [-20.76144241],
       [-22.62004172],
       [-20.99952744],
       [ -2.66069605],
       [ -2.40674873],
       [-22.47617192],
       [-22.81392846],
       [-22.23741814],
       [-20.44420322],
       [-22.47949388],
       [-20.87868052],
       [-17.10627179],
       [-21.96094321],
       [-20.8653136 ],
       [-22.37248936],
       [ -1.89958332]])
<<<<<<<<<<< STEP 19 >>>>>>>>>>>> + array([[ 0.00608229],
       [-0.03776242],
       [-0.5000165 ],
       [-0.50000412],
       [-0.00183568],
       [-0.50001141],
       [-0.5000142 ],
       [-0.4999995 ],
       [-0.50001587],
       [-0.13732462],
       [-0.49999571],
       [-0.50001359],
       [-0.50001912],
       [-0.50003491],
       [-0.50000403],
       [-0.49999685],
       [-0.50016982],
       [-0.50001441],
       [-0.50000335],
       [-0.49999762],
       [-0.49999986],
       [-0.49999562],
       [ 0.00900238],
       [-0.50001668],
       [-0.49999145],
       [-0.50000296],
       [-0.49999909],
       [-0.09253124],
       [-0.05837879],
       [-0.50001355],
       [-0.50001826],
       [-0.49999705],
       [-0.5000485 ],
       [-0.50002   ],
       [-0.50000461],
       [-0.50052492],
       [-0.49999766],
       [-0.50002093],
       [-0.50001552],
       [-0.05495226]])
array([[ -1.75271545],
       [ -1.58878603],
       [-22.84148963],
       [-22.92660694],
       [ -2.89433414],
       [-21.52696755],
       [-23.10155137],
       [-22.69055719],
       [-23.10012405],
       [ -3.13186406],
       [-22.66686591],
       [-23.44917016],
       [-23.16077896],
       [-22.32929555],
       [-23.03537589],
       [-23.69221784],
       [-19.59621196],
       [-23.14000435],
       [-22.7298605 ],
       [-22.78975379],
       [-23.23535131],
       [-22.45202285],
       [ -0.30527865],
       [-23.43840991],
       [-21.26143386],
       [-23.12004467],
       [-21.49952653],
       [ -2.7532273 ],
       [ -2.46512752],
       [-22.97618547],
       [-23.31394672],
       [-22.73741519],
       [-20.94425172],
       [-22.97951389],
       [-21.37868513],
       [-17.60679671],
       [-22.46094087],
       [-21.36533453],
       [-22.87250488],
       [ -1.95453557]])
<<<<<<<<<<< STEP 20 >>>>>>>>>>>> + array([[ 0.00547985],
       [-0.03994143],
       [-0.50001334],
       [-0.50000324],
       [-0.00169503],
       [-0.50000941],
       [-0.50001151],
       [-0.49999975],
       [-0.50001292],
       [-0.14889552],
       [-0.49999659],
       [-0.50001092],
       [-0.50001535],
       [-0.50002784],
       [-0.50000318],
       [-0.49999754],
       [-0.50013488],
       [-0.5000117 ],
       [-0.50000251],
       [-0.49999821],
       [-0.49999984],
       [-0.49999642],
       [ 0.00897984],
       [-0.50001339],
       [-0.49999275],
       [-0.50000232],
       [-0.49999912],
       [-0.09969859],
       [-0.06225598],
       [-0.50001097],
       [-0.50001466],
       [-0.49999771],
       [-0.5000391 ],
       [-0.50001597],
       [-0.50000345],
       [-0.50041573],
       [-0.49999815],
       [-0.50001763],
       [-0.50001246],
       [-0.0586407 ]])
array([[ -1.7472356 ],
       [ -1.62872747],
       [-23.34150297],
       [-23.42661018],
       [ -2.89602917],
       [-22.02697696],
       [-23.60156288],
       [-23.19055694],
       [-23.60013697],
       [ -3.28075957],
       [-23.1668625 ],
       [-23.94918108],
       [-23.66079431],
       [-22.82932339],
       [-23.53537907],
       [-24.19221538],
       [-20.09634684],
       [-23.64001604],
       [-23.22986302],
       [-23.289752  ],
       [-23.73535115],
       [-22.95201927],
       [ -0.29629881],
       [-23.9384233 ],
       [-21.76142662],
       [-23.62004699],
       [-21.99952565],
       [ -2.85292588],
       [ -2.5273835 ],
       [-23.47619645],
       [-23.81396139],
       [-23.23741289],
       [-21.44429082],
       [-23.47952986],
       [-21.87868858],
       [-18.10721244],
       [-22.96093902],
       [-21.86535216],
       [-23.37251734],
       [ -2.01317627]])
<<<<<<<<<<< STEP 21 >>>>>>>>>>>> + array([[ 0.00482805],
       [-0.0423661 ],
       [-0.50001081],
       [-0.50000255],
       [-0.00153473],
       [-0.50000779],
       [-0.50000935],
       [-0.49999992],
       [-0.50001053],
       [-0.16232617],
       [-0.49999729],
       [-0.50000878],
       [-0.50001235],
       [-0.50002223],
       [-0.50000251],
       [-0.49999808],
       [-0.50010729],
       [-0.50000951],
       [-0.50000188],
       [-0.49999865],
       [-0.49999982],
       [-0.49999707],
       [ 0.00895754],
       [-0.50001077],
       [-0.49999385],
       [-0.50000181],
       [-0.49999918],
       [-0.10780698],
       [-0.06655708],
       [-0.5000089 ],
       [-0.5000118 ],
       [-0.49999822],
       [-0.50003158],
       [-0.50001277],
       [-0.50000257],
       [-0.50032964],
       [-0.49999853],
       [-0.50001484],
       [-0.50001003],
       [-0.06275784]])
array([[ -1.74240755],
       [ -1.67109357],
       [-23.84151378],
       [-23.92661274],
       [ -2.89756389],
       [-22.52698475],
       [-24.10157223],
       [-23.69055687],
       [-24.1001475 ],
       [ -3.44308575],
       [-23.66685979],
       [-24.44918986],
       [-24.16080666],
       [-23.32934562],
       [-24.03538158],
       [-24.69221346],
       [-20.59645413],
       [-24.14002556],
       [-23.72986489],
       [-23.78975065],
       [-24.23535097],
       [-23.45201633],
       [ -0.28734127],
       [-24.43843407],
       [-22.26142047],
       [-24.1200488 ],
       [-22.49952483],
       [ -2.96073286],
       [ -2.59394058],
       [-23.97620535],
       [-24.31397318],
       [-23.73741111],
       [-21.9443224 ],
       [-23.97954263],
       [-22.37869115],
       [-18.60754208],
       [-23.46093755],
       [-22.365367  ],
       [-23.87252737],
       [ -2.07593412]])
<<<<<<<<<<< STEP 22 >>>>>>>>>>>> + array([[ 0.00412932],
       [-0.04507076],
       [-0.50000878],
       [-0.50000202],
       [-0.00134085],
       [-0.50000646],
       [-0.50000762],
       [-0.50000004],
       [-0.5000086 ],
       [-0.1780219 ],
       [-0.49999784],
       [-0.50000708],
       [-0.50000995],
       [-0.50001779],
       [-0.50000199],
       [-0.4999985 ],
       [-0.50008549],
       [-0.50000775],
       [-0.5000014 ],
       [-0.49999899],
       [-0.49999982],
       [-0.49999759],
       [ 0.00893454],
       [-0.50000868],
       [-0.49999478],
       [-0.50000142],
       [-0.49999926],
       [-0.11699137],
       [-0.07132127],
       [-0.50000724],
       [-0.50000951],
       [-0.49999862],
       [-0.50002556],
       [-0.50001024],
       [-0.5000019 ],
       [-0.50026169],
       [-0.49999884],
       [-0.50001247],
       [-0.50000809],
       [-0.06735156]])
array([[ -1.73827822],
       [ -1.71616433],
       [-24.34152255],
       [-24.42661475],
       [ -2.89890474],
       [-23.02699122],
       [-24.60157985],
       [-24.1905569 ],
       [-24.60015611],
       [ -3.62110764],
       [-24.16685763],
       [-24.94919693],
       [-24.66081661],
       [-23.82936341],
       [-24.53538357],
       [-25.19221196],
       [-21.09653962],
       [-24.64003331],
       [-24.22986629],
       [-24.28974963],
       [-24.7353508 ],
       [-23.95201393],
       [ -0.27840673],
       [-24.93844275],
       [-22.76141525],
       [-24.62005023],
       [-22.99952409],
       [ -3.07772423],
       [ -2.66526185],
       [-24.47621259],
       [-24.81398269],
       [-24.23740973],
       [-22.44434796],
       [-24.47955287],
       [-22.87869305],
       [-19.10780377],
       [-23.96093638],
       [-22.86537947],
       [-24.37253547],
       [ -2.14328567]])
<<<<<<<<<<< STEP 23 >>>>>>>>>>>> + array([[ 0.00339036],
       [-0.04809272],
       [-0.50000714],
       [-0.5000016 ],
       [-0.00109616],
       [-0.50000538],
       [-0.50000621],
       [-0.50000011],
       [-0.50000704],
       [-0.19647696],
       [-0.49999828],
       [-0.50000572],
       [-0.50000804],
       [-0.50001426],
       [-0.50000158],
       [-0.49999882],
       [-0.50006822],
       [-0.50000633],
       [-0.50000104],
       [-0.49999924],
       [-0.49999983],
       [-0.49999803],
       [ 0.00890925],
       [-0.500007  ],
       [-0.49999557],
       [-0.50000112],
       [-0.49999934],
       [-0.12739596],
       [-0.07658162],
       [-0.5000059 ],
       [-0.50000768],
       [-0.49999893],
       [-0.50002073],
       [-0.50000822],
       [-0.50000139],
       [-0.500208  ],
       [-0.49999908],
       [-0.50001046],
       [-0.50000654],
       [-0.07246538]])
array([[ -1.73488787],
       [ -1.76425705],
       [-24.8415297 ],
       [-24.92661635],
       [ -2.90000091],
       [-23.5269966 ],
       [-25.10158606],
       [-24.69055701],
       [-25.10016315],
       [ -3.81758461],
       [-24.66685592],
       [-25.44920265],
       [-25.16082465],
       [-24.32937766],
       [-25.03538515],
       [-25.69221078],
       [-21.59660784],
       [-25.14003964],
       [-24.72986732],
       [-24.78974888],
       [-25.23535062],
       [-24.45201195],
       [ -0.26949748],
       [-25.43844975],
       [-23.26141082],
       [-25.12005134],
       [-23.49952343],
       [ -3.20512019],
       [ -2.74184347],
       [-24.97621849],
       [-25.31399037],
       [-24.73740866],
       [-22.94436869],
       [-24.97956109],
       [-23.37869444],
       [-19.60801177],
       [-24.46093546],
       [-23.36538993],
       [-24.872542  ],
       [ -2.21575105]])
<<<<<<<<<<< STEP 24 >>>>>>>>>>>> + array([[ 0.00262472],
       [-0.05146994],
       [-0.50000583],
       [-0.50000127],
       [-0.00077881],
       [-0.5000045 ],
       [-0.50000508],
       [-0.50000015],
       [-0.50000577],
       [-0.2182715 ],
       [-0.49999864],
       [-0.50000462],
       [-0.50000651],
       [-0.50001144],
       [-0.50000125],
       [-0.49999908],
       [-0.50005453],
       [-0.50000517],
       [-0.50000077],
       [-0.49999943],
       [-0.49999983],
       [-0.49999838],
       [ 0.00887925],
       [-0.50000566],
       [-0.49999625],
       [-0.50000088],
       [-0.49999944],
       [-0.1391665 ],
       [-0.08235739],
       [-0.50000482],
       [-0.50000621],
       [-0.49999917],
       [-0.50001684],
       [-0.50000662],
       [-0.50000102],
       [-0.50016552],
       [-0.49999928],
       [-0.50000874],
       [-0.50000529],
       [-0.07812939]])
array([[ -1.73226315],
       [ -1.81572699],
       [-25.34153552],
       [-25.42661761],
       [ -2.90077972],
       [-24.0270011 ],
       [-25.60159114],
       [-25.19055716],
       [-25.60016891],
       [ -4.03585611],
       [-25.16685456],
       [-25.94920727],
       [-25.66083116],
       [-24.82938911],
       [-25.5353864 ],
       [-26.19220986],
       [-22.09666237],
       [-25.64004481],
       [-25.22986809],
       [-25.28974831],
       [-25.73535046],
       [-24.95201033],
       [ -0.26061823],
       [-25.93845541],
       [-23.76140707],
       [-25.62005222],
       [-23.99952287],
       [ -3.3442867 ],
       [ -2.82420085],
       [-25.47622331],
       [-25.81399657],
       [-25.23740783],
       [-23.44438553],
       [-25.47956771],
       [-23.87869546],
       [-20.10817729],
       [-24.96093474],
       [-23.86539867],
       [-25.3725473 ],
       [ -2.29388044]])
<<<<<<<<<<< STEP 25 >>>>>>>>>>>> + array([[  1.85645042e-03],
       [ -5.52362871e-02],
       [ -5.00004762e-01],
       [ -5.00001010e-01],
       [ -3.61256804e-04],
       [ -5.00003770e-01],
       [ -5.00004162e-01],
       [ -5.00000167e-01],
       [ -5.00004726e-01],
       [ -2.44033548e-01],
       [ -4.99998920e-01],
       [ -5.00003744e-01],
       [ -5.00005278e-01],
       [ -5.00009200e-01],
       [ -5.00000989e-01],
       [ -4.99999277e-01],
       [ -5.00043638e-01],
       [ -5.00004228e-01],
       [ -5.00000571e-01],
       [ -4.99999571e-01],
       [ -4.99999846e-01],
       [ -4.99998670e-01],
       [  8.84110274e-03],
       [ -5.00004581e-01],
       [ -4.99996833e-01],
       [ -5.00000686e-01],
       [ -4.99999531e-01],
       [ -1.52439145e-01],
       [ -8.86434607e-02],
       [ -5.00003947e-01],
       [ -5.00005027e-01],
       [ -4.99999364e-01],
       [ -5.00013693e-01],
       [ -5.00005340e-01],
       [ -5.00000742e-01],
       [ -5.00131851e-01],
       [ -4.99999435e-01],
       [ -5.00007257e-01],
       [ -5.00004293e-01],
       [ -8.43453796e-02]])
array([[ -1.7304067 ],
       [ -1.87096328],
       [-25.84154028],
       [-25.92661862],
       [ -2.90114097],
       [-24.52700487],
       [-26.1015953 ],
       [-25.69055733],
       [-26.10017364],
       [ -4.27988965],
       [-25.66685348],
       [-26.44921102],
       [-26.16083644],
       [-25.3293983 ],
       [-26.03538739],
       [-26.69220914],
       [-22.59670601],
       [-26.14004904],
       [-25.72986866],
       [-25.78974788],
       [-26.2353503 ],
       [-25.452009  ],
       [ -0.25177712],
       [-26.43846   ],
       [-24.26140391],
       [-26.12005291],
       [-24.4995224 ],
       [ -3.49672584],
       [ -2.91284431],
       [-25.97622725],
       [-26.3140016 ],
       [-25.7374072 ],
       [-23.94439922],
       [-25.97957305],
       [-24.3786962 ],
       [-20.60830914],
       [-25.46093418],
       [-24.36540592],
       [-25.87255159],
       [ -2.37822582]])
<<<<<<<<<<< STEP 26 >>>>>>>>>>>> + array([[  1.12412238e-03],
       [ -5.94132659e-02],
       [ -5.00003897e-01],
       [ -5.00000810e-01],
       [  1.89939101e-04],
       [ -5.00003166e-01],
       [ -5.00003413e-01],
       [ -5.00000168e-01],
       [ -5.00003872e-01],
       [ -2.74325732e-01],
       [ -4.99999148e-01],
       [ -5.00003035e-01],
       [ -5.00004288e-01],
       [ -5.00007402e-01],
       [ -5.00000783e-01],
       [ -4.99999431e-01],
       [ -5.00034954e-01],
       [ -5.00003456e-01],
       [ -5.00000428e-01],
       [ -4.99999674e-01],
       [ -4.99999859e-01],
       [ -4.99998910e-01],
       [  8.79020659e-03],
       [ -5.00003709e-01],
       [ -4.99997339e-01],
       [ -5.00000537e-01],
       [ -4.99999628e-01],
       [ -1.67329271e-01],
       [ -9.53988348e-02],
       [ -5.00003237e-01],
       [ -5.00004073e-01],
       [ -4.99999513e-01],
       [ -5.00011144e-01],
       [ -5.00004316e-01],
       [ -5.00000543e-01],
       [ -5.00105103e-01],
       [ -4.99999562e-01],
       [ -5.00005976e-01],
       [ -5.00003485e-01],
       [ -9.10655508e-02]])
array([[ -1.72928258],
       [ -1.93037654],
       [-26.34154418],
       [-26.42661943],
       [ -2.90095103],
       [-25.02700804],
       [-26.60159872],
       [-26.1905575 ],
       [-26.60017751],
       [ -4.55421539],
       [-26.16685262],
       [-26.94921405],
       [-26.66084073],
       [-25.82940571],
       [-26.53538817],
       [-27.19220857],
       [-23.09674096],
       [-26.6400525 ],
       [-26.22986909],
       [-26.28974755],
       [-26.73535016],
       [-25.95200791],
       [ -0.24298692],
       [-26.9384637 ],
       [-24.76140125],
       [-26.62005344],
       [-24.99952203],
       [ -3.66405511],
       [ -3.00824315],
       [-26.47623049],
       [-26.81400567],
       [-26.23740671],
       [-24.44441037],
       [-26.47957737],
       [-24.87869675],
       [-21.10841424],
       [-25.96093374],
       [-24.8654119 ],
       [-26.37255507],
       [ -2.46929137]])
<<<<<<<<<<< STEP 27 >>>>>>>>>>>> + array([[  4.84035714e-04],
       [ -6.39974715e-02],
       [ -5.00003191e-01],
       [ -5.00000654e-01],
       [  9.12184572e-04],
       [ -5.00002659e-01],
       [ -5.00002798e-01],
       [ -5.00000158e-01],
       [ -5.00003167e-01],
       [ -3.09395372e-01],
       [ -4.99999333e-01],
       [ -5.00002460e-01],
       [ -5.00003487e-01],
       [ -5.00005957e-01],
       [ -5.00000619e-01],
       [ -4.99999551e-01],
       [ -5.00028005e-01],
       [ -5.00002820e-01],
       [ -5.00000325e-01],
       [ -4.99999748e-01],
       [ -4.99999874e-01],
       [ -4.99999110e-01],
       [  8.72106847e-03],
       [ -5.00003002e-01],
       [ -4.99997783e-01],
       [ -5.00000419e-01],
       [ -4.99999725e-01],
       [ -1.83931816e-01],
       [ -1.02540458e-01],
       [ -5.00002658e-01],
       [ -5.00003299e-01],
       [ -4.99999630e-01],
       [ -5.00009068e-01],
       [ -5.00003494e-01],
       [ -5.00000405e-01],
       [ -5.00083795e-01],
       [ -4.99999665e-01],
       [ -5.00004863e-01],
       [ -5.00002831e-01],
       [ -9.81670737e-02]])
array([[ -1.72879854],
       [ -1.99437401],
       [-26.84154737],
       [-26.92662009],
       [ -2.90003885],
       [-25.52701069],
       [-27.10160152],
       [-26.69055766],
       [-27.10018068],
       [ -4.86361076],
       [-26.66685196],
       [-27.44921651],
       [-27.16084421],
       [-26.32941166],
       [-27.03538879],
       [-27.69220812],
       [-23.59676896],
       [-27.14005532],
       [-26.72986942],
       [-26.7897473 ],
       [-27.23535003],
       [-26.45200702],
       [ -0.23426585],
       [-27.43846671],
       [-25.26139903],
       [-27.12005386],
       [-25.49952175],
       [ -3.84798693],
       [ -3.11078361],
       [-26.97623315],
       [-27.31400897],
       [-26.73740634],
       [-24.94441943],
       [-26.97958087],
       [-25.37869715],
       [-21.60849804],
       [-26.4609334 ],
       [-25.36541676],
       [-26.87255791],
       [ -2.56745844]])
<<<<<<<<<<< STEP 28 >>>>>>>>>>>> + array([[  9.22669039e-06],
       [ -6.89449827e-02],
       [ -5.00002611e-01],
       [ -5.00000532e-01],
       [  1.84071121e-03],
       [ -5.00002228e-01],
       [ -5.00002292e-01],
       [ -5.00000139e-01],
       [ -5.00002583e-01],
       [ -3.48738205e-01],
       [ -4.99999483e-01],
       [ -5.00001993e-01],
       [ -5.00002836e-01],
       [ -5.00004790e-01],
       [ -5.00000488e-01],
       [ -4.99999645e-01],
       [ -5.00022422e-01],
       [ -5.00002294e-01],
       [ -5.00000253e-01],
       [ -4.99999800e-01],
       [ -4.99999889e-01],
       [ -4.99999278e-01],
       [  8.62820758e-03],
       [ -5.00002425e-01],
       [ -4.99998174e-01],
       [ -5.00000326e-01],
       [ -4.99999820e-01],
       [ -2.02355569e-01],
       [ -1.09956301e-01],
       [ -5.00002182e-01],
       [ -5.00002668e-01],
       [ -4.99999720e-01],
       [ -5.00007368e-01],
       [ -5.00002831e-01],
       [ -5.00000312e-01],
       [ -5.00066769e-01],
       [ -4.99999748e-01],
       [ -5.00003894e-01],
       [ -5.00002298e-01],
       [ -1.05432767e-01]])
array([[ -1.72878931],
       [ -2.063319  ],
       [-27.34154998],
       [-27.42662062],
       [ -2.89819814],
       [-26.02701292],
       [-27.60160381],
       [-27.1905578 ],
       [-27.60018326],
       [ -5.21234896],
       [-27.16685144],
       [-27.9492185 ],
       [-27.66084705],
       [-26.82941645],
       [-27.53538928],
       [-28.19220776],
       [-24.09679139],
       [-27.64005761],
       [-27.22986967],
       [-27.2897471 ],
       [-27.73534992],
       [-26.9520063 ],
       [ -0.22563764],
       [-27.93846913],
       [-25.7613972 ],
       [-27.62005419],
       [-25.99952157],
       [ -4.0503425 ],
       [ -3.22073991],
       [-27.47623533],
       [-27.81401164],
       [-27.23740606],
       [-25.4444268 ],
       [-27.4795837 ],
       [-25.87869746],
       [-22.10856481],
       [-26.96093315],
       [-25.86542065],
       [-27.3725602 ],
       [ -2.67289121]])
<<<<<<<<<<< STEP 29 >>>>>>>>>>>> + array([[ -2.20483784e-04],
       [ -7.41583552e-02],
       [ -5.00002131e-01],
       [ -5.00000437e-01],
       [  2.99667519e-03],
       [ -5.00001856e-01],
       [ -5.00001871e-01],
       [ -5.00000116e-01],
       [ -5.00002095e-01],
       [ -3.90551967e-01],
       [ -4.99999603e-01],
       [ -5.00001610e-01],
       [ -5.00002305e-01],
       [ -5.00003844e-01],
       [ -5.00000382e-01],
       [ -4.99999718e-01],
       [ -5.00017920e-01],
       [ -5.00001857e-01],
       [ -5.00000203e-01],
       [ -4.99999837e-01],
       [ -4.99999905e-01],
       [ -4.99999419e-01],
       [  8.50813458e-03],
       [ -5.00001954e-01],
       [ -4.99998519e-01],
       [ -5.00000253e-01],
       [ -4.99999909e-01],
       [ -2.22815310e-01],
       [ -1.17556404e-01],
       [ -5.00001788e-01],
       [ -5.00002151e-01],
       [ -4.99999790e-01],
       [ -5.00005969e-01],
       [ -5.00002293e-01],
       [ -5.00000253e-01],
       [ -5.00053125e-01],
       [ -4.99999813e-01],
       [ -5.00003056e-01],
       [ -5.00001863e-01],
       [ -1.12558746e-01]])
array([[ -1.7290098 ],
       [ -2.13747735],
       [-27.84155212],
       [-27.92662106],
       [ -2.89520146],
       [-26.52701478],
       [-28.10160568],
       [-27.69055791],
       [-28.10018535],
       [ -5.60290093],
       [-27.66685104],
       [-28.44922012],
       [-28.16084935],
       [-27.3294203 ],
       [-28.03538966],
       [-28.69220748],
       [-24.59680931],
       [-28.14005947],
       [-27.72986987],
       [-27.78974694],
       [-28.23534983],
       [-27.45200572],
       [ -0.21712951],
       [-28.43847109],
       [-26.26139572],
       [-28.12005444],
       [-26.49952148],
       [ -4.27315781],
       [ -3.33829631],
       [-27.97623712],
       [-28.31401379],
       [-27.73740585],
       [-25.94443277],
       [-27.97958599],
       [-26.37869772],
       [-22.60861793],
       [-27.46093297],
       [-26.36542371],
       [-27.87256207],
       [ -2.78544995]])
