<<<<<<<<<<< STEP 0 >>>>>>>>>>>> + array([[ -5.00244631e-01],
       [ -5.00288068e-01],
       [ -5.01273835e-01],
       [ -1.68386021e-03],
       [ -6.79224850e-04],
       [ -1.08407147e-02],
       [ -5.02852028e-01],
       [ -7.75930636e-03],
       [ -1.89302373e-03],
       [ -5.01029727e-01],
       [ -5.00340823e-01],
       [ -5.01256114e-01],
       [ -4.99926191e-01],
       [ -5.00379078e-01],
       [ -5.02956090e-01],
       [ -1.07842169e-02],
       [ -5.00433033e-01],
       [ -5.00367367e-01],
       [ -5.00003300e-01],
       [ -4.99905597e-01],
       [ -5.01118001e-01],
       [ -5.02912716e-01],
       [ -5.03090605e-01],
       [ -5.00922241e-01],
       [ -5.01307839e-01],
       [ -5.00475031e-01],
       [ -5.00145127e-01],
       [ -5.01055923e-01],
       [ -5.01200594e-01],
       [ -5.03047328e-01],
       [ -1.22253388e-02],
       [ -4.99808985e-01],
       [  1.60307613e-03],
       [  4.14662144e-05],
       [ -5.02984403e-01],
       [ -2.43535410e-04],
       [ -5.01163262e-01],
       [ -5.01265640e-01],
       [ -5.00498388e-01],
       [ -5.00131516e-01]])
array([[-13.95684251],
       [-13.91547313],
       [-14.29943884],
       [ -0.36912725],
       [ -0.35725104],
       [ -1.01155176],
       [-13.03058716],
       [ -1.77261327],
       [ -0.39117609],
       [-14.29556357],
       [-13.91663021],
       [-14.19737839],
       [-11.63678215],
       [-13.84641041],
       [-12.96231504],
       [ -1.14868815],
       [-13.9004679 ],
       [-13.84626854],
       [-13.91662793],
       [-11.71577014],
       [-14.30773165],
       [-12.98524028],
       [-12.85205168],
       [-14.24070777],
       [-14.27273073],
       [-13.87935201],
       [-13.86802838],
       [-14.22866931],
       [-14.27295647],
       [-11.87331794],
       [ -1.10291564],
       [-11.81307018],
       [ -0.34654527],
       [  0.93062375],
       [-12.95621527],
       [ -0.35654696],
       [-14.25477926],
       [-14.20089095],
       [-15.10310908],
       [-13.89739985]])
<<<<<<<<<<< STEP 1 >>>>>>>>>>>> + array([[ -5.00141637e-01],
       [ -5.00177358e-01],
       [ -5.00936028e-01],
       [ -1.44769099e-03],
       [ -4.25209764e-04],
       [ -1.01931002e-02],
       [ -5.02207822e-01],
       [ -4.97170132e-03],
       [ -1.63803863e-03],
       [ -5.00753831e-01],
       [ -5.00218547e-01],
       [ -5.00936363e-01],
       [ -4.99968333e-01],
       [ -5.00252049e-01],
       [ -5.02291388e-01],
       [ -9.99914767e-03],
       [ -5.00275475e-01],
       [ -5.00241808e-01],
       [ -4.99951946e-01],
       [ -4.99949705e-01],
       [ -5.00825008e-01],
       [ -5.02255723e-01],
       [ -5.02396824e-01],
       [ -5.00670829e-01],
       [ -5.00963805e-01],
       [ -5.00309602e-01],
       [ -5.00066020e-01],
       [ -5.00777910e-01],
       [ -5.00890766e-01],
       [ -5.02356239e-01],
       [ -1.15217944e-02],
       [ -4.99869720e-01],
       [  1.82275580e-03],
       [ -6.96866033e-04],
       [ -5.02313257e-01],
       [  8.68801342e-06],
       [ -5.00861205e-01],
       [ -5.00945305e-01],
       [ -5.00321269e-01],
       [ -5.00050802e-01]])
array([[-14.45698415],
       [-14.41565049],
       [-14.80037486],
       [ -0.37057494],
       [ -0.35767625],
       [ -1.02174486],
       [-13.53279499],
       [ -1.77758497],
       [ -0.39281413],
       [-14.7963174 ],
       [-14.41684876],
       [-14.69831475],
       [-12.13675048],
       [-14.34666245],
       [-13.46460642],
       [ -1.15868729],
       [-14.40074338],
       [-14.34651035],
       [-14.41657988],
       [-12.21571984],
       [-14.80855665],
       [-13.487496  ],
       [-13.35444851],
       [-14.7413786 ],
       [-14.77369454],
       [-14.37966161],
       [-14.3680944 ],
       [-14.72944722],
       [-14.77384724],
       [-12.37567418],
       [ -1.11443743],
       [-12.3129399 ],
       [ -0.34472251],
       [  0.92992688],
       [-13.45852852],
       [ -0.35653827],
       [-14.75564046],
       [-14.70183625],
       [-15.60343035],
       [-14.39745065]])
<<<<<<<<<<< STEP 2 >>>>>>>>>>>> + array([[ -5.00080828e-01],
       [ -5.00109720e-01],
       [ -5.00694793e-01],
       [ -1.26257692e-03],
       [ -2.28561811e-04],
       [ -9.68749814e-03],
       [ -5.01710621e-01],
       [ -2.83788387e-03],
       [ -1.43990047e-03],
       [ -5.00557500e-01],
       [ -5.00141671e-01],
       [ -5.00703437e-01],
       [ -4.99994036e-01],
       [ -5.00170095e-01],
       [ -5.01777299e-01],
       [ -9.38329642e-03],
       [ -5.00177242e-01],
       [ -5.00161450e-01],
       [ -4.99931853e-01],
       [ -4.99978197e-01],
       [ -5.00614598e-01],
       [ -5.01748275e-01],
       [ -5.01859511e-01],
       [ -5.00493303e-01],
       [ -5.00717156e-01],
       [ -5.00204622e-01],
       [ -5.00022902e-01],
       [ -5.00578518e-01],
       [ -5.00666461e-01],
       [ -5.01823466e-01],
       [ -1.09737622e-02],
       [ -4.99912576e-01],
       [  1.99199328e-03],
       [ -1.25736252e-03],
       [ -5.01794250e-01],
       [  2.03596479e-04],
       [ -5.00643291e-01],
       [ -5.00711349e-01],
       [ -5.00209801e-01],
       [ -5.00008204e-01]])
array([[-14.95706498],
       [-14.91576021],
       [-15.30106966],
       [ -0.37183752],
       [ -0.35790481],
       [ -1.03143236],
       [-14.03450561],
       [ -1.78042285],
       [ -0.39425403],
       [-15.2968749 ],
       [-14.91699043],
       [-15.19901819],
       [-12.63674452],
       [-14.84683255],
       [-13.96638372],
       [ -1.16807059],
       [-14.90092062],
       [-14.8466718 ],
       [-14.91651173],
       [-12.71569804],
       [-15.30917125],
       [-13.98924428],
       [-13.85630802],
       [-15.24187191],
       [-15.2744117 ],
       [-14.87986624],
       [-14.8681173 ],
       [-15.23002574],
       [-15.2745137 ],
       [-12.87749765],
       [ -1.12541119],
       [-12.81285248],
       [ -0.34273052],
       [  0.92866952],
       [-13.96032277],
       [ -0.35633467],
       [-15.25628375],
       [-15.2025476 ],
       [-16.10364015],
       [-14.89745885]])
<<<<<<<<<<< STEP 3 >>>>>>>>>>>> + array([[ -5.00045195e-01],
       [ -5.00068291e-01],
       [ -5.00520221e-01],
       [ -1.11733631e-03],
       [ -7.65996451e-05],
       [ -9.29384300e-03],
       [ -5.01326337e-01],
       [ -1.21967737e-03],
       [ -1.28609589e-03],
       [ -5.00415944e-01],
       [ -5.00092951e-01],
       [ -5.00531898e-01],
       [ -5.00008979e-01],
       [ -5.00116567e-01],
       [ -5.01379289e-01],
       [ -8.90081595e-03],
       [ -5.00115537e-01],
       [ -5.00109437e-01],
       [ -4.99928280e-01],
       [ -4.99996030e-01],
       [ -5.00461564e-01],
       [ -5.01355845e-01],
       [ -5.01443137e-01],
       [ -5.00366228e-01],
       [ -5.00538039e-01],
       [ -5.00137303e-01],
       [ -5.00000537e-01],
       [ -5.00433712e-01],
       [ -5.00502183e-01],
       [ -5.01412195e-01],
       [ -1.05484207e-02],
       [ -4.99942554e-01],
       [  2.12198343e-03],
       [ -1.68038578e-03],
       [ -5.01392465e-01],
       [  3.53879838e-04],
       [ -5.00484162e-01],
       [ -5.00538651e-01],
       [ -5.00139001e-01],
       [ -4.99987332e-01]])
array([[-15.45711017],
       [-15.4158285 ],
       [-15.80158988],
       [ -0.37295485],
       [ -0.35798141],
       [ -1.0407262 ],
       [-14.53583195],
       [ -1.78164253],
       [ -0.39554012],
       [-15.79729084],
       [-15.41708338],
       [-15.69955009],
       [-13.1367535 ],
       [-15.34694912],
       [-14.46776301],
       [ -1.17697141],
       [-15.40103616],
       [-15.34678123],
       [-15.41644001],
       [-13.21569407],
       [-15.80963282],
       [-14.49060012],
       [-14.35775116],
       [-15.74223813],
       [-15.77494974],
       [-15.38000354],
       [-15.36811783],
       [-15.73045945],
       [-15.77501588],
       [-13.37890985],
       [ -1.13595961],
       [-13.31279503],
       [ -0.34060854],
       [  0.92698913],
       [-14.46171524],
       [ -0.35598079],
       [-15.75676792],
       [-15.70308625],
       [-16.60377915],
       [-15.39744619]])
<<<<<<<<<<< STEP 4 >>>>>>>>>>>> + array([[ -5.00024525e-01],
       [ -5.00042829e-01],
       [ -5.00392372e-01],
       [ -1.00322938e-03],
       [  4.05686114e-05],
       [ -8.98836462e-03],
       [ -5.01028983e-01],
       [ -6.11817694e-06],
       [ -1.16685451e-03],
       [ -5.00312659e-01],
       [ -5.00061788e-01],
       [ -5.00404363e-01],
       [ -5.00016980e-01],
       [ -5.00081126e-01],
       [ -5.01070886e-01],
       [ -8.52334007e-03],
       [ -5.00076426e-01],
       [ -5.00075341e-01],
       [ -4.99932824e-01],
       [ -5.00006682e-01],
       [ -5.00348994e-01],
       [ -5.01052053e-01],
       [ -5.01120320e-01],
       [ -5.00274117e-01],
       [ -5.00406461e-01],
       [ -5.00093611e-01],
       [ -4.99989922e-01],
       [ -5.00327364e-01],
       [ -5.00380638e-01],
       [ -5.01094358e-01],
       [ -1.02197935e-02],
       [ -4.99963323e-01],
       [  2.22144501e-03],
       [ -1.99702292e-03],
       [ -5.01081149e-01],
       [  4.69432083e-04],
       [ -5.00366705e-01],
       [ -5.00409991e-01],
       [ -5.00093544e-01],
       [ -4.99978548e-01]])
array([[-15.9571347 ],
       [-15.91587133],
       [-16.30198225],
       [ -0.37395808],
       [ -0.35794084],
       [ -1.04971457],
       [-15.03686093],
       [ -1.78164865],
       [ -0.39670698],
       [-16.2976035 ],
       [-15.91714517],
       [-16.19995445],
       [-13.63677047],
       [-15.84703024],
       [-14.9688339 ],
       [ -1.18549475],
       [-15.90111258],
       [-15.84685658],
       [-15.91637283],
       [-13.71570075],
       [-16.30998181],
       [-14.99165218],
       [-14.85887148],
       [-16.24251225],
       [-16.2753562 ],
       [-15.88009715],
       [-15.86810776],
       [-16.23078681],
       [-16.27539652],
       [-13.8800042 ],
       [ -1.14617941],
       [-13.81275836],
       [ -0.33838709],
       [  0.92499211],
       [-14.96279639],
       [ -0.35551136],
       [-16.25713462],
       [-16.20349625],
       [-17.1038727 ],
       [-15.89742473]])
<<<<<<<<<<< STEP 5 >>>>>>>>>>>> + array([[ -5.00012699e-01],
       [ -5.00027114e-01],
       [ -5.00297750e-01],
       [ -9.13429642e-04],
       [  1.30654877e-04],
       [ -8.75231519e-03],
       [ -5.00798676e-01],
       [  8.91153474e-04],
       [ -1.07455195e-03],
       [ -5.00236498e-01],
       [ -5.00041644e-01],
       [ -5.00308769e-01],
       [ -5.00020589e-01],
       [ -5.00057316e-01],
       [ -5.00831747e-01],
       [ -8.22848169e-03],
       [ -5.00051369e-01],
       [ -5.00052677e-01],
       [ -4.99940809e-01],
       [ -5.00012567e-01],
       [ -5.00265366e-01],
       [ -5.00816682e-01],
       [ -5.00869931e-01],
       [ -5.00206594e-01],
       [ -5.00308827e-01],
       [ -5.00064868e-01],
       [ -4.99985781e-01],
       [ -5.00248489e-01],
       [ -5.00289920e-01],
       [ -5.00848497e-01],
       [ -9.96737443e-03],
       [ -4.99977547e-01],
       [  2.29716617e-03],
       [ -2.23127724e-03],
       [ -5.00839755e-01],
       [  5.57963658e-04],
       [ -5.00279196e-01],
       [ -5.00313385e-01],
       [ -5.00063994e-01],
       [ -4.99976246e-01]])
array([[-16.4571474 ],
       [-16.41589845],
       [-16.80228   ],
       [ -0.37487151],
       [ -0.35781019],
       [ -1.05846688],
       [-15.5376596 ],
       [ -1.78075749],
       [ -0.39778153],
       [-16.79784   ],
       [-16.41718681],
       [-16.70026322],
       [-14.13679106],
       [-16.34708756],
       [-15.46966564],
       [ -1.19372323],
       [-16.40116395],
       [-16.34690925],
       [-16.41631364],
       [-14.21571332],
       [-16.81024718],
       [-15.49246886],
       [-15.35974141],
       [-16.74271885],
       [-16.77566502],
       [-16.38016202],
       [-16.36809354],
       [-16.7310353 ],
       [-16.77568644],
       [-14.3808527 ],
       [ -1.15614678],
       [-14.3127359 ],
       [ -0.33608992],
       [  0.92276083],
       [-15.46363614],
       [ -0.3549534 ],
       [-16.75741382],
       [-16.70380963],
       [-17.60393669],
       [-16.39740098]])
<<<<<<<<<<< STEP 6 >>>>>>>>>>>> + array([[ -5.00006062e-01],
       [ -5.00017361e-01],
       [ -5.00227081e-01],
       [ -8.42607800e-04],
       [  1.99669205e-04],
       [ -8.57093618e-03],
       [ -5.00620161e-01],
       [  1.54204890e-03],
       [ -1.00324096e-03],
       [ -5.00179820e-01],
       [ -5.00028469e-01],
       [ -5.00236626e-01],
       [ -5.00021496e-01],
       [ -5.00041073e-01],
       [ -5.00646210e-01],
       [ -7.99860922e-03],
       [ -5.00035115e-01],
       [ -5.00037386e-01],
       [ -4.99949725e-01],
       [ -5.00015351e-01],
       [ -5.00202709e-01],
       [ -5.00634196e-01],
       [ -5.00675649e-01],
       [ -5.00156603e-01],
       [ -5.00235754e-01],
       [ -5.00045679e-01],
       [ -4.99985060e-01],
       [ -5.00189496e-01],
       [ -5.00221703e-01],
       [ -5.00658162e-01],
       [ -9.77500791e-03],
       [ -4.99987150e-01],
       [  2.35443060e-03],
       [ -2.40172036e-03],
       [ -5.00652466e-01],
       [  6.25481263e-04],
       [ -5.00213480e-01],
       [ -5.00240366e-01],
       [ -5.00044514e-01],
       [ -4.99977212e-01]])
array([[-16.95715346],
       [-16.91591581],
       [-17.30250708],
       [ -0.37571412],
       [ -0.35761052],
       [ -1.06703782],
       [-16.03827976],
       [ -1.77921544],
       [ -0.39878477],
       [-17.29801982],
       [-16.91721528],
       [-17.20049985],
       [-14.63681256],
       [-16.84712863],
       [-15.97031185],
       [ -1.20172184],
       [-16.90119907],
       [-16.84694664],
       [-16.91626337],
       [-14.71572867],
       [-17.31044988],
       [-15.99310305],
       [-15.86041706],
       [-17.24287545],
       [-17.27590078],
       [-16.8802077 ],
       [-16.8680786 ],
       [-17.2312248 ],
       [-17.27590814],
       [-14.88151086],
       [ -1.16592179],
       [-14.81272305],
       [ -0.33373549],
       [  0.92035911],
       [-15.96428861],
       [ -0.35432791],
       [-17.2576273 ],
       [-17.20405   ],
       [-18.1039812 ],
       [-16.89737819]])
<<<<<<<<<<< STEP 7 >>>>>>>>>>>> + array([[ -5.00002442e-01],
       [ -5.00011267e-01],
       [ -5.00173894e-01],
       [ -7.86605056e-04],
       [  2.52293984e-04],
       [ -8.43262685e-03],
       [ -5.00481705e-01],
       [  2.00161242e-03],
       [ -9.48284008e-04],
       [ -5.00137309e-01],
       [ -5.00019740e-01],
       [ -5.00181868e-01],
       [ -5.00020811e-01],
       [ -5.00029821e-01],
       [ -5.00502191e-01],
       [ -7.81985905e-03],
       [ -5.00024421e-01],
       [ -5.00026910e-01],
       [ -4.99958308e-01],
       [ -5.00016171e-01],
       [ -5.00155429e-01],
       [ -5.00492633e-01],
       [ -5.00524853e-01],
       [ -5.00119273e-01],
       [ -5.00180663e-01],
       [ -5.00032664e-01],
       [ -4.99986017e-01],
       [ -5.00145057e-01],
       [ -5.00170086e-01],
       [ -5.00510714e-01],
       [ -9.62998628e-03],
       [ -4.99993514e-01],
       [  2.39735011e-03],
       [ -2.52274481e-03],
       [ -5.00507084e-01],
       [  6.76663075e-04],
       [ -5.00163800e-01],
       [ -5.00184873e-01],
       [ -5.00031475e-01],
       [ -4.99979640e-01]])
array([[-17.4571559 ],
       [-17.41592708],
       [-17.80268097],
       [ -0.37650072],
       [ -0.35735823],
       [ -1.07547045],
       [-16.53876147],
       [ -1.77721383],
       [ -0.39973306],
       [-17.79815713],
       [-17.41723502],
       [-17.70068171],
       [-15.13683337],
       [-17.34715845],
       [-16.47081405],
       [ -1.2095417 ],
       [-17.40122349],
       [-17.34697355],
       [-17.41622168],
       [-15.21574484],
       [-17.81060531],
       [-16.49359569],
       [-16.36094191],
       [-17.74299472],
       [-17.77608144],
       [-17.38024036],
       [-17.36806461],
       [-17.73136986],
       [-17.77607823],
       [-15.38202158],
       [ -1.17555178],
       [-15.31271657],
       [ -0.33133814],
       [  0.91783637],
       [-16.46479569],
       [ -0.35365125],
       [-17.7577911 ],
       [-17.70423487],
       [-18.60401268],
       [-17.39735783]])
<<<<<<<<<<< STEP 8 >>>>>>>>>>>> + array([[ -5.00000551e-01],
       [ -5.00007425e-01],
       [ -5.00133607e-01],
       [ -7.42176986e-04],
       [  2.92176398e-04],
       [ -8.32827916e-03],
       [ -5.00374262e-01],
       [  2.31301889e-03],
       [ -9.06065708e-04],
       [ -5.00105214e-01],
       [ -5.00013877e-01],
       [ -5.00140113e-01],
       [ -5.00019253e-01],
       [ -5.00021906e-01],
       [ -5.00390355e-01],
       [ -7.68134408e-03],
       [ -5.00017275e-01],
       [ -5.00019619e-01],
       [ -4.99965986e-01],
       [ -5.00015795e-01],
       [ -5.00119540e-01],
       [ -5.00382766e-01],
       [ -5.00407780e-01],
       [ -5.00091197e-01],
       [ -5.00138876e-01],
       [ -5.00023692e-01],
       [ -4.99987685e-01],
       [ -5.00111382e-01],
       [ -5.00130829e-01],
       [ -5.00396427e-01],
       [ -9.52232624e-03],
       [ -4.99997626e-01],
       [  2.42912405e-03],
       [ -2.60551858e-03],
       [ -5.00394184e-01],
       [  7.15151815e-04],
       [ -5.00126034e-01],
       [ -5.00142511e-01],
       [ -5.00022605e-01],
       [ -4.99982552e-01]])
array([[-17.95715645],
       [-17.9159345 ],
       [-18.30281458],
       [ -0.3772429 ],
       [ -0.35706605],
       [ -1.08379873],
       [-17.03913573],
       [ -1.77490081],
       [ -0.40063912],
       [-18.29826234],
       [-17.9172489 ],
       [-18.20082183],
       [-15.63685262],
       [-17.84718036],
       [-16.9712044 ],
       [ -1.21722304],
       [-17.90124076],
       [-17.84699317],
       [-17.91618766],
       [-15.71576063],
       [-18.31072485],
       [-16.99397845],
       [-16.86134969],
       [-18.24308592],
       [-18.27622032],
       [-17.88026405],
       [-17.8680523 ],
       [-18.23148124],
       [-18.27620906],
       [-15.882418  ],
       [ -1.1850741 ],
       [-15.81271419],
       [ -0.32890902],
       [  0.91523085],
       [-16.96518988],
       [ -0.3529361 ],
       [-18.25791713],
       [-18.20437738],
       [-19.10403528],
       [-17.89734038]])
<<<<<<<<<<< STEP 9 >>>>>>>>>>>> + array([[ -4.99999635e-01],
       [ -5.00004978e-01],
       [ -5.00102927e-01],
       [ -7.06793040e-04],
       [  3.22156755e-04],
       [ -8.25074870e-03],
       [ -5.00290852e-01],
       [  2.51003259e-03],
       [ -8.73768101e-04],
       [ -5.00080849e-01],
       [ -5.00009884e-01],
       [ -5.00108149e-01],
       [ -5.00017282e-01],
       [ -5.00016257e-01],
       [ -5.00303481e-01],
       [ -7.57452306e-03],
       [ -5.00012419e-01],
       [ -5.00014468e-01],
       [ -4.99972570e-01],
       [ -5.00014737e-01],
       [ -5.00092162e-01],
       [ -5.00297464e-01],
       [ -5.00316868e-01],
       [ -5.00069950e-01],
       [ -5.00107022e-01],
       [ -5.00017407e-01],
       [ -4.99989543e-01],
       [ -5.00085738e-01],
       [ -5.00100844e-01],
       [ -5.00307802e-01],
       [ -9.44419249e-03],
       [ -5.00000189e-01],
       [  2.45224144e-03],
       [ -2.65871580e-03],
       [ -5.00306480e-01],
       [  7.43783431e-04],
       [ -5.00097196e-01],
       [ -5.00110053e-01],
       [ -5.00016469e-01],
       [ -4.99985439e-01]])
array([[-18.45715609],
       [-18.41593948],
       [-18.80291751],
       [ -0.37794969],
       [ -0.35674389],
       [ -1.09204947],
       [-17.53942658],
       [ -1.77239078],
       [ -0.40151289],
       [-18.79834319],
       [-18.41725878],
       [-18.70092997],
       [-16.13686991],
       [-18.34719661],
       [-17.47150788],
       [ -1.22479756],
       [-18.40125318],
       [-18.34700764],
       [-18.41616023],
       [-16.21577537],
       [-18.81081702],
       [-17.49427592],
       [-17.36166656],
       [-18.74315587],
       [-18.77632734],
       [-18.38028146],
       [-18.36804184],
       [-18.73156698],
       [-18.7763099 ],
       [-16.38272581],
       [ -1.1945183 ],
       [-16.31271438],
       [ -0.32645678],
       [  0.91257213],
       [-17.46549636],
       [ -0.35219232],
       [-18.75801433],
       [-18.70448743],
       [-19.60405175],
       [-18.39732582]])
<<<<<<<<<<< STEP 10 >>>>>>>>>>>> + array([[ -4.99999253e-01],
       [ -5.00003399e-01],
       [ -5.00079463e-01],
       [ -6.78479748e-04],
       [  3.44446632e-04],
       [ -8.19443528e-03],
       [ -5.00226076e-01],
       [  2.61899563e-03],
       [ -8.49195112e-04],
       [ -5.00062269e-01],
       [ -5.00007125e-01],
       [ -5.00083605e-01],
       [ -5.00015184e-01],
       [ -5.00012172e-01],
       [ -5.00235981e-01],
       [ -7.49270018e-03],
       [ -5.00009063e-01],
       [ -5.00010777e-01],
       [ -4.99978064e-01],
       [ -5.00013334e-01],
       [ -5.00071195e-01],
       [ -5.00231215e-01],
       [ -5.00246256e-01],
       [ -5.00053792e-01],
       [ -5.00082641e-01],
       [ -5.00012935e-01],
       [ -4.99991329e-01],
       [ -5.00066131e-01],
       [ -5.00077864e-01],
       [ -5.00239049e-01],
       [ -9.38944029e-03],
       [ -5.00001701e-01],
       [  2.46863847e-03],
       [ -2.68907829e-03],
       [ -5.00238330e-01],
       [  7.64765423e-04],
       [ -5.00075092e-01],
       [ -5.00085111e-01],
       [ -5.00012154e-01],
       [ -4.99988066e-01]])
array([[-18.95715534],
       [-18.91594288],
       [-19.30299697],
       [ -0.37862817],
       [ -0.35639945],
       [ -1.10024391],
       [-18.03965266],
       [ -1.76977178],
       [ -0.40236208],
       [-19.29840546],
       [-18.91726591],
       [-19.20101358],
       [-16.63688509],
       [-18.84720879],
       [-17.97174386],
       [ -1.23229026],
       [-18.90126225],
       [-18.84701841],
       [-18.9161383 ],
       [-16.7157887 ],
       [-19.31088821],
       [-17.99450713],
       [-17.86191281],
       [-19.24320966],
       [-19.27640998],
       [-18.88029439],
       [-18.86803317],
       [-19.23163311],
       [-19.27638777],
       [-16.88296485],
       [ -1.20390774],
       [-16.81271608],
       [ -0.32398814],
       [  0.90988306],
       [-17.96573469],
       [ -0.35142755],
       [-19.25808942],
       [-19.20457254],
       [-20.10406391],
       [-18.89731389]])
<<<<<<<<<<< STEP 11 >>>>>>>>>>>> + array([[ -4.99999151e-01],
       [ -5.00002366e-01],
       [ -5.00061454e-01],
       [ -6.55698210e-04],
       [  3.60767790e-04],
       [ -8.15495157e-03],
       [ -5.00175756e-01],
       [  2.66041938e-03],
       [ -8.30635538e-04],
       [ -5.00048047e-01],
       [ -5.00005191e-01],
       [ -5.00064711e-01],
       [ -5.00013128e-01],
       [ -5.00009180e-01],
       [ -5.00183520e-01],
       [ -7.43062934e-03],
       [ -5.00006703e-01],
       [ -5.00008096e-01],
       [ -4.99982566e-01],
       [ -5.00011803e-01],
       [ -5.00055085e-01],
       [ -5.00179750e-01],
       [ -5.00191402e-01],
       [ -5.00041453e-01],
       [ -5.00063917e-01],
       [ -5.00009705e-01],
       [ -4.99992927e-01],
       [ -5.00051090e-01],
       [ -5.00060203e-01],
       [ -5.00185694e-01],
       [ -9.35325372e-03],
       [ -5.00002509e-01],
       [  2.47982113e-03],
       [ -2.70184839e-03],
       [ -5.00185361e-01],
       [  7.79815845e-04],
       [ -5.00058101e-01],
       [ -5.00065899e-01],
       [ -5.00009071e-01],
       [ -4.99990342e-01]])
array([[-19.45715449],
       [-19.41594524],
       [-19.80305842],
       [ -0.37928387],
       [ -0.35603868],
       [ -1.10839886],
       [-18.53982842],
       [ -1.76711137],
       [ -0.40319272],
       [-19.79845351],
       [-19.4172711 ],
       [-19.70107829],
       [-17.13689822],
       [-19.34721797],
       [-18.47192738],
       [ -1.23972089],
       [-19.40126895],
       [-19.34702651],
       [-19.41612086],
       [-17.21580051],
       [-19.8109433 ],
       [-18.49468688],
       [-18.36210422],
       [-19.74325111],
       [-19.7764739 ],
       [-19.3803041 ],
       [-19.3680261 ],
       [-19.7316842 ],
       [-19.77644797],
       [-17.38315055],
       [ -1.21326099],
       [-17.31271859],
       [ -0.32150832],
       [  0.90718121],
       [-18.46592005],
       [ -0.35064773],
       [-19.75814752],
       [-19.70463844],
       [-20.60407298],
       [-19.39730423]])
<<<<<<<<<<< STEP 12 >>>>>>>>>>>> + array([[ -4.99999189e-01],
       [ -5.00001678e-01],
       [ -5.00047592e-01],
       [ -6.37248435e-04],
       [  3.72460452e-04],
       [ -8.12886196e-03],
       [ -5.00136656e-01],
       [  2.65024852e-03],
       [ -8.16756156e-04],
       [ -5.00037129e-01],
       [ -5.00003819e-01],
       [ -5.00050137e-01],
       [ -5.00011210e-01],
       [ -5.00006967e-01],
       [ -5.00142740e-01],
       [ -7.38420206e-03],
       [ -5.00005015e-01],
       [ -5.00006125e-01],
       [ -4.99986208e-01],
       [ -5.00010277e-01],
       [ -5.00042674e-01],
       [ -5.00139759e-01],
       [ -5.00148783e-01],
       [ -5.00031998e-01],
       [ -5.00049499e-01],
       [ -5.00007342e-01],
       [ -4.99994296e-01],
       [ -5.00039522e-01],
       [ -5.00046599e-01],
       [ -5.00144277e-01],
       [ -9.33186017e-03],
       [ -5.00002858e-01],
       [  2.48696068e-03],
       [ -2.70110348e-03],
       [ -5.00144183e-01],
       [  7.90271620e-04],
       [ -5.00045007e-01],
       [ -5.00051071e-01],
       [ -5.00006835e-01],
       [ -4.99992256e-01]])
array([[-19.95715368],
       [-19.91594692],
       [-20.30310602],
       [ -0.37992112],
       [ -0.35566622],
       [ -1.11652772],
       [-19.03996507],
       [ -1.76446112],
       [ -0.40400948],
       [-20.29849064],
       [-19.91727492],
       [-20.20112843],
       [-17.63690943],
       [-19.84722493],
       [-18.97207012],
       [ -1.24710509],
       [-19.90127396],
       [-19.84703263],
       [-19.91610707],
       [-17.71581078],
       [-20.31098597],
       [-18.99482664],
       [-18.862253  ],
       [-20.24328311],
       [-20.2765234 ],
       [-19.88031144],
       [-19.8680204 ],
       [-20.23172372],
       [-20.27649457],
       [-17.88329482],
       [ -1.22259285],
       [-17.81272145],
       [ -0.31902136],
       [  0.9044801 ],
       [-18.96606423],
       [ -0.34985746],
       [-20.25819253],
       [-20.20468951],
       [-21.10407981],
       [-19.89729649]])
<<<<<<<<<<< STEP 13 >>>>>>>>>>>> + array([[ -4.99999285e-01],
       [ -5.00001212e-01],
       [ -5.00036897e-01],
       [ -6.22194680e-04],
       [  3.80567689e-04],
       [ -8.11347698e-03],
       [ -5.00106269e-01],
       [  2.60085929e-03],
       [ -8.06518351e-04],
       [ -5.00028727e-01],
       [ -5.00002832e-01],
       [ -5.00038877e-01],
       [ -5.00009479e-01],
       [ -5.00005314e-01],
       [ -5.00111034e-01],
       [ -7.35020175e-03],
       [ -5.00003790e-01],
       [ -5.00004662e-01],
       [ -4.99989128e-01],
       [ -5.00008834e-01],
       [ -5.00033094e-01],
       [ -5.00108679e-01],
       [ -5.00115665e-01],
       [ -5.00024733e-01],
       [ -5.00038374e-01],
       [ -5.00005592e-01],
       [ -4.99995439e-01],
       [ -5.00030606e-01],
       [ -5.00036102e-01],
       [ -5.00112117e-01],
       [ -9.32230558e-03],
       [ -5.00002916e-01],
       [  2.49096798e-03],
       [ -2.69001508e-03],
       [ -5.00112166e-01],
       [  7.97172908e-04],
       [ -5.00034897e-01],
       [ -5.00039610e-01],
       [ -5.00005191e-01],
       [ -4.99993832e-01]])
array([[-20.45715296],
       [-20.41594813],
       [-20.80314291],
       [ -0.38054332],
       [ -0.35528565],
       [ -1.1246412 ],
       [-19.54007134],
       [ -1.76186026],
       [ -0.404816  ],
       [-20.79851936],
       [-20.41727775],
       [-20.7011673 ],
       [-18.13691891],
       [-20.34723025],
       [-19.47218116],
       [ -1.2544553 ],
       [-20.40127775],
       [-20.3470373 ],
       [-20.4160962 ],
       [-18.21581962],
       [-20.81101906],
       [-19.49493532],
       [-19.36236866],
       [-20.74330784],
       [-20.77656177],
       [-20.38031703],
       [-20.36801583],
       [-20.73175433],
       [-20.77653067],
       [-18.38340694],
       [ -1.23191516],
       [-18.31272437],
       [ -0.31653039],
       [  0.90179009],
       [-19.4661764 ],
       [ -0.34906029],
       [-20.75822742],
       [-20.70472912],
       [-21.604085  ],
       [-20.39729032]])
<<<<<<<<<<< STEP 14 >>>>>>>>>>>> + array([[ -4.99999400e-01],
       [ -5.00000890e-01],
       [ -5.00028632e-01],
       [ -6.09807211e-04],
       [  3.85901158e-04],
       [ -8.10669190e-03],
       [ -5.00082649e-01],
       [  2.52184458e-03],
       [ -7.99113104e-04],
       [ -5.00022248e-01],
       [ -5.00002115e-01],
       [ -5.00030165e-01],
       [ -5.00007951e-01],
       [ -5.00004070e-01],
       [ -5.00086380e-01],
       [ -7.32611072e-03],
       [ -5.00002887e-01],
       [ -5.00003566e-01],
       [ -4.99991451e-01],
       [ -5.00007516e-01],
       [ -5.00025685e-01],
       [ -5.00084521e-01],
       [ -5.00089928e-01],
       [ -5.00019139e-01],
       [ -5.00029774e-01],
       [ -5.00004283e-01],
       [ -4.99996375e-01],
       [ -5.00023722e-01],
       [ -5.00027989e-01],
       [ -5.00087141e-01],
       [ -9.32227777e-03],
       [ -5.00002799e-01],
       [  2.49255129e-03],
       [ -2.67104982e-03],
       [ -5.00087268e-01],
       [  8.01328830e-04],
       [ -5.00027079e-01],
       [ -5.00030740e-01],
       [ -5.00003969e-01],
       [ -4.99995111e-01]])
array([[-20.95715236],
       [-20.91594902],
       [-21.30317155],
       [ -0.38115312],
       [ -0.35489975],
       [ -1.13274789],
       [-20.04015399],
       [ -1.75933841],
       [ -0.40561511],
       [-21.29854161],
       [-20.91727986],
       [-21.20119747],
       [-18.63692686],
       [-20.84723432],
       [-19.97226754],
       [ -1.26178141],
       [-20.90128064],
       [-20.84704086],
       [-20.91608765],
       [-18.71582713],
       [-21.31104475],
       [-19.99501984],
       [-19.86245859],
       [-21.24332698],
       [-21.27659154],
       [-20.88032132],
       [-20.86801221],
       [-21.23177805],
       [-21.27655866],
       [-18.88349408],
       [ -1.24123743],
       [-18.81272716],
       [ -0.31403784],
       [  0.89911904],
       [-19.96626367],
       [ -0.34825896],
       [-21.2582545 ],
       [-21.20475986],
       [-22.10408897],
       [-20.89728543]])
<<<<<<<<<<< STEP 15 >>>>>>>>>>>> + array([[ -4.99999511e-01],
       [ -5.00000663e-01],
       [ -5.00022234e-01],
       [ -5.99516876e-04],
       [  3.89092318e-04],
       [ -8.10685999e-03],
       [ -5.00064286e-01],
       [  2.42062929e-03],
       [ -7.93910316e-04],
       [ -5.00017245e-01],
       [ -5.00001589e-01],
       [ -5.00023419e-01],
       [ -5.00006625e-01],
       [ -5.00003127e-01],
       [ -5.00067207e-01],
       [ -7.30995858e-03],
       [ -5.00002215e-01],
       [ -5.00002738e-01],
       [ -4.99993292e-01],
       [ -5.00006342e-01],
       [ -5.00019949e-01],
       [ -5.00065739e-01],
       [ -5.00069924e-01],
       [ -5.00014824e-01],
       [ -5.00023117e-01],
       [ -5.00003294e-01],
       [ -4.99997132e-01],
       [ -5.00018399e-01],
       [ -5.00021713e-01],
       [ -5.00067739e-01],
       [ -9.32996758e-03],
       [ -5.00002583e-01],
       [  2.49226129e-03],
       [ -2.64612552e-03],
       [ -5.00067903e-01],
       [  8.03368646e-04],
       [ -5.00021026e-01],
       [ -5.00023868e-01],
       [ -5.00003051e-01],
       [ -4.99996140e-01]])
array([[-21.45715188],
       [-21.41594969],
       [-21.80319378],
       [ -0.38175264],
       [ -0.35451066],
       [ -1.14085475],
       [-20.54021828],
       [ -1.75691778],
       [ -0.40640902],
       [-21.79855886],
       [-21.41728145],
       [-21.70122089],
       [-19.13693348],
       [-21.34723744],
       [-20.47233474],
       [ -1.26909137],
       [-21.40128286],
       [-21.3470436 ],
       [-21.41608094],
       [-19.21583348],
       [-21.8110647 ],
       [-20.49508558],
       [-20.36252851],
       [-21.74334181],
       [-21.77661466],
       [-21.38032461],
       [-21.36800934],
       [-21.73179645],
       [-21.77658037],
       [-19.38356182],
       [ -1.2505674 ],
       [-19.31272975],
       [ -0.31154558],
       [  0.89647291],
       [-20.46633157],
       [ -0.34745559],
       [-21.75827553],
       [-21.70478373],
       [-22.60409202],
       [-21.39728157]])
<<<<<<<<<<< STEP 16 >>>>>>>>>>>> + array([[ -4.99999610e-01],
       [ -5.00000501e-01],
       [ -5.00017275e-01],
       [ -5.90879689e-04],
       [  3.90632318e-04],
       [ -8.11269320e-03],
       [ -5.00050007e-01],
       [  2.30295156e-03],
       [ -7.90419304e-04],
       [ -5.00013375e-01],
       [ -5.00001199e-01],
       [ -5.00018189e-01],
       [ -5.00005489e-01],
       [ -5.00002409e-01],
       [ -5.00052294e-01],
       [ -7.30020346e-03],
       [ -5.00001708e-01],
       [ -5.00002109e-01],
       [ -4.99994745e-01],
       [ -5.00005314e-01],
       [ -5.00015502e-01],
       [ -5.00051136e-01],
       [ -5.00054374e-01],
       [ -5.00011490e-01],
       [ -5.00017959e-01],
       [ -5.00002543e-01],
       [ -4.99997739e-01],
       [ -5.00014279e-01],
       [ -5.00016852e-01],
       [ -5.00052665e-01],
       [ -9.34396003e-03],
       [ -5.00002321e-01],
       [  2.49052609e-03],
       [ -2.61673263e-03],
       [ -5.00052840e-01],
       [  8.03781601e-04],
       [ -5.00016334e-01],
       [ -5.00018541e-01],
       [ -5.00002355e-01],
       [ -4.99996962e-01]])
array([[-21.95715149],
       [-21.91595019],
       [-22.30321105],
       [ -0.38234352],
       [ -0.35412002],
       [ -1.14896745],
       [-21.04026828],
       [ -1.75461483],
       [ -0.40719944],
       [-22.29857223],
       [-21.91728265],
       [-22.20123908],
       [-19.63693897],
       [-21.84723985],
       [-20.97238704],
       [ -1.27639157],
       [-21.90128456],
       [-21.84704571],
       [-21.91607569],
       [-19.71583879],
       [-22.3110802 ],
       [-20.99513672],
       [-20.86258289],
       [-22.2433533 ],
       [-22.27663262],
       [-21.88032715],
       [-21.86800708],
       [-22.23181073],
       [-22.27659723],
       [-19.88361449],
       [ -1.25991136],
       [-19.81273207],
       [ -0.30905505],
       [  0.89385618],
       [-20.96638441],
       [ -0.34665181],
       [-22.25829186],
       [-22.20480227],
       [-23.10409438],
       [-21.89727853]])
<<<<<<<<<<< STEP 17 >>>>>>>>>>>> + array([[ -4.99999694e-01],
       [ -5.00000382e-01],
       [ -5.00013429e-01],
       [ -5.83549223e-04],
       [  3.90903067e-04],
       [ -8.12318430e-03],
       [ -5.00038904e-01],
       [  2.17323834e-03],
       [ -7.88258014e-04],
       [ -5.00010380e-01],
       [ -5.00000909e-01],
       [ -5.00014133e-01],
       [ -5.00004526e-01],
       [ -5.00001860e-01],
       [ -5.00040694e-01],
       [ -7.29563886e-03],
       [ -5.00001323e-01],
       [ -5.00001629e-01],
       [ -4.99995887e-01],
       [ -5.00004426e-01],
       [ -5.00012052e-01],
       [ -5.00039781e-01],
       [ -5.00042286e-01],
       [ -5.00008911e-01],
       [ -5.00013958e-01],
       [ -5.00001969e-01],
       [ -4.99998223e-01],
       [ -5.00011086e-01],
       [ -5.00013085e-01],
       [ -5.00040951e-01],
       [ -9.36314891e-03],
       [ -5.00002044e-01],
       [  2.48767846e-03],
       [ -2.58402864e-03],
       [ -5.00041122e-01],
       [  8.02947964e-04],
       [ -5.00012695e-01],
       [ -5.00014407e-01],
       [ -5.00001824e-01],
       [ -4.99997613e-01]])
array([[-22.45715118],
       [-22.41595057],
       [-22.80322448],
       [ -0.38292707],
       [ -0.35372912],
       [ -1.15709063],
       [-21.54030719],
       [ -1.75244159],
       [ -0.4079877 ],
       [-22.79858261],
       [-22.41728356],
       [-22.70125321],
       [-20.1369435 ],
       [-22.34724171],
       [-21.47242773],
       [ -1.28368721],
       [-22.40128589],
       [-22.34704734],
       [-22.41607157],
       [-20.21584322],
       [-22.81109225],
       [-21.4951765 ],
       [-21.36262517],
       [-22.74336221],
       [-22.77664658],
       [-22.38032912],
       [-22.3680053 ],
       [-22.73182181],
       [-22.77661031],
       [-20.38365544],
       [ -1.26927451],
       [-20.31273411],
       [ -0.30656737],
       [  0.89127215],
       [-21.46642553],
       [ -0.34584886],
       [-22.75830456],
       [-22.70481668],
       [-23.6040962 ],
       [-22.39727615]])
<<<<<<<<<<< STEP 18 >>>>>>>>>>>> + array([[ -4.99999762e-01],
       [ -5.00000294e-01],
       [ -5.00010444e-01],
       [ -5.77255083e-04],
       [  3.90201425e-04],
       [ -8.13754590e-03],
       [ -5.00030268e-01],
       [  2.03489815e-03],
       [ -7.87129026e-04],
       [ -5.00008059e-01],
       [ -5.00000691e-01],
       [ -5.00010984e-01],
       [ -5.00003717e-01],
       [ -5.00001438e-01],
       [ -5.00031669e-01],
       [ -7.29532078e-03],
       [ -5.00001028e-01],
       [ -5.00001260e-01],
       [ -4.99996785e-01],
       [ -5.00003668e-01],
       [ -5.00009373e-01],
       [ -5.00030949e-01],
       [ -5.00032887e-01],
       [ -5.00006915e-01],
       [ -5.00010852e-01],
       [ -5.00001528e-01],
       [ -4.99998605e-01],
       [ -5.00008611e-01],
       [ -5.00010163e-01],
       [ -5.00031846e-01],
       [ -9.38666994e-03],
       [ -5.00001773e-01],
       [  2.48397700e-03],
       [ -2.54891164e-03],
       [ -5.00032006e-01],
       [  8.01163181e-04],
       [ -5.00009870e-01],
       [ -5.00011198e-01],
       [ -5.00001416e-01],
       [ -4.99998129e-01]])
array([[-22.95715094],
       [-22.91595086],
       [-23.30323493],
       [ -0.38350432],
       [ -0.35333892],
       [ -1.16522818],
       [-22.04033746],
       [ -1.7504067 ],
       [ -0.40877482],
       [-23.29859067],
       [-22.91728425],
       [-23.20126419],
       [-20.63694722],
       [-22.84724315],
       [-21.9724594 ],
       [ -1.29098253],
       [-22.90128691],
       [-22.8470486 ],
       [-22.91606836],
       [-20.71584688],
       [-23.31110162],
       [-21.99520745],
       [-21.86265806],
       [-23.24336912],
       [-23.27665743],
       [-22.88033065],
       [-22.86800391],
       [-23.23183042],
       [-23.27662047],
       [-20.88368728],
       [ -1.27866118],
       [-20.81273589],
       [ -0.3040834 ],
       [  0.88872324],
       [-21.96645754],
       [ -0.3450477 ],
       [-23.25831443],
       [-23.20482788],
       [-24.10409762],
       [-22.89727427]])
<<<<<<<<<<< STEP 19 >>>>>>>>>>>> + array([[ -4.99999817e-01],
       [ -5.00000228e-01],
       [ -5.00008124e-01],
       [ -5.71786142e-04],
       [  3.88758045e-04],
       [ -8.15516277e-03],
       [ -5.00023552e-01],
       [  1.89054897e-03],
       [ -7.86800859e-04],
       [ -5.00006259e-01],
       [ -5.00000527e-01],
       [ -5.00008540e-01],
       [ -5.00003041e-01],
       [ -5.00001114e-01],
       [ -5.00024648e-01],
       [ -7.29851059e-03],
       [ -5.00000801e-01],
       [ -5.00000977e-01],
       [ -4.99997488e-01],
       [ -5.00003027e-01],
       [ -5.00007292e-01],
       [ -5.00024080e-01],
       [ -5.00025580e-01],
       [ -5.00005368e-01],
       [ -5.00008440e-01],
       [ -5.00001188e-01],
       [ -4.99998907e-01],
       [ -5.00006691e-01],
       [ -5.00007896e-01],
       [ -5.00024769e-01],
       [ -9.41384832e-03],
       [ -5.00001519e-01],
       [  2.47962265e-03],
       [ -2.51207758e-03],
       [ -5.00024912e-01],
       [  7.98656684e-04],
       [ -5.00007676e-01],
       [ -5.00008707e-01],
       [ -5.00001102e-01],
       [ -4.99998535e-01]])
array([[-23.45715076],
       [-23.41595109],
       [-23.80324305],
       [ -0.38407611],
       [ -0.35295016],
       [ -1.17338334],
       [-22.54036101],
       [ -1.74851615],
       [ -0.40956163],
       [-23.79859693],
       [-23.41728478],
       [-23.70127273],
       [-21.13695026],
       [-23.34724427],
       [-22.47248405],
       [ -1.29828104],
       [-23.40128771],
       [-23.34704957],
       [-23.41606585],
       [-21.21584991],
       [-23.81110892],
       [-22.49523153],
       [-22.36268364],
       [-23.74337449],
       [-23.77666587],
       [-23.38033184],
       [-23.36800282],
       [-23.73183711],
       [-23.77662837],
       [-21.38371205],
       [ -1.28807503],
       [-21.3127374 ],
       [ -0.30160377],
       [  0.88621116],
       [-22.46648245],
       [ -0.34424904],
       [-23.7583221 ],
       [-23.70483658],
       [-24.60409872],
       [-23.39727281]])
<<<<<<<<<<< STEP 20 >>>>>>>>>>>> + array([[ -4.99999860e-01],
       [ -5.00000178e-01],
       [ -5.00006322e-01],
       [ -5.66977460e-04],
       [  3.86752046e-04],
       [ -8.17555443e-03],
       [ -5.00018327e-01],
       [  1.74219558e-03],
       [ -7.87093403e-04],
       [ -5.00004863e-01],
       [ -5.00000402e-01],
       [ -5.00006641e-01],
       [ -5.00002480e-01],
       [ -5.00000863e-01],
       [ -5.00019185e-01],
       [ -7.30463041e-03],
       [ -5.00000625e-01],
       [ -5.00000758e-01],
       [ -4.99998038e-01],
       [ -5.00002488e-01],
       [ -5.00005674e-01],
       [ -5.00018737e-01],
       [ -5.00019898e-01],
       [ -5.00004169e-01],
       [ -5.00006566e-01],
       [ -5.00000924e-01],
       [ -4.99999145e-01],
       [ -5.00005201e-01],
       [ -5.00006136e-01],
       [ -5.00019267e-01],
       [ -9.44415772e-03],
       [ -5.00001290e-01],
       [  2.47477151e-03],
       [ -2.47406496e-03],
       [ -5.00019392e-01],
       [  7.95606534e-04],
       [ -5.00005971e-01],
       [ -5.00006771e-01],
       [ -5.00000859e-01],
       [ -4.99998854e-01]])
array([[-23.95715062],
       [-23.91595127],
       [-24.30324937],
       [ -0.38464309],
       [ -0.35256341],
       [ -1.18155889],
       [-23.04037933],
       [ -1.74677395],
       [ -0.41034872],
       [-24.29860179],
       [-23.91728518],
       [-24.20127938],
       [-21.63695274],
       [-23.84724513],
       [-22.97250323],
       [ -1.30558567],
       [-23.90128834],
       [-23.84705033],
       [-23.91606388],
       [-21.7158524 ],
       [-24.31111459],
       [-22.99525026],
       [-22.86270354],
       [-24.24337866],
       [-24.27667244],
       [-23.88033276],
       [-23.86800196],
       [-24.23184232],
       [-24.27663451],
       [-21.88373132],
       [ -1.29751919],
       [-21.81273869],
       [ -0.299129  ],
       [  0.8837371 ],
       [-22.96650184],
       [ -0.34345344],
       [-24.25832807],
       [-24.20484336],
       [-25.10409958],
       [-23.89727166]])
<<<<<<<<<<< STEP 21 >>>>>>>>>>>> + array([[ -4.99999894e-01],
       [ -5.00000139e-01],
       [ -5.00004921e-01],
       [ -5.62700104e-04],
       [  3.84322429e-04],
       [ -8.19834598e-03],
       [ -5.00014262e-01],
       [  1.59136732e-03],
       [ -7.87866566e-04],
       [ -5.00003780e-01],
       [ -5.00000308e-01],
       [ -5.00005165e-01],
       [ -5.00002017e-01],
       [ -5.00000670e-01],
       [ -5.00014934e-01],
       [ -7.31322816e-03],
       [ -5.00000489e-01],
       [ -5.00000589e-01],
       [ -4.99998469e-01],
       [ -5.00002039e-01],
       [ -5.00004417e-01],
       [ -5.00014581e-01],
       [ -5.00015479e-01],
       [ -5.00003239e-01],
       [ -5.00005109e-01],
       [ -5.00000720e-01],
       [ -4.99999331e-01],
       [ -5.00004043e-01],
       [ -5.00004770e-01],
       [ -5.00014989e-01],
       [ -9.47718819e-03],
       [ -5.00001086e-01],
       [  2.46954478e-03],
       [ -2.43528959e-03],
       [ -5.00015096e-01],
       [  7.92150820e-04],
       [ -5.00004646e-01],
       [ -5.00005266e-01],
       [ -5.00000671e-01],
       [ -4.99999104e-01]])
array([[-24.45715051],
       [-24.41595141],
       [-24.80325429],
       [ -0.38520579],
       [ -0.35217909],
       [ -1.18975724],
       [-23.5403936 ],
       [ -1.74518258],
       [ -0.41113659],
       [-24.79860557],
       [-24.41728549],
       [-24.70128454],
       [-22.13695475],
       [-24.3472458 ],
       [-23.47251817],
       [ -1.3128989 ],
       [-24.40128883],
       [-24.34705092],
       [-24.41606235],
       [-22.21585444],
       [-24.81111901],
       [-23.49526485],
       [-23.36271902],
       [-24.7433819 ],
       [-24.77667755],
       [-24.38033348],
       [-24.36800129],
       [-24.73184636],
       [-24.77663928],
       [-22.38374631],
       [ -1.30699637],
       [-22.31273978],
       [ -0.29665946],
       [  0.88130181],
       [-23.46651694],
       [ -0.34266129],
       [-24.75833272],
       [-24.70484862],
       [-25.60410025],
       [-24.39727077]])
<<<<<<<<<<< STEP 22 >>>>>>>>>>>> + array([[ -4.99999919e-01],
       [ -5.00000109e-01],
       [ -5.00003831e-01],
       [ -5.58853209e-04],
       [  3.81576981e-04],
       [ -8.22324523e-03],
       [ -5.00011100e-01],
       [  1.43922524e-03],
       [ -7.89011433e-04],
       [ -5.00002938e-01],
       [ -5.00000236e-01],
       [ -5.00004018e-01],
       [ -5.00001636e-01],
       [ -5.00000520e-01],
       [ -5.00011625e-01],
       [ -7.32395022e-03],
       [ -5.00000383e-01],
       [ -5.00000458e-01],
       [ -4.99998805e-01],
       [ -5.00001666e-01],
       [ -5.00003438e-01],
       [ -5.00011348e-01],
       [ -5.00012042e-01],
       [ -5.00002517e-01],
       [ -5.00003976e-01],
       [ -5.00000562e-01],
       [ -4.99999478e-01],
       [ -5.00003144e-01],
       [ -5.00003708e-01],
       [ -5.00011662e-01],
       [ -9.51262098e-03],
       [ -5.00000908e-01],
       [  2.46403653e-03],
       [ -2.39607173e-03],
       [ -5.00011753e-01],
       [  7.88396528e-04],
       [ -5.00003616e-01],
       [ -5.00004097e-01],
       [ -5.00000524e-01],
       [ -4.99999300e-01]])
array([[-24.95715043],
       [-24.91595152],
       [-25.30325812],
       [ -0.38576464],
       [ -0.35179751],
       [ -1.19798048],
       [-24.0404047 ],
       [ -1.74374336],
       [ -0.4119256 ],
       [-25.29860851],
       [-24.91728572],
       [-25.20128856],
       [-22.63695639],
       [-24.84724632],
       [-23.97252979],
       [ -1.32022285],
       [-24.90128921],
       [-24.84705138],
       [-24.91606116],
       [-22.7158561 ],
       [-25.31112244],
       [-23.99527619],
       [-23.86273106],
       [-25.24338442],
       [-25.27668152],
       [-24.88033405],
       [-24.86800077],
       [-25.2318495 ],
       [-25.27664298],
       [-22.88375797],
       [ -1.316509  ],
       [-22.81274069],
       [ -0.29419542],
       [  0.87890574],
       [-23.96652869],
       [ -0.34187289],
       [-25.25833634],
       [-25.20485272],
       [-26.10410077],
       [-24.89727007]])
<<<<<<<<<<< STEP 23 >>>>>>>>>>>> + array([[ -4.99999939e-01],
       [ -5.00000086e-01],
       [ -5.00002983e-01],
       [ -5.55357793e-04],
       [  3.78599192e-04],
       [ -8.25002481e-03],
       [ -5.00008639e-01],
       [  1.28664528e-03],
       [ -7.90443373e-04],
       [ -5.00002285e-01],
       [ -5.00000181e-01],
       [ -5.00003126e-01],
       [ -5.00001324e-01],
       [ -5.00000404e-01],
       [ -5.00009050e-01],
       [ -7.33652009e-03],
       [ -5.00000300e-01],
       [ -5.00000356e-01],
       [ -4.99999068e-01],
       [ -5.00001357e-01],
       [ -5.00002677e-01],
       [ -5.00008832e-01],
       [ -5.00009369e-01],
       [ -5.00001956e-01],
       [ -5.00003095e-01],
       [ -5.00000438e-01],
       [ -4.99999592e-01],
       [ -5.00002445e-01],
       [ -5.00002883e-01],
       [ -5.00009075e-01],
       [ -9.55020891e-03],
       [ -5.00000755e-01],
       [  2.45831978e-03],
       [ -2.35665719e-03],
       [ -5.00009150e-01],
       [  7.84426453e-04],
       [ -5.00002814e-01],
       [ -5.00003187e-01],
       [ -5.00000409e-01],
       [ -4.99999453e-01]])
array([[-25.45715037],
       [-25.4159516 ],
       [-25.80326111],
       [ -0.38632   ],
       [ -0.35141891],
       [ -1.20623051],
       [-24.54041334],
       [ -1.74245671],
       [ -0.41271604],
       [-25.7986108 ],
       [-25.4172859 ],
       [-25.70129169],
       [-23.13695771],
       [-25.34724672],
       [-24.47253884],
       [ -1.32755937],
       [-25.40128951],
       [-25.34705174],
       [-25.41606023],
       [-23.21585746],
       [-25.81112512],
       [-24.49528503],
       [-24.36274043],
       [-25.74338637],
       [-25.77668462],
       [-25.38033448],
       [-25.36800036],
       [-25.73185195],
       [-25.77664587],
       [-23.38376705],
       [ -1.3260592 ],
       [-23.31274144],
       [ -0.2917371 ],
       [  0.87654908],
       [-24.46653784],
       [ -0.34108846],
       [-25.75833915],
       [-25.70485591],
       [-26.60410118],
       [-25.39726952]])
<<<<<<<<<<< STEP 24 >>>>>>>>>>>> + array([[ -4.99999954e-01],
       [ -5.00000068e-01],
       [ -5.00002323e-01],
       [ -5.52151936e-04],
       [  3.75453653e-04],
       [ -8.27850817e-03],
       [ -5.00006725e-01],
       [  1.13428279e-03],
       [ -7.92096668e-04],
       [ -5.00001777e-01],
       [ -5.00000139e-01],
       [ -5.00002433e-01],
       [ -5.00001069e-01],
       [ -5.00000314e-01],
       [ -5.00007046e-01],
       [ -7.35072165e-03],
       [ -5.00000235e-01],
       [ -5.00000278e-01],
       [ -4.99999273e-01],
       [ -5.00001103e-01],
       [ -5.00002085e-01],
       [ -5.00006874e-01],
       [ -5.00007290e-01],
       [ -5.00001521e-01],
       [ -5.00002410e-01],
       [ -5.00000342e-01],
       [ -4.99999682e-01],
       [ -5.00001902e-01],
       [ -5.00002242e-01],
       [ -5.00007062e-01],
       [ -9.58976098e-03],
       [ -5.00000625e-01],
       [  2.45245110e-03],
       [ -2.31723391e-03],
       [ -5.00007125e-01],
       [  7.80304571e-04],
       [ -5.00002191e-01],
       [ -5.00002480e-01],
       [ -5.00000320e-01],
       [ -4.99999573e-01]])
array([[-25.95715032],
       [-25.91595167],
       [-26.30326343],
       [ -0.38687215],
       [ -0.35104346],
       [ -1.21450902],
       [-25.04042006],
       [ -1.74132243],
       [ -0.41350814],
       [-26.29861257],
       [-25.91728604],
       [-26.20129412],
       [-23.63695878],
       [-25.84724704],
       [-24.97254589],
       [ -1.33491009],
       [-25.90128975],
       [-25.84705201],
       [-25.9160595 ],
       [-23.71585856],
       [-26.31112721],
       [-24.9952919 ],
       [-24.86274772],
       [-26.24338789],
       [-26.27668703],
       [-25.88033483],
       [-25.86800004],
       [-26.23185385],
       [-26.27664811],
       [-23.88377411],
       [ -1.33564896],
       [-23.81274207],
       [ -0.28928465],
       [  0.87423185],
       [-24.96654496],
       [ -0.34030816],
       [-26.25834134],
       [-26.20485839],
       [-27.1041015 ],
       [-25.89726909]])
<<<<<<<<<<< STEP 25 >>>>>>>>>>>> + array([[ -4.99999966e-01],
       [ -5.00000054e-01],
       [ -5.00001809e-01],
       [ -5.49187025e-04],
       [  3.72190247e-04],
       [ -8.30855870e-03],
       [ -5.00005235e-01],
       [  9.82622720e-04],
       [ -7.93920339e-04],
       [ -5.00001382e-01],
       [ -5.00000106e-01],
       [ -5.00001894e-01],
       [ -5.00000862e-01],
       [ -5.00000244e-01],
       [ -5.00005486e-01],
       [ -7.36638613e-03],
       [ -5.00000184e-01],
       [ -5.00000216e-01],
       [ -4.99999433e-01],
       [ -5.00000895e-01],
       [ -5.00001624e-01],
       [ -5.00005351e-01],
       [ -5.00005672e-01],
       [ -5.00001183e-01],
       [ -5.00001876e-01],
       [ -5.00000267e-01],
       [ -4.99999752e-01],
       [ -5.00001480e-01],
       [ -5.00001744e-01],
       [ -5.00005497e-01],
       [ -9.63113031e-03],
       [ -5.00000515e-01],
       [  2.44647434e-03],
       [ -2.27794471e-03],
       [ -5.00005548e-01],
       [  7.76080224e-04],
       [ -5.00001706e-01],
       [ -5.00001930e-01],
       [ -5.00000251e-01],
       [ -4.99999667e-01]])
array([[-26.45715029],
       [-26.41595172],
       [-26.80326524],
       [ -0.38742134],
       [ -0.35067127],
       [ -1.22281758],
       [-25.54042529],
       [ -1.74033981],
       [ -0.41430206],
       [-26.79861396],
       [-26.41728615],
       [-26.70129601],
       [-24.13695965],
       [-26.34724728],
       [-25.47255138],
       [ -1.34227648],
       [-26.40128993],
       [-26.34705223],
       [-26.41605893],
       [-24.21585946],
       [-26.81112883],
       [-25.49529725],
       [-25.36275339],
       [-26.74338908],
       [-26.7766889 ],
       [-26.38033509],
       [-26.36799979],
       [-26.73185533],
       [-26.77664985],
       [-24.38377961],
       [ -1.3452801 ],
       [-24.31274258],
       [ -0.28683817],
       [  0.8719539 ],
       [-25.46655051],
       [ -0.33953208],
       [-26.75834305],
       [-26.70486032],
       [-27.60410175],
       [-26.39726876]])
<<<<<<<<<<< STEP 26 >>>>>>>>>>>> + array([[ -4.99999975e-01],
       [ -5.00000042e-01],
       [ -5.00001409e-01],
       [ -5.46424828e-04],
       [  3.68847422e-04],
       [ -8.34007114e-03],
       [ -5.00004075e-01],
       [  8.32018447e-04],
       [ -7.95874878e-04],
       [ -5.00001075e-01],
       [ -5.00000082e-01],
       [ -5.00001474e-01],
       [ -5.00000694e-01],
       [ -5.00000190e-01],
       [ -5.00004272e-01],
       [ -7.38338184e-03],
       [ -5.00000145e-01],
       [ -5.00000168e-01],
       [ -4.99999558e-01],
       [ -5.00000724e-01],
       [ -5.00001265e-01],
       [ -5.00004165e-01],
       [ -5.00004414e-01],
       [ -5.00000920e-01],
       [ -5.00001461e-01],
       [ -5.00000209e-01],
       [ -4.99999806e-01],
       [ -5.00001152e-01],
       [ -5.00001357e-01],
       [ -5.00004279e-01],
       [ -9.67420476e-03],
       [ -5.00000423e-01],
       [  2.44042343e-03],
       [ -2.23889739e-03],
       [ -5.00004320e-01],
       [  7.71791378e-04],
       [ -5.00001328e-01],
       [ -5.00001502e-01],
       [ -5.00000196e-01],
       [ -4.99999740e-01]])
array([[-26.95715027],
       [-26.91595177],
       [-27.30326665],
       [ -0.38796776],
       [ -0.35030242],
       [ -1.23115765],
       [-26.04042937],
       [ -1.73950779],
       [ -0.41509793],
       [-27.29861503],
       [-26.91728623],
       [-27.20129749],
       [-24.63696034],
       [-26.84724747],
       [-25.97255565],
       [ -1.34965986],
       [-26.90129007],
       [-26.8470524 ],
       [-26.91605849],
       [-24.71586018],
       [-27.3111301 ],
       [-25.99530142],
       [-25.8627578 ],
       [-27.24339   ],
       [-27.27669036],
       [-26.8803353 ],
       [-26.8679996 ],
       [-27.23185648],
       [-27.27665121],
       [-24.88378388],
       [ -1.3549543 ],
       [-24.81274301],
       [ -0.28439775],
       [  0.869715  ],
       [-25.96655483],
       [ -0.33876029],
       [-27.25834438],
       [-27.20486182],
       [-28.10410195],
       [-26.8972685 ]])
<<<<<<<<<<< STEP 27 >>>>>>>>>>>> + array([[ -4.99999981e-01],
       [ -5.00000034e-01],
       [ -5.00001098e-01],
       [ -5.43835214e-04],
       [  3.65454734e-04],
       [ -8.37296493e-03],
       [ -5.00003172e-01],
       [  6.82721973e-04],
       [ -7.97929718e-04],
       [ -5.00000837e-01],
       [ -5.00000063e-01],
       [ -5.00001147e-01],
       [ -5.00000558e-01],
       [ -5.00000147e-01],
       [ -5.00003327e-01],
       [ -7.40160626e-03],
       [ -5.00000113e-01],
       [ -5.00000131e-01],
       [ -4.99999655e-01],
       [ -5.00000585e-01],
       [ -5.00000986e-01],
       [ -5.00003243e-01],
       [ -5.00003435e-01],
       [ -5.00000715e-01],
       [ -5.00001138e-01],
       [ -5.00000163e-01],
       [ -4.99999849e-01],
       [ -5.00000896e-01],
       [ -5.00001056e-01],
       [ -5.00003331e-01],
       [ -9.71889951e-03],
       [ -5.00000346e-01],
       [  2.43432460e-03],
       [ -2.20017249e-03],
       [ -5.00003364e-01],
       [  7.67467154e-04],
       [ -5.00001035e-01],
       [ -5.00001170e-01],
       [ -5.00000154e-01],
       [ -4.99999798e-01]])
array([[-27.45715025],
       [-27.4159518 ],
       [-27.80326775],
       [ -0.3885116 ],
       [ -0.34993696],
       [ -1.23953061],
       [-26.54043254],
       [ -1.73882507],
       [ -0.41589586],
       [-27.79861587],
       [-27.41728629],
       [-27.70129863],
       [-25.1369609 ],
       [-27.34724762],
       [-26.47255897],
       [ -1.35706146],
       [-27.40129019],
       [-27.34705253],
       [-27.41605814],
       [-25.21586077],
       [-27.81113108],
       [-26.49530466],
       [-26.36276124],
       [-27.74339071],
       [-27.7766915 ],
       [-27.38033547],
       [-27.36799945],
       [-27.73185738],
       [-27.77665227],
       [-25.38378721],
       [ -1.3646732 ],
       [-25.31274335],
       [ -0.28196343],
       [  0.86751483],
       [-26.4665582 ],
       [ -0.33799282],
       [-27.75834541],
       [-27.70486299],
       [-28.6041021 ],
       [-27.3972683 ]])
<<<<<<<<<<< STEP 28 >>>>>>>>>>>> + array([[ -4.99999986e-01],
       [ -5.00000027e-01],
       [ -5.00000855e-01],
       [ -5.41394372e-04],
       [  3.62034823e-04],
       [ -8.40717894e-03],
       [ -5.00002470e-01],
       [  5.34907298e-04],
       [ -8.00061250e-04],
       [ -5.00000651e-01],
       [ -5.00000048e-01],
       [ -5.00000893e-01],
       [ -5.00000447e-01],
       [ -5.00000115e-01],
       [ -5.00002591e-01],
       [ -7.42097975e-03],
       [ -5.00000089e-01],
       [ -5.00000102e-01],
       [ -4.99999731e-01],
       [ -5.00000472e-01],
       [ -5.00000768e-01],
       [ -5.00002524e-01],
       [ -5.00002673e-01],
       [ -5.00000557e-01],
       [ -5.00000886e-01],
       [ -5.00000127e-01],
       [ -4.99999882e-01],
       [ -5.00000698e-01],
       [ -5.00000821e-01],
       [ -5.00002593e-01],
       [ -9.76515140e-03],
       [ -5.00000282e-01],
       [  2.42819808e-03],
       [ -2.16182942e-03],
       [ -5.00002620e-01],
       [  7.63129806e-04],
       [ -5.00000806e-01],
       [ -5.00000911e-01],
       [ -5.00000120e-01],
       [ -4.99999842e-01]])
array([[-27.95715023],
       [-27.91595183],
       [-28.3032686 ],
       [ -0.38905299],
       [ -0.34957493],
       [ -1.24793779],
       [-27.04043501],
       [ -1.73829016],
       [ -0.41669592],
       [-28.29861652],
       [-27.91728634],
       [-28.20129953],
       [-25.63696134],
       [-27.84724773],
       [-26.97256156],
       [ -1.36448244],
       [-27.90129028],
       [-27.84705263],
       [-27.91605788],
       [-25.71586124],
       [-28.31113185],
       [-26.99530718],
       [-26.86276391],
       [-28.24339127],
       [-28.27669239],
       [-27.88033559],
       [-27.86799933],
       [-28.23185808],
       [-28.27665309],
       [-25.88378981],
       [ -1.37443835],
       [-25.81274363],
       [ -0.27953523],
       [  0.865353  ],
       [-26.96656082],
       [ -0.33722969],
       [-28.25834622],
       [-28.2048639 ],
       [-29.10410222],
       [-27.89726814]])
<<<<<<<<<<< STEP 29 >>>>>>>>>>>> + array([[ -4.99999990e-01],
       [ -5.00000021e-01],
       [ -5.00000666e-01],
       [ -5.39083431e-04],
       [  3.58604959e-04],
       [ -8.44266743e-03],
       [ -5.00001923e-01],
       [  3.88688537e-04],
       [ -8.02251287e-04],
       [ -5.00000507e-01],
       [ -5.00000037e-01],
       [ -5.00000696e-01],
       [ -5.00000358e-01],
       [ -5.00000089e-01],
       [ -5.00002018e-01],
       [ -7.44144067e-03],
       [ -5.00000070e-01],
       [ -5.00000080e-01],
       [ -4.99999790e-01],
       [ -5.00000380e-01],
       [ -5.00000598e-01],
       [ -5.00001966e-01],
       [ -5.00002081e-01],
       [ -5.00000433e-01],
       [ -5.00000691e-01],
       [ -5.00000100e-01],
       [ -4.99999908e-01],
       [ -5.00000543e-01],
       [ -5.00000639e-01],
       [ -5.00002019e-01],
       [ -9.81291432e-03],
       [ -5.00000230e-01],
       [  2.42205946e-03],
       [ -2.12391117e-03],
       [ -5.00002041e-01],
       [  7.58796250e-04],
       [ -5.00000628e-01],
       [ -5.00000709e-01],
       [ -5.00000094e-01],
       [ -4.99999877e-01]])
array([[-28.45715022],
       [-28.41595185],
       [-28.80326927],
       [ -0.38959208],
       [ -0.34921632],
       [ -1.25638046],
       [-27.54043693],
       [ -1.73790147],
       [ -0.41749817],
       [-28.79861703],
       [-28.41728638],
       [-28.70130022],
       [-26.1369617 ],
       [-28.34724782],
       [-27.47256358],
       [ -1.37192388],
       [-28.40129035],
       [-28.34705271],
       [-28.41605767],
       [-26.21586162],
       [-28.81113245],
       [-27.49530915],
       [-27.36276599],
       [-28.7433917 ],
       [-28.77669308],
       [-28.38033569],
       [-28.36799924],
       [-28.73185862],
       [-28.77665373],
       [-26.38379183],
       [ -1.38425127],
       [-26.31274386],
       [ -0.27711317],
       [  0.86322909],
       [-27.46656286],
       [ -0.33647089],
       [-28.75834684],
       [-28.70486461],
       [-29.60410232],
       [-28.39726802]])
