<<<<<<<<<<< STEP 0 >>>>>>>>>>>> + array([[-1.04167519],
       [-1.02466396],
       [-0.31018509],
       [-0.95668893],
       [-0.95648397],
       [ 0.04158148],
       [-0.88472566],
       [-1.02544739],
       [-0.95411304],
       [-1.0158025 ],
       [-0.58148009],
       [-0.95677893],
       [-0.97972845],
       [-0.95998656],
       [-1.0356984 ],
       [-1.02968644],
       [-0.97156758],
       [-0.1056498 ],
       [-0.46737187],
       [-0.43571411],
       [-0.95921845],
       [ 0.02884343],
       [-0.22484257],
       [-0.96443683],
       [-0.95518719],
       [-0.03582252],
       [-0.97189349],
       [-0.97805021],
       [-1.02339974],
       [-1.03434685],
       [-0.96843772],
       [-0.35562754],
       [-1.03627758],
       [-0.96255367],
       [-0.87165728],
       [-0.97666621],
       [-1.1449838 ],
       [-1.02088026],
       [-0.39418751],
       [-0.95619118]])
array([[-1.04167519],
       [-1.02466396],
       [-0.31018509],
       [-0.95668893],
       [-0.95648397],
       [ 0.04158148],
       [-0.88472566],
       [-1.02544739],
       [-0.95411304],
       [-1.0158025 ],
       [-0.58148009],
       [-0.95677893],
       [-0.97972845],
       [-0.95998656],
       [-1.0356984 ],
       [-1.02968644],
       [-0.97156758],
       [-0.1056498 ],
       [-0.46737187],
       [-0.43571411],
       [-0.95921845],
       [ 0.02884343],
       [-0.22484257],
       [-0.96443683],
       [-0.95518719],
       [-0.03582252],
       [-0.97189349],
       [-0.97805021],
       [-1.02339974],
       [-1.03434685],
       [-0.96843772],
       [-0.35562754],
       [-1.03627758],
       [-0.96255367],
       [-0.87165728],
       [-0.97666621],
       [-1.1449838 ],
       [-1.02088026],
       [-0.39418751],
       [-0.95619118]])
<<<<<<<<<<< STEP 1 >>>>>>>>>>>> + array([[-1.02126826],
       [-1.00603818],
       [-0.42326144],
       [-0.96141745],
       [-0.96687949],
       [-0.04500284],
       [-0.85106674],
       [-0.99729467],
       [-0.96055177],
       [-0.99546707],
       [-0.5648728 ],
       [-0.84330694],
       [-0.9171478 ],
       [-0.96458087],
       [-1.00944928],
       [-1.00019426],
       [-0.97360473],
       [-0.10814475],
       [-0.60842866],
       [-0.58028776],
       [-0.89777567],
       [ 0.01324569],
       [-0.31824579],
       [-0.89256961],
       [-0.96839383],
       [-0.08822807],
       [-0.97888616],
       [-0.95705626],
       [-1.00009132],
       [-1.00998331],
       [-0.89647596],
       [-0.48400188],
       [-0.90583431],
       [-0.87861017],
       [-0.91956731],
       [-0.98410146],
       [-1.12899527],
       [-1.00372094],
       [-0.53402102],
       [-0.96932902]])
array([[-2.06294344],
       [-2.03070214],
       [-0.73344653],
       [-1.91810638],
       [-1.92336346],
       [-0.00342136],
       [-1.7357924 ],
       [-2.02274206],
       [-1.91466481],
       [-2.01126957],
       [-1.1463529 ],
       [-1.80008587],
       [-1.89687625],
       [-1.92456744],
       [-2.04514768],
       [-2.0298807 ],
       [-1.94517231],
       [-0.21379455],
       [-1.07580053],
       [-1.01600186],
       [-1.85699413],
       [ 0.04208912],
       [-0.54308836],
       [-1.85700644],
       [-1.92358101],
       [-0.12405058],
       [-1.95077966],
       [-1.93510646],
       [-2.02349105],
       [-2.04433016],
       [-1.86491368],
       [-0.83962942],
       [-1.94211189],
       [-1.84116383],
       [-1.7912246 ],
       [-1.96076767],
       [-2.27397907],
       [-2.02460121],
       [-0.92820852],
       [-1.9255202 ]])
<<<<<<<<<<< STEP 2 >>>>>>>>>>>> + array([[-0.9967743 ],
       [-0.98672621],
       [-0.5435548 ],
       [-0.94009451],
       [-0.95923648],
       [-0.06769131],
       [-0.80201213],
       [-0.96080266],
       [-0.9505545 ],
       [-0.96830026],
       [-0.56303045],
       [-0.73524418],
       [-0.86116659],
       [-0.94938331],
       [-0.98004791],
       [-0.97062571],
       [-0.95593545],
       [-0.12601486],
       [-0.75094292],
       [-0.73407145],
       [-0.84351092],
       [ 0.01017997],
       [-0.42863723],
       [-0.83131092],
       [-0.95318021],
       [-0.09993431],
       [-0.97006202],
       [-0.96087956],
       [-0.96836605],
       [-0.97863979],
       [-0.82753682],
       [-0.63284705],
       [-0.78892744],
       [-0.80038746],
       [-0.95636609],
       [-0.97769008],
       [-1.07217793],
       [-0.98379408],
       [-0.68911773],
       [-0.97082058]])
array([[-3.05971774],
       [-3.01742835],
       [-1.27700133],
       [-2.85820089],
       [-2.88259994],
       [-0.07111267],
       [-2.53780453],
       [-2.98354472],
       [-2.86521931],
       [-2.97956983],
       [-1.70938335],
       [-2.53533006],
       [-2.75804284],
       [-2.87395075],
       [-3.0251956 ],
       [-3.00050641],
       [-2.90110775],
       [-0.33980941],
       [-1.82674345],
       [-1.75007331],
       [-2.70050505],
       [ 0.05226908],
       [-0.97172558],
       [-2.68831736],
       [-2.87676122],
       [-0.22398489],
       [-2.92084168],
       [-2.89598603],
       [-2.9918571 ],
       [-3.02296996],
       [-2.69245051],
       [-1.47247647],
       [-2.73103933],
       [-2.6415513 ],
       [-2.74759069],
       [-2.93845774],
       [-3.346157  ],
       [-3.00839529],
       [-1.61732625],
       [-2.89634078]])
<<<<<<<<<<< STEP 3 >>>>>>>>>>>> + array([[-0.96760458],
       [-0.959146  ],
       [-0.67919087],
       [-0.87662907],
       [-0.91982473],
       [-0.05874297],
       [-0.74129686],
       [-0.90518437],
       [-0.90789556],
       [-0.92633927],
       [-0.59166089],
       [-0.64238998],
       [-0.81820189],
       [-0.89661853],
       [-0.94347593],
       [-0.92699631],
       [-0.90433705],
       [-0.18127694],
       [-0.86560485],
       [-0.87384523],
       [-0.79754625],
       [ 0.0327751 ],
       [-0.55358968],
       [-0.78950413],
       [-0.90055321],
       [-0.09455082],
       [-0.93400888],
       [-0.97119935],
       [-0.92239709],
       [-0.93742488],
       [-0.77795733],
       [-0.79918985],
       [-0.72284595],
       [-0.73677465],
       [-0.96201584],
       [-0.94388776],
       [-0.99567096],
       [-0.95886542],
       [-0.84970821],
       [-0.94371841]])
array([[-4.02732232],
       [-3.97657435],
       [-1.9561922 ],
       [-3.73482997],
       [-3.80242466],
       [-0.12985564],
       [-3.27910139],
       [-3.88872908],
       [-3.77311486],
       [-3.9059091 ],
       [-2.30104423],
       [-3.17772003],
       [-3.57624473],
       [-3.77056928],
       [-3.96867152],
       [-3.92750272],
       [-3.8054448 ],
       [-0.52108636],
       [-2.6923483 ],
       [-2.62391855],
       [-3.4980513 ],
       [ 0.08504418],
       [-1.52531526],
       [-3.47782148],
       [-3.77731443],
       [-0.31853571],
       [-3.85485056],
       [-3.86718538],
       [-3.91425419],
       [-3.96039484],
       [-3.47040784],
       [-2.27166632],
       [-3.45388528],
       [-3.37832595],
       [-3.70960653],
       [-3.88234551],
       [-4.34182797],
       [-3.9672607 ],
       [-2.46703446],
       [-3.84005918]])
<<<<<<<<<<< STEP 4 >>>>>>>>>>>> + array([[-0.9133592 ],
       [-0.90435616],
       [-0.81184811],
       [-0.77476278],
       [-0.84646185],
       [-0.04049629],
       [-0.68620275],
       [-0.82196833],
       [-0.83350259],
       [-0.8601586 ],
       [-0.64365413],
       [-0.5621226 ],
       [-0.78562255],
       [-0.805552  ],
       [-0.88418666],
       [-0.85866133],
       [-0.8209717 ],
       [-0.29535295],
       [-0.91375146],
       [-0.95594336],
       [-0.75446408],
       [ 0.08292649],
       [-0.69889715],
       [-0.76887881],
       [-0.81532316],
       [-0.08695424],
       [-0.86367102],
       [-0.95445398],
       [-0.84960366],
       [-0.87546402],
       [-0.75402867],
       [-0.946259  ],
       [-0.69441321],
       [-0.68924677],
       [-0.92711636],
       [-0.87858315],
       [-0.91557858],
       [-0.91184613],
       [-0.9704342 ],
       [-0.8792313 ]])
array([[-4.94068152],
       [-4.88093051],
       [-2.76804031],
       [-4.50959274],
       [-4.64888651],
       [-0.17035193],
       [-3.96530413],
       [-4.71069742],
       [-4.60661746],
       [-4.7660677 ],
       [-2.94469836],
       [-3.73984264],
       [-4.36186728],
       [-4.57612128],
       [-4.85285818],
       [-4.78616405],
       [-4.6264165 ],
       [-0.8164393 ],
       [-3.60609976],
       [-3.5798619 ],
       [-4.25251538],
       [ 0.16797067],
       [-2.22421241],
       [-4.24670029],
       [-4.59263759],
       [-0.40548996],
       [-4.71852158],
       [-4.82163936],
       [-4.76385785],
       [-4.83585886],
       [-4.22443651],
       [-3.21792533],
       [-4.14829848],
       [-4.06757272],
       [-4.63672289],
       [-4.76092866],
       [-5.25740654],
       [-4.87910684],
       [-3.43746866],
       [-4.71929048]])
<<<<<<<<<<< STEP 5 >>>>>>>>>>>> + array([[-0.82684944],
       [-0.81974906],
       [-0.8954077 ],
       [-0.6689722 ],
       [-0.7530791 ],
       [-0.02306663],
       [-0.6547309 ],
       [-0.73367431],
       [-0.74652791],
       [-0.78191608],
       [-0.69094173],
       [-0.49616753],
       [-0.75218233],
       [-0.69849039],
       [-0.80375282],
       [-0.78113912],
       [-0.72859925],
       [-0.46748528],
       [-0.88722506],
       [-0.95239471],
       [-0.70700101],
       [ 0.12984026],
       [-0.85489694],
       [-0.75691906],
       [-0.72397977],
       [-0.08371648],
       [-0.76713939],
       [-0.88991352],
       [-0.75988096],
       [-0.79949382],
       [-0.74975409],
       [-1.01371935],
       [-0.68150748],
       [-0.65900501],
       [-0.84930723],
       [-0.78674207],
       [-0.83309718],
       [-0.83445721],
       [-0.99828556],
       [-0.78177813]])
array([[-5.76753096],
       [-5.70067957],
       [-3.66344802],
       [-5.17856494],
       [-5.40196562],
       [-0.19341856],
       [-4.62003503],
       [-5.44437173],
       [-5.35314537],
       [-5.54798378],
       [-3.6356401 ],
       [-4.23601017],
       [-5.11404961],
       [-5.27461167],
       [-5.656611  ],
       [-5.56730316],
       [-5.35501575],
       [-1.28392458],
       [-4.49332482],
       [-4.53225661],
       [-4.95951639],
       [ 0.29781093],
       [-3.07910935],
       [-5.00361935],
       [-5.31661736],
       [-0.48920644],
       [-5.48566096],
       [-5.71155288],
       [-5.52373881],
       [-5.63535269],
       [-4.9741906 ],
       [-4.23164468],
       [-4.82980597],
       [-4.72657773],
       [-5.48603012],
       [-5.54767072],
       [-6.09050373],
       [-5.71356405],
       [-4.43575422],
       [-5.50106861]])
<<<<<<<<<<< STEP 6 >>>>>>>>>>>> + array([[-0.73944159],
       [-0.73529681],
       [-0.90363737],
       [-0.59286947],
       [-0.66602308],
       [-0.01001461],
       [-0.64786978],
       [-0.67226484],
       [-0.66949884],
       [-0.71511226],
       [-0.72155617],
       [-0.43961493],
       [-0.70085408],
       [-0.60904901],
       [-0.72777515],
       [-0.71925035],
       [-0.64992278],
       [-0.68269512],
       [-0.81929903],
       [-0.88220286],
       [-0.65071622],
       [ 0.13725271],
       [-0.97212454],
       [-0.7207082 ],
       [-0.6513557 ],
       [-0.08946501],
       [-0.67325459],
       [-0.79986027],
       [-0.68550435],
       [-0.73150125],
       [-0.7309403 ],
       [-0.97644688],
       [-0.67422345],
       [-0.63533455],
       [-0.74964058],
       [-0.68925311],
       [-0.75232495],
       [-0.74796189],
       [-0.93161868],
       [-0.68353241]])
array([[-6.50697255],
       [-6.43597637],
       [-4.56708539],
       [-5.77143442],
       [-6.0679887 ],
       [-0.20343316],
       [-5.26790481],
       [-6.11663657],
       [-6.02264421],
       [-6.26309604],
       [-4.35719627],
       [-4.6756251 ],
       [-5.81490369],
       [-5.88366067],
       [-6.38438615],
       [-6.28655351],
       [-6.00493853],
       [-1.9666197 ],
       [-5.31262386],
       [-5.41445947],
       [-5.61023261],
       [ 0.43506364],
       [-4.05123388],
       [-5.72432755],
       [-5.96797306],
       [-0.57867145],
       [-6.15891555],
       [-6.51141314],
       [-6.20924316],
       [-6.36685394],
       [-5.70513089],
       [-5.20809156],
       [-5.50402942],
       [-5.36191228],
       [-6.23567069],
       [-6.23692383],
       [-6.84282868],
       [-6.46152594],
       [-5.36737289],
       [-6.18460102]])
<<<<<<<<<<< STEP 7 >>>>>>>>>>>> + array([[-0.68142275],
       [-0.6757554 ],
       [-0.86725937],
       [-0.54877556],
       [-0.60016558],
       [-0.00141857],
       [-0.64430766],
       [-0.64286062],
       [-0.61355192],
       [-0.67126227],
       [-0.74335897],
       [-0.38177975],
       [-0.63954209],
       [-0.55269023],
       [-0.67416649],
       [-0.68073542],
       [-0.59266129],
       [-0.9166051 ],
       [-0.75378039],
       [-0.80018928],
       [-0.59492746],
       [ 0.10099914],
       [-0.99522763],
       [-0.65961013],
       [-0.60193025],
       [-0.10945249],
       [-0.6026215 ],
       [-0.72416619],
       [-0.64432295],
       [-0.68572748],
       [-0.67787653],
       [-0.88002715],
       [-0.67283118],
       [-0.60930293],
       [-0.66299758],
       [-0.61068731],
       [-0.68389175],
       [-0.68131535],
       [-0.83468791],
       [-0.61364147]])
array([[-7.18839531],
       [-7.11173177],
       [-5.43434476],
       [-6.32020997],
       [-6.66815428],
       [-0.20485174],
       [-5.91221247],
       [-6.75949719],
       [-6.63619613],
       [-6.93435831],
       [-5.10055524],
       [-5.05740485],
       [-6.45444578],
       [-6.4363509 ],
       [-7.05855265],
       [-6.96728893],
       [-6.59759982],
       [-2.8832248 ],
       [-6.06640425],
       [-6.21464875],
       [-6.20516007],
       [ 0.53606278],
       [-5.04646151],
       [-6.38393768],
       [-6.56990331],
       [-0.68812394],
       [-6.76153705],
       [-7.23557934],
       [-6.85356611],
       [-7.05258141],
       [-6.38300742],
       [-6.08811871],
       [-6.1768606 ],
       [-5.97121522],
       [-6.89866827],
       [-6.84761114],
       [-7.52672042],
       [-7.1428413 ],
       [-6.2020608 ],
       [-6.79824249]])
<<<<<<<<<<< STEP 8 >>>>>>>>>>>> + array([[-0.6499934 ],
       [-0.64086589],
       [-0.82631022],
       [-0.52437204],
       [-0.55672731],
       [ 0.00430588],
       [-0.62375708],
       [-0.63184635],
       [-0.57819733],
       [-0.64743228],
       [-0.75597231],
       [-0.31953556],
       [-0.58948216],
       [-0.5223978 ],
       [-0.64264089],
       [-0.65949024],
       [-0.5559788 ],
       [-1.08364508],
       [-0.71095648],
       [-0.74060256],
       [-0.55322032],
       [ 0.04292855],
       [-0.93524101],
       [-0.60524843],
       [-0.57093865],
       [-0.14657694],
       [-0.55621458],
       [-0.67563138],
       [-0.62760811],
       [-0.65996841],
       [-0.61727303],
       [-0.79044367],
       [-0.67354843],
       [-0.5867693 ],
       [-0.6038635 ],
       [-0.55777291],
       [-0.62979678],
       [-0.64044438],
       [-0.76166971],
       [-0.57140067]])
array([[-7.8383887 ],
       [-7.75259766],
       [-6.26065498],
       [-6.84458201],
       [-7.22488159],
       [-0.20054586],
       [-6.53596956],
       [-7.39134353],
       [-7.21439346],
       [-7.58179059],
       [-5.85652755],
       [-5.37694041],
       [-7.04392794],
       [-6.9587487 ],
       [-7.70119354],
       [-7.62677917],
       [-7.15357863],
       [-3.96686989],
       [-6.77736073],
       [-6.95525131],
       [-6.75838039],
       [ 0.57899133],
       [-5.98170253],
       [-6.98918611],
       [-7.14084196],
       [-0.83470088],
       [-7.31775163],
       [-7.91121071],
       [-7.48117422],
       [-7.71254982],
       [-7.00028045],
       [-6.87856238],
       [-6.85040903],
       [-6.55798452],
       [-7.50253177],
       [-7.40538405],
       [-8.1565172 ],
       [-7.78328568],
       [-6.96373051],
       [-7.36964316]])
<<<<<<<<<<< STEP 9 >>>>>>>>>>>> + array([[-0.62361268],
       [-0.61374039],
       [-0.77154029],
       [-0.51097975],
       [-0.53116886],
       [ 0.00786042],
       [-0.59385078],
       [-0.61727059],
       [-0.55558603],
       [-0.62526432],
       [-0.73364086],
       [-0.28015585],
       [-0.55638127],
       [-0.50746697],
       [-0.61699093],
       [-0.6366555 ],
       [-0.53433225],
       [-1.04572087],
       [-0.6734117 ],
       [-0.69032249],
       [-0.52848152],
       [-0.00585602],
       [-0.83616343],
       [-0.56866017],
       [-0.55080546],
       [-0.18878451],
       [-0.52893083],
       [-0.63822185],
       [-0.61183902],
       [-0.63528694],
       [-0.57261036],
       [-0.71742611],
       [-0.65840947],
       [-0.56991431],
       [-0.56678333],
       [-0.52698522],
       [-0.58913765],
       [-0.61048437],
       [-0.70324284],
       [-0.54562192]])
array([[-8.46200139],
       [-8.36633806],
       [-7.03219527],
       [-7.35556176],
       [-7.75605046],
       [-0.19268545],
       [-7.12982034],
       [-8.00861412],
       [-7.76997949],
       [-8.20705491],
       [-6.59016841],
       [-5.65709626],
       [-7.60030921],
       [-7.46621567],
       [-8.31818447],
       [-8.26343467],
       [-7.68791088],
       [-5.01259076],
       [-7.45077243],
       [-7.6455738 ],
       [-7.28686191],
       [ 0.57313531],
       [-6.81786595],
       [-7.55784628],
       [-7.69164742],
       [-1.02348539],
       [-7.84668247],
       [-8.54943256],
       [-8.09301324],
       [-8.34783676],
       [-7.57289081],
       [-7.59598849],
       [-7.50881851],
       [-7.12789883],
       [-8.0693151 ],
       [-7.93236926],
       [-8.74565485],
       [-8.39377005],
       [-7.66697335],
       [-7.91526508]])
