<<<<<<<<<<< STEP 0 >>>>>>>>>>>> + array([[-1.17467391],
       [-1.04193593],
       [-0.05471259],
       [-1.01144331],
       [-0.05959442],
       [-0.94843695],
       [-0.85070231],
       [-0.05153771],
       [-1.0397444 ],
       [-1.03035257],
       [-1.04056378],
       [-0.93886535],
       [-0.9639147 ],
       [-0.96397535],
       [-0.93650209],
       [-0.94354788],
       [-0.95389048],
       [-0.08929766],
       [-0.97866583],
       [ 0.0148017 ],
       [-1.03683615],
       [ 0.05292196],
       [-0.8605515 ],
       [-0.94018479],
       [-0.94060136],
       [-0.03638068],
       [-0.93271841],
       [-0.94115709],
       [-0.95847197],
       [-0.97707885],
       [-0.05005016],
       [-1.03868557],
       [ 0.02025186],
       [-0.04803365],
       [-0.99496175],
       [-1.00604971],
       [-1.04454176],
       [-0.58604779],
       [-1.03180316],
       [-0.93961985]])
array([[-1.17467391],
       [-1.04193593],
       [-0.05471259],
       [-1.01144331],
       [-0.05959442],
       [-0.94843695],
       [-0.85070231],
       [-0.05153771],
       [-1.0397444 ],
       [-1.03035257],
       [-1.04056378],
       [-0.93886535],
       [-0.9639147 ],
       [-0.96397535],
       [-0.93650209],
       [-0.94354788],
       [-0.95389048],
       [-0.08929766],
       [-0.97866583],
       [ 0.0148017 ],
       [-1.03683615],
       [ 0.05292196],
       [-0.8605515 ],
       [-0.94018479],
       [-0.94060136],
       [-0.03638068],
       [-0.93271841],
       [-0.94115709],
       [-0.95847197],
       [-0.97707885],
       [-0.05005016],
       [-1.03868557],
       [ 0.02025186],
       [-0.04803365],
       [-0.99496175],
       [-1.00604971],
       [-1.04454176],
       [-0.58604779],
       [-1.03180316],
       [-0.93961985]])
<<<<<<<<<<< STEP 1 >>>>>>>>>>>> + array([[-1.10974393],
       [-0.89750117],
       [-0.11134014],
       [-0.9761182 ],
       [-0.11070426],
       [-0.820006  ],
       [-0.79880133],
       [-0.10132322],
       [-1.00500413],
       [-1.00509786],
       [-1.00442916],
       [-0.82080893],
       [-0.96971408],
       [-0.98024421],
       [-0.81140356],
       [-0.9580187 ],
       [-0.95778415],
       [-0.09321345],
       [-0.97972877],
       [-0.08730588],
       [-1.0121519 ],
       [-0.04298352],
       [-0.91582956],
       [-0.81111325],
       [-0.81371337],
       [-0.09217899],
       [-0.93676503],
       [-0.95354592],
       [-0.95158086],
       [-0.96273867],
       [-0.05160637],
       [-0.89492665],
       [-0.07168301],
       [-0.10293781],
       [-0.97190558],
       [-0.97708052],
       [-1.02106053],
       [-0.57219908],
       [-0.98840516],
       [-0.95056226]])
array([[-2.28441784],
       [-1.9394371 ],
       [-0.16605273],
       [-1.98756151],
       [-0.17029868],
       [-1.76844294],
       [-1.64950364],
       [-0.15286092],
       [-2.04474853],
       [-2.03545043],
       [-2.04499295],
       [-1.75967428],
       [-1.93362878],
       [-1.94421956],
       [-1.74790565],
       [-1.90156658],
       [-1.91167463],
       [-0.18251111],
       [-1.95839461],
       [-0.07250418],
       [-2.04898805],
       [ 0.00993844],
       [-1.77638106],
       [-1.75129804],
       [-1.75431473],
       [-0.12855967],
       [-1.86948344],
       [-1.89470301],
       [-1.91005283],
       [-1.93981752],
       [-0.10165653],
       [-1.93361222],
       [-0.05143115],
       [-0.15097146],
       [-1.96686733],
       [-1.98313023],
       [-2.06560229],
       [-1.15824687],
       [-2.02020832],
       [-1.89018211]])
<<<<<<<<<<< STEP 2 >>>>>>>>>>>> + array([[-1.01241722],
       [-0.78578287],
       [-0.12155945],
       [-0.92587815],
       [-0.11739233],
       [-0.71260799],
       [-0.71892706],
       [-0.11047477],
       [-0.95962566],
       [-0.9769372 ],
       [-0.96829917],
       [-0.71788721],
       [-0.95450217],
       [-0.9816242 ],
       [-0.70521098],
       [-0.94164309],
       [-0.96909409],
       [-0.09849671],
       [-0.95205239],
       [-0.12013955],
       [-0.99258528],
       [-0.06057246],
       [-0.94592165],
       [-0.70610371],
       [-0.71132292],
       [-0.1009772 ],
       [-0.90624165],
       [-0.92802848],
       [-0.9065629 ],
       [-0.92496457],
       [-0.04926301],
       [-0.78466313],
       [-0.12043243],
       [-0.11069357],
       [-0.93033747],
       [-0.95184343],
       [-0.98237819],
       [-0.57215692],
       [-0.93468774],
       [-0.94120502]])
array([[-3.29683507],
       [-2.72521997],
       [-0.28761217],
       [-2.91343966],
       [-0.28769101],
       [-2.48105094],
       [-2.3684307 ],
       [-0.26333569],
       [-3.0043742 ],
       [-3.01238763],
       [-3.01329212],
       [-2.47756149],
       [-2.88813096],
       [-2.92584376],
       [-2.45311663],
       [-2.84320967],
       [-2.88076872],
       [-0.28100782],
       [-2.91044699],
       [-0.19264373],
       [-3.04157332],
       [-0.05063402],
       [-2.72230271],
       [-2.45740175],
       [-2.46563764],
       [-0.22953688],
       [-2.77572509],
       [-2.82273149],
       [-2.81661573],
       [-2.86478209],
       [-0.15091954],
       [-2.71827536],
       [-0.17186358],
       [-0.26166502],
       [-2.8972048 ],
       [-2.93497366],
       [-3.04798048],
       [-1.73040379],
       [-2.95489605],
       [-2.83138713]])
<<<<<<<<<<< STEP 3 >>>>>>>>>>>> + array([[-0.9185012 ],
       [-0.7192694 ],
       [-0.11776543],
       [-0.8516841 ],
       [-0.10887823],
       [-0.62710611],
       [-0.63842673],
       [-0.10543095],
       [-0.88957345],
       [-0.93086264],
       [-0.91695889],
       [-0.63615836],
       [-0.90771198],
       [-0.9535885 ],
       [-0.62004297],
       [-0.89107454],
       [-0.95745345],
       [-0.12188218],
       [-0.89591901],
       [-0.12508361],
       [-0.96422961],
       [-0.04959356],
       [-0.93393832],
       [-0.62403613],
       [-0.6325112 ],
       [-0.09605387],
       [-0.83654789],
       [-0.85808785],
       [-0.82336771],
       [-0.84970088],
       [-0.02963535],
       [-0.72039884],
       [-0.13547419],
       [-0.1061366 ],
       [-0.86472969],
       [-0.90997824],
       [-0.92597658],
       [-0.59013434],
       [-0.86426499],
       [-0.89600104]])
array([[-4.21533627],
       [-3.44448937],
       [-0.4053776 ],
       [-3.76512376],
       [-0.39656924],
       [-3.10815705],
       [-3.00685743],
       [-0.36876664],
       [-3.89394764],
       [-3.94325027],
       [-3.93025101],
       [-3.11371985],
       [-3.79584294],
       [-3.87943226],
       [-3.07315961],
       [-3.73428421],
       [-3.83822217],
       [-0.40289   ],
       [-3.806366  ],
       [-0.31772734],
       [-4.00580293],
       [-0.10022758],
       [-3.65624103],
       [-3.08143789],
       [-3.09814884],
       [-0.32559075],
       [-3.61227299],
       [-3.68081934],
       [-3.63998345],
       [-3.71448297],
       [-0.18055489],
       [-3.4386742 ],
       [-0.30733777],
       [-0.36780162],
       [-3.7619345 ],
       [-3.84495189],
       [-3.97395706],
       [-2.32053813],
       [-3.81916104],
       [-3.72738817]])
<<<<<<<<<<< STEP 4 >>>>>>>>>>>> + array([[ -8.28928052e-01],
       [ -6.75009214e-01],
       [ -1.09962649e-01],
       [ -7.63332631e-01],
       [ -9.74156135e-02],
       [ -5.65689685e-01],
       [ -5.78114293e-01],
       [ -9.73807549e-02],
       [ -7.96420776e-01],
       [ -8.49216508e-01],
       [ -8.38236572e-01],
       [ -5.78111482e-01],
       [ -8.24358786e-01],
       [ -8.79864596e-01],
       [ -5.59033840e-01],
       [ -8.11053122e-01],
       [ -8.97931910e-01],
       [ -1.62290223e-01],
       [ -8.15780380e-01],
       [ -1.18642205e-01],
       [ -8.94556794e-01],
       [ -3.44411715e-02],
       [ -8.73774410e-01],
       [ -5.66422014e-01],
       [ -5.76676441e-01],
       [ -8.85608257e-02],
       [ -7.48086753e-01],
       [ -7.61866041e-01],
       [ -7.27189798e-01],
       [ -7.51580498e-01],
       [  7.51466970e-04],
       [ -6.78663041e-01],
       [ -1.36114751e-01],
       [ -1.01189075e-01],
       [ -7.76443891e-01],
       [ -8.39192593e-01],
       [ -8.44998670e-01],
       [ -6.07102472e-01],
       [ -7.79268584e-01],
       [ -8.19064872e-01]])
array([[-5.04426432],
       [-4.11949859],
       [-0.51534025],
       [-4.52845639],
       [-0.49398486],
       [-3.67384673],
       [-3.58497173],
       [-0.4661474 ],
       [-4.69036842],
       [-4.79246677],
       [-4.76848758],
       [-3.69183134],
       [-4.62020172],
       [-4.75929686],
       [-3.63219345],
       [-4.54533733],
       [-4.73615408],
       [-0.56518022],
       [-4.62214638],
       [-0.43636955],
       [-4.90035973],
       [-0.13466876],
       [-4.53001544],
       [-3.6478599 ],
       [-3.67482528],
       [-0.41415157],
       [-4.36035974],
       [-4.44268538],
       [-4.36717325],
       [-4.46606347],
       [-0.17980342],
       [-4.11733724],
       [-0.44345252],
       [-0.46899069],
       [-4.53837839],
       [-4.68414449],
       [-4.81895573],
       [-2.9276406 ],
       [-4.59842963],
       [-4.54645304]])
<<<<<<<<<<< STEP 5 >>>>>>>>>>>> + array([[-0.73672181],
       [-0.63800161],
       [-0.09984993],
       [-0.6833118 ],
       [-0.08768731],
       [-0.5308841 ],
       [-0.54420059],
       [-0.08872776],
       [-0.70477373],
       [-0.74832291],
       [-0.74444352],
       [-0.54352787],
       [-0.72489166],
       [-0.77222483],
       [-0.52541483],
       [-0.71934438],
       [-0.79723167],
       [-0.2033653 ],
       [-0.72417886],
       [-0.10621794],
       [-0.7881702 ],
       [-0.02325347],
       [-0.77605268],
       [-0.53456664],
       [-0.54323608],
       [-0.08000159],
       [-0.6669422 ],
       [-0.67181962],
       [-0.64703329],
       [-0.66122348],
       [ 0.02049002],
       [-0.64365082],
       [-0.13104685],
       [-0.09538358],
       [-0.68914382],
       [-0.74847965],
       [-0.75014906],
       [-0.60633367],
       [-0.6973239 ],
       [-0.72790937]])
array([[-5.78098613],
       [-4.7575002 ],
       [-0.61519018],
       [-5.21176819],
       [-0.58167216],
       [-4.20473083],
       [-4.12917232],
       [-0.55487516],
       [-5.39514215],
       [-5.54078968],
       [-5.51293111],
       [-4.23535921],
       [-5.34509338],
       [-5.53152169],
       [-4.15760828],
       [-5.26468171],
       [-5.53338575],
       [-0.76854553],
       [-5.34632524],
       [-0.54258749],
       [-5.68852993],
       [-0.15792222],
       [-5.30606812],
       [-4.18242654],
       [-4.21806136],
       [-0.49415317],
       [-5.02730194],
       [-5.114505  ],
       [-5.01420654],
       [-5.12728695],
       [-0.1593134 ],
       [-4.76098806],
       [-0.57449937],
       [-0.56437428],
       [-5.22752221],
       [-5.43262414],
       [-5.56910478],
       [-3.53397427],
       [-5.29575353],
       [-5.27436242]])
<<<<<<<<<<< STEP 6 >>>>>>>>>>>> + array([[-0.65432831],
       [-0.60638379],
       [-0.08900196],
       [-0.62391549],
       [-0.08191367],
       [-0.51495605],
       [-0.52852226],
       [-0.07953744],
       [-0.63420962],
       [-0.66245171],
       [-0.66260591],
       [-0.52505605],
       [-0.64170485],
       [-0.67465221],
       [-0.5114258 ],
       [-0.64082482],
       [-0.69685857],
       [-0.23578107],
       [-0.64356692],
       [-0.09128335],
       [-0.68995225],
       [-0.0164704 ],
       [-0.6786024 ],
       [-0.52010729],
       [-0.52543616],
       [-0.07120048],
       [-0.60609943],
       [-0.60587221],
       [-0.59211026],
       [-0.59656497],
       [ 0.02110955],
       [-0.61296679],
       [-0.12262988],
       [-0.08767217],
       [-0.62306475],
       [-0.66530316],
       [-0.666199  ],
       [-0.5924317 ],
       [-0.63289137],
       [-0.64712015]])
array([[-6.43531445],
       [-5.36388399],
       [-0.70419214],
       [-5.83568368],
       [-0.66358583],
       [-4.71968688],
       [-4.65769457],
       [-0.6344126 ],
       [-6.02935177],
       [-6.2032414 ],
       [-6.17553702],
       [-4.76041525],
       [-5.98679824],
       [-6.2061739 ],
       [-4.66903408],
       [-5.90550652],
       [-6.23024432],
       [-1.0043266 ],
       [-5.98989216],
       [-0.63387083],
       [-6.37848218],
       [-0.17439262],
       [-5.98467052],
       [-4.70253383],
       [-4.74349752],
       [-0.56535365],
       [-5.63340138],
       [-5.72037721],
       [-5.60631679],
       [-5.72385192],
       [-0.13820385],
       [-5.37395485],
       [-0.69712925],
       [-0.65204644],
       [-5.85058696],
       [-6.09792729],
       [-6.23530378],
       [-4.12640597],
       [-5.9286449 ],
       [-5.92148257]])
<<<<<<<<<<< STEP 7 >>>>>>>>>>>> + array([[-0.59488154],
       [-0.58155221],
       [-0.07924093],
       [-0.58453276],
       [-0.07990571],
       [-0.50765789],
       [-0.52067822],
       [-0.07067092],
       [-0.5869889 ],
       [-0.60367119],
       [-0.60503239],
       [-0.51472445],
       [-0.5854697 ],
       [-0.60749288],
       [-0.50611095],
       [-0.58620078],
       [-0.62384813],
       [-0.26175439],
       [-0.58680722],
       [-0.07624917],
       [-0.62158168],
       [-0.01238476],
       [-0.6076077 ],
       [-0.51317232],
       [-0.51558693],
       [-0.06344763],
       [-0.56566455],
       [-0.56331558],
       [-0.55788863],
       [-0.55610225],
       [ 0.00953799],
       [-0.58802154],
       [-0.11315006],
       [-0.07968846],
       [-0.57986382],
       [-0.60576605],
       [-0.60645805],
       [-0.57599692],
       [-0.58862309],
       [-0.589727  ]])
array([[-7.03019599],
       [-5.9454362 ],
       [-0.78343307],
       [-6.42021643],
       [-0.74349154],
       [-5.22734477],
       [-5.1783728 ],
       [-0.70508353],
       [-6.61634067],
       [-6.80691258],
       [-6.78056941],
       [-5.2751397 ],
       [-6.57226794],
       [-6.81366677],
       [-5.17514503],
       [-6.49170731],
       [-6.85409245],
       [-1.26608099],
       [-6.57669938],
       [-0.71012   ],
       [-7.00006386],
       [-0.18677739],
       [-6.59227823],
       [-5.21570615],
       [-5.25908445],
       [-0.62880127],
       [-6.19906592],
       [-6.28369279],
       [-6.16420542],
       [-6.27995417],
       [-0.12866586],
       [-5.96197639],
       [-0.81027931],
       [-0.73173491],
       [-6.43045078],
       [-6.70369335],
       [-6.84176183],
       [-4.70240289],
       [-6.51726799],
       [-6.51120957]])
<<<<<<<<<<< STEP 8 >>>>>>>>>>>> + array([[-0.55688267],
       [-0.56297069],
       [-0.07142585],
       [-0.55936517],
       [-0.08056226],
       [-0.50362633],
       [-0.51558228],
       [-0.06306397],
       [-0.55706463],
       [-0.5666839 ],
       [-0.56818098],
       [-0.50828118],
       [-0.55068207],
       [-0.56585802],
       [-0.50364458],
       [-0.5517795 ],
       [-0.57748909],
       [-0.28633665],
       [-0.55102652],
       [-0.06237257],
       [-0.57861136],
       [-0.00981409],
       [-0.56285481],
       [-0.50892258],
       [-0.50945396],
       [-0.05735789],
       [-0.54042807],
       [-0.53720084],
       [-0.53718802],
       [-0.53203342],
       [-0.00631634],
       [-0.56870209],
       [-0.10458157],
       [-0.07285111],
       [-0.55297011],
       [-0.56760722],
       [-0.56809213],
       [-0.56169534],
       [-0.56006576],
       [-0.55324552]])
array([[-7.58707866],
       [-6.50840689],
       [-0.85485892],
       [-6.9795816 ],
       [-0.8240538 ],
       [-5.7309711 ],
       [-5.69395508],
       [-0.7681475 ],
       [-7.1734053 ],
       [-7.37359649],
       [-7.34875039],
       [-5.78342088],
       [-7.12295002],
       [-7.3795248 ],
       [-5.67878961],
       [-7.0434868 ],
       [-7.43158154],
       [-1.55241764],
       [-7.12772591],
       [-0.77249257],
       [-7.57867521],
       [-0.19659148],
       [-7.15513304],
       [-5.72462873],
       [-5.7685384 ],
       [-0.68615916],
       [-6.73949399],
       [-6.82089363],
       [-6.70139344],
       [-6.8119876 ],
       [-0.1349822 ],
       [-6.53067848],
       [-0.91486088],
       [-0.80458601],
       [-6.98342089],
       [-7.27130057],
       [-7.40985397],
       [-5.26409823],
       [-7.07733374],
       [-7.06445509]])
<<<<<<<<<<< STEP 9 >>>>>>>>>>>> + array([[-0.53365785],
       [-0.54912361],
       [-0.06562744],
       [-0.54310597],
       [-0.08300283],
       [-0.50105814],
       [-0.5117306 ],
       [-0.05703204],
       [-0.53824046],
       [-0.54380373],
       [-0.54512936],
       [-0.50404108],
       [-0.5297758 ],
       [-0.54070461],
       [-0.50216517],
       [-0.53083382],
       [-0.5491501 ],
       [-0.31316945],
       [-0.52936212],
       [-0.05014244],
       [-0.55208207],
       [-0.00817223],
       [-0.53602758],
       [-0.50587714],
       [-0.50537553],
       [-0.05292375],
       [-0.5250551 ],
       [-0.52145023],
       [-0.52462084],
       [-0.51795662],
       [-0.02227962],
       [-0.55389246],
       [-0.09775221],
       [-0.06760766],
       [-0.53622332],
       [-0.54386154],
       [-0.54414879],
       [-0.5501356 ],
       [-0.54184532],
       [-0.53099662]])
array([[-8.12073651],
       [-7.05753049],
       [-0.92048637],
       [-7.52268757],
       [-0.90705663],
       [-6.23202925],
       [-6.20568568],
       [-0.82517954],
       [-7.71164576],
       [-7.91740022],
       [-7.89387975],
       [-6.28746197],
       [-7.65272581],
       [-7.9202294 ],
       [-6.18095478],
       [-7.57432062],
       [-7.98073164],
       [-1.86558709],
       [-7.65708803],
       [-0.82263501],
       [-8.13075728],
       [-0.20476372],
       [-7.69116062],
       [-6.23050587],
       [-6.27391394],
       [-0.73908291],
       [-7.26454909],
       [-7.34234386],
       [-7.22601428],
       [-7.32994421],
       [-0.15726183],
       [-7.08457094],
       [-1.01261308],
       [-0.87219367],
       [-7.5196442 ],
       [-7.81516211],
       [-7.95400275],
       [-5.81423383],
       [-7.61917906],
       [-7.59545171]])
