<<<<<<<<<<< STEP 0 >>>>>>>>>>>> + array([[-0.50000069],
       [-0.50000078],
       [-0.50000009],
       [-0.50000004],
       [-0.50000017],
       [-0.49999978],
       [-0.50000201],
       [-0.50000007],
       [-0.50000004],
       [-0.50000033],
       [-0.5       ],
       [-0.03189614],
       [-0.50022052],
       [-0.02695734],
       [-0.04306521],
       [-0.50000046],
       [-0.50000006],
       [-0.50000211],
       [-0.50000079],
       [-0.01953823],
       [-0.50000088],
       [-0.50000069],
       [-0.50000038],
       [-0.00055471],
       [-0.50000084],
       [-0.50000023],
       [-0.50000065],
       [-0.49999985],
       [-0.49999998],
       [-0.50000053],
       [ 0.00202403],
       [-0.50000097],
       [-0.03168987],
       [-0.01963499],
       [-0.00197059],
       [-0.49999977],
       [-0.49999983],
       [-0.50000239],
       [-0.50000092],
       [-0.50000052]])
array([[-28.63020999],
       [-28.68002073],
       [-28.2537935 ],
       [-27.03963558],
       [-26.96715965],
       [-28.37212108],
       [-27.61307813],
       [-28.26696529],
       [-28.34072615],
       [-26.92460182],
       [-28.63349812],
       [ -1.68221222],
       [-18.13611392],
       [ -1.74104428],
       [ -2.40472481],
       [-27.12205844],
       [-28.50084777],
       [-27.61219308],
       [-28.56539052],
       [ -1.43041788],
       [-28.4408649 ],
       [-28.79802523],
       [-27.00301483],
       [ -0.50691068],
       [-28.59610779],
       [-28.52139478],
       [-28.55623365],
       [-28.33490797],
       [-28.47822452],
       [-28.69037757],
       [ -0.2475215 ],
       [-27.16004537],
       [ -1.8294301 ],
       [ -1.29683429],
       [ -0.62652679],
       [-29.58390539],
       [-28.51268563],
       [-26.26973052],
       [-28.70059051],
       [-28.75603841]])
<<<<<<<<<<< STEP 1 >>>>>>>>>>>> + array([[-0.50000055],
       [-0.50000062],
       [-0.50000007],
       [-0.50000003],
       [-0.50000013],
       [-0.49999983],
       [-0.50000158],
       [-0.50000005],
       [-0.50000003],
       [-0.50000026],
       [-0.5       ],
       [-0.03283326],
       [-0.50017341],
       [-0.02776752],
       [-0.04450768],
       [-0.50000037],
       [-0.50000005],
       [-0.50000166],
       [-0.50000062],
       [-0.02003994],
       [-0.5000007 ],
       [-0.50000055],
       [-0.5000003 ],
       [-0.00058157],
       [-0.50000066],
       [-0.50000018],
       [-0.50000051],
       [-0.49999988],
       [-0.49999998],
       [-0.50000042],
       [ 0.00201171],
       [-0.50000078],
       [-0.03251665],
       [-0.02015559],
       [-0.00195597],
       [-0.49999982],
       [-0.49999986],
       [-0.50000189],
       [-0.50000072],
       [-0.50000041]])
array([[-29.13021054],
       [-29.18002135],
       [-28.75379357],
       [-27.53963561],
       [-27.46715978],
       [-28.87212091],
       [-28.11307971],
       [-28.76696534],
       [-28.84072618],
       [-27.42460208],
       [-29.13349811],
       [ -1.71504548],
       [-18.63628733],
       [ -1.7688118 ],
       [ -2.44923249],
       [-27.62205881],
       [-29.00084782],
       [-28.11219474],
       [-29.06539114],
       [ -1.45045782],
       [-28.9408656 ],
       [-29.29802578],
       [-27.50301513],
       [ -0.50749226],
       [-29.09610845],
       [-29.02139496],
       [-29.05623416],
       [-28.83490785],
       [-28.9782245 ],
       [-29.19037799],
       [ -0.24550979],
       [-27.66004614],
       [ -1.86194675],
       [ -1.31698988],
       [ -0.62848276],
       [-30.08390521],
       [-29.01268549],
       [-26.76973241],
       [-29.20059124],
       [-29.25603883]])
<<<<<<<<<<< STEP 2 >>>>>>>>>>>> + array([[-0.50000044],
       [-0.50000049],
       [-0.50000006],
       [-0.50000002],
       [-0.50000009],
       [-0.49999987],
       [-0.50000124],
       [-0.50000004],
       [-0.50000003],
       [-0.50000021],
       [-0.5       ],
       [-0.03382651],
       [-0.50013639],
       [-0.02862486],
       [-0.04605033],
       [-0.50000029],
       [-0.50000004],
       [-0.50000131],
       [-0.50000049],
       [-0.02056931],
       [-0.50000055],
       [-0.50000043],
       [-0.50000023],
       [-0.00060972],
       [-0.50000052],
       [-0.50000014],
       [-0.50000041],
       [-0.49999991],
       [-0.49999999],
       [-0.50000034],
       [ 0.00199436],
       [-0.50000062],
       [-0.03338916],
       [-0.02070498],
       [-0.00194002],
       [-0.49999986],
       [-0.49999989],
       [-0.50000149],
       [-0.50000057],
       [-0.50000033]])
array([[-29.63021097],
       [-29.68002184],
       [-29.25379363],
       [-28.03963562],
       [-27.96715987],
       [-29.37212077],
       [-28.61308095],
       [-29.26696538],
       [-29.34072621],
       [-27.92460229],
       [-29.63349811],
       [ -1.74887199],
       [-19.13642372],
       [ -1.79743666],
       [ -2.49528282],
       [-28.1220591 ],
       [-29.50084786],
       [-28.61219605],
       [-29.56539163],
       [ -1.47102713],
       [-29.44086615],
       [-29.79802621],
       [-28.00301536],
       [ -0.50810197],
       [-29.59610897],
       [-29.5213951 ],
       [-29.55623456],
       [-29.33490776],
       [-29.47822449],
       [-29.69037833],
       [ -0.24351543],
       [-28.16004676],
       [ -1.8953359 ],
       [ -1.33769486],
       [ -0.63042278],
       [-30.58390508],
       [-29.51268538],
       [-27.2697339 ],
       [-29.70059181],
       [-29.75603916]])
<<<<<<<<<<< STEP 3 >>>>>>>>>>>> + array([[-0.50000035],
       [-0.50000039],
       [-0.50000005],
       [-0.50000001],
       [-0.50000007],
       [-0.4999999 ],
       [-0.50000098],
       [-0.50000003],
       [-0.50000002],
       [-0.50000016],
       [-0.5       ],
       [-0.03488042],
       [-0.5001073 ],
       [-0.02953316],
       [-0.04770294],
       [-0.50000023],
       [-0.50000003],
       [-0.50000103],
       [-0.50000039],
       [-0.02112809],
       [-0.50000044],
       [-0.50000034],
       [-0.50000018],
       [-0.0006392 ],
       [-0.50000041],
       [-0.50000011],
       [-0.50000032],
       [-0.49999993],
       [-0.49999999],
       [-0.50000027],
       [ 0.00197279],
       [-0.50000049],
       [-0.03431094],
       [-0.02128512],
       [-0.00192273],
       [-0.49999989],
       [-0.49999992],
       [-0.50000118],
       [-0.50000045],
       [-0.50000026]])
array([[-30.13021132],
       [-30.18002223],
       [-29.75379367],
       [-28.53963563],
       [-28.46715994],
       [-29.87212067],
       [-29.11308193],
       [-29.76696542],
       [-29.84072623],
       [-28.42460245],
       [-30.13349811],
       [ -1.78375241],
       [-19.63653102],
       [ -1.82696982],
       [ -2.54298576],
       [-28.62205933],
       [-30.00084789],
       [-29.11219708],
       [-30.06539202],
       [ -1.49215521],
       [-29.94086658],
       [-30.29802655],
       [-28.50301555],
       [ -0.50874117],
       [-30.09610938],
       [-30.02139521],
       [-30.05623489],
       [-29.83490768],
       [-29.97822448],
       [-30.1903786 ],
       [ -0.24154264],
       [-28.66004726],
       [ -1.92964684],
       [ -1.35897998],
       [ -0.6323455 ],
       [-31.08390497],
       [-30.0126853 ],
       [-27.76973508],
       [-30.20059226],
       [-30.25603942]])
<<<<<<<<<<< STEP 4 >>>>>>>>>>>> + array([[-0.50000027],
       [-0.50000031],
       [-0.50000004],
       [-0.5       ],
       [-0.50000005],
       [-0.49999992],
       [-0.50000077],
       [-0.50000003],
       [-0.50000002],
       [-0.50000013],
       [-0.5       ],
       [-0.03600014],
       [-0.50008444],
       [-0.03049664],
       [-0.04947677],
       [-0.50000018],
       [-0.50000003],
       [-0.50000081],
       [-0.50000031],
       [-0.02171832],
       [-0.50000035],
       [-0.50000027],
       [-0.50000014],
       [-0.00067011],
       [-0.50000033],
       [-0.50000009],
       [-0.50000026],
       [-0.49999994],
       [-0.49999999],
       [-0.50000021],
       [ 0.00194757],
       [-0.5000004 ],
       [-0.03528601],
       [-0.02189826],
       [-0.00190408],
       [-0.49999992],
       [-0.49999993],
       [-0.50000093],
       [-0.50000036],
       [-0.50000021]])
array([[-30.63021159],
       [-30.68002254],
       [-30.25379371],
       [-29.03963564],
       [-28.96715999],
       [-30.37212059],
       [-29.6130827 ],
       [-30.26696544],
       [-30.34072625],
       [-28.92460258],
       [-30.63349811],
       [ -1.81975255],
       [-20.13661546],
       [ -1.85746646],
       [ -2.59246253],
       [-29.12205951],
       [-30.50084792],
       [-29.61219788],
       [-30.56539233],
       [ -1.51387354],
       [-30.44086693],
       [-30.79802682],
       [-29.00301569],
       [ -0.50941129],
       [-30.59610971],
       [-30.5213953 ],
       [-30.55623514],
       [-30.33490763],
       [-30.47822448],
       [-30.69037881],
       [ -0.23959507],
       [-29.16004765],
       [ -1.96493286],
       [ -1.38087823],
       [ -0.63424958],
       [-31.58390488],
       [-30.51268524],
       [-28.26973602],
       [-30.70059262],
       [-30.75603962]])
<<<<<<<<<<< STEP 5 >>>>>>>>>>>> + array([[-0.50000022],
       [-0.50000024],
       [-0.50000003],
       [-0.5       ],
       [-0.50000004],
       [-0.49999994],
       [-0.50000061],
       [-0.50000002],
       [-0.50000001],
       [-0.5000001 ],
       [-0.5       ],
       [-0.03719145],
       [-0.50006648],
       [-0.03152006],
       [-0.05138479],
       [-0.50000014],
       [-0.50000002],
       [-0.50000064],
       [-0.50000024],
       [-0.02234233],
       [-0.50000027],
       [-0.50000021],
       [-0.50000011],
       [-0.00070253],
       [-0.50000026],
       [-0.50000007],
       [-0.5000002 ],
       [-0.49999996],
       [-0.5       ],
       [-0.50000017],
       [ 0.00191917],
       [-0.50000032],
       [-0.0363189 ],
       [-0.02254692],
       [-0.00188404],
       [-0.49999994],
       [-0.49999995],
       [-0.50000074],
       [-0.50000028],
       [-0.50000016]])
array([[-31.13021181],
       [-31.18002279],
       [-30.75379374],
       [-29.53963564],
       [-29.46716003],
       [-30.87212052],
       [-30.11308331],
       [-30.76696546],
       [-30.84072626],
       [-29.42460269],
       [-31.1334981 ],
       [ -1.856944  ],
       [-20.63668194],
       [ -1.88898651],
       [ -2.64384732],
       [-29.62205965],
       [-31.00084794],
       [-30.11219852],
       [-31.06539257],
       [ -1.53621587],
       [-30.9408672 ],
       [-31.29802703],
       [-29.5030158 ],
       [ -0.51011381],
       [-31.09610996],
       [-31.02139536],
       [-31.05623534],
       [-30.83490759],
       [-30.97822447],
       [-31.19037898],
       [ -0.2376759 ],
       [-29.66004797],
       [ -2.00125175],
       [ -1.40342516],
       [ -0.63613362],
       [-32.08390482],
       [-31.01268519],
       [-28.76973676],
       [-31.2005929 ],
       [-31.25603979]])
<<<<<<<<<<< STEP 6 >>>>>>>>>>>> + array([[-0.50000017],
       [-0.50000019],
       [-0.50000002],
       [-0.5       ],
       [-0.50000003],
       [-0.49999995],
       [-0.50000048],
       [-0.50000002],
       [-0.50000001],
       [-0.50000008],
       [-0.5       ],
       [-0.03846088],
       [-0.50005235],
       [-0.03260874],
       [-0.05344202],
       [-0.50000011],
       [-0.50000002],
       [-0.5000005 ],
       [-0.50000019],
       [-0.02300274],
       [-0.50000022],
       [-0.50000017],
       [-0.50000009],
       [-0.00073653],
       [-0.5000002 ],
       [-0.50000005],
       [-0.50000016],
       [-0.49999997],
       [-0.5       ],
       [-0.50000014],
       [ 0.00188788],
       [-0.50000025],
       [-0.03741466],
       [-0.02323397],
       [-0.00186256],
       [-0.49999995],
       [-0.49999996],
       [-0.50000059],
       [-0.50000022],
       [-0.50000013]])
array([[-31.63021198],
       [-31.68002298],
       [-31.25379376],
       [-30.03963564],
       [-29.96716006],
       [-31.37212047],
       [-30.61308379],
       [-31.26696548],
       [-31.34072627],
       [-29.92460277],
       [-31.6334981 ],
       [ -1.89540488],
       [-21.13673429],
       [ -1.92159525],
       [ -2.69728934],
       [-30.12205976],
       [-31.50084796],
       [-30.61219902],
       [-31.56539277],
       [ -1.55921861],
       [-31.44086742],
       [-31.7980272 ],
       [-30.00301589],
       [ -0.51085034],
       [-31.59611017],
       [-31.52139542],
       [-31.5562355 ],
       [-31.33490755],
       [-31.47822447],
       [-31.69037912],
       [ -0.23578802],
       [-30.16004822],
       [ -2.03866641],
       [ -1.42665912],
       [ -0.63799618],
       [-32.58390477],
       [-31.51268515],
       [-29.26973734],
       [-31.70059312],
       [-31.75603992]])
<<<<<<<<<<< STEP 7 >>>>>>>>>>>> + array([[-0.50000014],
       [-0.50000015],
       [-0.50000002],
       [-0.5       ],
       [-0.50000002],
       [-0.49999996],
       [-0.50000038],
       [-0.50000001],
       [-0.50000001],
       [-0.50000007],
       [-0.5       ],
       [-0.03981581],
       [-0.50004124],
       [-0.03376864],
       [-0.05566581],
       [-0.50000009],
       [-0.50000001],
       [-0.50000039],
       [-0.50000015],
       [-0.02370253],
       [-0.50000017],
       [-0.50000013],
       [-0.50000007],
       [-0.00077221],
       [-0.50000016],
       [-0.50000004],
       [-0.50000013],
       [-0.49999997],
       [-0.5       ],
       [-0.50000011],
       [ 0.00185392],
       [-0.5000002 ],
       [-0.03857903],
       [-0.02396258],
       [-0.00183958],
       [-0.49999996],
       [-0.49999997],
       [-0.50000047],
       [-0.50000018],
       [-0.5000001 ]])
array([[-32.13021212],
       [-32.18002314],
       [-31.75379378],
       [-30.53963563],
       [-30.46716008],
       [-31.87212044],
       [-31.11308416],
       [-31.76696549],
       [-31.84072628],
       [-30.42460283],
       [-32.1334981 ],
       [ -1.93522069],
       [-21.63677553],
       [ -1.95536389],
       [ -2.75295515],
       [-30.62205985],
       [-32.00084797],
       [-31.11219941],
       [-32.06539292],
       [ -1.58292114],
       [-31.94086759],
       [-32.29802734],
       [-30.50301596],
       [ -0.51162255],
       [-32.09611033],
       [-32.02139546],
       [-32.05623563],
       [-31.83490752],
       [-31.97822446],
       [-32.19037923],
       [ -0.2339341 ],
       [-30.66004842],
       [ -2.07724544],
       [ -1.4506217 ],
       [ -0.63983575],
       [-33.08390473],
       [-32.01268511],
       [-29.76973781],
       [-32.2005933 ],
       [-32.25604002]])
<<<<<<<<<<< STEP 8 >>>>>>>>>>>> + array([[-0.50000011],
       [-0.50000012],
       [-0.50000001],
       [-0.5       ],
       [-0.50000001],
       [-0.49999997],
       [-0.5000003 ],
       [-0.50000001],
       [-0.50000001],
       [-0.50000005],
       [-0.5       ],
       [-0.04126455],
       [-0.50003251],
       [-0.03500644],
       [-0.05807637],
       [-0.50000007],
       [-0.50000001],
       [-0.50000031],
       [-0.50000012],
       [-0.02444502],
       [-0.50000014],
       [-0.50000011],
       [-0.50000005],
       [-0.00080965],
       [-0.50000013],
       [-0.50000003],
       [-0.5000001 ],
       [-0.49999998],
       [-0.5       ],
       [-0.50000009],
       [ 0.00181743],
       [-0.50000016],
       [-0.03981847],
       [-0.02473633],
       [-0.00181503],
       [-0.49999997],
       [-0.49999998],
       [-0.50000037],
       [-0.50000014],
       [-0.50000008]])
array([[-32.63021223],
       [-32.68002326],
       [-32.25379379],
       [-31.03963563],
       [-30.96716009],
       [-32.37212041],
       [-31.61308446],
       [-32.2669655 ],
       [-32.34072629],
       [-30.92460288],
       [-32.6334981 ],
       [ -1.97648524],
       [-22.13680804],
       [ -1.99037033],
       [ -2.81103152],
       [-31.12205992],
       [-32.50084798],
       [-31.61219973],
       [-32.56539304],
       [ -1.60736616],
       [-32.44086773],
       [-32.79802744],
       [-31.00301601],
       [ -0.5124322 ],
       [-32.59611046],
       [-32.52139549],
       [-32.55623573],
       [-32.3349075 ],
       [-32.47822446],
       [-32.69037931],
       [ -0.23211667],
       [-31.16004859],
       [ -2.11706391],
       [ -1.47535804],
       [ -0.64165078],
       [-33.5839047 ],
       [-32.51268509],
       [-30.26973818],
       [-32.70059344],
       [-32.75604011]])
<<<<<<<<<<< STEP 9 >>>>>>>>>>>> + array([[-0.50000009],
       [-0.5000001 ],
       [-0.50000001],
       [-0.5       ],
       [-0.50000001],
       [-0.49999998],
       [-0.50000023],
       [-0.50000001],
       [-0.50000001],
       [-0.50000004],
       [-0.5       ],
       [-0.0428165 ],
       [-0.50002563],
       [-0.03632966],
       [-0.06069729],
       [-0.50000006],
       [-0.50000001],
       [-0.50000024],
       [-0.5000001 ],
       [-0.02523396],
       [-0.50000011],
       [-0.50000008],
       [-0.50000004],
       [-0.00084895],
       [-0.5000001 ],
       [-0.50000003],
       [-0.50000008],
       [-0.49999998],
       [-0.5       ],
       [-0.50000007],
       [ 0.00177847],
       [-0.50000013],
       [-0.04114027],
       [-0.02555922],
       [-0.00178885],
       [-0.49999998],
       [-0.49999998],
       [-0.50000029],
       [-0.50000011],
       [-0.50000007]])
array([[-33.13021231],
       [-33.18002336],
       [-32.75379381],
       [-31.53963562],
       [-31.4671601 ],
       [-32.87212038],
       [-32.11308469],
       [-32.76696551],
       [-32.84072629],
       [-31.42460293],
       [-33.1334981 ],
       [ -2.01930174],
       [-22.63683367],
       [ -2.02669999],
       [ -2.87172881],
       [-31.62205998],
       [-33.00084799],
       [-32.11219997],
       [-33.06539314],
       [ -1.63260012],
       [-32.94086784],
       [-33.29802753],
       [-31.50301606],
       [ -0.51328115],
       [-33.09611056],
       [-33.02139552],
       [-33.05623582],
       [-32.83490749],
       [-32.97822446],
       [-33.19037938],
       [ -0.2303382 ],
       [-31.66004872],
       [ -2.15820418],
       [ -1.50091726],
       [ -0.64343963],
       [-34.08390467],
       [-33.01268507],
       [-30.76973847],
       [-33.20059355],
       [-33.25604017]])
<<<<<<<<<<< STEP 10 >>>>>>>>>>>> + array([[-0.50000007],
       [-0.50000008],
       [-0.50000001],
       [-0.5       ],
       [-0.50000001],
       [-0.49999998],
       [-0.50000018],
       [-0.50000001],
       [-0.5       ],
       [-0.50000003],
       [-0.5       ],
       [-0.04448233],
       [-0.50002022],
       [-0.03774673],
       [-0.06355621],
       [-0.50000004],
       [-0.50000001],
       [-0.50000019],
       [-0.50000008],
       [-0.02607354],
       [-0.50000009],
       [-0.50000007],
       [-0.50000003],
       [-0.00089018],
       [-0.50000008],
       [-0.50000002],
       [-0.50000006],
       [-0.49999999],
       [-0.5       ],
       [-0.50000006],
       [ 0.00173707],
       [-0.5000001 ],
       [-0.04255272],
       [-0.02643571],
       [-0.00176095],
       [-0.49999998],
       [-0.49999999],
       [-0.50000023],
       [-0.50000009],
       [-0.50000005]])
array([[-33.63021238],
       [-33.68002343],
       [-33.25379382],
       [-32.03963562],
       [-31.96716011],
       [-33.37212037],
       [-32.61308488],
       [-33.26696551],
       [-33.3407263 ],
       [-31.92460296],
       [-33.6334981 ],
       [ -2.06378407],
       [-23.13685389],
       [ -2.06444672],
       [ -2.93528502],
       [-32.12206002],
       [-33.500848  ],
       [-32.61220016],
       [-33.56539322],
       [ -1.65867367],
       [-33.44086792],
       [-33.7980276 ],
       [-32.00301609],
       [ -0.51417133],
       [-33.59611064],
       [-33.52139554],
       [-33.55623588],
       [-33.33490748],
       [-33.47822446],
       [-33.69037944],
       [ -0.22860113],
       [-32.16004882],
       [ -2.2007569 ],
       [ -1.52735296],
       [ -0.64520058],
       [-34.58390466],
       [-33.51268506],
       [-31.2697387 ],
       [-33.70059363],
       [-33.75604023]])
<<<<<<<<<<< STEP 11 >>>>>>>>>>>> + array([[-0.50000006],
       [-0.50000006],
       [-0.50000001],
       [-0.5       ],
       [-0.5       ],
       [-0.49999999],
       [-0.50000015],
       [-0.5       ],
       [-0.5       ],
       [-0.50000003],
       [-0.5       ],
       [-0.0462741 ],
       [-0.50001596],
       [-0.03926713],
       [-0.06668576],
       [-0.50000004],
       [-0.50000001],
       [-0.50000015],
       [-0.50000006],
       [-0.02696849],
       [-0.50000007],
       [-0.50000005],
       [-0.50000003],
       [-0.00093344],
       [-0.50000006],
       [-0.50000002],
       [-0.50000005],
       [-0.49999999],
       [-0.5       ],
       [-0.50000004],
       [ 0.0016932 ],
       [-0.50000008],
       [-0.04406523],
       [-0.02737077],
       [-0.00173128],
       [-0.49999999],
       [-0.49999999],
       [-0.50000018],
       [-0.50000007],
       [-0.50000004]])
array([[-34.13021244],
       [-34.1800235 ],
       [-33.75379382],
       [-32.53963562],
       [-32.46716011],
       [-33.87212035],
       [-33.11308502],
       [-33.76696552],
       [-33.8407263 ],
       [-32.42460298],
       [-34.1334981 ],
       [ -2.11005817],
       [-23.63686986],
       [ -2.10371385],
       [ -3.00197078],
       [-32.62206006],
       [-34.000848  ],
       [-33.11220032],
       [-34.06539328],
       [ -1.68564215],
       [-33.94086799],
       [-34.29802765],
       [-32.50301612],
       [ -0.51510477],
       [-34.0961107 ],
       [-34.02139555],
       [-34.05623593],
       [-33.83490747],
       [-33.97822446],
       [-34.19037948],
       [ -0.22690793],
       [-32.66004891],
       [ -2.24482213],
       [ -1.55472374],
       [ -0.64693186],
       [-35.08390464],
       [-34.01268504],
       [-31.76973889],
       [-34.2005937 ],
       [-34.25604027]])
<<<<<<<<<<< STEP 12 >>>>>>>>>>>> + array([[-0.50000004],
       [-0.50000005],
       [-0.50000001],
       [-0.5       ],
       [-0.5       ],
       [-0.49999999],
       [-0.50000011],
       [-0.5       ],
       [-0.5       ],
       [-0.50000002],
       [-0.5       ],
       [-0.04820559],
       [-0.50001261],
       [-0.04090157],
       [-0.07012461],
       [-0.50000003],
       [-0.5       ],
       [-0.50000012],
       [-0.50000005],
       [-0.02792407],
       [-0.50000005],
       [-0.50000004],
       [-0.50000002],
       [-0.00097877],
       [-0.50000005],
       [-0.50000001],
       [-0.50000004],
       [-0.49999999],
       [-0.5       ],
       [-0.50000004],
       [ 0.00164683],
       [-0.50000007],
       [-0.04568856],
       [-0.02836998],
       [-0.00169977],
       [-0.49999999],
       [-0.49999999],
       [-0.50000015],
       [-0.50000006],
       [-0.50000003]])
array([[-34.63021248],
       [-34.68002355],
       [-34.25379383],
       [-33.03963561],
       [-32.96716011],
       [-34.37212034],
       [-33.61308514],
       [-34.26696552],
       [-34.34072631],
       [-32.92460301],
       [-34.6334981 ],
       [ -2.15826376],
       [-24.13688246],
       [ -2.14461542],
       [ -3.07209539],
       [-33.12206009],
       [-34.50084801],
       [-33.61220044],
       [-34.56539333],
       [ -1.71356622],
       [-34.44086805],
       [-34.79802769],
       [-33.00301614],
       [ -0.51608354],
       [-34.59611075],
       [-34.52139556],
       [-34.55623597],
       [-34.33490746],
       [-34.47822446],
       [-34.69037952],
       [ -0.2252611 ],
       [-33.16004897],
       [ -2.29051069],
       [ -1.58309372],
       [ -0.64863163],
       [-35.58390463],
       [-34.51268503],
       [-32.26973903],
       [-34.70059376],
       [-34.7560403 ]])
<<<<<<<<<<< STEP 13 >>>>>>>>>>>> + array([[-0.50000004],
       [-0.50000004],
       [-0.5       ],
       [-0.5       ],
       [-0.5       ],
       [-0.49999999],
       [-0.50000009],
       [-0.5       ],
       [-0.5       ],
       [-0.50000002],
       [-0.5       ],
       [-0.05029245],
       [-0.50000996],
       [-0.04266209],
       [-0.0739189 ],
       [-0.50000002],
       [-0.5       ],
       [-0.5000001 ],
       [-0.50000004],
       [-0.02894623],
       [-0.50000004],
       [-0.50000003],
       [-0.50000002],
       [-0.00102623],
       [-0.50000004],
       [-0.50000001],
       [-0.50000003],
       [-0.49999999],
       [-0.5       ],
       [-0.50000003],
       [ 0.00159789],
       [-0.50000005],
       [-0.04743499],
       [-0.02943954],
       [-0.00166639],
       [-0.49999999],
       [-0.49999999],
       [-0.50000012],
       [-0.50000004],
       [-0.50000003]])
array([[-35.13021252],
       [-35.18002358],
       [-34.75379383],
       [-33.53963561],
       [-33.46716011],
       [-34.87212033],
       [-34.11308523],
       [-34.76696552],
       [-34.84072631],
       [-33.42460302],
       [-35.13349809],
       [ -2.20855621],
       [-24.63689243],
       [ -2.18727751],
       [ -3.14601429],
       [-33.62206011],
       [-35.00084801],
       [-34.11220053],
       [-35.06539337],
       [ -1.74251245],
       [-34.94086809],
       [-35.29802772],
       [-33.50301616],
       [ -0.51710977],
       [-35.09611079],
       [-35.02139557],
       [-35.056236  ],
       [-34.83490745],
       [-34.97822446],
       [-35.19037955],
       [ -0.22366321],
       [-33.66004903],
       [ -2.33794568],
       [ -1.61253326],
       [ -0.65029802],
       [-36.08390462],
       [-35.01268503],
       [-32.76973915],
       [-35.2005938 ],
       [-35.25604033]])
<<<<<<<<<<< STEP 14 >>>>>>>>>>>> + array([[-0.50000003],
       [-0.50000003],
       [-0.5       ],
       [-0.5       ],
       [-0.5       ],
       [-0.49999999],
       [-0.50000007],
       [-0.5       ],
       [-0.5       ],
       [-0.50000001],
       [-0.5       ],
       [-0.05255257],
       [-0.50000788],
       [-0.04456228],
       [-0.078124  ],
       [-0.50000002],
       [-0.5       ],
       [-0.50000008],
       [-0.50000003],
       [-0.03004164],
       [-0.50000003],
       [-0.50000003],
       [-0.50000001],
       [-0.00107583],
       [-0.50000003],
       [-0.50000001],
       [-0.50000003],
       [-0.5       ],
       [-0.5       ],
       [-0.50000002],
       [ 0.00154629],
       [-0.50000004],
       [-0.04931869],
       [-0.03058637],
       [-0.00163111],
       [-0.49999999],
       [-0.49999999],
       [-0.50000009],
       [-0.50000003],
       [-0.50000002]])
array([[-35.63021255],
       [-35.68002362],
       [-35.25379384],
       [-34.0396356 ],
       [-33.96716011],
       [-35.37212033],
       [-34.6130853 ],
       [-35.26696553],
       [-35.34072631],
       [-33.92460304],
       [-35.63349809],
       [ -2.26110878],
       [-25.13690031],
       [ -2.23183979],
       [ -3.22413829],
       [-34.12206013],
       [-35.50084801],
       [-34.61220061],
       [-35.5653934 ],
       [ -1.77255409],
       [-35.44086812],
       [-35.79802775],
       [-34.00301617],
       [ -0.5181856 ],
       [-35.59611083],
       [-35.52139558],
       [-35.55623603],
       [-35.33490745],
       [-35.47822446],
       [-35.69037957],
       [ -0.22211692],
       [-34.16004907],
       [ -2.38726437],
       [ -1.64311963],
       [ -0.65192913],
       [-36.58390461],
       [-35.51268502],
       [-33.26973925],
       [-35.70059384],
       [-35.75604035]])
<<<<<<<<<<< STEP 15 >>>>>>>>>>>> + array([[-0.50000002],
       [-0.50000002],
       [-0.5       ],
       [-0.5       ],
       [-0.5       ],
       [-0.5       ],
       [-0.50000006],
       [-0.5       ],
       [-0.5       ],
       [-0.50000001],
       [-0.5       ],
       [-0.0550064 ],
       [-0.50000624],
       [-0.04661745],
       [-0.08280684],
       [-0.50000001],
       [-0.5       ],
       [-0.50000006],
       [-0.50000002],
       [-0.03121776],
       [-0.50000003],
       [-0.50000002],
       [-0.50000001],
       [-0.00112753],
       [-0.50000003],
       [-0.50000001],
       [-0.50000002],
       [-0.5       ],
       [-0.5       ],
       [-0.50000002],
       [ 0.00149198],
       [-0.50000004],
       [-0.05135596],
       [-0.03181816],
       [-0.00159397],
       [-0.49999999],
       [-0.5       ],
       [-0.50000007],
       [-0.50000003],
       [-0.50000002]])
array([[-36.13021257],
       [-36.18002364],
       [-35.75379384],
       [-34.5396356 ],
       [-34.46716011],
       [-35.87212032],
       [-35.11308536],
       [-35.76696553],
       [-35.84072631],
       [-34.42460305],
       [-36.13349809],
       [ -2.31611517],
       [-25.63690654],
       [ -2.27845724],
       [ -3.30694513],
       [-34.62206014],
       [-36.00084802],
       [-35.11220067],
       [-36.06539342],
       [ -1.80377185],
       [-35.94086815],
       [-36.29802777],
       [-34.50301618],
       [ -0.51931312],
       [-36.09611085],
       [-36.02139559],
       [-36.05623605],
       [-35.83490744],
       [-35.97822446],
       [-36.19037959],
       [ -0.22062493],
       [-34.66004911],
       [ -2.43862033],
       [ -1.6749378 ],
       [ -0.6535231 ],
       [-37.08390461],
       [-36.01268502],
       [-33.76973932],
       [-36.20059386],
       [-36.25604037]])
<<<<<<<<<<< STEP 16 >>>>>>>>>>>> + array([[-0.50000002],
       [-0.50000002],
       [-0.5       ],
       [-0.5       ],
       [-0.5       ],
       [-0.5       ],
       [-0.50000004],
       [-0.5       ],
       [-0.5       ],
       [-0.50000001],
       [-0.5       ],
       [-0.05767736],
       [-0.50000494],
       [-0.04884484],
       [-0.08804882],
       [-0.50000001],
       [-0.5       ],
       [-0.50000005],
       [-0.50000002],
       [-0.03248298],
       [-0.50000002],
       [-0.50000002],
       [-0.50000001],
       [-0.00118122],
       [-0.50000002],
       [-0.5       ],
       [-0.50000002],
       [-0.5       ],
       [-0.5       ],
       [-0.50000001],
       [ 0.00143491],
       [-0.50000003],
       [-0.05356571],
       [-0.03314342],
       [-0.00155509],
       [-0.5       ],
       [-0.5       ],
       [-0.50000006],
       [-0.50000002],
       [-0.50000001]])
array([[-36.63021259],
       [-36.68002366],
       [-36.25379384],
       [-35.0396356 ],
       [-34.96716011],
       [-36.37212032],
       [-35.6130854 ],
       [-36.26696553],
       [-36.34072631],
       [-34.92460305],
       [-36.63349809],
       [ -2.37379254],
       [-26.13691148],
       [ -2.32730208],
       [ -3.39499394],
       [-35.12206015],
       [-36.50084802],
       [-35.61220071],
       [-36.56539344],
       [ -1.83625483],
       [-36.44086817],
       [-36.79802779],
       [-35.00301619],
       [ -0.52049435],
       [-36.59611087],
       [-36.52139559],
       [-36.55623607],
       [-36.33490744],
       [-36.47822446],
       [-36.6903796 ],
       [ -0.21919002],
       [-35.16004914],
       [ -2.49218604],
       [ -1.70808122],
       [ -0.65507819],
       [-37.58390461],
       [-36.51268501],
       [-34.26973938],
       [-36.70059389],
       [-36.75604038]])
<<<<<<<<<<< STEP 17 >>>>>>>>>>>> + array([[-0.50000001],
       [-0.50000002],
       [-0.5       ],
       [-0.5       ],
       [-0.5       ],
       [-0.5       ],
       [-0.50000004],
       [-0.5       ],
       [-0.5       ],
       [-0.50000001],
       [-0.5       ],
       [-0.0605923 ],
       [-0.50000391],
       [-0.05126376],
       [-0.09394964],
       [-0.50000001],
       [-0.5       ],
       [-0.50000004],
       [-0.50000002],
       [-0.03384668],
       [-0.50000002],
       [-0.50000001],
       [-0.50000001],
       [-0.0012367 ],
       [-0.50000002],
       [-0.5       ],
       [-0.50000001],
       [-0.5       ],
       [-0.5       ],
       [-0.50000001],
       [ 0.00137508],
       [-0.50000002],
       [-0.05596991],
       [-0.03457152],
       [-0.00151466],
       [-0.5       ],
       [-0.5       ],
       [-0.50000005],
       [-0.50000002],
       [-0.50000001]])
array([[-37.1302126 ],
       [-37.18002368],
       [-36.75379384],
       [-35.5396356 ],
       [-35.46716011],
       [-36.87212032],
       [-36.11308544],
       [-36.76696553],
       [-36.84072631],
       [-35.42460306],
       [-37.13349809],
       [ -2.43438484],
       [-26.63691539],
       [ -2.37856585],
       [ -3.48894359],
       [-35.62206016],
       [-37.00084802],
       [-36.11220075],
       [-37.06539346],
       [ -1.8701015 ],
       [-36.94086819],
       [-37.2980278 ],
       [-35.5030162 ],
       [ -0.52173104],
       [-37.09611089],
       [-37.0213956 ],
       [-37.05623608],
       [-36.83490744],
       [-36.97822446],
       [-37.19037962],
       [ -0.21781494],
       [-35.66004916],
       [ -2.54815595],
       [ -1.74265274],
       [ -0.65659285],
       [-38.0839046 ],
       [-37.01268501],
       [-34.76973943],
       [-37.2005939 ],
       [-37.25604039]])
<<<<<<<<<<< STEP 18 >>>>>>>>>>>> + array([[-0.50000001],
       [-0.50000001],
       [-0.5       ],
       [-0.5       ],
       [-0.5       ],
       [-0.5       ],
       [-0.50000003],
       [-0.5       ],
       [-0.5       ],
       [-0.50000001],
       [-0.5       ],
       [-0.06378194],
       [-0.5000031 ],
       [-0.05389578],
       [-0.10063224],
       [-0.50000001],
       [-0.5       ],
       [-0.50000003],
       [-0.50000001],
       [-0.03531929],
       [-0.50000001],
       [-0.50000001],
       [-0.50000001],
       [-0.00129359],
       [-0.50000001],
       [-0.5       ],
       [-0.50000001],
       [-0.5       ],
       [-0.5       ],
       [-0.50000001],
       [ 0.00131255],
       [-0.50000002],
       [-0.05859426],
       [-0.03611267],
       [-0.00147306],
       [-0.5       ],
       [-0.5       ],
       [-0.50000004],
       [-0.50000001],
       [-0.50000001]])
array([[-37.63021261],
       [-37.68002369],
       [-37.25379385],
       [-36.03963559],
       [-35.96716011],
       [-37.37212031],
       [-36.61308546],
       [-37.26696553],
       [-37.34072631],
       [-35.92460307],
       [-37.63349809],
       [ -2.49816677],
       [-27.1369185 ],
       [ -2.43246163],
       [ -3.58957583],
       [-36.12206017],
       [-37.50084802],
       [-36.61220078],
       [-37.56539347],
       [ -1.9054208 ],
       [-37.44086821],
       [-37.79802781],
       [-36.0030162 ],
       [ -0.52302463],
       [-37.5961109 ],
       [-37.5213956 ],
       [-37.55623609],
       [-37.33490744],
       [-37.47822446],
       [-37.69037963],
       [ -0.21650239],
       [-36.16004918],
       [ -2.60675021],
       [ -1.77876541],
       [ -0.65806592],
       [-38.5839046 ],
       [-37.51268501],
       [-35.26973946],
       [-37.70059392],
       [-37.7560404 ]])
<<<<<<<<<<< STEP 19 >>>>>>>>>>>> + array([[-0.50000001],
       [-0.50000001],
       [-0.5       ],
       [-0.5       ],
       [-0.5       ],
       [-0.5       ],
       [-0.50000002],
       [-0.5       ],
       [-0.5       ],
       [-0.5       ],
       [-0.5       ],
       [-0.06728144],
       [-0.50000246],
       [-0.05676476],
       [-0.10824909],
       [-0.50000001],
       [-0.5       ],
       [-0.50000002],
       [-0.50000001],
       [-0.03691237],
       [-0.50000001],
       [-0.50000001],
       [-0.5       ],
       [-0.00135132],
       [-0.50000001],
       [-0.5       ],
       [-0.50000001],
       [-0.5       ],
       [-0.5       ],
       [-0.50000001],
       [ 0.00124755],
       [-0.50000002],
       [-0.06146884],
       [-0.03777781],
       [-0.00143088],
       [-0.5       ],
       [-0.5       ],
       [-0.50000003],
       [-0.50000001],
       [-0.50000001]])
array([[-38.13021262],
       [-38.1800237 ],
       [-37.75379385],
       [-36.53963559],
       [-36.46716011],
       [-37.87212031],
       [-37.11308549],
       [-37.76696553],
       [-37.84072632],
       [-36.42460307],
       [-38.13349809],
       [ -2.56544821],
       [-27.63692096],
       [ -2.48922639],
       [ -3.69782492],
       [-36.62206017],
       [-38.00084802],
       [-37.1122008 ],
       [-38.06539348],
       [ -1.94233317],
       [-37.94086822],
       [-38.29802782],
       [-36.5030162 ],
       [ -0.52437594],
       [-38.09611091],
       [-38.0213956 ],
       [-38.0562361 ],
       [-37.83490744],
       [-37.97822446],
       [-38.19037963],
       [ -0.21525484],
       [-36.66004919],
       [ -2.66821905],
       [ -1.81654322],
       [ -0.6594968 ],
       [-39.0839046 ],
       [-38.01268501],
       [-35.76973949],
       [-38.20059393],
       [-38.25604041]])
<<<<<<<<<<< STEP 20 >>>>>>>>>>>> + array([[-0.50000001],
       [-0.50000001],
       [-0.5       ],
       [-0.5       ],
       [-0.5       ],
       [-0.5       ],
       [-0.50000002],
       [-0.5       ],
       [-0.5       ],
       [-0.5       ],
       [-0.5       ],
       [-0.07113088],
       [-0.50000196],
       [-0.05989676],
       [-0.11699033],
       [-0.5       ],
       [-0.5       ],
       [-0.50000002],
       [-0.50000001],
       [-0.03863856],
       [-0.50000001],
       [-0.50000001],
       [-0.5       ],
       [-0.00140899],
       [-0.50000001],
       [-0.5       ],
       [-0.50000001],
       [-0.5       ],
       [-0.5       ],
       [-0.50000001],
       [ 0.00118046],
       [-0.50000001],
       [-0.06462909],
       [-0.03957845],
       [-0.00138903],
       [-0.5       ],
       [-0.5       ],
       [-0.50000002],
       [-0.50000001],
       [-0.50000001]])
array([[-38.63021263],
       [-38.68002371],
       [-38.25379385],
       [-37.03963559],
       [-36.96716011],
       [-38.37212031],
       [-37.61308551],
       [-38.26696553],
       [-38.34072632],
       [-36.92460307],
       [-38.63349809],
       [ -2.63657909],
       [-28.13692292],
       [ -2.54912316],
       [ -3.81481525],
       [-37.12206018],
       [-38.50084802],
       [-37.61220082],
       [-38.56539349],
       [ -1.98097172],
       [-38.44086823],
       [-38.79802783],
       [-37.00301621],
       [ -0.52578494],
       [-38.59611092],
       [-38.5213956 ],
       [-38.55623611],
       [-38.33490743],
       [-38.47822446],
       [-38.69037964],
       [ -0.21407438],
       [-37.1600492 ],
       [ -2.73284814],
       [ -1.85612167],
       [ -0.66088583],
       [-39.5839046 ],
       [-38.51268501],
       [-36.26973952],
       [-38.70059394],
       [-38.75604041]])
<<<<<<<<<<< STEP 21 >>>>>>>>>>>> + array([[-0.50000001],
       [-0.50000001],
       [-0.5       ],
       [-0.5       ],
       [-0.5       ],
       [-0.5       ],
       [-0.50000001],
       [-0.5       ],
       [-0.5       ],
       [-0.5       ],
       [-0.5       ],
       [-0.07537572],
       [-0.50000156],
       [-0.06331969],
       [-0.12709383],
       [-0.5       ],
       [-0.5       ],
       [-0.50000001],
       [-0.50000001],
       [-0.04051146],
       [-0.50000001],
       [-0.50000001],
       [-0.5       ],
       [-0.00146529],
       [-0.50000001],
       [-0.5       ],
       [-0.50000001],
       [-0.5       ],
       [-0.5       ],
       [-0.50000001],
       [ 0.00111199],
       [-0.50000001],
       [-0.06811687],
       [-0.04152618],
       [-0.0013489 ],
       [-0.5       ],
       [-0.5       ],
       [-0.50000002],
       [-0.50000001],
       [-0.5       ]])
array([[-39.13021263],
       [-39.18002371],
       [-38.75379385],
       [-37.53963559],
       [-37.46716011],
       [-38.87212031],
       [-38.11308552],
       [-38.76696553],
       [-38.84072632],
       [-37.42460308],
       [-39.13349809],
       [ -2.71195481],
       [-28.63692448],
       [ -2.61244285],
       [ -3.94190908],
       [-37.62206018],
       [-39.00084802],
       [-38.11220084],
       [-39.06539349],
       [ -2.02148318],
       [-38.94086823],
       [-39.29802783],
       [-37.50301621],
       [ -0.52725023],
       [-39.09611093],
       [-39.02139561],
       [-39.05623611],
       [-38.83490743],
       [-38.97822446],
       [-39.19037964],
       [ -0.21296238],
       [-37.66004921],
       [ -2.80096501],
       [ -1.89764786],
       [ -0.66223473],
       [-40.0839046 ],
       [-39.01268501],
       [-36.76973954],
       [-39.20059395],
       [-39.25604042]])
<<<<<<<<<<< STEP 22 >>>>>>>>>>>> + array([[-0.5       ],
       [-0.50000001],
       [-0.5       ],
       [-0.5       ],
       [-0.5       ],
       [-0.5       ],
       [-0.50000001],
       [-0.5       ],
       [-0.5       ],
       [-0.5       ],
       [-0.5       ],
       [-0.08006704],
       [-0.50000124],
       [-0.06706245],
       [-0.13885726],
       [-0.5       ],
       [-0.5       ],
       [-0.50000001],
       [-0.50000001],
       [-0.04254536],
       [-0.50000001],
       [-0.5       ],
       [-0.5       ],
       [-0.00151827],
       [-0.50000001],
       [-0.5       ],
       [-0.5       ],
       [-0.5       ],
       [-0.5       ],
       [-0.5       ],
       [ 0.00104328],
       [-0.50000001],
       [-0.07198172],
       [-0.04363201],
       [-0.00131255],
       [-0.5       ],
       [-0.5       ],
       [-0.50000002],
       [-0.50000001],
       [-0.5       ]])
array([[-39.63021264],
       [-39.68002372],
       [-39.25379385],
       [-38.03963559],
       [-37.96716011],
       [-39.37212031],
       [-38.61308553],
       [-39.26696553],
       [-39.34072632],
       [-37.92460308],
       [-39.63349809],
       [ -2.79202185],
       [-29.13692572],
       [ -2.6795053 ],
       [ -4.08076634],
       [-38.12206018],
       [-39.50084802],
       [-38.61220085],
       [-39.5653935 ],
       [ -2.06402854],
       [-39.44086824],
       [-39.79802784],
       [-38.00301621],
       [ -0.5287685 ],
       [-39.59611093],
       [-39.52139561],
       [-39.55623612],
       [-39.33490743],
       [-39.47822446],
       [-39.69037965],
       [ -0.2119191 ],
       [-38.16004922],
       [ -2.87294673],
       [ -1.94127987],
       [ -0.66354728],
       [-40.58390459],
       [-39.512685  ],
       [-37.26973955],
       [-39.70059395],
       [-39.75604042]])
<<<<<<<<<<< STEP 23 >>>>>>>>>>>> + array([[-0.5       ],
       [-0.5       ],
       [-0.5       ],
       [-0.5       ],
       [-0.5       ],
       [-0.5       ],
       [-0.50000001],
       [-0.5       ],
       [-0.5       ],
       [-0.5       ],
       [-0.5       ],
       [-0.08526152],
       [-0.50000099],
       [-0.07115349],
       [-0.15265129],
       [-0.5       ],
       [-0.5       ],
       [-0.50000001],
       [-0.5       ],
       [-0.04475464],
       [-0.5       ],
       [-0.5       ],
       [-0.5       ],
       [-0.00156511],
       [-0.5       ],
       [-0.5       ],
       [-0.5       ],
       [-0.5       ],
       [-0.5       ],
       [-0.5       ],
       [ 0.00097611],
       [-0.50000001],
       [-0.07628246],
       [-0.04590507],
       [-0.00128301],
       [-0.5       ],
       [-0.5       ],
       [-0.50000001],
       [-0.5       ],
       [-0.5       ]])
array([[-40.13021264],
       [-40.18002372],
       [-39.75379385],
       [-38.53963559],
       [-38.46716011],
       [-39.87212031],
       [-39.11308554],
       [-39.76696553],
       [-39.84072632],
       [-38.42460308],
       [-40.13349809],
       [ -2.87728337],
       [-29.6369267 ],
       [ -2.75065879],
       [ -4.23341763],
       [-38.62206019],
       [-40.00084803],
       [-39.11220086],
       [-40.0653935 ],
       [ -2.10878318],
       [-39.94086824],
       [-40.29802784],
       [-38.50301621],
       [ -0.5303336 ],
       [-40.09611094],
       [-40.02139561],
       [-40.05623612],
       [-39.83490743],
       [-39.97822446],
       [-40.19037965],
       [ -0.21094299],
       [-38.66004923],
       [ -2.9492292 ],
       [ -1.98718494],
       [ -0.66483029],
       [-41.08390459],
       [-40.012685  ],
       [-37.76973957],
       [-40.20059396],
       [-40.25604042]])
<<<<<<<<<<< STEP 24 >>>>>>>>>>>> + array([[-0.5       ],
       [-0.5       ],
       [-0.5       ],
       [-0.5       ],
       [-0.5       ],
       [-0.5       ],
       [-0.50000001],
       [-0.5       ],
       [-0.5       ],
       [-0.5       ],
       [-0.5       ],
       [-0.09102089],
       [-0.50000079],
       [-0.07561827],
       [-0.16893107],
       [-0.5       ],
       [-0.5       ],
       [-0.50000001],
       [-0.5       ],
       [-0.04715276],
       [-0.5       ],
       [-0.5       ],
       [-0.5       ],
       [-0.00160181],
       [-0.5       ],
       [-0.5       ],
       [-0.5       ],
       [-0.5       ],
       [-0.5       ],
       [-0.5       ],
       [ 0.00091319],
       [-0.50000001],
       [-0.0810889 ],
       [-0.04835081],
       [-0.0012646 ],
       [-0.5       ],
       [-0.5       ],
       [-0.50000001],
       [-0.5       ],
       [-0.5       ]])
array([[-40.63021265],
       [-40.68002373],
       [-40.25379385],
       [-39.03963559],
       [-38.96716011],
       [-40.37212031],
       [-39.61308555],
       [-40.26696553],
       [-40.34072632],
       [-38.92460308],
       [-40.63349809],
       [ -2.96830427],
       [-30.13692749],
       [ -2.82627706],
       [ -4.4023487 ],
       [-39.12206019],
       [-40.50084803],
       [-39.61220086],
       [-40.56539351],
       [ -2.15593594],
       [-40.44086825],
       [-40.79802785],
       [-39.00301622],
       [ -0.53193542],
       [-40.59611094],
       [-40.52139561],
       [-40.55623612],
       [-40.33490743],
       [-40.47822446],
       [-40.69037965],
       [ -0.2100298 ],
       [-39.16004923],
       [ -3.0303181 ],
       [ -2.03553575],
       [ -0.66609489],
       [-41.58390459],
       [-40.512685  ],
       [-38.26973958],
       [-40.70059396],
       [-40.75604043]])
<<<<<<<<<<< STEP 25 >>>>>>>>>>>> + array([[-0.5       ],
       [-0.5       ],
       [-0.5       ],
       [-0.5       ],
       [-0.5       ],
       [-0.5       ],
       [-0.50000001],
       [-0.5       ],
       [-0.5       ],
       [-0.5       ],
       [-0.5       ],
       [-0.0974108 ],
       [-0.50000063],
       [-0.08047547],
       [-0.18823896],
       [-0.5       ],
       [-0.5       ],
       [-0.50000001],
       [-0.5       ],
       [-0.04975078],
       [-0.5       ],
       [-0.5       ],
       [-0.5       ],
       [-0.00162282],
       [-0.5       ],
       [-0.5       ],
       [-0.5       ],
       [-0.5       ],
       [-0.5       ],
       [-0.5       ],
       [ 0.00085847],
       [-0.5       ],
       [-0.08648379],
       [-0.05096819],
       [-0.00126349],
       [-0.5       ],
       [-0.5       ],
       [-0.50000001],
       [-0.5       ],
       [-0.5       ]])
array([[-41.13021265],
       [-41.18002373],
       [-40.75379385],
       [-39.53963559],
       [-39.46716011],
       [-40.87212031],
       [-40.11308555],
       [-40.76696553],
       [-40.84072632],
       [-39.42460309],
       [-41.13349809],
       [ -3.06571507],
       [-30.63692812],
       [ -2.90675253],
       [ -4.59058766],
       [-39.62206019],
       [-41.00084803],
       [-40.11220087],
       [-41.06539351],
       [ -2.20568672],
       [-40.94086825],
       [-41.29802785],
       [-39.50301622],
       [ -0.53355823],
       [-41.09611094],
       [-41.02139561],
       [-41.05623613],
       [-40.83490743],
       [-40.97822446],
       [-41.19037966],
       [ -0.20917133],
       [-39.66004924],
       [ -3.11680189],
       [ -2.08650394],
       [ -0.66735838],
       [-42.08390459],
       [-41.012685  ],
       [-38.76973958],
       [-41.20059396],
       [-41.25604043]])
<<<<<<<<<<< STEP 26 >>>>>>>>>>>> + array([[-0.5       ],
       [-0.5       ],
       [-0.5       ],
       [-0.5       ],
       [-0.5       ],
       [-0.5       ],
       [-0.5       ],
       [-0.5       ],
       [-0.5       ],
       [-0.5       ],
       [-0.5       ],
       [-0.10449911],
       [-0.5000005 ],
       [-0.08573187],
       [-0.21118319],
       [-0.5       ],
       [-0.5       ],
       [-0.5       ],
       [-0.5       ],
       [-0.05255519],
       [-0.5       ],
       [-0.5       ],
       [-0.5       ],
       [-0.00162057],
       [-0.5       ],
       [-0.5       ],
       [-0.5       ],
       [-0.5       ],
       [-0.5       ],
       [-0.5       ],
       [ 0.00081763],
       [-0.5       ],
       [-0.09256488],
       [-0.05374612],
       [-0.00128811],
       [-0.5       ],
       [-0.5       ],
       [-0.50000001],
       [-0.5       ],
       [-0.5       ]])
array([[-41.63021265],
       [-41.68002373],
       [-41.25379385],
       [-40.03963559],
       [-39.96716011],
       [-41.37212031],
       [-40.61308556],
       [-41.26696553],
       [-41.34072632],
       [-39.92460309],
       [-41.63349809],
       [ -3.17021418],
       [-31.13692862],
       [ -2.9924844 ],
       [ -4.80177084],
       [-40.12206019],
       [-41.50084803],
       [-40.61220088],
       [-41.56539351],
       [ -2.25824191],
       [-41.44086825],
       [-41.79802785],
       [-40.00301622],
       [ -0.5351788 ],
       [-41.59611094],
       [-41.52139561],
       [-41.55623613],
       [-41.33490743],
       [-41.47822446],
       [-41.69037966],
       [ -0.2083537 ],
       [-40.16004924],
       [ -3.20936677],
       [ -2.14025006],
       [ -0.66864649],
       [-42.58390459],
       [-41.512685  ],
       [-39.26973959],
       [-41.70059396],
       [-41.75604043]])
<<<<<<<<<<< STEP 27 >>>>>>>>>>>> + array([[-0.5       ],
       [-0.5       ],
       [-0.5       ],
       [-0.5       ],
       [-0.5       ],
       [-0.5       ],
       [-0.5       ],
       [-0.5       ],
       [-0.5       ],
       [-0.5       ],
       [-0.5       ],
       [-0.11235467],
       [-0.5000004 ],
       [-0.09137669],
       [-0.2383634 ],
       [-0.5       ],
       [-0.5       ],
       [-0.5       ],
       [-0.5       ],
       [-0.05556544],
       [-0.5       ],
       [-0.5       ],
       [-0.5       ],
       [-0.0015853 ],
       [-0.5       ],
       [-0.5       ],
       [-0.5       ],
       [-0.5       ],
       [-0.5       ],
       [-0.5       ],
       [ 0.00079831],
       [-0.5       ],
       [-0.09944688],
       [-0.05665939],
       [-0.00134964],
       [-0.5       ],
       [-0.5       ],
       [-0.50000001],
       [-0.5       ],
       [-0.5       ]])
array([[-42.13021265],
       [-42.18002373],
       [-41.75379385],
       [-40.53963558],
       [-40.46716011],
       [-41.87212031],
       [-41.11308556],
       [-41.76696553],
       [-41.84072632],
       [-40.42460309],
       [-42.13349809],
       [ -3.28256885],
       [-31.63692902],
       [ -3.08386109],
       [ -5.04013425],
       [-40.62206019],
       [-42.00084803],
       [-41.11220088],
       [-42.06539351],
       [ -2.31380735],
       [-41.94086826],
       [-42.29802785],
       [-40.50301622],
       [ -0.5367641 ],
       [-42.09611095],
       [-42.02139561],
       [-42.05623613],
       [-41.83490743],
       [-41.97822446],
       [-42.19037966],
       [ -0.20755539],
       [-40.66004924],
       [ -3.30881365],
       [ -2.19690945],
       [ -0.66999613],
       [-43.08390459],
       [-42.012685  ],
       [-39.7697396 ],
       [-42.20059397],
       [-42.25604043]])
<<<<<<<<<<< STEP 28 >>>>>>>>>>>> + array([[-0.5       ],
       [-0.5       ],
       [-0.5       ],
       [-0.5       ],
       [-0.5       ],
       [-0.5       ],
       [-0.5       ],
       [-0.5       ],
       [-0.5       ],
       [-0.5       ],
       [-0.5       ],
       [-0.1210491 ],
       [-0.50000032],
       [-0.09737812],
       [-0.27019686],
       [-0.5       ],
       [-0.5       ],
       [-0.5       ],
       [-0.5       ],
       [-0.05877206],
       [-0.5       ],
       [-0.5       ],
       [-0.5       ],
       [-0.00150525],
       [-0.5       ],
       [-0.5       ],
       [-0.5       ],
       [-0.5       ],
       [-0.5       ],
       [-0.5       ],
       [ 0.00081024],
       [-0.5       ],
       [-0.10726333],
       [-0.05966602],
       [-0.00146183],
       [-0.5       ],
       [-0.5       ],
       [-0.5       ],
       [-0.5       ],
       [-0.5       ]])
array([[-42.63021265],
       [-42.68002374],
       [-42.25379385],
       [-41.03963558],
       [-40.96716011],
       [-42.37212031],
       [-41.61308556],
       [-42.26696553],
       [-42.34072632],
       [-40.92460309],
       [-42.63349809],
       [ -3.40361795],
       [-32.13692934],
       [ -3.18123921],
       [ -5.31033111],
       [-41.12206019],
       [-42.50084803],
       [-41.61220088],
       [-42.56539352],
       [ -2.37257941],
       [-42.44086826],
       [-42.79802785],
       [-41.00301622],
       [ -0.53826935],
       [-42.59611095],
       [-42.52139561],
       [-42.55623613],
       [-42.33490743],
       [-42.47822446],
       [-42.69037966],
       [ -0.20674515],
       [-41.16004925],
       [ -3.41607698],
       [ -2.25657547],
       [ -0.67145796],
       [-43.58390459],
       [-42.512685  ],
       [-40.2697396 ],
       [-42.70059397],
       [-42.75604043]])
<<<<<<<<<<< STEP 29 >>>>>>>>>>>> + array([[-0.5       ],
       [-0.5       ],
       [-0.5       ],
       [-0.5       ],
       [-0.5       ],
       [-0.5       ],
       [-0.5       ],
       [-0.5       ],
       [-0.5       ],
       [-0.5       ],
       [-0.5       ],
       [-0.13066722],
       [-0.50000025],
       [-0.10368819],
       [-0.30659705],
       [-0.5       ],
       [-0.5       ],
       [-0.5       ],
       [-0.5       ],
       [-0.06215769],
       [-0.5       ],
       [-0.5       ],
       [-0.5       ],
       [-0.00136798],
       [-0.5       ],
       [-0.5       ],
       [-0.5       ],
       [-0.5       ],
       [-0.5       ],
       [-0.5       ],
       [ 0.00086437],
       [-0.5       ],
       [-0.11616868],
       [-0.06270956],
       [-0.0016397 ],
       [-0.5       ],
       [-0.5       ],
       [-0.5       ],
       [-0.5       ],
       [-0.5       ]])
array([[-43.13021265],
       [-43.18002374],
       [-42.75379385],
       [-41.53963558],
       [-41.46716011],
       [-42.87212031],
       [-42.11308557],
       [-42.76696553],
       [-42.84072632],
       [-41.42460309],
       [-43.13349809],
       [ -3.53428517],
       [-32.63692959],
       [ -3.28492741],
       [ -5.61692816],
       [-41.62206019],
       [-43.00084803],
       [-42.11220088],
       [-43.06539352],
       [ -2.4347371 ],
       [-42.94086826],
       [-43.29802785],
       [-41.50301622],
       [ -0.53963733],
       [-43.09611095],
       [-43.02139561],
       [-43.05623613],
       [-42.83490743],
       [-42.97822446],
       [-43.19037966],
       [ -0.20588078],
       [-41.66004925],
       [ -3.53224566],
       [ -2.31928503],
       [ -0.67309766],
       [-44.08390459],
       [-43.012685  ],
       [-40.7697396 ],
       [-43.20059397],
       [-43.25604043]])
<<<<<<<<<<< STEP 30 >>>>>>>>>>>> + array([[-0.5       ],
       [-0.5       ],
       [-0.5       ],
       [-0.5       ],
       [-0.5       ],
       [-0.5       ],
       [-0.5       ],
       [-0.5       ],
       [-0.5       ],
       [-0.5       ],
       [-0.5       ],
       [-0.14133413],
       [-0.5000002 ],
       [-0.11026487],
       [-0.34651965],
       [-0.5       ],
       [-0.5       ],
       [-0.5       ],
       [-0.5       ],
       [-0.06570447],
       [-0.5       ],
       [-0.5       ],
       [-0.5       ],
       [-0.00116348],
       [-0.5       ],
       [-0.5       ],
       [-0.5       ],
       [-0.5       ],
       [-0.5       ],
       [-0.5       ],
       [ 0.0009707 ],
       [-0.5       ],
       [-0.12634168],
       [-0.06573187],
       [-0.00189621],
       [-0.5       ],
       [-0.5       ],
       [-0.5       ],
       [-0.5       ],
       [-0.5       ]])
array([[-43.63021266],
       [-43.68002374],
       [-43.25379385],
       [-42.03963558],
       [-41.96716011],
       [-43.37212031],
       [-42.61308557],
       [-43.26696553],
       [-43.34072632],
       [-41.92460309],
       [-43.63349809],
       [ -3.6756193 ],
       [-33.1369298 ],
       [ -3.39519227],
       [ -5.96344781],
       [-42.12206019],
       [-43.50084803],
       [-42.61220089],
       [-43.56539352],
       [ -2.50044157],
       [-43.44086826],
       [-43.79802785],
       [-42.00301622],
       [ -0.54080081],
       [-43.59611095],
       [-43.52139561],
       [-43.55623613],
       [-43.33490743],
       [-43.47822446],
       [-43.69037966],
       [ -0.20491009],
       [-42.16004925],
       [ -3.65858734],
       [ -2.3850169 ],
       [ -0.67499387],
       [-44.58390459],
       [-43.512685  ],
       [-41.26973961],
       [-43.70059397],
       [-43.75604043]])
<<<<<<<<<<< STEP 31 >>>>>>>>>>>> + array([[-0.5       ],
       [-0.5       ],
       [-0.5       ],
       [-0.5       ],
       [-0.5       ],
       [-0.5       ],
       [-0.5       ],
       [-0.5       ],
       [-0.5       ],
       [-0.5       ],
       [-0.5       ],
       [-0.15326377],
       [-0.50000016],
       [-0.11711736],
       [-0.3875842 ],
       [-0.5       ],
       [-0.5       ],
       [-0.5       ],
       [-0.5       ],
       [-0.06941035],
       [-0.5       ],
       [-0.5       ],
       [-0.5       ],
       [-0.00088891],
       [-0.5       ],
       [-0.5       ],
       [-0.5       ],
       [-0.5       ],
       [-0.5       ],
       [-0.5       ],
       [ 0.00113442],
       [-0.5       ],
       [-0.13799288],
       [-0.06869999],
       [-0.00223656],
       [-0.5       ],
       [-0.5       ],
       [-0.5       ],
       [-0.5       ],
       [-0.5       ]])
array([[-44.13021266],
       [-44.18002374],
       [-43.75379385],
       [-42.53963558],
       [-42.46716011],
       [-43.87212031],
       [-43.11308557],
       [-43.76696553],
       [-43.84072632],
       [-42.42460309],
       [-44.13349809],
       [ -3.82888307],
       [-33.63692996],
       [ -3.51230964],
       [ -6.35103201],
       [-42.62206019],
       [-44.00084803],
       [-43.11220089],
       [-44.06539352],
       [ -2.56985191],
       [-43.94086826],
       [-44.29802785],
       [-42.50301622],
       [ -0.54168972],
       [-44.09611095],
       [-44.02139561],
       [-44.05623613],
       [-43.83490743],
       [-43.97822446],
       [-44.19037966],
       [ -0.20377566],
       [-42.66004925],
       [ -3.79658022],
       [ -2.45371689],
       [ -0.67723043],
       [-45.08390459],
       [-44.012685  ],
       [-41.76973961],
       [-44.20059397],
       [-44.25604044]])
<<<<<<<<<<< STEP 32 >>>>>>>>>>>> + array([[-0.5       ],
       [-0.5       ],
       [-0.5       ],
       [-0.5       ],
       [-0.5       ],
       [-0.5       ],
       [-0.5       ],
       [-0.5       ],
       [-0.5       ],
       [-0.5       ],
       [-0.5       ],
       [-0.16681728],
       [-0.50000013],
       [-0.12436255],
       [-0.42623596],
       [-0.5       ],
       [-0.5       ],
       [-0.5       ],
       [-0.5       ],
       [-0.07331026],
       [-0.5       ],
       [-0.5       ],
       [-0.5       ],
       [-0.00055305],
       [-0.5       ],
       [-0.5       ],
       [-0.5       ],
       [-0.5       ],
       [-0.5       ],
       [-0.5       ],
       [ 0.00135176],
       [-0.5       ],
       [-0.15137879],
       [-0.0716393 ],
       [-0.00265216],
       [-0.5       ],
       [-0.5       ],
       [-0.5       ],
       [-0.5       ],
       [-0.5       ]])
array([[-44.63021266],
       [-44.68002374],
       [-44.25379385],
       [-43.03963558],
       [-42.96716011],
       [-44.37212031],
       [-43.61308557],
       [-44.26696553],
       [-44.34072632],
       [-42.92460309],
       [-44.63349809],
       [ -3.99570035],
       [-34.13693008],
       [ -3.63667219],
       [ -6.77726797],
       [-43.12206019],
       [-44.50084803],
       [-43.61220089],
       [-44.56539352],
       [ -2.64316218],
       [-44.44086826],
       [-44.79802786],
       [-43.00301622],
       [ -0.54224277],
       [-44.59611095],
       [-44.52139561],
       [-44.55623613],
       [-44.33490743],
       [-44.47822446],
       [-44.69037966],
       [ -0.2024239 ],
       [-43.16004925],
       [ -3.94795901],
       [ -2.52535619],
       [ -0.67988259],
       [-45.58390459],
       [-44.512685  ],
       [-42.26973961],
       [-44.70059397],
       [-44.75604044]])
<<<<<<<<<<< STEP 33 >>>>>>>>>>>> + array([[ -5.00000000e-01],
       [ -5.00000000e-01],
       [ -5.00000000e-01],
       [ -5.00000000e-01],
       [ -5.00000000e-01],
       [ -5.00000000e-01],
       [ -5.00000001e-01],
       [ -5.00000000e-01],
       [ -5.00000000e-01],
       [ -5.00000000e-01],
       [ -5.00000000e-01],
       [ -1.82534731e-01],
       [ -5.00000101e-01],
       [ -1.32253335e-01],
       [ -4.58810617e-01],
       [ -5.00000000e-01],
       [ -5.00000000e-01],
       [ -5.00000001e-01],
       [ -5.00000000e-01],
       [ -7.74868667e-02],
       [ -5.00000001e-01],
       [ -5.00000000e-01],
       [ -5.00000000e-01],
       [ -1.76431733e-04],
       [ -5.00000000e-01],
       [ -5.00000000e-01],
       [ -5.00000000e-01],
       [ -5.00000000e-01],
       [ -5.00000000e-01],
       [ -5.00000000e-01],
       [  1.60865064e-03],
       [ -5.00000000e-01],
       [ -1.66821819e-01],
       [ -7.46483521e-02],
       [ -3.11868066e-03],
       [ -5.00000000e-01],
       [ -5.00000000e-01],
       [ -5.00000001e-01],
       [ -5.00000000e-01],
       [ -5.00000000e-01]])
array([[-45.13021266],
       [-45.18002374],
       [-44.75379385],
       [-43.53963558],
       [-43.46716011],
       [-44.87212031],
       [-44.11308557],
       [-44.76696553],
       [-44.84072632],
       [-43.42460309],
       [-45.13349809],
       [ -4.17823508],
       [-34.63693019],
       [ -3.76892552],
       [ -7.23607859],
       [-43.62206019],
       [-45.00084803],
       [-44.11220089],
       [-45.06539352],
       [ -2.72064905],
       [-44.94086826],
       [-45.29802786],
       [-43.50301622],
       [ -0.5424192 ],
       [-45.09611095],
       [-45.02139561],
       [-45.05623614],
       [-44.83490743],
       [-44.97822446],
       [-45.19037966],
       [ -0.20081525],
       [-43.66004925],
       [ -4.11478083],
       [ -2.60000454],
       [ -0.68300127],
       [-46.08390459],
       [-45.012685  ],
       [-42.76973961],
       [-45.20059397],
       [-45.25604044]])
<<<<<<<<<<< STEP 34 >>>>>>>>>>>> + array([[ -5.00000000e-01],
       [ -5.00000000e-01],
       [ -5.00000000e-01],
       [ -5.00000000e-01],
       [ -5.00000000e-01],
       [ -5.00000000e-01],
       [ -5.00000001e-01],
       [ -5.00000000e-01],
       [ -5.00000000e-01],
       [ -5.00000000e-01],
       [ -5.00000000e-01],
       [ -2.01100600e-01],
       [ -5.00000080e-01],
       [ -1.41140276e-01],
       [ -4.83043273e-01],
       [ -5.00000000e-01],
       [ -5.00000000e-01],
       [ -5.00000001e-01],
       [ -5.00000000e-01],
       [ -8.20534443e-02],
       [ -5.00000000e-01],
       [ -5.00000000e-01],
       [ -5.00000000e-01],
       [  2.15676354e-04],
       [ -5.00000000e-01],
       [ -5.00000000e-01],
       [ -5.00000000e-01],
       [ -5.00000000e-01],
       [ -5.00000000e-01],
       [ -5.00000000e-01],
       [  1.88483740e-03],
       [ -5.00000000e-01],
       [ -1.84726250e-01],
       [ -7.78697836e-02],
       [ -3.60173482e-03],
       [ -5.00000000e-01],
       [ -5.00000000e-01],
       [ -5.00000001e-01],
       [ -5.00000000e-01],
       [ -5.00000000e-01]])
array([[-45.63021266],
       [-45.68002374],
       [-45.25379385],
       [-44.03963558],
       [-43.96716011],
       [-45.37212031],
       [-44.61308557],
       [-45.26696553],
       [-45.34072632],
       [-43.92460309],
       [-45.63349809],
       [ -4.37933568],
       [-35.13693027],
       [ -3.9100658 ],
       [ -7.71912186],
       [-44.12206019],
       [-45.50084803],
       [-44.61220089],
       [-45.56539352],
       [ -2.80270249],
       [-45.44086826],
       [-45.79802786],
       [-44.00301622],
       [ -0.54220353],
       [-45.59611095],
       [-45.52139561],
       [-45.55623614],
       [-45.33490743],
       [-45.47822446],
       [-45.69037966],
       [ -0.19893041],
       [-44.16004925],
       [ -4.29950708],
       [ -2.67787432],
       [ -0.686603  ],
       [-46.58390459],
       [-45.512685  ],
       [-43.26973961],
       [-45.70059397],
       [-45.75604044]])
<<<<<<<<<<< STEP 35 >>>>>>>>>>>> + array([[-0.5       ],
       [-0.5       ],
       [-0.5       ],
       [-0.5       ],
       [-0.5       ],
       [-0.5       ],
       [-0.5       ],
       [-0.5       ],
       [-0.5       ],
       [-0.5       ],
       [-0.5       ],
       [-0.22324074],
       [-0.50000006],
       [-0.15137896],
       [-0.4988337 ],
       [-0.5       ],
       [-0.5       ],
       [-0.5       ],
       [-0.5       ],
       [-0.08710979],
       [-0.5       ],
       [-0.5       ],
       [-0.5       ],
       [ 0.00060411],
       [-0.5       ],
       [-0.5       ],
       [-0.5       ],
       [-0.5       ],
       [-0.5       ],
       [-0.5       ],
       [ 0.00216168],
       [-0.5       ],
       [-0.20557478],
       [-0.08142275],
       [-0.00406762],
       [-0.5       ],
       [-0.5       ],
       [-0.5       ],
       [-0.5       ],
       [-0.5       ]])
array([[-46.13021266],
       [-46.18002374],
       [-45.75379385],
       [-44.53963558],
       [-44.46716011],
       [-45.87212031],
       [-45.11308557],
       [-45.76696553],
       [-45.84072632],
       [-44.42460309],
       [-46.13349809],
       [ -4.60257642],
       [-35.63693033],
       [ -4.06144476],
       [ -8.21795556],
       [-44.6220602 ],
       [-46.00084803],
       [-45.11220089],
       [-46.06539352],
       [ -2.88981228],
       [-45.94086826],
       [-46.29802786],
       [-44.50301622],
       [ -0.54159942],
       [-46.09611095],
       [-46.02139561],
       [-46.05623614],
       [-45.83490743],
       [-45.97822446],
       [-46.19037966],
       [ -0.19676873],
       [-44.66004925],
       [ -4.50508186],
       [ -2.75929707],
       [ -0.69067063],
       [-47.08390459],
       [-46.012685  ],
       [-43.76973961],
       [-46.20059397],
       [-46.25604044]])
<<<<<<<<<<< STEP 36 >>>>>>>>>>>> + array([[-0.5       ],
       [-0.5       ],
       [-0.5       ],
       [-0.5       ],
       [-0.5       ],
       [-0.5       ],
       [-0.5       ],
       [-0.5       ],
       [-0.5       ],
       [-0.5       ],
       [-0.5       ],
       [-0.24957612],
       [-0.50000005],
       [-0.16324471],
       [-0.50772546],
       [-0.5       ],
       [-0.5       ],
       [-0.5       ],
       [-0.5       ],
       [-0.09269186],
       [-0.5       ],
       [-0.5       ],
       [-0.5       ],
       [ 0.00098359],
       [-0.5       ],
       [-0.5       ],
       [-0.5       ],
       [-0.5       ],
       [-0.5       ],
       [-0.5       ],
       [ 0.00242822],
       [-0.5       ],
       [-0.22988947],
       [-0.08533351],
       [-0.00449156],
       [-0.5       ],
       [-0.5       ],
       [-0.5       ],
       [-0.5       ],
       [-0.5       ]])
array([[-46.63021266],
       [-46.68002374],
       [-46.25379385],
       [-45.03963558],
       [-44.96716011],
       [-46.37212031],
       [-45.61308557],
       [-46.26696553],
       [-46.34072632],
       [-44.92460309],
       [-46.63349809],
       [ -4.85215254],
       [-36.13693038],
       [ -4.22468946],
       [ -8.72568102],
       [-45.1220602 ],
       [-46.50084803],
       [-45.61220089],
       [-46.56539352],
       [ -2.98250414],
       [-46.44086826],
       [-46.79802786],
       [-45.00301622],
       [ -0.54061583],
       [-46.59611095],
       [-46.52139561],
       [-46.55623614],
       [-46.33490743],
       [-46.47822446],
       [-46.69037966],
       [ -0.19434051],
       [-45.16004925],
       [ -4.73497134],
       [ -2.84463058],
       [ -0.69516218],
       [-47.58390459],
       [-46.512685  ],
       [-44.26973961],
       [-46.70059397],
       [-46.75604044]])
<<<<<<<<<<< STEP 37 >>>>>>>>>>>> + array([[-0.5       ],
       [-0.5       ],
       [-0.5       ],
       [-0.5       ],
       [-0.5       ],
       [-0.5       ],
       [-0.5       ],
       [-0.5       ],
       [-0.5       ],
       [-0.5       ],
       [-0.5       ],
       [-0.28042729],
       [-0.50000004],
       [-0.17690009],
       [-0.51180809],
       [-0.5       ],
       [-0.5       ],
       [-0.5       ],
       [-0.5       ],
       [-0.09873253],
       [-0.5       ],
       [-0.5       ],
       [-0.5       ],
       [ 0.0013638 ],
       [-0.5       ],
       [-0.5       ],
       [-0.5       ],
       [-0.5       ],
       [-0.5       ],
       [-0.5       ],
       [ 0.00268219],
       [-0.5       ],
       [-0.25813802],
       [-0.08949182],
       [-0.00485911],
       [-0.5       ],
       [-0.5       ],
       [-0.5       ],
       [-0.5       ],
       [-0.5       ]])
array([[-47.13021266],
       [-47.18002374],
       [-46.75379385],
       [-45.53963558],
       [-45.46716011],
       [-46.87212031],
       [-46.11308557],
       [-46.76696553],
       [-46.84072632],
       [-45.42460309],
       [-47.13349809],
       [ -5.13257983],
       [-36.63693042],
       [ -4.40158955],
       [ -9.23748911],
       [-45.6220602 ],
       [-47.00084803],
       [-46.11220089],
       [-47.06539352],
       [ -3.08123668],
       [-46.94086826],
       [-47.29802786],
       [-45.50301622],
       [ -0.53925203],
       [-47.09611095],
       [-47.02139561],
       [-47.05623614],
       [-46.83490743],
       [-46.97822446],
       [-47.19037966],
       [ -0.19165832],
       [-45.66004925],
       [ -4.99310936],
       [ -2.9341224 ],
       [ -0.7000213 ],
       [-48.08390459],
       [-47.012685  ],
       [-44.76973961],
       [-47.20059397],
       [-47.25604044]])
<<<<<<<<<<< STEP 38 >>>>>>>>>>>> + array([[-0.5       ],
       [-0.5       ],
       [-0.5       ],
       [-0.5       ],
       [-0.5       ],
       [-0.5       ],
       [-0.5       ],
       [-0.5       ],
       [-0.5       ],
       [-0.5       ],
       [-0.5       ],
       [-0.31552633],
       [-0.50000003],
       [-0.19241875],
       [-0.51292286],
       [-0.5       ],
       [-0.5       ],
       [-0.5       ],
       [-0.5       ],
       [-0.10503619],
       [-0.5       ],
       [-0.5       ],
       [-0.5       ],
       [ 0.00176532],
       [-0.5       ],
       [-0.5       ],
       [-0.5       ],
       [-0.5       ],
       [-0.5       ],
       [-0.5       ],
       [ 0.00292719],
       [-0.5       ],
       [-0.29055408],
       [-0.09363493],
       [-0.00516331],
       [-0.5       ],
       [-0.5       ],
       [-0.5       ],
       [-0.5       ],
       [-0.5       ]])
array([[-47.63021266],
       [-47.68002374],
       [-47.25379385],
       [-46.03963558],
       [-45.96716011],
       [-47.37212031],
       [-46.61308557],
       [-47.26696553],
       [-47.34072632],
       [-45.92460309],
       [-47.63349809],
       [ -5.44810616],
       [-37.13693045],
       [ -4.5940083 ],
       [ -9.75041197],
       [-46.1220602 ],
       [-47.50084803],
       [-46.61220089],
       [-47.56539352],
       [ -3.18627287],
       [-47.44086826],
       [-47.79802786],
       [-46.00301622],
       [ -0.5374867 ],
       [-47.59611095],
       [-47.52139561],
       [-47.55623614],
       [-47.33490743],
       [-47.47822446],
       [-47.69037966],
       [ -0.18873113],
       [-46.16004925],
       [ -5.28366344],
       [ -3.02775733],
       [ -0.70518461],
       [-48.58390459],
       [-47.512685  ],
       [-45.26973962],
       [-47.70059397],
       [-47.75604044]])
<<<<<<<<<<< STEP 39 >>>>>>>>>>>> + array([[-0.5       ],
       [-0.5       ],
       [-0.5       ],
       [-0.5       ],
       [-0.5       ],
       [-0.5       ],
       [-0.5       ],
       [-0.5       ],
       [-0.5       ],
       [-0.5       ],
       [-0.5       ],
       [-0.35364861],
       [-0.50000003],
       [-0.20986094],
       [-0.51239138],
       [-0.5       ],
       [-0.5       ],
       [-0.5       ],
       [-0.5       ],
       [-0.11127195],
       [-0.5       ],
       [-0.5       ],
       [-0.5       ],
       [ 0.00221279],
       [-0.5       ],
       [-0.5       ],
       [-0.5       ],
       [-0.5       ],
       [-0.5       ],
       [-0.5       ],
       [ 0.00316824],
       [-0.5       ],
       [-0.32683778],
       [-0.09735978],
       [-0.00540167],
       [-0.5       ],
       [-0.5       ],
       [-0.5       ],
       [-0.5       ],
       [-0.5       ]])
array([[-48.13021266],
       [-48.18002374],
       [-47.75379385],
       [-46.53963558],
       [-46.46716011],
       [-47.87212031],
       [-47.11308557],
       [-47.76696553],
       [-47.84072632],
       [-46.42460309],
       [-48.13349809],
       [ -5.80175477],
       [-37.63693048],
       [ -4.80386924],
       [-10.26280335],
       [-46.6220602 ],
       [-48.00084803],
       [-47.11220089],
       [-48.06539352],
       [ -3.29754482],
       [-47.94086826],
       [-48.29802786],
       [-46.50301622],
       [ -0.53527391],
       [-48.09611095],
       [-48.02139561],
       [-48.05623614],
       [-47.83490743],
       [-47.97822446],
       [-48.19037966],
       [ -0.1855629 ],
       [-46.66004925],
       [ -5.61050122],
       [ -3.1251171 ],
       [ -0.71058628],
       [-49.08390459],
       [-48.012685  ],
       [-45.76973962],
       [-48.20059397],
       [-48.25604044]])
<<<<<<<<<<< STEP 40 >>>>>>>>>>>> + array([[-0.5       ],
       [-0.5       ],
       [-0.5       ],
       [-0.5       ],
       [-0.5       ],
       [-0.5       ],
       [-0.5       ],
       [-0.5       ],
       [-0.5       ],
       [-0.5       ],
       [-0.5       ],
       [-0.39236435],
       [-0.50000002],
       [-0.22940054],
       [-0.51105812],
       [-0.5       ],
       [-0.5       ],
       [-0.5       ],
       [-0.5       ],
       [-0.11700791],
       [-0.5       ],
       [-0.5       ],
       [-0.5       ],
       [ 0.00272553],
       [-0.5       ],
       [-0.5       ],
       [-0.5       ],
       [-0.5       ],
       [-0.5       ],
       [-0.5       ],
       [ 0.00340752],
       [-0.5       ],
       [-0.36575949],
       [-0.10018306],
       [-0.00557555],
       [-0.5       ],
       [-0.5       ],
       [-0.5       ],
       [-0.5       ],
       [-0.5       ]])
array([[-48.63021266],
       [-48.68002374],
       [-48.25379385],
       [-47.03963558],
       [-46.96716011],
       [-48.37212031],
       [-47.61308557],
       [-48.26696553],
       [-48.34072632],
       [-46.92460309],
       [-48.63349809],
       [ -6.19411911],
       [-38.1369305 ],
       [ -5.03326978],
       [-10.77386147],
       [-47.1220602 ],
       [-48.50084803],
       [-47.61220089],
       [-48.56539352],
       [ -3.41455273],
       [-48.44086826],
       [-48.79802786],
       [-47.00301622],
       [ -0.53254838],
       [-48.59611095],
       [-48.52139561],
       [-48.55623614],
       [-48.33490743],
       [-48.47822446],
       [-48.69037966],
       [ -0.18215537],
       [-47.16004925],
       [ -5.97626071],
       [ -3.22530017],
       [ -0.71616183],
       [-49.58390459],
       [-48.512685  ],
       [-46.26973962],
       [-48.70059397],
       [-48.75604044]])
<<<<<<<<<<< STEP 41 >>>>>>>>>>>> + array([[-0.5       ],
       [-0.5       ],
       [-0.5       ],
       [-0.5       ],
       [-0.5       ],
       [-0.5       ],
       [-0.5       ],
       [-0.5       ],
       [-0.5       ],
       [-0.5       ],
       [-0.5       ],
       [-0.4283106 ],
       [-0.50000002],
       [-0.25145936],
       [-0.50942641],
       [-0.5       ],
       [-0.5       ],
       [-0.5       ],
       [-0.5       ],
       [-0.12181289],
       [-0.5       ],
       [-0.5       ],
       [-0.5       ],
       [ 0.00330584],
       [-0.5       ],
       [-0.5       ],
       [-0.5       ],
       [-0.5       ],
       [-0.5       ],
       [-0.5       ],
       [ 0.00364158],
       [-0.5       ],
       [-0.40486518],
       [-0.10166804],
       [-0.00569115],
       [-0.5       ],
       [-0.5       ],
       [-0.5       ],
       [-0.5       ],
       [-0.5       ]])
array([[-49.13021266],
       [-49.18002374],
       [-48.75379385],
       [-47.53963558],
       [-47.46716011],
       [-48.87212031],
       [-48.11308557],
       [-48.76696553],
       [-48.84072632],
       [-47.42460309],
       [-49.13349809],
       [ -6.62242971],
       [-38.63693051],
       [ -5.28472914],
       [-11.28328788],
       [-47.6220602 ],
       [-49.00084803],
       [-48.11220089],
       [-49.06539352],
       [ -3.53636562],
       [-48.94086826],
       [-49.29802786],
       [-47.50301622],
       [ -0.52924253],
       [-49.09611095],
       [-49.02139561],
       [-49.05623614],
       [-48.83490743],
       [-48.97822446],
       [-49.19037966],
       [ -0.17851379],
       [-47.66004925],
       [ -6.38112589],
       [ -3.32696821],
       [ -0.72185298],
       [-50.08390459],
       [-49.012685  ],
       [-46.76973962],
       [-49.20059397],
       [-49.25604044]])
<<<<<<<<<<< STEP 42 >>>>>>>>>>>> + array([[-0.5       ],
       [-0.5       ],
       [-0.5       ],
       [-0.5       ],
       [-0.5       ],
       [-0.5       ],
       [-0.5       ],
       [-0.5       ],
       [-0.5       ],
       [-0.5       ],
       [-0.5       ],
       [-0.45822492],
       [-0.50000001],
       [-0.27670804],
       [-0.50778128],
       [-0.5       ],
       [-0.5       ],
       [-0.5       ],
       [-0.5       ],
       [-0.12541074],
       [-0.5       ],
       [-0.5       ],
       [-0.5       ],
       [ 0.00392888],
       [-0.5       ],
       [-0.5       ],
       [-0.5       ],
       [-0.5       ],
       [-0.5       ],
       [-0.5       ],
       [ 0.00386134],
       [-0.5       ],
       [-0.44071307],
       [-0.10158636],
       [-0.00575946],
       [-0.5       ],
       [-0.5       ],
       [-0.5       ],
       [-0.5       ],
       [-0.5       ]])
array([[-49.63021266],
       [-49.68002374],
       [-49.25379385],
       [-48.03963558],
       [-47.96716011],
       [-49.37212031],
       [-48.61308557],
       [-49.26696553],
       [-49.34072632],
       [-47.92460309],
       [-49.63349809],
       [ -7.08065463],
       [-39.13693053],
       [ -5.56143719],
       [-11.79106916],
       [-48.1220602 ],
       [-49.50084803],
       [-48.61220089],
       [-49.56539352],
       [ -3.66177636],
       [-49.44086826],
       [-49.79802786],
       [-48.00301622],
       [ -0.52531366],
       [-49.59611095],
       [-49.52139561],
       [-49.55623614],
       [-49.33490743],
       [-49.47822446],
       [-49.69037966],
       [ -0.17465245],
       [-48.16004925],
       [ -6.82183896],
       [ -3.42855457],
       [ -0.72761244],
       [-50.58390459],
       [-49.512685  ],
       [-47.26973962],
       [-49.70059397],
       [-49.75604044]])
<<<<<<<<<<< STEP 43 >>>>>>>>>>>> + array([[-0.5       ],
       [-0.5       ],
       [-0.5       ],
       [-0.5       ],
       [-0.5       ],
       [-0.5       ],
       [-0.5       ],
       [-0.5       ],
       [-0.5       ],
       [-0.5       ],
       [-0.5       ],
       [-0.48025095],
       [-0.50000001],
       [-0.30575968],
       [-0.50627275],
       [-0.5       ],
       [-0.5       ],
       [-0.5       ],
       [-0.5       ],
       [-0.12780192],
       [-0.5       ],
       [-0.5       ],
       [-0.5       ],
       [ 0.00454263],
       [-0.5       ],
       [-0.5       ],
       [-0.5       ],
       [-0.5       ],
       [-0.5       ],
       [-0.5       ],
       [ 0.00405557],
       [-0.5       ],
       [-0.46995872],
       [-0.10001483],
       [-0.00579335],
       [-0.5       ],
       [-0.5       ],
       [-0.5       ],
       [-0.5       ],
       [-0.5       ]])
array([[-50.13021266],
       [-50.18002374],
       [-49.75379385],
       [-48.53963558],
       [-48.46716011],
       [-49.87212031],
       [-49.11308557],
       [-49.76696553],
       [-49.84072632],
       [-48.42460309],
       [-50.13349809],
       [ -7.56090559],
       [-39.63693054],
       [ -5.86719686],
       [-12.29734191],
       [-48.6220602 ],
       [-50.00084803],
       [-49.11220089],
       [-50.06539352],
       [ -3.78957829],
       [-49.94086826],
       [-50.29802786],
       [-48.50301622],
       [ -0.52077103],
       [-50.09611095],
       [-50.02139561],
       [-50.05623614],
       [-49.83490743],
       [-49.97822446],
       [-50.19037966],
       [ -0.17059688],
       [-48.66004925],
       [ -7.29179768],
       [ -3.5285694 ],
       [ -0.73340579],
       [-51.08390459],
       [-50.012685  ],
       [-47.76973962],
       [-50.20059397],
       [-50.25604044]])
<<<<<<<<<<< STEP 44 >>>>>>>>>>>> + array([[-0.5       ],
       [-0.5       ],
       [-0.5       ],
       [-0.5       ],
       [-0.5       ],
       [-0.5       ],
       [-0.5       ],
       [-0.5       ],
       [-0.5       ],
       [-0.5       ],
       [-0.5       ],
       [-0.49450353],
       [-0.50000001],
       [-0.33855677],
       [-0.50496725],
       [-0.5       ],
       [-0.5       ],
       [-0.5       ],
       [-0.5       ],
       [-0.12926259],
       [-0.5       ],
       [-0.5       ],
       [-0.5       ],
       [ 0.00508331],
       [-0.5       ],
       [-0.5       ],
       [-0.5       ],
       [-0.5       ],
       [-0.5       ],
       [-0.5       ],
       [ 0.00421566],
       [-0.5       ],
       [-0.49078884],
       [-0.0972852 ],
       [-0.00580362],
       [-0.5       ],
       [-0.5       ],
       [-0.5       ],
       [-0.5       ],
       [-0.5       ]])
array([[-50.63021266],
       [-50.68002374],
       [-50.25379385],
       [-49.03963558],
       [-48.96716011],
       [-50.37212031],
       [-49.61308557],
       [-50.26696553],
       [-50.34072632],
       [-48.92460309],
       [-50.63349809],
       [ -8.05540912],
       [-40.13693054],
       [ -6.20575363],
       [-12.80230915],
       [-49.1220602 ],
       [-50.50084803],
       [-49.61220089],
       [-50.56539352],
       [ -3.91884088],
       [-50.44086826],
       [-50.79802786],
       [-49.00301622],
       [ -0.51568772],
       [-50.59611095],
       [-50.52139561],
       [-50.55623614],
       [-50.33490743],
       [-50.47822446],
       [-50.69037966],
       [ -0.16638122],
       [-49.16004925],
       [ -7.78258652],
       [ -3.6258546 ],
       [ -0.73920941],
       [-51.58390459],
       [-50.512685  ],
       [-48.26973962],
       [-50.70059397],
       [-50.75604044]])
<<<<<<<<<<< STEP 45 >>>>>>>>>>>> + array([[-0.5       ],
       [-0.5       ],
       [-0.5       ],
       [-0.5       ],
       [-0.5       ],
       [-0.5       ],
       [-0.5       ],
       [-0.5       ],
       [-0.5       ],
       [-0.5       ],
       [-0.5       ],
       [-0.50252476],
       [-0.50000001],
       [-0.37376581],
       [-0.50388081],
       [-0.5       ],
       [-0.5       ],
       [-0.5       ],
       [-0.5       ],
       [-0.13024523],
       [-0.5       ],
       [-0.5       ],
       [-0.5       ],
       [ 0.00549915],
       [-0.5       ],
       [-0.5       ],
       [-0.5       ],
       [-0.5       ],
       [-0.5       ],
       [-0.5       ],
       [ 0.00433838],
       [-0.5       ],
       [-0.50352953],
       [-0.09383722],
       [-0.0057972 ],
       [-0.5       ],
       [-0.5       ],
       [-0.5       ],
       [-0.5       ],
       [-0.5       ]])
array([[-51.13021266],
       [-51.18002374],
       [-50.75379385],
       [-49.53963558],
       [-49.46716011],
       [-50.87212031],
       [-50.11308557],
       [-50.76696553],
       [-50.84072632],
       [-49.42460309],
       [-51.13349809],
       [ -8.55793388],
       [-40.63693055],
       [ -6.57951944],
       [-13.30618997],
       [-49.6220602 ],
       [-51.00084803],
       [-50.11220089],
       [-51.06539352],
       [ -4.04908611],
       [-50.94086826],
       [-51.29802786],
       [-49.50301622],
       [ -0.51018857],
       [-51.09611095],
       [-51.02139561],
       [-51.05623614],
       [-50.83490743],
       [-50.97822446],
       [-51.19037966],
       [ -0.16204284],
       [-49.66004925],
       [ -8.28611605],
       [ -3.71969182],
       [ -0.74500661],
       [-52.08390459],
       [-51.012685  ],
       [-48.76973962],
       [-51.20059397],
       [-51.25604044]])
<<<<<<<<<<< STEP 46 >>>>>>>>>>>> + array([[-0.5       ],
       [-0.5       ],
       [-0.5       ],
       [-0.5       ],
       [-0.5       ],
       [-0.5       ],
       [-0.5       ],
       [-0.5       ],
       [-0.5       ],
       [-0.5       ],
       [-0.5       ],
       [-0.50629045],
       [-0.5       ],
       [-0.40868074],
       [-0.50300199],
       [-0.5       ],
       [-0.5       ],
       [-0.5       ],
       [-0.5       ],
       [-0.13129249],
       [-0.5       ],
       [-0.5       ],
       [-0.5       ],
       [ 0.00576801],
       [-0.5       ],
       [-0.5       ],
       [-0.5       ],
       [-0.5       ],
       [-0.5       ],
       [-0.5       ],
       [ 0.00442584],
       [-0.5       ],
       [-0.50999043],
       [-0.09010636],
       [-0.00577869],
       [-0.5       ],
       [-0.5       ],
       [-0.5       ],
       [-0.5       ],
       [-0.5       ]])
array([[-51.63021266],
       [-51.68002374],
       [-51.25379385],
       [-50.03963558],
       [-49.96716011],
       [-51.37212031],
       [-50.61308557],
       [-51.26696553],
       [-51.34072632],
       [-49.92460309],
       [-51.63349809],
       [ -9.06422433],
       [-41.13693055],
       [ -6.98820018],
       [-13.80919196],
       [-50.1220602 ],
       [-51.50084803],
       [-50.61220089],
       [-51.56539352],
       [ -4.1803786 ],
       [-51.44086826],
       [-51.79802786],
       [-50.00301622],
       [ -0.50442056],
       [-51.59611095],
       [-51.52139561],
       [-51.55623614],
       [-51.33490743],
       [-51.47822446],
       [-51.69037966],
       [ -0.15761701],
       [-50.16004925],
       [ -8.79610647],
       [ -3.80979818],
       [ -0.7507853 ],
       [-52.58390459],
       [-51.512685  ],
       [-49.26973962],
       [-51.70059397],
       [-51.75604044]])
<<<<<<<<<<< STEP 47 >>>>>>>>>>>> + array([[-0.5       ],
       [-0.5       ],
       [-0.5       ],
       [-0.5       ],
       [-0.5       ],
       [-0.5       ],
       [-0.5       ],
       [-0.5       ],
       [-0.5       ],
       [-0.5       ],
       [-0.5       ],
       [-0.50750822],
       [-0.5       ],
       [-0.43997407],
       [-0.50230661],
       [-0.5       ],
       [-0.5       ],
       [-0.5       ],
       [-0.5       ],
       [-0.13300658],
       [-0.5       ],
       [-0.5       ],
       [-0.5       ],
       [ 0.00590014],
       [-0.5       ],
       [-0.5       ],
       [-0.5       ],
       [-0.5       ],
       [-0.5       ],
       [-0.5       ],
       [ 0.00448399],
       [-0.5       ],
       [-0.51233978],
       [-0.08649278],
       [-0.00575264],
       [-0.5       ],
       [-0.5       ],
       [-0.5       ],
       [-0.5       ],
       [-0.5       ]])
array([[-52.13021266],
       [-52.18002374],
       [-51.75379385],
       [-50.53963558],
       [-50.46716011],
       [-51.87212031],
       [-51.11308557],
       [-51.76696553],
       [-51.84072632],
       [-50.42460309],
       [-52.13349809],
       [ -9.57173255],
       [-41.63693056],
       [ -7.42817425],
       [-14.31149857],
       [-50.6220602 ],
       [-52.00084803],
       [-51.11220089],
       [-52.06539352],
       [ -4.31338518],
       [-51.94086826],
       [-52.29802786],
       [-50.50301622],
       [ -0.49852042],
       [-52.09611095],
       [-52.02139561],
       [-52.05623614],
       [-51.83490743],
       [-51.97822446],
       [-52.19037966],
       [ -0.15313301],
       [-50.66004925],
       [ -9.30844625],
       [ -3.89629096],
       [ -0.75653794],
       [-53.08390459],
       [-52.012685  ],
       [-49.76973962],
       [-52.20059397],
       [-52.25604044]])
<<<<<<<<<<< STEP 48 >>>>>>>>>>>> + array([[-0.5       ],
       [-0.5       ],
       [-0.5       ],
       [-0.5       ],
       [-0.5       ],
       [-0.5       ],
       [-0.5       ],
       [-0.5       ],
       [-0.5       ],
       [-0.5       ],
       [-0.5       ],
       [-0.50737847],
       [-0.5       ],
       [-0.46502342],
       [-0.50176596],
       [-0.5       ],
       [-0.5       ],
       [-0.5       ],
       [-0.5       ],
       [-0.13601687],
       [-0.5       ],
       [-0.5       ],
       [-0.5       ],
       [ 0.00592798],
       [-0.5       ],
       [-0.5       ],
       [-0.5       ],
       [-0.5       ],
       [-0.5       ],
       [-0.5       ],
       [ 0.0045207 ],
       [-0.5       ],
       [-0.51236381],
       [-0.08334965],
       [-0.0057245 ],
       [-0.5       ],
       [-0.5       ],
       [-0.5       ],
       [-0.5       ],
       [-0.5       ]])
array([[-52.63021266],
       [-52.68002374],
       [-52.25379385],
       [-51.03963558],
       [-50.96716011],
       [-52.37212031],
       [-51.61308557],
       [-52.26696553],
       [-52.34072632],
       [-50.92460309],
       [-52.63349809],
       [-10.07911103],
       [-42.13693056],
       [ -7.89319767],
       [-14.81326454],
       [-51.1220602 ],
       [-52.50084803],
       [-51.61220089],
       [-52.56539352],
       [ -4.44940205],
       [-52.44086826],
       [-52.79802786],
       [-51.00301622],
       [ -0.49259244],
       [-52.59611095],
       [-52.52139561],
       [-52.55623614],
       [-52.33490743],
       [-52.47822446],
       [-52.69037966],
       [ -0.14861232],
       [-51.16004925],
       [ -9.82081006],
       [ -3.97964061],
       [ -0.76226244],
       [-53.58390459],
       [-52.512685  ],
       [-50.26973962],
       [-52.70059397],
       [-52.75604044]])
<<<<<<<<<<< STEP 49 >>>>>>>>>>>> + array([[-0.5       ],
       [-0.5       ],
       [-0.5       ],
       [-0.5       ],
       [-0.5       ],
       [-0.5       ],
       [-0.5       ],
       [-0.5       ],
       [-0.5       ],
       [-0.5       ],
       [-0.5       ],
       [-0.50663708],
       [-0.5       ],
       [-0.48289571],
       [-0.50135096],
       [-0.5       ],
       [-0.5       ],
       [-0.5       ],
       [-0.5       ],
       [-0.14091424],
       [-0.5       ],
       [-0.5       ],
       [-0.5       ],
       [ 0.00589023],
       [-0.5       ],
       [-0.5       ],
       [-0.5       ],
       [-0.5       ],
       [-0.5       ],
       [-0.5       ],
       [ 0.00454383],
       [-0.5       ],
       [-0.51126147],
       [-0.08094416],
       [-0.00569973],
       [-0.5       ],
       [-0.5       ],
       [-0.5       ],
       [-0.5       ],
       [-0.5       ]])
array([[-53.13021266],
       [-53.18002374],
       [-52.75379385],
       [-51.53963558],
       [-51.46716011],
       [-52.87212031],
       [-52.11308557],
       [-52.76696553],
       [-52.84072632],
       [-51.42460309],
       [-53.13349809],
       [-10.58574811],
       [-42.63693056],
       [ -8.37609339],
       [-15.31461549],
       [-51.6220602 ],
       [-53.00084803],
       [-52.11220089],
       [-53.06539352],
       [ -4.59031629],
       [-52.94086826],
       [-53.29802786],
       [-51.50301622],
       [ -0.48670221],
       [-53.09611095],
       [-53.02139561],
       [-53.05623614],
       [-52.83490743],
       [-52.97822446],
       [-53.19037966],
       [ -0.14406848],
       [-51.66004925],
       [-10.33207153],
       [ -4.06058478],
       [ -0.76796217],
       [-54.08390459],
       [-53.012685  ],
       [-50.76973962],
       [-53.20059397],
       [-53.25604044]])
