<<<<<<<<<<< STEP 0 >>>>>>>>>>>> + array([[ -5.01584862e-01],
       [ -4.55955653e-02],
       [ -5.02142917e-01],
       [ -5.03344051e-01],
       [ -5.69506676e-02],
       [ -5.03103354e-01],
       [ -8.49292803e-02],
       [ -5.01073138e-01],
       [ -7.56689227e-04],
       [ -8.10218265e-05],
       [ -5.02998680e-01],
       [ -5.00018351e-01],
       [ -5.00790505e-01],
       [ -5.02141374e-01],
       [ -5.01436599e-01],
       [ -5.03012193e-01],
       [ -4.60953355e-02],
       [ -5.01288341e-01],
       [ -7.58506290e-02],
       [ -5.00665660e-01],
       [ -4.99736122e-01],
       [ -5.01288918e-01],
       [ -5.01288249e-01],
       [ -6.27162986e-02],
       [ -5.01436212e-01],
       [ -5.03217891e-01],
       [ -4.99771693e-01],
       [ -4.99777492e-01],
       [ -4.99754979e-01],
       [ -5.01971942e-01],
       [ -4.99708948e-01],
       [ -3.71689995e-02],
       [ -5.00630984e-01],
       [  3.45378755e-03],
       [ -5.02917674e-01],
       [ -5.02365136e-01],
       [ -5.01895666e-01],
       [ -4.99899181e-01],
       [ -5.01841072e-01],
       [ -5.01742171e-01]])
array([[-13.21733076],
       [ -0.10859516],
       [-13.70016207],
       [-12.73114099],
       [ -1.25678606],
       [-13.03762563],
       [ -2.30194458],
       [-13.14169585],
       [ -0.67028825],
       [ -0.09544612],
       [-12.84190624],
       [-11.29690502],
       [-13.08255508],
       [-11.46947646],
       [-11.5243706 ],
       [-12.08961226],
       [ -1.31532175],
       [-13.47658462],
       [ -2.44331381],
       [-12.57782672],
       [-12.60814826],
       [-13.53824826],
       [-13.6864693 ],
       [ -2.09488905],
       [-13.29311001],
       [-13.16292568],
       [-11.24167059],
       [-12.72265165],
       [-12.91905918],
       [-13.38290971],
       [-12.27068535],
       [ -2.39020059],
       [-13.12603146],
       [ -0.26461117],
       [-13.03553883],
       [-12.13443301],
       [-13.68944567],
       [-13.10253355],
       [-13.66586676],
       [-11.53811811]])
<<<<<<<<<<< STEP 1 >>>>>>>>>>>> + array([[ -5.01255661e-01],
       [ -4.71409847e-02],
       [ -5.01689568e-01],
       [ -5.02660222e-01],
       [ -5.93058701e-02],
       [ -5.02445560e-01],
       [ -8.92050586e-02],
       [ -5.00833640e-01],
       [ -9.40554745e-05],
       [ -1.38516597e-04],
       [ -5.02368414e-01],
       [ -5.00017432e-01],
       [ -5.00603185e-01],
       [ -5.01730890e-01],
       [ -5.01155489e-01],
       [ -5.02394089e-01],
       [ -4.75399451e-02],
       [ -5.01014528e-01],
       [ -7.81504808e-02],
       [ -5.00516097e-01],
       [ -4.99772310e-01],
       [ -5.01003486e-01],
       [ -5.01008918e-01],
       [ -6.46579616e-02],
       [ -5.01130930e-01],
       [ -5.02531712e-01],
       [ -4.99838423e-01],
       [ -4.99808475e-01],
       [ -4.99777005e-01],
       [ -5.01558088e-01],
       [ -4.99763597e-01],
       [ -3.73792031e-02],
       [ -5.00473016e-01],
       [  3.66943613e-03],
       [ -5.02298915e-01],
       [ -5.01839465e-01],
       [ -5.01488883e-01],
       [ -4.99898995e-01],
       [ -5.01443025e-01],
       [ -5.01433373e-01]])
array([[-13.71858642],
       [ -0.15573614],
       [-14.20185164],
       [-13.23380121],
       [ -1.31609193],
       [-13.54007119],
       [ -2.39114964],
       [-13.64252949],
       [ -0.6703823 ],
       [ -0.09558464],
       [-13.34427465],
       [-11.79692245],
       [-13.58315827],
       [-11.97120735],
       [-12.02552609],
       [-12.59200635],
       [ -1.3628617 ],
       [-13.97759914],
       [ -2.52146429],
       [-13.07834282],
       [-13.10792057],
       [-14.03925174],
       [-14.18747822],
       [ -2.15954702],
       [-13.79424094],
       [-13.6654574 ],
       [-11.74150902],
       [-13.22246013],
       [-13.41883619],
       [-13.8844678 ],
       [-12.77044894],
       [ -2.42757979],
       [-13.62650448],
       [ -0.26094174],
       [-13.53783775],
       [-12.63627248],
       [-14.19093455],
       [-13.60243254],
       [-14.16730978],
       [-12.03955149]])
<<<<<<<<<<< STEP 2 >>>>>>>>>>>> + array([[ -5.00999389e-01],
       [ -4.87113329e-02],
       [ -5.01337762e-01],
       [ -5.02121002e-01],
       [ -6.19852345e-02],
       [ -5.01931104e-01],
       [ -9.44328721e-02],
       [ -5.00651458e-01],
       [  4.82471660e-04],
       [ -2.09409850e-04],
       [ -5.01874724e-01],
       [ -5.00012064e-01],
       [ -5.00463083e-01],
       [ -5.01396630e-01],
       [ -5.00927450e-01],
       [ -5.01908675e-01],
       [ -4.92925516e-02],
       [ -5.00804656e-01],
       [ -8.12024996e-02],
       [ -5.00402250e-01],
       [ -4.99807399e-01],
       [ -5.00786742e-01],
       [ -5.00796481e-01],
       [ -6.72273958e-02],
       [ -5.00895264e-01],
       [ -5.01996589e-01],
       [ -4.99884218e-01],
       [ -4.99840420e-01],
       [ -4.99804563e-01],
       [ -5.01235731e-01],
       [ -4.99809814e-01],
       [ -3.80309860e-02],
       [ -5.00357412e-01],
       [  3.84450381e-03],
       [ -5.01815562e-01],
       [ -5.01431985e-01],
       [ -5.01174462e-01],
       [ -4.99908568e-01],
       [ -5.01136366e-01],
       [ -5.01178907e-01]])
array([[-14.21958581],
       [ -0.20444748],
       [-14.7031894 ],
       [-13.73592221],
       [ -1.37807717],
       [-14.04200229],
       [ -2.48558251],
       [-14.14318095],
       [ -0.66989983],
       [ -0.09579405],
       [-13.84614938],
       [-12.29693452],
       [-14.08362135],
       [-12.47260398],
       [-12.52645354],
       [-13.09391503],
       [ -1.41215425],
       [-14.4784038 ],
       [ -2.60266679],
       [-13.57874507],
       [-13.60772797],
       [-14.54003848],
       [-14.6882747 ],
       [ -2.22677441],
       [-14.29513621],
       [-14.16745398],
       [-12.24139323],
       [-13.72230055],
       [-13.91864075],
       [-14.38570353],
       [-13.27025876],
       [ -2.46561078],
       [-14.12686189],
       [ -0.25709723],
       [-14.03965331],
       [-13.13770446],
       [-14.69210901],
       [-14.10234111],
       [-14.66844615],
       [-12.54073039]])
<<<<<<<<<<< STEP 3 >>>>>>>>>>>> + array([[ -5.00798653e-01],
       [ -5.03256414e-02],
       [ -5.01063138e-01],
       [ -5.01694641e-01],
       [ -6.50155456e-02],
       [ -5.01527791e-01],
       [ -1.00680108e-01],
       [ -5.00511669e-01],
       [  9.97193283e-04],
       [ -2.89662271e-04],
       [ -5.01487021e-01],
       [ -5.00005490e-01],
       [ -5.00357298e-01],
       [ -5.01125711e-01],
       [ -5.00743593e-01],
       [ -5.01525989e-01],
       [ -5.13573066e-02],
       [ -5.00642107e-01],
       [ -8.50154907e-02],
       [ -5.00314895e-01],
       [ -4.99839196e-01],
       [ -5.00620524e-01],
       [ -5.00633052e-01],
       [ -7.04229703e-02],
       [ -5.00711968e-01],
       [ -5.01578023e-01],
       [ -4.99916138e-01],
       [ -4.99869948e-01],
       [ -4.99832700e-01],
       [ -5.00983338e-01],
       [ -4.99848119e-01],
       [ -3.90708424e-02],
       [ -5.00271811e-01],
       [  3.99082067e-03],
       [ -5.01436928e-01],
       [ -5.01115669e-01],
       [ -5.00929917e-01],
       [ -4.99921797e-01],
       [ -5.00898507e-01],
       [ -5.00970071e-01]])
array([[-14.72038447],
       [ -0.25477312],
       [-15.20425254],
       [-14.23761685],
       [ -1.44309271],
       [-14.54353008],
       [ -2.58626262],
       [-14.64369262],
       [ -0.66890264],
       [ -0.09608371],
       [-14.3476364 ],
       [-12.79694001],
       [-14.58397865],
       [-12.97372969],
       [-13.02719713],
       [-13.59544102],
       [ -1.46351156],
       [-14.97904591],
       [ -2.68768228],
       [-14.07905997],
       [-14.10756717],
       [-15.04065901],
       [-15.18890775],
       [ -2.29719738],
       [-14.79584817],
       [-14.66903201],
       [-12.74130937],
       [-14.2221705 ],
       [-14.41847345],
       [-14.88668687],
       [-13.77010688],
       [ -2.50468162],
       [-14.6271337 ],
       [ -0.25310641],
       [-14.54109024],
       [-13.63882013],
       [-15.19303893],
       [-14.6022629 ],
       [-15.16934466],
       [-13.04170046]])
<<<<<<<<<<< STEP 4 >>>>>>>>>>>> + array([[ -5.00640598e-01],
       [ -5.20005194e-02],
       [ -5.00847696e-01],
       [ -5.01356718e-01],
       [ -6.84323553e-02],
       [ -5.01210955e-01],
       [ -1.08053176e-01],
       [ -5.00403617e-01],
       [  1.46941462e-03],
       [ -3.75995222e-04],
       [ -5.01181875e-01],
       [ -4.99999306e-01],
       [ -5.00276787e-01],
       [ -5.00906821e-01],
       [ -5.00595993e-01],
       [ -5.01223298e-01],
       [ -5.37479439e-02],
       [ -5.00515098e-01],
       [ -8.96257743e-02],
       [ -5.00247415e-01],
       [ -4.99866902e-01],
       [ -5.00491984e-01],
       [ -5.00506091e-01],
       [ -7.42647702e-02],
       [ -5.00568503e-01],
       [ -5.01249786e-01],
       [ -4.99938757e-01],
       [ -4.99895682e-01],
       [ -4.99858961e-01],
       [ -5.00784864e-01],
       [ -4.99879419e-01],
       [ -4.04616834e-02],
       [ -5.00207778e-01],
       [  4.11775315e-03],
       [ -5.01139614e-01],
       [ -5.00869822e-01],
       [ -5.00738732e-01],
       [ -4.99935493e-01],
       [ -5.00712963e-01],
       [ -5.00799067e-01]])
array([[-15.22102506],
       [ -0.30677364],
       [-15.70510023],
       [-14.73897357],
       [ -1.51152507],
       [-15.04474104],
       [ -2.69431579],
       [-15.14409624],
       [ -0.66743322],
       [ -0.09645971],
       [-14.84881827],
       [-13.29693931],
       [-15.08425543],
       [-13.47463651],
       [-13.52779313],
       [-14.09666432],
       [ -1.5172595 ],
       [-15.47956101],
       [ -2.77730806],
       [-14.57930738],
       [-14.60743407],
       [-15.54115099],
       [-15.68941384],
       [ -2.37146215],
       [-15.29641668],
       [-15.17028179],
       [-13.24124813],
       [-14.72206618],
       [-14.91833241],
       [-15.38747173],
       [-14.26998629],
       [ -2.5451433 ],
       [-15.12734148],
       [ -0.24898866],
       [-15.04222985],
       [-14.13968995],
       [-15.69377766],
       [-15.1021984 ],
       [-15.67005762],
       [-13.54249953]])
<<<<<<<<<<< STEP 5 >>>>>>>>>>>> + array([[ -5.00515592e-01],
       [ -5.37505971e-02],
       [ -5.00677967e-01],
       [ -5.01088330e-01],
       [ -7.22804033e-02],
       [ -5.00961601e-01],
       [ -1.16702893e-01],
       [ -5.00319572e-01],
       [  1.91439150e-03],
       [ -4.65751121e-04],
       [ -5.00941233e-01],
       [ -4.99994197e-01],
       [ -5.00215104e-01],
       [ -5.00730330e-01],
       [ -5.00477857e-01],
       [ -5.00983191e-01],
       [ -5.64876498e-02],
       [ -5.00415120e-01],
       [ -9.50982490e-02],
       [ -5.00194997e-01],
       [ -4.99890459e-01],
       [ -5.00391873e-01],
       [ -5.00406644e-01],
       [ -7.87945047e-02],
       [ -5.00455618e-01],
       [ -5.00991808e-01],
       [ -4.99955065e-01],
       [ -4.99917310e-01],
       [ -4.99882295e-01],
       [ -5.00628214e-01],
       [ -4.99904730e-01],
       [ -4.21802802e-02],
       [ -5.00159463e-01],
       [  4.23270883e-03],
       [ -5.00905663e-01],
       [ -5.00678545e-01],
       [ -5.00588615e-01],
       [ -4.99948123e-01],
       [ -5.00567542e-01],
       [ -5.00659160e-01]])
array([[-15.72154066],
       [ -0.36052423],
       [-16.2057782 ],
       [-15.2400619 ],
       [ -1.58380547],
       [-15.54570264],
       [ -2.81101869],
       [-15.64441581],
       [ -0.66551883],
       [ -0.09692546],
       [-15.34975951],
       [-13.79693351],
       [-15.58447054],
       [-13.97536684],
       [-14.02827098],
       [-14.59764751],
       [ -1.57374715],
       [-15.97997612],
       [ -2.87240631],
       [-15.07950238],
       [-15.10732453],
       [-16.04154286],
       [-16.18982049],
       [ -2.45025666],
       [-15.79687229],
       [-15.6712736 ],
       [-13.7412032 ],
       [-15.22198349],
       [-15.41821471],
       [-15.88809994],
       [-14.76989103],
       [ -2.58732358],
       [-15.62750094],
       [ -0.24475595],
       [-15.54313551],
       [-14.6403685 ],
       [-16.19436628],
       [-15.60214652],
       [-16.17062516],
       [-14.04315869]])
<<<<<<<<<<< STEP 6 >>>>>>>>>>>> + array([[-0.50041634],
       [-0.05558864],
       [-0.50054376],
       [-0.50087477],
       [-0.07661398],
       [-0.50076503],
       [-0.12683218],
       [-0.50025385],
       [ 0.00234396],
       [-0.00055684],
       [-0.50075112],
       [-0.49999037],
       [-0.50016759],
       [-0.5005882 ],
       [-0.5003835 ],
       [-0.50079224],
       [-0.05960914],
       [-0.50033592],
       [-0.10152852],
       [-0.50015409],
       [-0.49991017],
       [-0.50031344],
       [-0.5003282 ],
       [-0.08407606],
       [-0.50036639],
       [-0.50078864],
       [-0.49996704],
       [-0.49993505],
       [-0.49990242],
       [-0.50050418],
       [-0.49992503],
       [-0.04421535],
       [-0.50012275],
       [ 0.00434146],
       [-0.50072122],
       [-0.50052959],
       [-0.50047031],
       [-0.49995907],
       [-0.50045311],
       [-0.50054466]])
array([[-16.22195699],
       [ -0.41611287],
       [-16.70632196],
       [-15.74093667],
       [ -1.66041945],
       [-16.04646767],
       [ -2.93785087],
       [-16.14466966],
       [ -0.66317487],
       [ -0.0974823 ],
       [-15.85051063],
       [-14.29692387],
       [-16.08463813],
       [-14.47595504],
       [-14.52865448],
       [-15.09843975],
       [ -1.63335629],
       [-16.48031205],
       [ -2.97393483],
       [-15.57965647],
       [-15.6072347 ],
       [-16.5418563 ],
       [-16.69014869],
       [ -2.53433272],
       [-16.29723869],
       [-16.17206224],
       [-14.24117024],
       [-15.72191854],
       [-15.91811712],
       [-16.38860412],
       [-15.26981606],
       [ -2.63153893],
       [-16.12762369],
       [ -0.24041449],
       [-16.04385673],
       [-15.14089809],
       [-16.69483659],
       [-16.10210559],
       [-16.67107827],
       [-14.54370335]])
<<<<<<<<<<< STEP 7 >>>>>>>>>>>> + array([[-0.50033725],
       [-0.05752526],
       [-0.50043729],
       [-0.50070452],
       [-0.08149689],
       [-0.50060983],
       [-0.13870627],
       [-0.50020221],
       [ 0.00276682],
       [-0.00064781],
       [-0.50060066],
       [-0.49998777],
       [-0.50013084],
       [-0.5004738 ],
       [-0.50030824],
       [-0.50064002],
       [-0.0631548 ],
       [-0.50027285],
       [-0.10904609],
       [-0.50012204],
       [-0.49992648],
       [-0.50025166],
       [-0.50026596],
       [-0.09019653],
       [-0.5002956 ],
       [-0.50062835],
       [-0.49997601],
       [-0.49994934],
       [-0.49991944],
       [-0.50040569],
       [-0.49994121],
       [-0.04656619],
       [-0.50009468],
       [ 0.0044483 ],
       [-0.50057555],
       [-0.50041351],
       [-0.50037679],
       [-0.49996818],
       [-0.50036275],
       [-0.50045083]])
array([[-16.72229424],
       [ -0.47363814],
       [-17.20675926],
       [-16.24164119],
       [ -1.74191634],
       [-16.54707749],
       [ -3.07655714],
       [-16.64487187],
       [ -0.66040805],
       [ -0.09813011],
       [-16.35111129],
       [-14.79691164],
       [-16.58476897],
       [-14.97642884],
       [-15.02896272],
       [-15.59907976],
       [ -1.69651109],
       [-16.9805849 ],
       [ -3.08298092],
       [-16.0797785 ],
       [-16.10716117],
       [-17.04210796],
       [-17.19041465],
       [ -2.62452925],
       [-16.79753428],
       [-16.67269059],
       [-14.74114625],
       [-16.22186787],
       [-16.41803656],
       [-16.88900982],
       [-15.76975727],
       [ -2.67810512],
       [-16.62771836],
       [ -0.23596619],
       [-16.54443229],
       [-15.6413116 ],
       [-17.19521338],
       [-16.60207377],
       [-17.17144102],
       [-15.04415418]])
<<<<<<<<<<< STEP 8 >>>>>>>>>>>> + array([[-0.50027402],
       [-0.05956814],
       [-0.50035258],
       [-0.50056858],
       [-0.08700159],
       [-0.50048709],
       [-0.15266496],
       [-0.50016147],
       [ 0.0031885 ],
       [-0.000738  ],
       [-0.5004814 ],
       [-0.49998627],
       [-0.50010231],
       [-0.50038173],
       [-0.50024827],
       [-0.50051839],
       [-0.0671766 ],
       [-0.50022238],
       [-0.11781835],
       [-0.50009684],
       [-0.49993988],
       [-0.50020278],
       [-0.50021631],
       [-0.09726739],
       [-0.50023922],
       [-0.50050165],
       [-0.49998287],
       [-0.49996069],
       [-0.49993364],
       [-0.50032728],
       [-0.49995402],
       [-0.04924186],
       [-0.50007312],
       [ 0.00455597],
       [-0.5004603 ],
       [-0.50032299],
       [-0.50030265],
       [-0.49997558],
       [-0.50029118],
       [-0.50037376]])
array([[-17.22256826],
       [ -0.53320628],
       [-17.70711183],
       [-16.74220977],
       [ -1.82891793],
       [-17.04756458],
       [ -3.2292221 ],
       [-17.14503334],
       [ -0.65721955],
       [ -0.0988681 ],
       [-16.85159269],
       [-15.29689792],
       [-17.08487128],
       [-15.47681058],
       [-15.52921099],
       [-16.09959816],
       [ -1.7636877 ],
       [-17.48080728],
       [ -3.20079928],
       [-16.57987534],
       [-16.60710106],
       [-17.54231074],
       [-17.69063097],
       [ -2.72179664],
       [-17.2977735 ],
       [-17.17319223],
       [-15.24112912],
       [-16.72182856],
       [-16.9179702 ],
       [-17.3893371 ],
       [-16.26971129],
       [ -2.72734697],
       [-17.12779148],
       [ -0.23141021],
       [-17.04489259],
       [-16.14163459],
       [-17.69551602],
       [-17.10204935],
       [-17.6717322 ],
       [-15.54452793]])
<<<<<<<<<<< STEP 9 >>>>>>>>>>>> + array([[-0.5002233 ],
       [-0.06172047],
       [-0.50028497],
       [-0.50045982],
       [-0.09320635],
       [-0.50038988],
       [-0.16913551],
       [-0.50012919],
       [ 0.0036108 ],
       [-0.00082798],
       [-0.50038668],
       [-0.49998569],
       [-0.5000801 ],
       [-0.5003076 ],
       [-0.5002005 ],
       [-0.50042099],
       [-0.07173532],
       [-0.5001818 ],
       [-0.12805501],
       [-0.50007697],
       [-0.49995084],
       [-0.50016395],
       [-0.50017652],
       [-0.10542514],
       [-0.50019418],
       [-0.50040133],
       [-0.49998826],
       [-0.49996961],
       [-0.4999454 ],
       [-0.5002647 ],
       [-0.49996411],
       [-0.05226077],
       [-0.5000565 ],
       [ 0.00466538],
       [-0.50036896],
       [-0.50025236],
       [-0.50024372],
       [-0.49998145],
       [-0.50023433],
       [-0.50031023]])
array([[-17.72279156],
       [ -0.59492675],
       [-18.2073968 ],
       [-17.24266959],
       [ -1.92212428],
       [-17.54795446],
       [ -3.39835761],
       [-17.64516252],
       [ -0.65360874],
       [ -0.09969608],
       [-17.35197937],
       [-15.79688361],
       [-17.58495138],
       [-15.97711818],
       [-16.02941149],
       [-16.60001914],
       [ -1.83542302],
       [-17.98098908],
       [ -3.32885429],
       [-17.07995231],
       [-17.1070519 ],
       [-18.04247469],
       [-18.19080749],
       [ -2.82722178],
       [-17.79796768],
       [-17.67359356],
       [-15.74111738],
       [-17.22179818],
       [-17.41791561],
       [-17.8896018 ],
       [-16.76967541],
       [ -2.77960774],
       [-17.62784799],
       [ -0.22674483],
       [-17.54526155],
       [-16.64188695],
       [-18.19575974],
       [-17.6020308 ],
       [-18.17196653],
       [-16.04483817]])
<<<<<<<<<<< STEP 10 >>>>>>>>>>>> + array([[-0.50018246],
       [-0.06397848],
       [-0.50023084],
       [-0.50037265],
       [-0.1001891 ],
       [-0.50031274],
       [-0.18864123],
       [-0.50010351],
       [ 0.00403069],
       [-0.00092014],
       [-0.50031133],
       [-0.49998588],
       [-0.50006279],
       [-0.50024785],
       [-0.50016248],
       [-0.50034277],
       [-0.07689824],
       [-0.50014904],
       [-0.14001188],
       [-0.50006126],
       [-0.49995978],
       [-0.50013298],
       [-0.50014448],
       [-0.11483036],
       [-0.50015808],
       [-0.50032174],
       [-0.4999926 ],
       [-0.49997655],
       [-0.49995508],
       [-0.50021461],
       [-0.499972  ],
       [-0.05565074],
       [-0.50004366],
       [ 0.00477496],
       [-0.50029643],
       [-0.50019722],
       [-0.50019676],
       [-0.49998603],
       [-0.50018905],
       [-0.50025763]])
array([[-18.22297402],
       [ -0.65890523],
       [-18.70762764],
       [-17.74304224],
       [ -2.02231338],
       [-18.0482672 ],
       [ -3.58699885],
       [-18.14526603],
       [ -0.64957805],
       [ -0.10061622],
       [-17.8522907 ],
       [-16.29686949],
       [-18.08501417],
       [-16.47736603],
       [-16.52957397],
       [-17.10036192],
       [ -1.91232127],
       [-18.48113812],
       [ -3.46886617],
       [-17.58001357],
       [-17.60701168],
       [-18.54260767],
       [-18.69095197],
       [ -2.94205214],
       [-18.29812576],
       [-18.1739153 ],
       [-16.24110997],
       [-17.72177472],
       [-17.91787069],
       [-18.38981641],
       [-17.26964741],
       [ -2.83525848],
       [-18.12789165],
       [ -0.22196987],
       [-18.04555798],
       [-17.14208418],
       [-18.6959565 ],
       [-18.10201684],
       [-18.67215559],
       [-16.54509579]])
<<<<<<<<<<< STEP 11 >>>>>>>>>>>> + array([[-0.50014946],
       [-0.06632761],
       [-0.50018735],
       [-0.50030262],
       [-0.10801565],
       [-0.50025141],
       [-0.21179487],
       [-0.50008299],
       [ 0.00443849],
       [-0.00101967],
       [-0.50025124],
       [-0.49998667],
       [-0.50004928],
       [-0.50019961],
       [-0.5001322 ],
       [-0.5002798 ],
       [-0.08273395],
       [-0.50012246],
       [-0.1539924 ],
       [-0.5000488 ],
       [-0.49996707],
       [-0.50010817],
       [-0.50011856],
       [-0.12566329],
       [-0.50012904],
       [-0.50025848],
       [-0.4999962 ],
       [-0.49998188],
       [-0.49996301],
       [-0.50017441],
       [-0.49997813],
       [-0.05944947],
       [-0.50003371],
       [ 0.00487965],
       [-0.5002387 ],
       [-0.50015417],
       [-0.50015925],
       [-0.49998955],
       [-0.50015288],
       [-0.5002138 ]])
array([[-18.72312348],
       [ -0.72523284],
       [-19.20781499],
       [-18.24334486],
       [ -2.13032903],
       [-18.54851862],
       [ -3.79879372],
       [-18.64534902],
       [ -0.64513957],
       [ -0.10163589],
       [-18.35254194],
       [-16.79685616],
       [-18.58506346],
       [-16.97756564],
       [-17.02970617],
       [-17.60064171],
       [ -1.99505521],
       [-18.98126058],
       [ -3.62285857],
       [-18.08006237],
       [-18.10697875],
       [-19.04271585],
       [-19.19107054],
       [ -3.06771543],
       [-18.7982548 ],
       [-18.67417378],
       [-16.74110618],
       [-18.2217566 ],
       [-18.4178337 ],
       [-18.88999083],
       [-17.76962554],
       [ -2.89470795],
       [-18.62792536],
       [ -0.21709022],
       [-18.54579668],
       [-17.64223834],
       [-19.19611576],
       [-18.60200638],
       [-19.17230847],
       [-17.04530959]])
<<<<<<<<<<< STEP 12 >>>>>>>>>>>> + array([[-0.50012265],
       [-0.06873753],
       [-0.50015227],
       [-0.50024622],
       [-0.11671939],
       [-0.50020253],
       [-0.23925285],
       [-0.50006651],
       [ 0.00481526],
       [-0.00113577],
       [-0.5002032 ],
       [-0.49998798],
       [-0.50003873],
       [-0.50016057],
       [-0.50010809],
       [-0.5002289 ],
       [-0.08930238],
       [-0.50010079],
       [-0.17034417],
       [-0.50003889],
       [-0.499973  ],
       [-0.50008821],
       [-0.50009748],
       [-0.13811382],
       [-0.50010559],
       [-0.50020806],
       [-0.4999993 ],
       [-0.49998593],
       [-0.4999695 ],
       [-0.50014204],
       [-0.49998283],
       [-0.06370541],
       [-0.500026  ],
       [ 0.00496946],
       [-0.50019264],
       [-0.50012054],
       [-0.5001292 ],
       [-0.49999219],
       [-0.5001239 ],
       [-0.50017699]])
array([[-19.22324613],
       [ -0.79397037],
       [-19.70796726],
       [-18.74359107],
       [ -2.24704843],
       [-19.04872114],
       [ -4.03804657],
       [-19.14541553],
       [ -0.64032431],
       [ -0.10277166],
       [-18.85274513],
       [-17.29684414],
       [-19.08510218],
       [-17.47772621],
       [-17.52981426],
       [-18.10087061],
       [ -2.08435759],
       [-19.48136137],
       [ -3.79320274],
       [-18.58010126],
       [-18.60695175],
       [-19.54280406],
       [-19.69116802],
       [ -3.20582925],
       [-19.29836039],
       [-19.17438183],
       [-17.24110547],
       [-18.72174253],
       [-18.91780319],
       [-19.39013286],
       [-18.26960837],
       [ -2.95841336],
       [-19.12795136],
       [ -0.21212075],
       [-19.04598932],
       [-18.14235888],
       [-19.69624496],
       [-19.10199858],
       [-19.67243237],
       [-17.54548658]])
<<<<<<<<<<< STEP 13 >>>>>>>>>>>> + array([[-0.50010075],
       [-0.07115659],
       [-0.50012383],
       [-0.50020063],
       [-0.12627067],
       [-0.50016344],
       [-0.27158592],
       [-0.5000532 ],
       [ 0.00512976],
       [-0.00128281],
       [-0.50016465],
       [-0.4999897 ],
       [-0.50003049],
       [-0.50012887],
       [-0.50008885],
       [-0.5001876 ],
       [-0.09663794],
       [-0.50008301],
       [-0.1894474 ],
       [-0.50003099],
       [-0.49997784],
       [-0.50007207],
       [-0.50008024],
       [-0.15236388],
       [-0.50008656],
       [-0.50016775],
       [-0.50000203],
       [-0.49998896],
       [-0.4999748 ],
       [-0.50011586],
       [-0.49998639],
       [-0.06847916],
       [-0.50002001],
       [ 0.0050278 ],
       [-0.50015576],
       [-0.50009426],
       [-0.50010504],
       [-0.49999414],
       [-0.50010057],
       [-0.50014581]])
array([[-19.72334688],
       [ -0.86512696],
       [-20.20809109],
       [-19.2437917 ],
       [ -2.37331909],
       [-19.54888458],
       [ -4.30963249],
       [-19.64546872],
       [ -0.63519456],
       [ -0.10405447],
       [-19.35290979],
       [-17.79683384],
       [-19.58513267],
       [-17.97785508],
       [-18.0299031 ],
       [-18.60105821],
       [ -2.18099554],
       [-19.98144438],
       [ -3.98265014],
       [-19.08013225],
       [-19.10692959],
       [-20.04287613],
       [-20.19124826],
       [ -3.35819313],
       [-19.79844695],
       [-19.67454959],
       [-17.7411075 ],
       [-19.22173149],
       [-19.41777799],
       [-19.89024872],
       [-18.76959476],
       [ -3.02689252],
       [-19.62797138],
       [ -0.20709295],
       [-19.54614508],
       [-18.64245314],
       [-20.19635   ],
       [-19.60199272],
       [-20.17253294],
       [-18.04563239]])
<<<<<<<<<<< STEP 14 >>>>>>>>>>>> + array([[-0.50008274],
       [-0.07350864],
       [-0.50010064],
       [-0.50016363],
       [-0.13653842],
       [-0.50013206],
       [-0.30900018],
       [-0.50004237],
       [ 0.00533613],
       [-0.00148051],
       [-0.5001336 ],
       [-0.49999177],
       [-0.50002406],
       [-0.50010299],
       [-0.50007344],
       [-0.50015389],
       [-0.104725  ],
       [-0.50006831],
       [-0.21169201],
       [-0.50002466],
       [-0.49998181],
       [-0.50005894],
       [-0.50006602],
       [-0.16856409],
       [-0.50007103],
       [-0.50013542],
       [-0.50000449],
       [-0.49999118],
       [-0.49997915],
       [-0.50009457],
       [-0.49998905],
       [-0.07384551],
       [-0.50001536],
       [ 0.00503025],
       [-0.50012611],
       [-0.50007373],
       [-0.50008553],
       [-0.49999554],
       [-0.50008171],
       [-0.50011914]])
array([[-20.22342962],
       [ -0.9386356 ],
       [-20.70819173],
       [-19.74395534],
       [ -2.50985751],
       [-20.04901664],
       [ -4.61863267],
       [-20.14551109],
       [ -0.62985843],
       [ -0.10553499],
       [-19.85304339],
       [-18.29682561],
       [-20.08515673],
       [-18.47795806],
       [-18.52997655],
       [-19.1012121 ],
       [ -2.28572054],
       [-20.48151269],
       [ -4.19434215],
       [-19.5801569 ],
       [-19.6069114 ],
       [-20.54293507],
       [-20.69131428],
       [ -3.52675722],
       [-20.29851798],
       [-20.17468501],
       [-18.24111199],
       [-19.72172267],
       [-19.91775714],
       [-20.39034329],
       [-19.26958381],
       [ -3.10073802],
       [-20.12798674],
       [ -0.2020627 ],
       [-20.04627119],
       [-19.14252687],
       [-20.69643553],
       [-20.10198826],
       [-20.67261466],
       [-18.54575153]])
<<<<<<<<<<< STEP 15 >>>>>>>>>>>> + array([[-0.50006782],
       [-0.07569798],
       [-0.5000816 ],
       [-0.50013347],
       [-0.1472589 ],
       [-0.50010675],
       [-0.3508578 ],
       [-0.50003349],
       [ 0.00537508],
       [-0.0017513 ],
       [-0.50010846],
       [-0.49999411],
       [-0.50001903],
       [-0.50008172],
       [-0.500061  ],
       [-0.50012621],
       [-0.11346988],
       [-0.50005607],
       [-0.23744036],
       [-0.50001957],
       [-0.49998507],
       [-0.50004819],
       [-0.50005422],
       [-0.18681576],
       [-0.50005827],
       [-0.50010936],
       [-0.50000672],
       [-0.49999278],
       [-0.49998272],
       [-0.50007717],
       [-0.499991  ],
       [-0.07989653],
       [-0.50001173],
       [ 0.00494542],
       [-0.50010215],
       [-0.5000577 ],
       [-0.5000697 ],
       [-0.4999965 ],
       [-0.50006637],
       [-0.50009618]])
array([[-20.72349744],
       [ -1.01433358],
       [-21.20827333],
       [-20.2440888 ],
       [ -2.65711641],
       [-20.54912339],
       [ -4.96949047],
       [-20.64554458],
       [ -0.62448335],
       [ -0.10728629],
       [-20.35315185],
       [-18.79681973],
       [-20.58517576],
       [-18.97803978],
       [-19.03003755],
       [-19.60133831],
       [ -2.39919042],
       [-20.98156876],
       [ -4.43178251],
       [-20.08017647],
       [-20.10689647],
       [-21.04298326],
       [-21.19136851],
       [ -3.71357298],
       [-20.79857625],
       [-20.67479437],
       [-18.74111871],
       [-20.22171545],
       [-20.41773986],
       [-20.89042046],
       [-19.76957481],
       [ -3.18063455],
       [-20.62799847],
       [ -0.19711729],
       [-20.54637335],
       [-19.64258457],
       [-21.19650524],
       [-20.60198476],
       [-21.17268102],
       [-19.04584771]])
<<<<<<<<<<< STEP 16 >>>>>>>>>>>> + array([[-0.50005538],
       [-0.07763033],
       [-0.50006587],
       [-0.50010874],
       [-0.15804321],
       [-0.50008624],
       [-0.39509196],
       [-0.50002618],
       [ 0.00518285],
       [-0.00211251],
       [-0.50008799],
       [-0.49999662],
       [-0.5000151 ],
       [-0.50006411],
       [-0.5000508 ],
       [-0.50010333],
       [-0.12268288],
       [-0.50004581],
       [-0.26696462],
       [-0.50001546],
       [-0.49998776],
       [-0.50003932],
       [-0.50004436],
       [-0.20718343],
       [-0.50004771],
       [-0.50008826],
       [-0.50000868],
       [-0.49999391],
       [-0.49998569],
       [-0.50006286],
       [-0.49999243],
       [-0.08674661],
       [-0.50000888],
       [ 0.00474003],
       [-0.50008269],
       [-0.50004516],
       [-0.50005678],
       [-0.49999714],
       [-0.5000538 ],
       [-0.50007642]])
array([[-21.22355282],
       [ -1.09196391],
       [-21.70833921],
       [-20.74419755],
       [ -2.81515962],
       [-21.04920963],
       [ -5.36458243],
       [-21.14557076],
       [ -0.6193005 ],
       [ -0.10939879],
       [-20.85323985],
       [-19.29681635],
       [-21.08519086],
       [-19.47810389],
       [-19.53008835],
       [-20.10144165],
       [ -2.5218733 ],
       [-21.48161458],
       [ -4.69874713],
       [-20.58019192],
       [-20.60688424],
       [-21.54302258],
       [-21.69141287],
       [ -3.92075641],
       [-21.29862397],
       [-21.17488263],
       [-19.24112739],
       [-20.72170936],
       [-20.91772555],
       [-21.39048332],
       [-20.26956724],
       [ -3.26738116],
       [-21.12800735],
       [ -0.19237726],
       [-21.04645604],
       [-20.14262973],
       [-21.69656202],
       [-21.1019819 ],
       [-21.67273482],
       [-19.54592413]])
<<<<<<<<<<< STEP 17 >>>>>>>>>>>> + array([[-0.50004497],
       [-0.07925174],
       [-0.50005283],
       [-0.5000884 ],
       [-0.16845825],
       [-0.50006953],
       [-0.43795953],
       [-0.50002015],
       [ 0.00471077],
       [-0.00256345],
       [-0.50007124],
       [-0.49999916],
       [-0.500012  ],
       [-0.50004942],
       [-0.50004224],
       [-0.50008433],
       [-0.13209062],
       [-0.50003718],
       [-0.30031749],
       [-0.50001214],
       [-0.49998999],
       [-0.50003199],
       [-0.50003608],
       [-0.22976356],
       [-0.50003893],
       [-0.5000711 ],
       [-0.50001029],
       [-0.49999471],
       [-0.49998817],
       [-0.50005103],
       [-0.49999349],
       [-0.09454107],
       [-0.50000662],
       [ 0.00438921],
       [-0.50006681],
       [-0.50003536],
       [-0.50004616],
       [-0.49999754],
       [-0.50004343],
       [-0.50005961]])
array([[-21.72359779],
       [ -1.17121565],
       [-22.20839203],
       [-21.24428595],
       [ -2.98361787],
       [-21.54927916],
       [ -5.80254197],
       [-21.64559091],
       [ -0.61458973],
       [ -0.11196224],
       [-21.35331109],
       [-19.79681552],
       [-21.58520286],
       [-19.97815331],
       [-20.03013059],
       [-20.60152597],
       [ -2.65396391],
       [-21.98165176],
       [ -4.99906462],
       [-21.08020406],
       [-21.10687423],
       [-22.04305457],
       [-22.19144894],
       [ -4.15051996],
       [-21.7986629 ],
       [-21.67495373],
       [-19.74113768],
       [-21.22170407],
       [-21.41771372],
       [-21.89053435],
       [-20.76956073],
       [ -3.36192223],
       [-21.62801397],
       [ -0.18798805],
       [-21.54652285],
       [-20.6426651 ],
       [-22.19660818],
       [-21.60197944],
       [-22.17277825],
       [-20.04598373]])
<<<<<<<<<<< STEP 18 >>>>>>>>>>>> + array([[-0.50003628],
       [-0.08058719],
       [-0.50004201],
       [-0.50007163],
       [-0.17816821],
       [-0.5000559 ],
       [-0.47483512],
       [-0.50001519],
       [ 0.00395033],
       [-0.0030745 ],
       [-0.5000575 ],
       [-0.50000156],
       [-0.50000954],
       [-0.50003717],
       [-0.50003485],
       [-0.5000685 ],
       [-0.14138549],
       [-0.50002994],
       [-0.33705342],
       [-0.50000946],
       [-0.49999184],
       [-0.50002591],
       [-0.50002913],
       [-0.25478889],
       [-0.50003161],
       [-0.50005711],
       [-0.50001145],
       [-0.49999529],
       [-0.49999026],
       [-0.50004123],
       [-0.49999433],
       [-0.10347009],
       [-0.50000479],
       [ 0.00388787],
       [-0.50005381],
       [-0.50002769],
       [-0.5000374 ],
       [-0.4999978 ],
       [-0.50003483],
       [-0.50004564]])
array([[-22.22363407],
       [ -1.25180284],
       [-22.70843404],
       [-21.74435758],
       [ -3.16178608],
       [-22.04933506],
       [ -6.27737709],
       [-22.1456061 ],
       [ -0.6106394 ],
       [ -0.11503674],
       [-21.85336858],
       [-20.29681708],
       [-22.08521239],
       [-20.47819048],
       [-20.53016544],
       [-21.10159447],
       [ -2.7953494 ],
       [-22.4816817 ],
       [ -5.33611804],
       [-21.58021352],
       [-21.60686606],
       [-22.54308047],
       [-22.69147807],
       [ -4.40530885],
       [-22.2986945 ],
       [-22.17501083],
       [-20.24114913],
       [-21.72169936],
       [-21.91770398],
       [-22.39057557],
       [-21.26955507],
       [ -3.46539232],
       [-22.12801875],
       [ -0.18410018],
       [-22.04657666],
       [-21.14269279],
       [-22.69664558],
       [-22.10197723],
       [-22.67281308],
       [-20.54602938]])
<<<<<<<<<<< STEP 19 >>>>>>>>>>>> + array([[-0.50002908],
       [-0.08174063],
       [-0.5000331 ],
       [-0.50005782],
       [-0.1870425 ],
       [-0.50004477],
       [-0.50211979],
       [-0.50001118],
       [ 0.00294806],
       [-0.00359178],
       [-0.50004622],
       [-0.50000365],
       [-0.50000755],
       [-0.50002703],
       [-0.50002832],
       [-0.50005534],
       [-0.15028152],
       [-0.50002389],
       [-0.37578525],
       [-0.50000731],
       [-0.49999336],
       [-0.50002089],
       [-0.50002334],
       [-0.2826573 ],
       [-0.50002551],
       [-0.50004569],
       [-0.50001208],
       [-0.49999576],
       [-0.49999204],
       [-0.50003313],
       [-0.49999506],
       [-0.11378728],
       [-0.50000329],
       [ 0.00325318],
       [-0.50004317],
       [-0.50002167],
       [-0.50003017],
       [-0.49999798],
       [-0.50002771],
       [-0.50003444]])
array([[-22.72366315],
       [ -1.33354347],
       [-23.20846714],
       [-22.2444154 ],
       [ -3.34882857],
       [-22.54937983],
       [ -6.77949688],
       [-22.64561728],
       [ -0.60769134],
       [ -0.11862852],
       [-22.3534148 ],
       [-20.79682072],
       [-22.58521995],
       [-20.97821751],
       [-21.03019376],
       [-21.60164982],
       [ -2.94563092],
       [-22.98170559],
       [ -5.71190329],
       [-22.08022083],
       [-22.10685943],
       [-23.04310136],
       [-23.19150141],
       [ -4.68796615],
       [-22.79872001],
       [-22.67505653],
       [-20.74116121],
       [-22.22169513],
       [-22.41769603],
       [-22.89060871],
       [-21.76955013],
       [ -3.5791796 ],
       [-22.62802205],
       [ -0.18084701],
       [-22.54661983],
       [-21.64271446],
       [-23.19667575],
       [-22.60197521],
       [-23.17284079],
       [-21.04606382]])
<<<<<<<<<<< STEP 20 >>>>>>>>>>>> + array([[-0.50002315],
       [-0.08283653],
       [-0.50002583],
       [-0.50004648],
       [-0.19514926],
       [-0.50003571],
       [-0.51889338],
       [-0.500008  ],
       [ 0.00179743],
       [-0.0040632 ],
       [-0.50003699],
       [-0.5000053 ],
       [-0.50000595],
       [-0.50001884],
       [-0.50002247],
       [-0.50004446],
       [-0.15853323],
       [-0.5000189 ],
       [-0.41387588],
       [-0.5000056 ],
       [-0.49999462],
       [-0.50001676],
       [-0.50001855],
       [-0.31374062],
       [-0.50002046],
       [-0.50003641],
       [-0.50001215],
       [-0.49999618],
       [-0.49999356],
       [-0.50002648],
       [-0.49999573],
       [-0.1258274 ],
       [-0.50000208],
       [ 0.00251296],
       [-0.50003449],
       [-0.50001694],
       [-0.5000242 ],
       [-0.49999814],
       [-0.50002183],
       [-0.50002577]])
array([[-23.2236863 ],
       [ -1.41638   ],
       [-23.70849297],
       [-22.74446188],
       [ -3.54397783],
       [-23.04941554],
       [ -7.29839025],
       [-23.14562528],
       [ -0.60589391],
       [ -0.12269172],
       [-22.85345179],
       [-21.29682602],
       [-23.0852259 ],
       [-21.47823635],
       [-21.53021623],
       [-22.10169428],
       [ -3.10416415],
       [-23.48172449],
       [ -6.12577918],
       [-22.58022643],
       [-22.60685404],
       [-23.54311812],
       [-23.69151996],
       [ -5.00170678],
       [-23.29874047],
       [-23.17509293],
       [-21.24117337],
       [-22.7216913 ],
       [-22.91768959],
       [-23.39063518],
       [-22.26954586],
       [ -3.705007  ],
       [-23.12802413],
       [ -0.17833404],
       [-23.04665432],
       [-22.1427314 ],
       [-23.69669995],
       [-23.10197335],
       [-23.67286262],
       [-21.54608959]])
<<<<<<<<<<< STEP 21 >>>>>>>>>>>> + array([[-0.50001833],
       [-0.08393751],
       [-0.50001998],
       [-0.50003721],
       [-0.20270033],
       [-0.50002836],
       [-0.52681975],
       [-0.50000555],
       [ 0.00061415],
       [-0.00446881],
       [-0.50002946],
       [-0.50000646],
       [-0.50000465],
       [-0.50001247],
       [-0.50001728],
       [-0.5000355 ],
       [-0.16592542],
       [-0.50001483],
       [-0.44785719],
       [-0.50000427],
       [-0.49999564],
       [-0.50001338],
       [-0.50001464],
       [-0.34793274],
       [-0.5000163 ],
       [-0.50002887],
       [-0.50001173],
       [-0.49999656],
       [-0.49999483],
       [-0.50002104],
       [-0.49999634],
       [-0.14001338],
       [-0.50000113],
       [ 0.00168973],
       [-0.50002742],
       [-0.50001321],
       [-0.5000193 ],
       [-0.49999829],
       [-0.50001703],
       [-0.50001924]])
array([[-23.72370463],
       [ -1.50031751],
       [-24.20851296],
       [-23.24449909],
       [ -3.74667816],
       [-23.5494439 ],
       [ -7.82521   ],
       [-23.64563082],
       [ -0.60527976],
       [ -0.12716053],
       [-23.35348125],
       [-21.79683247],
       [-23.58523055],
       [-21.97824882],
       [-22.03023351],
       [-22.60172978],
       [ -3.27008957],
       [-23.98173932],
       [ -6.57363636],
       [-23.08023069],
       [-23.10684969],
       [-24.0431315 ],
       [-24.1915346 ],
       [ -5.34963952],
       [-23.79875676],
       [-23.67512181],
       [-21.74118509],
       [-23.22168786],
       [-23.41768442],
       [-23.89065622],
       [-22.7695422 ],
       [ -3.84502038],
       [-23.62802525],
       [ -0.17664431],
       [-23.54668174],
       [-22.64274461],
       [-24.19671926],
       [-23.60197164],
       [-24.17287965],
       [-22.04610884]])
<<<<<<<<<<< STEP 22 >>>>>>>>>>>> + array([[ -5.00014416e-01],
       [ -8.49930474e-02],
       [ -5.00015335e-01],
       [ -5.00029671e-01],
       [ -2.10073144e-01],
       [ -5.00022426e-01],
       [ -5.28694651e-01],
       [ -5.00003722e-01],
       [ -4.89594731e-04],
       [ -4.82947190e-03],
       [ -5.00023349e-01],
       [ -5.00007123e-01],
       [ -5.00003615e-01],
       [ -5.00007763e-01],
       [ -5.00012793e-01],
       [ -5.00028186e-01],
       [ -1.72282703e-01],
       [ -5.00011538e-01],
       [ -4.74738486e-01],
       [ -5.00003237e-01],
       [ -4.99996477e-01],
       [ -5.00010629e-01],
       [ -5.00011479e-01],
       [ -3.84083485e-01],
       [ -5.00012896e-01],
       [ -5.00022788e-01],
       [ -5.00010888e-01],
       [ -4.99996935e-01],
       [ -4.99995889e-01],
       [ -5.00016630e-01],
       [ -4.99996907e-01],
       [ -1.56844423e-01],
       [ -5.00000417e-01],
       [  7.95953807e-04],
       [ -5.00021702e-01],
       [ -5.00010279e-01],
       [ -5.00015310e-01],
       [ -4.99998464e-01],
       [ -5.00013153e-01],
       [ -5.00014404e-01]])
array([[-24.22371904],
       [ -1.58531056],
       [-24.70852829],
       [-23.74452876],
       [ -3.9567513 ],
       [-24.04946633],
       [ -8.35390465],
       [-24.14563455],
       [ -0.60576936],
       [ -0.13199   ],
       [-23.8535046 ],
       [-22.2968396 ],
       [-24.08523417],
       [-22.47825658],
       [-22.5302463 ],
       [-23.10175796],
       [ -3.44237227],
       [-24.48175086],
       [ -7.04837485],
       [-23.58023393],
       [-23.60684616],
       [-24.54314213],
       [-24.69154608],
       [ -5.733723  ],
       [-24.29876966],
       [-24.1751446 ],
       [-22.24119598],
       [-23.7216848 ],
       [-23.9176803 ],
       [-24.39067285],
       [-23.26953911],
       [ -4.0018648 ],
       [-24.12802567],
       [ -0.17584836],
       [-24.04670344],
       [-23.14275489],
       [-24.69673457],
       [-24.10197011],
       [-24.67289281],
       [-22.54612324]])
<<<<<<<<<<< STEP 23 >>>>>>>>>>>> + array([[ -5.00011273e-01],
       [ -8.58349198e-02],
       [ -5.00011694e-01],
       [ -5.00023562e-01],
       [ -2.17904844e-01],
       [ -5.00017654e-01],
       [ -5.27110759e-01],
       [ -5.00002408e-01],
       [ -1.42531465e-03],
       [ -5.18845770e-03],
       [ -5.00018416e-01],
       [ -5.00007340e-01],
       [ -5.00002795e-01],
       [ -5.00004479e-01],
       [ -5.00009062e-01],
       [ -5.00022246e-01],
       [ -1.77516170e-01],
       [ -5.00008909e-01],
       [ -4.93316856e-01],
       [ -5.00002453e-01],
       [ -4.99997158e-01],
       [ -5.00008398e-01],
       [ -5.00008945e-01],
       [ -4.19705847e-01],
       [ -5.00010139e-01],
       [ -5.00017892e-01],
       [ -5.00009762e-01],
       [ -4.99997301e-01],
       [ -4.99996757e-01],
       [ -5.00013078e-01],
       [ -4.99997410e-01],
       [ -1.76863723e-01],
       [ -4.99999928e-01],
       [ -1.57254292e-04],
       [ -5.00017095e-01],
       [ -5.00007967e-01],
       [ -5.00012076e-01],
       [ -4.99998641e-01],
       [ -5.00010073e-01],
       [ -5.00010827e-01]])
array([[-24.72373032],
       [ -1.67114548],
       [-25.20853999],
       [-24.24455232],
       [ -4.17465615],
       [-24.54948398],
       [ -8.88101541],
       [-24.64563695],
       [ -0.60719467],
       [ -0.13717846],
       [-24.35352302],
       [-22.79684694],
       [-24.58523696],
       [-22.97826106],
       [-23.03025536],
       [-23.60178021],
       [ -3.61988844],
       [-24.98175977],
       [ -7.5416917 ],
       [-24.08023638],
       [-24.10684332],
       [-25.04315053],
       [-25.19155502],
       [ -6.15342885],
       [-24.7987798 ],
       [-24.67516249],
       [-22.74120574],
       [-24.2216821 ],
       [-24.41767706],
       [-24.89068593],
       [-23.76953652],
       [ -4.17872853],
       [-24.6280256 ],
       [ -0.17600561],
       [-24.54672053],
       [-23.64276286],
       [-25.19674664],
       [-24.60196875],
       [-25.17290288],
       [-23.04613407]])
<<<<<<<<<<< STEP 24 >>>>>>>>>>>> + array([[-0.50000877],
       [-0.08619502],
       [-0.50000888],
       [-0.50001864],
       [-0.22713899],
       [-0.50001384],
       [-0.52391476],
       [-0.5000015 ],
       [-0.00214195],
       [-0.00558487],
       [-0.50001446],
       [-0.50000717],
       [-0.50000215],
       [-0.50000232],
       [-0.50000612],
       [-0.50001746],
       [-0.18168003],
       [-0.50000683],
       [-0.5043787 ],
       [-0.50000186],
       [-0.49999771],
       [-0.5000066 ],
       [-0.50000693],
       [-0.45147544],
       [-0.50000792],
       [-0.50001397],
       [-0.50000847],
       [-0.49999766],
       [-0.49999746],
       [-0.50001024],
       [-0.49999785],
       [-0.2006052 ],
       [-0.49999963],
       [-0.00114957],
       [-0.50001341],
       [-0.50000614],
       [-0.50000948],
       [-0.49999882],
       [-0.50000766],
       [-0.50000817]])
array([[-25.22373908],
       [ -1.7573405 ],
       [-25.70854886],
       [-24.74457096],
       [ -4.40179514],
       [-25.04949782],
       [ -9.40493017],
       [-25.14563845],
       [ -0.60933662],
       [ -0.14276333],
       [-24.85353748],
       [-23.29685411],
       [-25.08523911],
       [-23.47826338],
       [-23.53026148],
       [-24.10179767],
       [ -3.80156847],
       [-25.4817666 ],
       [ -8.0460704 ],
       [-24.58023824],
       [-24.60684103],
       [-25.54315713],
       [-25.69156196],
       [ -6.60490428],
       [-25.29878772],
       [-25.17517646],
       [-23.24121422],
       [-24.72167976],
       [-24.91767452],
       [-25.39069617],
       [-24.26953437],
       [ -4.37933372],
       [-25.12802523],
       [ -0.17715519],
       [-25.04673394],
       [-24.142769  ],
       [-25.69675612],
       [-25.10196757],
       [-25.67291054],
       [-23.54614224]])
<<<<<<<<<<< STEP 25 >>>>>>>>>>>> + array([[-0.50000679],
       [-0.08572518],
       [-0.50000672],
       [-0.50001469],
       [-0.23892082],
       [-0.50001081],
       [-0.52022446],
       [-0.50000089],
       [-0.00262823],
       [-0.00603896],
       [-0.50001131],
       [-0.50000671],
       [-0.50000165],
       [-0.50000098],
       [-0.50000392],
       [-0.50001364],
       [-0.18498556],
       [-0.50000522],
       [-0.50982736],
       [-0.50000141],
       [-0.49999817],
       [-0.50000516],
       [-0.50000535],
       [-0.47655436],
       [-0.50000616],
       [-0.50001085],
       [-0.50000714],
       [-0.49999801],
       [-0.49999802],
       [-0.50000798],
       [-0.49999824],
       [-0.22850748],
       [-0.49999947],
       [-0.00215041],
       [-0.50001047],
       [-0.50000469],
       [-0.5000074 ],
       [-0.49999899],
       [-0.5000058 ],
       [-0.50000619]])
array([[-25.72374588],
       [ -1.84306568],
       [-26.20855558],
       [-25.24458565],
       [ -4.64071596],
       [-25.54950863],
       [ -9.92515463],
       [-25.64563934],
       [ -0.61196485],
       [ -0.14880229],
       [-25.35354878],
       [-23.79686082],
       [-25.58524076],
       [-23.97826437],
       [-24.0302654 ],
       [-24.60181131],
       [ -3.98655404],
       [-25.98177182],
       [ -8.55589776],
       [-25.08023966],
       [-25.1068392 ],
       [-26.04316228],
       [-26.1915673 ],
       [ -7.08145864],
       [-25.79879388],
       [-25.67518731],
       [-23.74122135],
       [-25.22167776],
       [-25.41767254],
       [-25.89070415],
       [-24.76953261],
       [ -4.6078412 ],
       [-25.6280247 ],
       [ -0.1793056 ],
       [-25.54674441],
       [-24.64277369],
       [-26.19676352],
       [-25.60196656],
       [-26.17291634],
       [-24.04614843]])
<<<<<<<<<<< STEP 26 >>>>>>>>>>>> + array([[-0.50000524],
       [-0.08402838],
       [-0.50000508],
       [-0.50001154],
       [-0.25434431],
       [-0.50000841],
       [-0.51663136],
       [-0.5000005 ],
       [-0.00290234],
       [-0.00655296],
       [-0.50000881],
       [-0.50000605],
       [-0.50000126],
       [-0.50000021],
       [-0.50000238],
       [-0.50001061],
       [-0.18772953],
       [-0.50000398],
       [-0.51166762],
       [-0.50000107],
       [-0.49999854],
       [-0.50000401],
       [-0.50000411],
       [-0.49382482],
       [-0.50000477],
       [-0.50000837],
       [-0.50000585],
       [-0.49999833],
       [-0.49999846],
       [-0.5000062 ],
       [-0.49999858],
       [-0.26076066],
       [-0.49999942],
       [-0.00312784],
       [-0.50000815],
       [-0.50000354],
       [-0.50000575],
       [-0.49999915],
       [-0.50000438],
       [-0.5000047 ]])
array([[-26.22375112],
       [ -1.92709406],
       [-26.70856065],
       [-25.74459719],
       [ -4.89506027],
       [-26.04951704],
       [-10.44178599],
       [-26.14563984],
       [ -0.61486719],
       [ -0.15535524],
       [-25.85355759],
       [-24.29686687],
       [-26.08524202],
       [-24.47826458],
       [-24.53026778],
       [-25.10182192],
       [ -4.17428357],
       [-26.4817758 ],
       [ -9.06756538],
       [-25.58024073],
       [-25.60683774],
       [-26.54316629],
       [-26.69157141],
       [ -7.57528346],
       [-26.29879865],
       [-26.17519568],
       [-24.2412272 ],
       [-25.7216761 ],
       [-25.91767099],
       [-26.39071034],
       [-25.2695312 ],
       [ -4.86860186],
       [-26.12802412],
       [ -0.18243344],
       [-26.04675256],
       [-25.14277722],
       [-26.69676928],
       [-26.10196571],
       [-26.67292073],
       [-24.54615313]])
<<<<<<<<<<< STEP 27 >>>>>>>>>>>> + array([[-0.50000404],
       [-0.08073078],
       [-0.50000383],
       [-0.50000903],
       [-0.2741725 ],
       [-0.50000652],
       [-0.51340024],
       [-0.50000026],
       [-0.00299554],
       [-0.00711777],
       [-0.50000684],
       [-0.50000528],
       [-0.50000095],
       [-0.4999998 ],
       [-0.50000136],
       [-0.50000821],
       [-0.19018189],
       [-0.50000302],
       [-0.511464  ],
       [-0.50000081],
       [-0.49999884],
       [-0.5000031 ],
       [-0.50000314],
       [-0.50403119],
       [-0.50000367],
       [-0.5000064 ],
       [-0.50000466],
       [-0.49999863],
       [-0.4999988 ],
       [-0.50000479],
       [-0.49999888],
       [-0.29704381],
       [-0.49999944],
       [-0.00405796],
       [-0.50000632],
       [-0.50000262],
       [-0.50000445],
       [-0.49999929],
       [-0.5000033 ],
       [-0.50000356]])
array([[-26.72375516],
       [ -2.00782484],
       [-27.20856449],
       [-26.24460622],
       [ -5.16923277],
       [-26.54952356],
       [-10.95518623],
       [-26.6456401 ],
       [ -0.61786273],
       [ -0.16247302],
       [-26.35356443],
       [-24.79687216],
       [-26.58524298],
       [-24.97826438],
       [-25.03026915],
       [-25.60183013],
       [ -4.36446546],
       [-26.98177882],
       [ -9.57902938],
       [-26.08024154],
       [-26.10683658],
       [-27.0431694 ],
       [-27.19157454],
       [ -8.07931465],
       [-26.79880233],
       [-26.67520208],
       [-24.74123186],
       [-26.22167473],
       [-26.4176698 ],
       [-26.89071513],
       [-25.76953008],
       [ -5.16564567],
       [-26.62802356],
       [ -0.1864914 ],
       [-26.54675888],
       [-25.64277984],
       [-27.19677373],
       [-26.60196499],
       [-27.17292403],
       [-25.04615669]])
<<<<<<<<<<< STEP 28 >>>>>>>>>>>> + array([[-0.50000311],
       [-0.07561217],
       [-0.50000289],
       [-0.50000703],
       [-0.29863057],
       [-0.50000504],
       [-0.51061618],
       [-0.50000012],
       [-0.00293869],
       [-0.00771706],
       [-0.50000529],
       [-0.50000449],
       [-0.50000071],
       [-0.49999961],
       [-0.50000072],
       [-0.50000632],
       [-0.19255048],
       [-0.50000229],
       [-0.51025067],
       [-0.50000061],
       [-0.49999909],
       [-0.50000238],
       [-0.50000238],
       [-0.50894767],
       [-0.50000282],
       [-0.50000485],
       [-0.50000363],
       [-0.4999989 ],
       [-0.49999907],
       [-0.50000368],
       [-0.49999913],
       [-0.33617612],
       [-0.49999949],
       [-0.00492584],
       [-0.50000488],
       [-0.50000189],
       [-0.50000342],
       [-0.49999941],
       [-0.50000249],
       [-0.50000269]])
array([[-27.22375826],
       [ -2.08343701],
       [-27.70856738],
       [-26.74461326],
       [ -5.46786335],
       [-27.0495286 ],
       [-11.46580241],
       [-27.14564023],
       [ -0.62080143],
       [ -0.17019007],
       [-26.85356972],
       [-25.29687665],
       [-27.08524369],
       [-25.47826398],
       [-25.53026987],
       [-26.10183645],
       [ -4.55701593],
       [-27.48178112],
       [-10.08928005],
       [-26.58024216],
       [-26.60683567],
       [-27.54317178],
       [-27.69157693],
       [ -8.58826232],
       [-27.29880514],
       [-27.17520693],
       [-25.24123549],
       [-26.72167364],
       [-26.91766887],
       [-27.39071882],
       [-26.26952921],
       [ -5.5018218 ],
       [-27.12802305],
       [ -0.19141724],
       [-27.04676376],
       [-26.14278173],
       [-27.69677715],
       [-27.1019644 ],
       [-27.67292652],
       [-25.54615938]])
<<<<<<<<<<< STEP 29 >>>>>>>>>>>> + array([[-0.50000238],
       [-0.06876807],
       [-0.50000217],
       [-0.50000544],
       [-0.32724485],
       [-0.50000387],
       [-0.50827844],
       [-0.50000005],
       [-0.0027563 ],
       [-0.00832704],
       [-0.50000406],
       [-0.50000372],
       [-0.50000053],
       [-0.49999955],
       [-0.50000034],
       [-0.50000483],
       [-0.19508596],
       [-0.50000174],
       [-0.50864504],
       [-0.50000046],
       [-0.49999929],
       [-0.50000182],
       [-0.5000018 ],
       [-0.51045101],
       [-0.50000214],
       [-0.50000363],
       [-0.50000275],
       [-0.49999914],
       [-0.49999928],
       [-0.50000281],
       [-0.49999934],
       [-0.37587854],
       [-0.49999956],
       [-0.00571845],
       [-0.50000375],
       [-0.50000132],
       [-0.50000261],
       [-0.49999951],
       [-0.50000186],
       [-0.50000201]])
array([[-27.72376064],
       [ -2.15220508],
       [-28.20856955],
       [-27.2446187 ],
       [ -5.7951082 ],
       [-27.54953246],
       [-11.97408086],
       [-27.64564027],
       [ -0.62355773],
       [ -0.17851711],
       [-27.35357378],
       [-25.79688037],
       [-27.58524422],
       [-25.97826353],
       [-26.0302702 ],
       [-26.60184128],
       [ -4.75210189],
       [-27.98178285],
       [-10.59792508],
       [-27.08024262],
       [-27.10683495],
       [-28.0431736 ],
       [-28.19157873],
       [ -9.09871333],
       [-27.79880729],
       [-27.67521056],
       [-25.74123824],
       [-27.22167277],
       [-27.41766815],
       [-27.89072163],
       [-26.76952856],
       [ -5.87770034],
       [-27.62802261],
       [ -0.19713569],
       [-27.54676751],
       [-26.64278305],
       [-28.19677975],
       [-27.60196391],
       [-28.17292838],
       [-26.04616139]])
