<<<<<<<<<<< STEP 0 >>>>>>>>>>>> + array([[-0.64466031],
       [-0.0356447 ],
       [-0.43770211],
       [-0.66834881],
       [-0.62358257],
       [-1.13302361],
       [-1.09678905],
       [-1.07549869],
       [-0.45619968],
       [-0.5798889 ],
       [-0.99367812],
       [-0.21239978],
       [-1.02236589],
       [-0.89808268],
       [-0.77132832],
       [-0.97692419],
       [-1.0068111 ],
       [-0.88402443],
       [-0.97260429],
       [-1.06264293],
       [-0.94980166],
       [-0.95466291],
       [-0.99674972],
       [-0.91426548],
       [-0.87944255],
       [-0.97527091],
       [-0.95661763],
       [-1.0350582 ],
       [-0.8284388 ],
       [-0.35425069],
       [-0.26169015]])
array([[-0.64466031],
       [-0.0356447 ],
       [-0.43770211],
       [-0.66834881],
       [-0.62358257],
       [-1.13302361],
       [-1.09678905],
       [-1.07549869],
       [-0.45619968],
       [-0.5798889 ],
       [-0.99367812],
       [-0.21239978],
       [-1.02236589],
       [-0.89808268],
       [-0.77132832],
       [-0.97692419],
       [-1.0068111 ],
       [-0.88402443],
       [-0.97260429],
       [-1.06264293],
       [-0.94980166],
       [-0.95466291],
       [-0.99674972],
       [-0.91426548],
       [-0.87944255],
       [-0.97527091],
       [-0.95661763],
       [-1.0350582 ],
       [-0.8284388 ],
       [-0.35425069],
       [-0.26169015]])
<<<<<<<<<<< STEP 1 >>>>>>>>>>>> + array([[-0.68661596],
       [-0.05583487],
       [-0.48053149],
       [-0.70969427],
       [-0.74463406],
       [-1.0842387 ],
       [-1.05552864],
       [-1.03769781],
       [-0.56256858],
       [-0.67815822],
       [-0.94018013],
       [-0.29817072],
       [-0.98150083],
       [-0.8658003 ],
       [-0.72858613],
       [-0.95388142],
       [-0.97138595],
       [-0.87106651],
       [-0.89604092],
       [-0.98673589],
       [-0.89717342],
       [-0.81074002],
       [-0.94816126],
       [-0.86645069],
       [-0.80389074],
       [-0.94506655],
       [-0.94137271],
       [-1.00394008],
       [-0.76874728],
       [-0.41372639],
       [-0.28810862]])
array([[-1.33127627],
       [-0.09147958],
       [-0.9182336 ],
       [-1.37804308],
       [-1.36821662],
       [-2.21726231],
       [-2.15231768],
       [-2.1131965 ],
       [-1.01876826],
       [-1.25804712],
       [-1.93385825],
       [-0.5105705 ],
       [-2.00386673],
       [-1.76388299],
       [-1.49991446],
       [-1.93080561],
       [-1.97819706],
       [-1.75509095],
       [-1.86864521],
       [-2.04937881],
       [-1.84697508],
       [-1.76540293],
       [-1.94491099],
       [-1.78071617],
       [-1.68333329],
       [-1.92033746],
       [-1.89799033],
       [-2.03899827],
       [-1.59718608],
       [-0.76797708],
       [-0.54979877]])
<<<<<<<<<<< STEP 2 >>>>>>>>>>>> + array([[-0.7027294 ],
       [-0.02956853],
       [-0.49414193],
       [-0.72161304],
       [-0.80897686],
       [-0.98530949],
       [-0.96846946],
       [-0.9615409 ],
       [-0.64789661],
       [-0.72553281],
       [-0.87004978],
       [-0.38228587],
       [-0.90469696],
       [-0.81589967],
       [-0.69122695],
       [-0.88166382],
       [-0.89695759],
       [-0.83334322],
       [-0.81583156],
       [-0.89896098],
       [-0.83473893],
       [-0.69656879],
       [-0.87669368],
       [-0.80913316],
       [-0.74334422],
       [-0.87374065],
       [-0.87962268],
       [-0.92917088],
       [-0.71505245],
       [-0.43030519],
       [-0.31869992]])
array([[-2.03400566],
       [-0.12104811],
       [-1.41237553],
       [-2.09965612],
       [-2.17719349],
       [-3.2025718 ],
       [-3.12078714],
       [-3.0747374 ],
       [-1.66666487],
       [-1.98357993],
       [-2.80390803],
       [-0.89285637],
       [-2.90856369],
       [-2.57978266],
       [-2.19114141],
       [-2.81246943],
       [-2.87515464],
       [-2.58843417],
       [-2.68447677],
       [-2.9483398 ],
       [-2.68171401],
       [-2.46197172],
       [-2.82160466],
       [-2.58984932],
       [-2.42667751],
       [-2.79407812],
       [-2.77761302],
       [-2.96816915],
       [-2.31223853],
       [-1.19828228],
       [-0.86849868]])
<<<<<<<<<<< STEP 3 >>>>>>>>>>>> + array([[-0.6765238 ],
       [ 0.01520305],
       [-0.4465792 ],
       [-0.6911473 ],
       [-0.78793843],
       [-0.86217277],
       [-0.85497759],
       [-0.85652315],
       [-0.67734681],
       [-0.70782915],
       [-0.78772882],
       [-0.46189392],
       [-0.81063078],
       [-0.75187734],
       [-0.65040301],
       [-0.78745926],
       [-0.79954088],
       [-0.76507895],
       [-0.73887323],
       [-0.80024349],
       [-0.76553698],
       [-0.62504919],
       [-0.79408929],
       [-0.74594167],
       [-0.68442674],
       [-0.78063981],
       [-0.78897796],
       [-0.82739833],
       [-0.66490452],
       [-0.38798815],
       [-0.3516398 ]])
array([[-2.71052946],
       [-0.10584506],
       [-1.85895473],
       [-2.79080342],
       [-2.96513192],
       [-4.06474457],
       [-3.97576473],
       [-3.93126055],
       [-2.34401168],
       [-2.69140907],
       [-3.59163685],
       [-1.35475029],
       [-3.71919447],
       [-3.33165999],
       [-2.84154442],
       [-3.59992869],
       [-3.67469552],
       [-3.35351311],
       [-3.42335   ],
       [-3.74858328],
       [-3.44725099],
       [-3.08702091],
       [-3.61569395],
       [-3.33579099],
       [-3.11110425],
       [-3.57471792],
       [-3.56659098],
       [-3.79556749],
       [-2.97714305],
       [-1.58627042],
       [-1.22013849]])
<<<<<<<<<<< STEP 4 >>>>>>>>>>>> + array([[-0.62220259],
       [ 0.05500549],
       [-0.3417951 ],
       [-0.63436324],
       [-0.71634465],
       [-0.74657893],
       [-0.74504762],
       [-0.74962173],
       [-0.65391984],
       [-0.65421254],
       [-0.70629248],
       [-0.52107118],
       [-0.71992618],
       [-0.6843771 ],
       [-0.60836312],
       [-0.69850127],
       [-0.70689583],
       [-0.68950267],
       [-0.66800846],
       [-0.70720948],
       [-0.69520202],
       [-0.5838155 ],
       [-0.71231049],
       [-0.68153958],
       [-0.62621411],
       [-0.69189124],
       [-0.69932443],
       [-0.72635376],
       [-0.61552884],
       [-0.3113826 ],
       [-0.38591289]])
array([[-3.33273205],
       [-0.05083957],
       [-2.20074983],
       [-3.42516666],
       [-3.68147656],
       [-4.8113235 ],
       [-4.72081235],
       [-4.68088228],
       [-2.99793152],
       [-3.34562161],
       [-4.29792933],
       [-1.87582147],
       [-4.43912065],
       [-4.0160371 ],
       [-3.44990754],
       [-4.29842996],
       [-4.38159135],
       [-4.04301578],
       [-4.09135847],
       [-4.45579276],
       [-4.14245301],
       [-3.67083641],
       [-4.32800445],
       [-4.01733058],
       [-3.73731836],
       [-4.26660916],
       [-4.26591541],
       [-4.52192125],
       [-3.59267188],
       [-1.89765302],
       [-1.60605138]])
<<<<<<<<<<< STEP 5 >>>>>>>>>>>> + array([[-0.56935926],
       [ 0.08065626],
       [-0.21054755],
       [-0.58023773],
       [-0.64424908],
       [-0.65837802],
       [-0.65930603],
       [-0.66380569],
       [-0.61134653],
       [-0.60123836],
       [-0.63873547],
       [-0.54963538],
       [-0.64660673],
       [-0.62595899],
       [-0.5726904 ],
       [-0.62952453],
       [-0.63495024],
       [-0.62610474],
       [-0.61047416],
       [-0.63483193],
       [-0.6345269 ],
       [-0.55909985],
       [-0.64412695],
       [-0.62557123],
       [-0.57976913],
       [-0.62369019],
       [-0.62937726],
       [-0.64681865],
       [-0.57416279],
       [-0.23977446],
       [-0.41949492]])
array([[-3.90209132],
       [ 0.0298167 ],
       [-2.41129738],
       [-4.00540439],
       [-4.32572565],
       [-5.46970153],
       [-5.38011837],
       [-5.34468797],
       [-3.60927805],
       [-3.94685998],
       [-4.9366648 ],
       [-2.42545684],
       [-5.08572737],
       [-4.64199609],
       [-4.02259794],
       [-4.92795449],
       [-5.01654159],
       [-4.66912052],
       [-4.70183262],
       [-5.09062469],
       [-4.77697991],
       [-4.22993626],
       [-4.97213139],
       [-4.64290181],
       [-4.31708749],
       [-4.89029935],
       [-4.89529267],
       [-5.1687399 ],
       [-4.16683467],
       [-2.13742748],
       [-2.02554629]])
<<<<<<<<<<< STEP 6 >>>>>>>>>>>> + array([[-0.53588218],
       [ 0.0940971 ],
       [-0.08006342],
       [-0.54524014],
       [-0.59104742],
       [-0.59933251],
       [-0.60090983],
       [-0.60440013],
       [-0.57312718],
       [-0.56281598],
       [-0.58985469],
       [-0.55293936],
       [-0.59443425],
       [-0.58261211],
       [-0.54653964],
       [-0.58225865],
       [-0.58558577],
       [-0.58062086],
       [-0.56956108],
       [-0.58530974],
       [-0.5895356 ],
       [-0.54281935],
       [-0.59481336],
       [-0.58378731],
       [-0.54862764],
       [-0.57799784],
       [-0.58202955],
       [-0.59275301],
       [-0.54543046],
       [-0.19063177],
       [-0.44860185]])
array([[-4.4379735 ],
       [ 0.1239138 ],
       [-2.4913608 ],
       [-4.55064453],
       [-4.91677307],
       [-6.06903404],
       [-5.9810282 ],
       [-5.9490881 ],
       [-4.18240523],
       [-4.50967596],
       [-5.52651949],
       [-2.9783962 ],
       [-5.68016162],
       [-5.2246082 ],
       [-4.56913757],
       [-5.51021314],
       [-5.60212737],
       [-5.24974138],
       [-5.2713937 ],
       [-5.67593444],
       [-5.36651551],
       [-4.77275561],
       [-5.56694476],
       [-5.22668912],
       [-4.86571513],
       [-5.46829719],
       [-5.47732222],
       [-5.76149291],
       [-4.71226513],
       [-2.32805925],
       [-2.47414814]])
<<<<<<<<<<< STEP 7 >>>>>>>>>>>> + array([[-0.5219573 ],
       [ 0.09979563],
       [ 0.03481551],
       [-0.5289579 ],
       [-0.5561479 ],
       [-0.56210752],
       [-0.56362477],
       [-0.56611399],
       [-0.54569847],
       [-0.53803671],
       [-0.55729339],
       [-0.54415943],
       [-0.56001648],
       [-0.55328813],
       [-0.52900934],
       [-0.55183322],
       [-0.55380657],
       [-0.55062682],
       [-0.54282848],
       [-0.55351378],
       [-0.55901779],
       [-0.53139865],
       [-0.56191027],
       [-0.55530776],
       [-0.52932549],
       [-0.54916238],
       [-0.55192812],
       [-0.55840573],
       [-0.52738061],
       [-0.16299003],
       [-0.47056042]])
array([[-4.95993081],
       [ 0.22370943],
       [-2.45654529],
       [-5.07960243],
       [-5.47292096],
       [-6.63114156],
       [-6.54465298],
       [-6.51520209],
       [-4.7281037 ],
       [-5.04771267],
       [-6.08381289],
       [-3.52255563],
       [-6.2401781 ],
       [-5.77789632],
       [-5.09814691],
       [-6.06204637],
       [-6.15593394],
       [-5.8003682 ],
       [-5.81422218],
       [-6.22944822],
       [-5.9255333 ],
       [-5.30415426],
       [-6.12885503],
       [-5.78199688],
       [-5.39504062],
       [-6.01745957],
       [-6.02925035],
       [-6.31989864],
       [-5.23964574],
       [-2.49104928],
       [-2.94470857]])
<<<<<<<<<<< STEP 8 >>>>>>>>>>>> + array([[-0.51920395],
       [ 0.10092902],
       [ 0.12483957],
       [-0.52346566],
       [-0.53429082],
       [-0.53908456],
       [-0.54037121],
       [-0.54211475],
       [-0.52793442],
       [-0.52275214],
       [-0.53650828],
       [-0.53298441],
       [-0.53816502],
       [-0.53436393],
       [-0.51784343],
       [-0.53273206],
       [-0.53389768],
       [-0.53166744],
       [-0.52611613],
       [-0.53360018],
       [-0.53914483],
       [-0.5231655 ],
       [-0.54072054],
       [-0.5367043 ],
       [-0.51760942],
       [-0.53121867],
       [-0.53312105],
       [-0.53706053],
       [-0.51642593],
       [-0.15199217],
       [-0.48522142]])
array([[-5.47913475],
       [ 0.32463845],
       [-2.33170572],
       [-5.60306808],
       [-6.00721179],
       [-7.17022611],
       [-7.08502418],
       [-7.05731684],
       [-5.25603812],
       [-5.57046481],
       [-6.62032117],
       [-4.05554004],
       [-6.77834312],
       [-6.31226025],
       [-5.61599034],
       [-6.59477843],
       [-6.68983162],
       [-6.33203563],
       [-6.34033831],
       [-6.7630484 ],
       [-6.46467813],
       [-5.82731977],
       [-6.66957557],
       [-6.31870118],
       [-5.91265004],
       [-6.54867824],
       [-6.5623714 ],
       [-6.85695917],
       [-5.75607167],
       [-2.64304146],
       [-3.42992999]])
<<<<<<<<<<< STEP 9 >>>>>>>>>>>> + array([[-0.51939253],
       [ 0.09933116],
       [ 0.18519543],
       [-0.52135674],
       [-0.52082849],
       [-0.52485293],
       [-0.52592646],
       [-0.52717525],
       [-0.51696671],
       [-0.51344193],
       [-0.52349337],
       [-0.52343505],
       [-0.52451938],
       [-0.5224065 ],
       [-0.51091565],
       [-0.52080967],
       [-0.52152228],
       [-0.51990462],
       [-0.51587607],
       [-0.52119736],
       [-0.5263952 ],
       [-0.51714293],
       [-0.527232  ],
       [-0.52474718],
       [-0.51047221],
       [-0.51999364],
       [-0.521344  ],
       [-0.52381559],
       [-0.50979714],
       [-0.15391709],
       [-0.49406691]])
array([[-5.99852728],
       [ 0.42396961],
       [-2.14651029],
       [-6.12442483],
       [-6.52804028],
       [-7.69507904],
       [-7.61095064],
       [-7.5844921 ],
       [-5.77300483],
       [-6.08390674],
       [-7.14381454],
       [-4.57897509],
       [-7.3028625 ],
       [-6.83466675],
       [-6.12690599],
       [-7.1155881 ],
       [-7.21135389],
       [-6.85194025],
       [-6.85621438],
       [-7.28424576],
       [-6.99107334],
       [-6.34446269],
       [-7.19680758],
       [-6.84344836],
       [-6.42312226],
       [-7.06867188],
       [-7.0837154 ],
       [-7.38077476],
       [-6.26586881],
       [-2.79695854],
       [-3.9239969 ]])
