<<<<<<<<<<< STEP 0 >>>>>>>>>>>> + array([[-1.02565888],
       [-0.96495546],
       [-0.0496316 ],
       [-1.1576129 ],
       [-1.02827203],
       [-0.8830077 ],
       [-0.96961665],
       [-1.02735091],
       [-1.03070154],
       [-1.0353624 ],
       [-0.03907828],
       [-0.87134482],
       [-0.95762664],
       [-1.0305245 ],
       [-0.95411466],
       [-0.94448656],
       [-0.00608826],
       [-0.96772847],
       [-1.02704734],
       [-0.02238124],
       [-0.9528065 ],
       [-1.03568996],
       [-1.03521955],
       [ 0.0254341 ],
       [-0.97479711],
       [-0.94561928],
       [-0.57804097],
       [-0.95776132],
       [-1.04532574],
       [-1.01890442],
       [-0.03514996],
       [ 0.02917495],
       [-0.96373435],
       [-0.97478216],
       [ 0.02558441],
       [ 0.01797045],
       [-0.96246953],
       [ 0.03046554],
       [-1.02353382],
       [-1.02437571]])
array([[-1.02565888],
       [-0.96495546],
       [-0.0496316 ],
       [-1.1576129 ],
       [-1.02827203],
       [-0.8830077 ],
       [-0.96961665],
       [-1.02735091],
       [-1.03070154],
       [-1.0353624 ],
       [-0.03907828],
       [-0.87134482],
       [-0.95762664],
       [-1.0305245 ],
       [-0.95411466],
       [-0.94448656],
       [-0.00608826],
       [-0.96772847],
       [-1.02704734],
       [-0.02238124],
       [-0.9528065 ],
       [-1.03568996],
       [-1.03521955],
       [ 0.0254341 ],
       [-0.97479711],
       [-0.94561928],
       [-0.57804097],
       [-0.95776132],
       [-1.04532574],
       [-1.01890442],
       [-0.03514996],
       [ 0.02917495],
       [-0.96373435],
       [-0.97478216],
       [ 0.02558441],
       [ 0.01797045],
       [-0.96246953],
       [ 0.03046554],
       [-1.02353382],
       [-1.02437571]])
<<<<<<<<<<< STEP 1 >>>>>>>>>>>> + array([[-0.92421448],
       [-0.82230263],
       [-0.12986885],
       [-1.1405824 ],
       [-1.02950603],
       [-0.89233549],
       [-0.9832619 ],
       [-1.03256069],
       [-0.92606505],
       [-1.03516999],
       [-0.06961302],
       [-0.88591164],
       [-0.94707734],
       [-1.02849435],
       [-0.93448739],
       [-0.78761208],
       [ 0.02564761],
       [-0.95387287],
       [-0.92397194],
       [-0.10651333],
       [-0.94583409],
       [-1.03346013],
       [-1.03254658],
       [-0.04524884],
       [-0.82074915],
       [-0.94758978],
       [-0.62889399],
       [-0.9808869 ],
       [-1.03619152],
       [-1.02109078],
       [-0.1167632 ],
       [-0.04167511],
       [-0.94600355],
       [-0.95918949],
       [-0.04199027],
       [-0.04697855],
       [-0.95691134],
       [-0.03533557],
       [-0.92848815],
       [-0.92265857]])
array([[-1.94987335],
       [-1.78725809],
       [-0.17950045],
       [-2.29819529],
       [-2.05777805],
       [-1.77534319],
       [-1.95287855],
       [-2.0599116 ],
       [-1.95676659],
       [-2.07053239],
       [-0.1086913 ],
       [-1.75725646],
       [-1.90470398],
       [-2.05901885],
       [-1.88860205],
       [-1.73209864],
       [ 0.01955936],
       [-1.92160134],
       [-1.95101929],
       [-0.12889458],
       [-1.89864059],
       [-2.06915009],
       [-2.06776613],
       [-0.01981474],
       [-1.79554625],
       [-1.89320905],
       [-1.20693495],
       [-1.93864821],
       [-2.08151727],
       [-2.0399952 ],
       [-0.15191316],
       [-0.01250016],
       [-1.9097379 ],
       [-1.93397165],
       [-0.01640586],
       [-0.02900811],
       [-1.91938088],
       [-0.00487003],
       [-1.95202198],
       [-1.94703428]])
<<<<<<<<<<< STEP 2 >>>>>>>>>>>> + array([[-0.83127398],
       [-0.69468145],
       [-0.15320298],
       [-1.10816336],
       [-1.01663902],
       [-0.90835145],
       [-0.98897118],
       [-1.01618258],
       [-0.82952654],
       [-1.01391514],
       [-0.11036305],
       [-0.90252234],
       [-0.93749505],
       [-1.01796874],
       [-0.91559109],
       [-0.65666773],
       [ 0.06194102],
       [-0.9411839 ],
       [-0.83206862],
       [-0.13255814],
       [-0.93670887],
       [-1.01659461],
       [-1.00712286],
       [-0.06745931],
       [-0.68619675],
       [-0.94045159],
       [-0.6702416 ],
       [-0.99280091],
       [-1.0147763 ],
       [-1.01008117],
       [-0.14703845],
       [-0.06322969],
       [-0.93264041],
       [-0.93994661],
       [-0.05741046],
       [-0.06575767],
       [-0.94544043],
       [-0.05171998],
       [-0.83425914],
       [-0.8291596 ]])
array([[-2.78114733],
       [-2.48193954],
       [-0.33270343],
       [-3.40635865],
       [-3.07441708],
       [-2.68369464],
       [-2.94184973],
       [-3.07609418],
       [-2.78629313],
       [-3.08444753],
       [-0.21905435],
       [-2.6597788 ],
       [-2.84219903],
       [-3.07698759],
       [-2.80419315],
       [-2.38876636],
       [ 0.08150037],
       [-2.86278524],
       [-2.7830879 ],
       [-0.26145271],
       [-2.83534947],
       [-3.0857447 ],
       [-3.07488899],
       [-0.08727405],
       [-2.48174301],
       [-2.83366064],
       [-1.87717655],
       [-2.93144912],
       [-3.09629357],
       [-3.05007637],
       [-0.29895162],
       [-0.07572985],
       [-2.84237831],
       [-2.87391825],
       [-0.07381632],
       [-0.09476577],
       [-2.86482131],
       [-0.05659001],
       [-2.78628111],
       [-2.77619388]])
<<<<<<<<<<< STEP 3 >>>>>>>>>>>> + array([[-0.76233964],
       [-0.60713027],
       [-0.15232592],
       [-1.06787718],
       [-0.97954729],
       [-0.91818469],
       [-0.97294658],
       [-0.97138725],
       [-0.75880134],
       [-0.96543122],
       [-0.15901003],
       [-0.90906905],
       [-0.90984629],
       [-0.98258093],
       [-0.88038921],
       [-0.56600821],
       [ 0.09649748],
       [-0.91974449],
       [-0.76503562],
       [-0.13276162],
       [-0.91420233],
       [-0.97500593],
       [-0.95299604],
       [-0.07002282],
       [-0.59494347],
       [-0.91306427],
       [-0.69011851],
       [-0.98128287],
       [-0.96773419],
       [-0.97029384],
       [-0.15452571],
       [-0.06375724],
       [-0.90663621],
       [-0.90923497],
       [-0.05050197],
       [-0.06109823],
       [-0.92335219],
       [-0.04616274],
       [-0.76243081],
       [-0.76039029]])
array([[-3.54348697],
       [-3.08906981],
       [-0.48502936],
       [-4.47423583],
       [-4.05396437],
       [-3.60187933],
       [-3.91479631],
       [-4.04748144],
       [-3.54509447],
       [-4.04987875],
       [-0.37806439],
       [-3.56884785],
       [-3.75204532],
       [-4.05956852],
       [-3.68458236],
       [-2.95477457],
       [ 0.17799785],
       [-3.78252973],
       [-3.54812353],
       [-0.39421433],
       [-3.7495518 ],
       [-4.06075064],
       [-4.02788503],
       [-0.15729687],
       [-3.07668648],
       [-3.74672491],
       [-2.56729506],
       [-3.91273199],
       [-4.06402776],
       [-4.02037021],
       [-0.45347733],
       [-0.13948709],
       [-3.74901452],
       [-3.78315322],
       [-0.12431828],
       [-0.155864  ],
       [-3.78817351],
       [-0.10275275],
       [-3.54871193],
       [-3.53658417]])
<<<<<<<<<<< STEP 4 >>>>>>>>>>>> + array([[-0.70939299],
       [-0.55265601],
       [-0.14232583],
       [-1.00609634],
       [-0.90982264],
       [-0.90283577],
       [-0.92799442],
       [-0.89242092],
       [-0.70605266],
       [-0.88468559],
       [-0.20912151],
       [-0.88907868],
       [-0.8462748 ],
       [-0.9124759 ],
       [-0.81429216],
       [-0.50900634],
       [ 0.11913985],
       [-0.86849494],
       [-0.7137008 ],
       [-0.12439609],
       [-0.8605646 ],
       [-0.9023842 ],
       [-0.86861303],
       [-0.06778293],
       [-0.53838052],
       [-0.84915667],
       [-0.68682597],
       [-0.94001863],
       [-0.88718426],
       [-0.89424162],
       [-0.15529507],
       [-0.05864346],
       [-0.84691288],
       [-0.84766955],
       [-0.03796873],
       [-0.04913764],
       [-0.87104916],
       [-0.03535302],
       [-0.70793505],
       [-0.7082996 ]])
array([[-4.25287995],
       [-3.64172582],
       [-0.62735519],
       [-5.48033218],
       [-4.96378702],
       [-4.50471509],
       [-4.84279073],
       [-4.93990235],
       [-4.25114714],
       [-4.93456433],
       [-0.5871859 ],
       [-4.45792654],
       [-4.59832012],
       [-4.97204442],
       [-4.49887452],
       [-3.46378091],
       [ 0.29713771],
       [-4.65102468],
       [-4.26182433],
       [-0.51861042],
       [-4.6101164 ],
       [-4.96313484],
       [-4.89649806],
       [-0.22507979],
       [-3.615067  ],
       [-4.59588158],
       [-3.25412103],
       [-4.85275062],
       [-4.95121202],
       [-4.91461183],
       [-0.6087724 ],
       [-0.19813055],
       [-4.5959274 ],
       [-4.63082277],
       [-0.16228702],
       [-0.20500164],
       [-4.65922267],
       [-0.13810576],
       [-4.25664697],
       [-4.24488378]])
<<<<<<<<<<< STEP 5 >>>>>>>>>>>> + array([[-0.66582583],
       [-0.52151361],
       [-0.12855445],
       [-0.90588111],
       [-0.811292  ],
       [-0.84168367],
       [-0.8498048 ],
       [-0.78979388],
       [-0.66390614],
       [-0.78444513],
       [-0.24939306],
       [-0.82776174],
       [-0.75474442],
       [-0.81279126],
       [-0.7281162 ],
       [-0.48002896],
       [ 0.12135039],
       [-0.78172886],
       [-0.67054575],
       [-0.11328518],
       [-0.77525718],
       [-0.80554051],
       [-0.77022941],
       [-0.06324333],
       [-0.50670595],
       [-0.75527642],
       [-0.66600601],
       [-0.86156071],
       [-0.78483249],
       [-0.79318844],
       [-0.15176765],
       [-0.05175341],
       [-0.75575001],
       [-0.75698839],
       [-0.02685761],
       [-0.03727545],
       [-0.7834071 ],
       [-0.02618198],
       [-0.66422069],
       [-0.66564696]])
array([[-4.91870578],
       [-4.16323943],
       [-0.75590963],
       [-6.38621329],
       [-5.77507902],
       [-5.34639877],
       [-5.69259553],
       [-5.72969623],
       [-4.91505328],
       [-5.71900946],
       [-0.83657896],
       [-5.28568828],
       [-5.35306454],
       [-5.78483568],
       [-5.22699072],
       [-3.94380987],
       [ 0.41848809],
       [-5.43275354],
       [-4.93237008],
       [-0.63189561],
       [-5.38537358],
       [-5.76867535],
       [-5.66672747],
       [-0.28832312],
       [-4.12177296],
       [-5.351158  ],
       [-3.92012705],
       [-5.71431133],
       [-5.73604452],
       [-5.70780028],
       [-0.76054005],
       [-0.24988396],
       [-5.35167741],
       [-5.38781116],
       [-0.18914463],
       [-0.2422771 ],
       [-5.44262977],
       [-0.16428774],
       [-4.92086767],
       [-4.91053074]])
<<<<<<<<<<< STEP 6 >>>>>>>>>>>> + array([[-0.62988306],
       [-0.50540994],
       [-0.11380498],
       [-0.78284436],
       [-0.71326348],
       [-0.74598331],
       [-0.75320442],
       [-0.69500188],
       [-0.62912916],
       [-0.69399344],
       [-0.26913523],
       [-0.73714956],
       [-0.66795701],
       [-0.71365436],
       [-0.64955287],
       [-0.47069244],
       [ 0.10429846],
       [-0.68886257],
       [-0.63332062],
       [-0.10133527],
       [-0.68487541],
       [-0.71010703],
       [-0.68408309],
       [-0.05567514],
       [-0.49126903],
       [-0.6651963 ],
       [-0.63743395],
       [-0.76051483],
       [-0.69150481],
       [-0.69885335],
       [-0.14246326],
       [-0.04377113],
       [-0.66628817],
       [-0.66865039],
       [-0.0192587 ],
       [-0.02848781],
       [-0.68957231],
       [-0.01983033],
       [-0.62856319],
       [-0.62987025]])
array([[-5.54858884],
       [-4.66864937],
       [-0.86971461],
       [-7.16905764],
       [-6.4883425 ],
       [-6.09238208],
       [-6.44579995],
       [-6.42469811],
       [-5.54418244],
       [-6.4130029 ],
       [-1.10571419],
       [-6.02283784],
       [-6.02102155],
       [-6.49849005],
       [-5.87654359],
       [-4.41450231],
       [ 0.52278656],
       [-6.12161611],
       [-5.5656907 ],
       [-0.73323087],
       [-6.07024899],
       [-6.47878238],
       [-6.35081056],
       [-0.34399826],
       [-4.61304198],
       [-6.0163543 ],
       [-4.557561  ],
       [-6.47482616],
       [-6.42754933],
       [-6.40665363],
       [-0.90300331],
       [-0.29365509],
       [-6.01796559],
       [-6.05646156],
       [-0.20840333],
       [-0.27076491],
       [-6.13220208],
       [-0.18411807],
       [-5.54943086],
       [-5.54040099]])
<<<<<<<<<<< STEP 7 >>>>>>>>>>>> + array([[-0.60147714],
       [-0.49743234],
       [-0.10001605],
       [-0.6781415 ],
       [-0.64007994],
       [-0.65767909],
       [-0.66868678],
       [-0.62700013],
       [-0.6011401 ],
       [-0.62892314],
       [-0.26970728],
       [-0.65313743],
       [-0.60523082],
       [-0.63962129],
       [-0.59253352],
       [-0.47053985],
       [ 0.07906877],
       [-0.61828665],
       [-0.6029724 ],
       [-0.08966479],
       [-0.61415153],
       [-0.63707157],
       [-0.62195638],
       [-0.04616754],
       [-0.48451258],
       [-0.60028002],
       [-0.61004091],
       [-0.67229145],
       [-0.62466562],
       [-0.63063485],
       [-0.12899348],
       [-0.03568679],
       [-0.60139239],
       [-0.60450046],
       [-0.01436149],
       [-0.02264107],
       [-0.61797628],
       [-0.01516907],
       [-0.60037683],
       [-0.60108435]])
array([[-6.15006598],
       [-5.16608171],
       [-0.96973066],
       [-7.84719914],
       [-7.12842244],
       [-6.75006117],
       [-7.11448673],
       [-7.05169824],
       [-6.14532254],
       [-7.04192604],
       [-1.37542147],
       [-6.67597527],
       [-6.62625237],
       [-7.13811134],
       [-6.4690771 ],
       [-4.88504217],
       [ 0.60185532],
       [-6.73990276],
       [-6.1686631 ],
       [-0.82289567],
       [-6.68440052],
       [-7.11585395],
       [-6.97276695],
       [-0.3901658 ],
       [-5.09755456],
       [-6.61663432],
       [-5.16760191],
       [-7.14711762],
       [-7.05221495],
       [-7.03728848],
       [-1.03199679],
       [-0.32934188],
       [-6.61935797],
       [-6.66096201],
       [-0.22276481],
       [-0.29340598],
       [-6.75017836],
       [-0.19928714],
       [-6.14980769],
       [-6.14148534]])
<<<<<<<<<<< STEP 8 >>>>>>>>>>>> + array([[-0.57946061],
       [-0.49351809],
       [-0.08806619],
       [-0.6078548 ],
       [-0.59232142],
       [-0.59652665],
       [-0.60969101],
       [-0.58326672],
       [-0.57921052],
       [-0.58648786],
       [-0.26000893],
       [-0.59407138],
       [-0.56515777],
       [-0.59139204],
       [-0.55575383],
       [-0.47328413],
       [ 0.05483362],
       [-0.5727356 ],
       [-0.57952083],
       [-0.07913507],
       [-0.56753964],
       [-0.58857706],
       [-0.5811538 ],
       [-0.03665684],
       [-0.4820646 ],
       [-0.55934846],
       [-0.58726677],
       [-0.61148229],
       [-0.58164297],
       [-0.58649157],
       [-0.11448313],
       [-0.02837643],
       [-0.56037581],
       [-0.56376248],
       [-0.01102966],
       [-0.01865323],
       [-0.57174483],
       [-0.01154521],
       [-0.57855337],
       [-0.57874301]])
array([[-6.72952659],
       [-5.65959979],
       [-1.05779685],
       [-8.45505395],
       [-7.72074386],
       [-7.34658782],
       [-7.72417774],
       [-7.63496496],
       [-6.72453306],
       [-7.6284139 ],
       [-1.6354304 ],
       [-7.27004665],
       [-7.19141014],
       [-7.72950338],
       [-7.02483093],
       [-5.3583263 ],
       [ 0.65668894],
       [-7.31263836],
       [-6.74818393],
       [-0.90203074],
       [-7.25194016],
       [-7.70443101],
       [-7.55392075],
       [-0.42682264],
       [-5.57961916],
       [-7.17598278],
       [-5.75486868],
       [-7.75859991],
       [-7.63385792],
       [-7.62378005],
       [-1.14647991],
       [-0.35771831],
       [-7.17973378],
       [-7.2247245 ],
       [-0.23379447],
       [-0.31205921],
       [-7.32192319],
       [-0.21083235],
       [-6.72836107],
       [-6.72022834]])
<<<<<<<<<<< STEP 9 >>>>>>>>>>>> + array([[-0.56236609],
       [-0.49182486],
       [-0.07809336],
       [-0.56482972],
       [-0.56211864],
       [-0.55851862],
       [-0.5719526 ],
       [-0.55575613],
       [-0.56214418],
       [-0.55931186],
       [-0.2472832 ],
       [-0.55700898],
       [-0.54053129],
       [-0.56101972],
       [-0.53321688],
       [-0.47666613],
       [ 0.0347737 ],
       [-0.54482739],
       [-0.56168198],
       [-0.07014098],
       [-0.53903514],
       [-0.55795948],
       [-0.55504172],
       [-0.02822217],
       [-0.48191646],
       [-0.53471691],
       [-0.56910869],
       [-0.57293188],
       [-0.55457907],
       [-0.55853566],
       [-0.10089918],
       [-0.02219043],
       [-0.53562397],
       [-0.53894284],
       [-0.00862414],
       [-0.01577492],
       [-0.54352845],
       [-0.0087201 ],
       [-0.56165325],
       [-0.56153716]])
array([[-7.29189267],
       [-6.15142465],
       [-1.13589021],
       [-9.01988367],
       [-8.2828625 ],
       [-7.90510644],
       [-8.29613034],
       [-8.19072109],
       [-7.28667724],
       [-8.18772576],
       [-1.88271359],
       [-7.82705563],
       [-7.73194143],
       [-8.2905231 ],
       [-7.55804782],
       [-5.83499243],
       [ 0.69146264],
       [-7.85746575],
       [-7.30986591],
       [-0.97217171],
       [-7.7909753 ],
       [-8.26239049],
       [-8.10896247],
       [-0.4550448 ],
       [-6.06153563],
       [-7.71069969],
       [-6.32397738],
       [-8.33153179],
       [-8.18843699],
       [-8.18231571],
       [-1.24737909],
       [-0.37990874],
       [-7.71535775],
       [-7.76366734],
       [-0.24241861],
       [-0.32783412],
       [-7.86545164],
       [-0.21955245],
       [-7.29001432],
       [-7.2817655 ]])
