<<<<<<<<<<< STEP 0 >>>>>>>>>>>> + array([[-0.51861771],
       [ 0.05816525],
       [ 0.09819318],
       [-0.51803   ],
       [-0.51652493],
       [-0.52082784],
       [-0.52124352],
       [-0.52134597],
       [-0.38000567],
       [-0.43663284],
       [-0.51898594],
       [-0.05969754],
       [-0.51946465],
       [-0.51733425],
       [-0.51146019],
       [-0.51880045],
       [-0.53646928],
       [-0.52807956],
       [-0.51984894],
       [-0.52549356],
       [-0.51631215],
       [-0.51326132],
       [-0.51771667],
       [-0.51512463],
       [-0.50852115],
       [-0.51611604],
       [-0.51661111],
       [-0.51806481],
       [-0.2152647 ],
       [-0.48802841],
       [-0.50293739]])
array([[-7.21844853],
       [ 0.65585909],
       [-0.69779475],
       [-7.24617223],
       [-7.54290714],
       [-8.10677241],
       [-8.04592242],
       [-8.02189644],
       [-4.28972794],
       [-4.74600512],
       [-7.64794177],
       [-1.26537446],
       [-7.66976724],
       [-7.40742501],
       [-6.53399023],
       [-7.48572177],
       [-5.46740716],
       [-5.98876503],
       [-7.40490562],
       [-6.28686244],
       [-7.42291495],
       [-6.86225753],
       [-7.66284541],
       [-7.30356918],
       [-6.97908246],
       [-7.62675629],
       [-7.47607614],
       [-7.84376398],
       [-3.06468789],
       [-5.64015964],
       [-6.62257061]])
<<<<<<<<<<< STEP 1 >>>>>>>>>>>> + array([[-0.51348358],
       [ 0.05522307],
       [ 0.10835832],
       [-0.51301671],
       [-0.51059977],
       [-0.51366432],
       [-0.5142554 ],
       [-0.51450529],
       [-0.39458725],
       [-0.44774047],
       [-0.513206  ],
       [-0.05166398],
       [-0.51349447],
       [-0.51210354],
       [-0.50774829],
       [-0.51243805],
       [-0.52626636],
       [-0.51976725],
       [-0.51343193],
       [-0.51685593],
       [-0.51154438],
       [-0.51018217],
       [-0.5123931 ],
       [-0.51069612],
       [-0.5048378 ],
       [-0.5101249 ],
       [-0.51067773],
       [-0.51182057],
       [-0.21240458],
       [-0.48845183],
       [-0.50200063]])
array([[-7.73193211],
       [ 0.71108216],
       [-0.58943643],
       [-7.75918894],
       [-8.05350691],
       [-8.62043674],
       [-8.56017782],
       [-8.53640174],
       [-4.68431519],
       [-5.19374559],
       [-8.16114778],
       [-1.31703843],
       [-8.18326171],
       [-7.91952855],
       [-7.04173851],
       [-7.99815981],
       [-5.99367352],
       [-6.50853228],
       [-7.91833755],
       [-6.80371836],
       [-7.93445934],
       [-7.3724397 ],
       [-8.17523851],
       [-7.81426529],
       [-7.48392026],
       [-8.13688118],
       [-7.98675387],
       [-8.35558455],
       [-3.27709248],
       [-6.12861147],
       [-7.12457124]])
<<<<<<<<<<< STEP 2 >>>>>>>>>>>> + array([[-0.50988542],
       [ 0.05223741],
       [ 0.11257443],
       [-0.50951645],
       [-0.50678712],
       [-0.50899662],
       [-0.50964382],
       [-0.50995301],
       [-0.41328868],
       [-0.45926335],
       [-0.5093095 ],
       [-0.04570894],
       [-0.50947853],
       [-0.50856683],
       [-0.50529915],
       [-0.50827533],
       [-0.518811  ],
       [-0.51403338],
       [-0.50912779],
       [-0.51122603],
       [-0.50827965],
       [-0.50781014],
       [-0.50878194],
       [-0.50766881],
       [-0.50258571],
       [-0.50630119],
       [-0.5068535 ],
       [-0.50776104],
       [-0.21870937],
       [-0.48994556],
       [-0.50142428]])
array([[-8.24181753],
       [ 0.76331957],
       [-0.476862  ],
       [-8.26870539],
       [-8.56029403],
       [-9.12943335],
       [-9.06982164],
       [-9.04635475],
       [-5.09760387],
       [-5.65300895],
       [-8.67045728],
       [-1.36274737],
       [-8.69274024],
       [-8.42809538],
       [-7.54703766],
       [-8.50643514],
       [-6.51248452],
       [-7.02256566],
       [-8.42746534],
       [-7.3149444 ],
       [-8.44273899],
       [-7.88024984],
       [-8.68402045],
       [-8.32193411],
       [-7.98650597],
       [-8.64318238],
       [-8.49360737],
       [-8.86334558],
       [-3.49580185],
       [-6.61855703],
       [-7.62599552]])
<<<<<<<<<<< STEP 3 >>>>>>>>>>>> + array([[-0.50731669],
       [ 0.04929916],
       [ 0.11272532],
       [-0.50702678],
       [-0.5043418 ],
       [-0.50594832],
       [-0.50658026],
       [-0.50689628],
       [-0.432725  ],
       [-0.46964386],
       [-0.5066465 ],
       [-0.04092888],
       [-0.50674197],
       [-0.50614017],
       [-0.50367503],
       [-0.50554394],
       [-0.513459  ],
       [-0.51005983],
       [-0.50623216],
       [-0.50755193],
       [-0.50600291],
       [-0.50598528],
       [-0.50629242],
       [-0.50556028],
       [-0.50124347],
       [-0.50387502],
       [-0.50439175],
       [-0.50511375],
       [-0.23428052],
       [-0.49175546],
       [-0.50105047]])
array([[-8.74913422],
       [ 0.81261873],
       [-0.36413668],
       [-8.77573217],
       [-9.06463583],
       [-9.63538168],
       [-9.5764019 ],
       [-9.55325103],
       [-5.53032887],
       [-6.12265281],
       [-9.17710378],
       [-1.40367625],
       [-9.19948221],
       [-8.93423556],
       [-8.0507127 ],
       [-9.01197908],
       [-7.02594352],
       [-7.53262549],
       [-8.93369749],
       [-7.82249632],
       [-8.9487419 ],
       [-8.38623512],
       [-9.19031287],
       [-8.82749439],
       [-8.48774944],
       [-9.1470574 ],
       [-8.99799912],
       [-9.36845933],
       [-3.73008238],
       [-7.11031248],
       [-8.12704599]])
<<<<<<<<<<< STEP 4 >>>>>>>>>>>> + array([[-0.50545411],
       [ 0.04646436],
       [ 0.11021724],
       [-0.50522765],
       [-0.50277674],
       [-0.50395101],
       [-0.50452924],
       [-0.50482381],
       [-0.45038428],
       [-0.47815073],
       [-0.50480089],
       [-0.03667732],
       [-0.50485193],
       [-0.50445065],
       [-0.50258805],
       [-0.50374295],
       [-0.50964932],
       [-0.50728465],
       [-0.50427524],
       [-0.50513892],
       [-0.50438945],
       [-0.50458362],
       [-0.50455033],
       [-0.50406722],
       [-0.50046941],
       [-0.50234466],
       [-0.50280757],
       [-0.50338082],
       [-0.2585304 ],
       [-0.49348379],
       [-0.50079495]])
array([[ -9.25458832],
       [  0.85908309],
       [ -0.25391944],
       [ -9.28095981],
       [ -9.56741258],
       [-10.13933269],
       [-10.08093114],
       [-10.05807485],
       [ -5.98071315],
       [ -6.60080353],
       [ -9.68190467],
       [ -1.44035357],
       [ -9.70433415],
       [ -9.43868621],
       [ -8.55330074],
       [ -9.51572203],
       [ -7.53559283],
       [ -8.03991015],
       [ -9.43797274],
       [ -8.32763524],
       [ -9.45313135],
       [ -8.89081873],
       [ -9.6948632 ],
       [ -9.3315616 ],
       [ -8.98821884],
       [ -9.64940206],
       [ -9.5008067 ],
       [ -9.87184015],
       [ -3.98861278],
       [ -7.60379627],
       [ -8.62784093]])
<<<<<<<<<<< STEP 5 >>>>>>>>>>>> + array([[-0.50408702],
       [ 0.04376706],
       [ 0.10606874],
       [-0.5039111 ],
       [-0.50177639],
       [-0.50263723],
       [-0.50314474],
       [-0.50340487],
       [-0.46493123],
       [-0.48467087],
       [-0.5035043 ],
       [-0.03260334],
       [-0.50352914],
       [-0.50325802],
       [-0.50185154],
       [-0.50254815],
       [-0.50694556],
       [-0.50532796],
       [-0.50294625],
       [-0.50353931],
       [-0.50323084],
       [-0.50350858],
       [-0.50331542],
       [-0.50299547],
       [-0.50004368],
       [-0.50138619],
       [-0.5017884 ],
       [-0.50224196],
       [-0.28987381],
       [-0.49496415],
       [-0.50061197]])
array([[ -9.75867534],
       [  0.90285015],
       [ -0.14785071],
       [ -9.78487091],
       [-10.06918897],
       [-10.64196991],
       [-10.58407588],
       [-10.56147972],
       [ -6.44564438],
       [ -7.0854744 ],
       [-10.18540897],
       [ -1.47295691],
       [-10.20786329],
       [ -9.94194423],
       [ -9.05515229],
       [-10.01827018],
       [ -8.04253839],
       [ -8.54523811],
       [ -9.94091899],
       [ -8.83117455],
       [ -9.95636219],
       [ -9.39432731],
       [-10.19817862],
       [ -9.83455707],
       [ -9.48826252],
       [-10.15078825],
       [-10.0025951 ],
       [-10.3740821 ],
       [ -4.27848659],
       [ -8.09876042],
       [ -9.1284529 ]])
<<<<<<<<<<< STEP 6 >>>>>>>>>>>> + array([[-0.5030744 ],
       [ 0.04122807],
       [ 0.10100278],
       [-0.5029384 ],
       [-0.50113753],
       [-0.50176953],
       [-0.5022023 ],
       [-0.50242405],
       [-0.47606823],
       [-0.48943895],
       [-0.50258163],
       [-0.02863277],
       [-0.50259147],
       [-0.50240539],
       [-0.50134508],
       [-0.50175006],
       [-0.50502556],
       [-0.50393378],
       [-0.50203972],
       [-0.50246742],
       [-0.50239019],
       [-0.50268517],
       [-0.50243058],
       [-0.50221782],
       [-0.4998272 ],
       [-0.50079178],
       [-0.50113341],
       [-0.50149086],
       [-0.32564671],
       [-0.49615986],
       [-0.50047594]])
array([[-10.26174973],
       [  0.94407822],
       [ -0.04684792],
       [-10.28780931],
       [-10.5703265 ],
       [-11.14373944],
       [-11.08627818],
       [-11.06390377],
       [ -6.92171261],
       [ -7.57491335],
       [-10.6879906 ],
       [ -1.50158968],
       [-10.71045476],
       [-10.44434962],
       [ -9.55649737],
       [-10.52002025],
       [ -8.54756396],
       [ -9.04917189],
       [-10.44295871],
       [ -9.33364197],
       [-10.45875238],
       [ -9.89701248],
       [-10.7006092 ],
       [-10.33677489],
       [ -9.98808971],
       [-10.65158004],
       [-10.50372851],
       [-10.87557296],
       [ -4.60413331],
       [ -8.59492028],
       [ -9.62892884]])
<<<<<<<<<<< STEP 7 >>>>>>>>>>>> + array([[-0.50231924],
       [ 0.03886079],
       [ 0.09552407],
       [-0.50221453],
       [-0.50072986],
       [-0.50119421],
       [-0.50155547],
       [-0.50173988],
       [-0.48413988],
       [-0.49281464],
       [-0.50191708],
       [-0.02489815],
       [-0.50191876],
       [-0.50178876],
       [-0.50099096],
       [-0.50121313],
       [-0.50365813],
       [-0.50292931],
       [-0.50141929],
       [-0.50174106],
       [-0.50177538],
       [-0.50205527],
       [-0.50179104],
       [-0.50164886],
       [-0.49973334],
       [-0.50042857],
       [-0.50071361],
       [-0.5009942 ],
       [-0.36240429],
       [-0.49709425],
       [-0.50037193]])
array([[-10.76406898],
       [  0.98293901],
       [  0.04867615],
       [-10.79002384],
       [-11.07105635],
       [-11.64493365],
       [-11.58783365],
       [-11.56564365],
       [ -7.40585248],
       [ -8.06772799],
       [-11.18990768],
       [ -1.52648783],
       [-11.21237352],
       [-10.94613839],
       [-10.05748833],
       [-11.02123338],
       [ -9.05122208],
       [ -9.5521012 ],
       [-10.94437799],
       [ -9.83538303],
       [-10.96052776],
       [-10.39906775],
       [-11.20240024],
       [-10.83842375],
       [-10.48782305],
       [-11.15200861],
       [-11.00444212],
       [-11.37656716],
       [ -4.9665376 ],
       [ -9.09201452],
       [-10.12930078]])
<<<<<<<<<<< STEP 8 >>>>>>>>>>>> + array([[-0.50175327],
       [ 0.03667438],
       [ 0.08997638],
       [-0.5016729 ],
       [-0.50046996],
       [-0.50081137],
       [-0.50110798],
       [-0.50125853],
       [-0.48974891],
       [-0.49515112],
       [-0.50143314],
       [-0.02162648],
       [-0.50143073],
       [-0.50133819],
       [-0.500739  ],
       [-0.50084924],
       [-0.50267992],
       [-0.50219755],
       [-0.50099363],
       [-0.50124328],
       [-0.50132302],
       [-0.5015739 ],
       [-0.50132555],
       [-0.50122993],
       [-0.49970882],
       [-0.50021154],
       [-0.5004459 ],
       [-0.50066525],
       [-0.39665415],
       [-0.49781059],
       [-0.50029084]])
array([[-11.26582225],
       [  1.01961339],
       [  0.13865253],
       [-11.29169673],
       [-11.57152631],
       [-12.14574502],
       [-12.08894163],
       [-12.06690218],
       [ -7.8956014 ],
       [ -8.56287911],
       [-11.69134082],
       [ -1.54811431],
       [-11.71380425],
       [-11.44747657],
       [-10.55822733],
       [-11.52208262],
       [ -9.553902  ],
       [-10.05429875],
       [-11.44537162],
       [-10.3366263 ],
       [-11.46185077],
       [-10.90064165],
       [-11.70372579],
       [-11.33965367],
       [-10.98753188],
       [-11.65222015],
       [-11.50488802],
       [-11.87723241],
       [ -5.36319175],
       [ -9.58982512],
       [-10.62959162]])
<<<<<<<<<<< STEP 9 >>>>>>>>>>>> + array([[-0.50132753],
       [ 0.0346739 ],
       [ 0.08458278],
       [-0.50126599],
       [-0.50030441],
       [-0.50055568],
       [-0.50079597],
       [-0.50091712],
       [-0.49351612],
       [-0.49674184],
       [-0.50107727],
       [-0.0190158 ],
       [-0.50107312],
       [-0.50100599],
       [-0.50055661],
       [-0.50060073],
       [-0.50197636],
       [-0.50165883],
       [-0.50070094],
       [-0.50089822],
       [-0.50098864],
       [-0.50120625],
       [-0.50098479],
       [-0.50091996],
       [-0.49972126],
       [-0.50008611],
       [-0.50027638],
       [-0.50044717],
       [-0.42577526],
       [-0.49835339],
       [-0.50022691]])
array([[-11.76714978],
       [  1.0542873 ],
       [  0.22323531],
       [-11.79296272],
       [-12.07183072],
       [-12.64630069],
       [-12.5897376 ],
       [-12.5678193 ],
       [ -8.38911752],
       [ -9.05962095],
       [-12.19241809],
       [ -1.56713011],
       [-12.21487738],
       [-11.94848256],
       [-11.05878394],
       [-12.02268335],
       [-10.05587836],
       [-10.55595759],
       [-11.94607256],
       [-10.83752452],
       [-11.96283942],
       [-11.4018479 ],
       [-12.20471058],
       [-11.84057363],
       [-11.48725313],
       [-12.15230627],
       [-12.0051644 ],
       [-12.37767958],
       [ -5.78896701],
       [-10.0881785 ],
       [-11.12981853]])
<<<<<<<<<<< STEP 10 >>>>>>>>>>>> + array([[-0.50100641],
       [ 0.03285895],
       [ 0.07947508],
       [-0.50095937],
       [-0.50019894],
       [-0.50038413],
       [-0.50057665],
       [-0.50067303],
       [-0.49597451],
       [-0.49781172],
       [-0.50081336],
       [-0.01715339],
       [-0.5008088 ],
       [-0.50075922],
       [-0.50042252],
       [-0.50042956],
       [-0.50146715],
       [-0.50125849],
       [-0.50049898],
       [-0.50065619],
       [-0.50074057],
       [-0.50092544],
       [-0.50073415],
       [-0.50068973],
       [-0.49975121],
       [-0.50001714],
       [-0.50016994],
       [-0.5003024 ],
       [-0.44859986],
       [-0.49876166],
       [-0.50017632]])
array([[-12.2681562 ],
       [  1.08714625],
       [  0.30271039],
       [-12.29392209],
       [-12.57202966],
       [-13.14668482],
       [-13.09031425],
       [-13.06849233],
       [ -8.88509203],
       [ -9.55743267],
       [-12.69323145],
       [ -1.5842835 ],
       [-12.71568618],
       [-12.44924178],
       [-11.55920646],
       [-12.52311291],
       [-10.55734552],
       [-11.05721607],
       [-12.44657154],
       [-11.33818071],
       [-12.46357998],
       [-11.90277334],
       [-12.70544473],
       [-12.34126336],
       [-11.98700434],
       [-12.6523234 ],
       [-12.50533433],
       [-12.87798198],
       [ -6.23756688],
       [-10.58694017],
       [-11.62999485]])
<<<<<<<<<<< STEP 11 >>>>>>>>>>>> + array([[-0.50076375],
       [ 0.03122263],
       [ 0.07471853],
       [-0.50072783],
       [-0.50013158],
       [-0.50026833],
       [-0.50042118],
       [-0.50049714],
       [-0.49754026],
       [-0.49852559],
       [-0.50061629],
       [-0.01600863],
       [-0.50061199],
       [-0.50057478],
       [-0.50032265],
       [-0.50031051],
       [-0.50109604],
       [-0.50095859],
       [-0.50035885],
       [-0.50048432],
       [-0.50055594],
       [-0.50071082],
       [-0.50054899],
       [-0.50051818],
       [-0.49978736],
       [-0.49998209],
       [-0.50010367],
       [-0.50020603],
       [-0.46533213],
       [-0.49906752],
       [-0.50013635]])
array([[-12.76891994],
       [  1.11836888],
       [  0.37742892],
       [-12.79464992],
       [-13.07216124],
       [-13.64695315],
       [-13.59073544],
       [-13.56898947],
       [ -9.38263228],
       [-10.05595826],
       [-13.19384774],
       [ -1.60029213],
       [-13.21629817],
       [-12.94981656],
       [-12.0595291 ],
       [-13.02342342],
       [-11.05844155],
       [-11.55817466],
       [-12.94693039],
       [-11.83866503],
       [-12.96413593],
       [-12.40348415],
       [-13.20599372],
       [-12.84178154],
       [-12.4867917 ],
       [-13.15230549],
       [-13.005438  ],
       [-13.37818801],
       [ -6.70289901],
       [-11.08600769],
       [-12.1301312 ]])
<<<<<<<<<<< STEP 12 >>>>>>>>>>>> + array([[-0.5005801 ],
       [ 0.02975228],
       [ 0.07033353],
       [-0.5005527 ],
       [-0.50008833],
       [-0.50018952],
       [-0.50030998],
       [-0.50036942],
       [-0.49851781],
       [-0.49900027],
       [-0.50046831],
       [-0.0154796 ],
       [-0.50046456],
       [-0.50043626],
       [-0.50024748],
       [-0.50022681],
       [-0.50082355],
       [-0.50073248],
       [-0.50026081],
       [-0.50036078],
       [-0.50041817],
       [-0.50054658],
       [-0.50041168],
       [-0.50039003],
       [-0.49982346],
       [-0.49996672],
       [-0.50006273],
       [-0.50014159],
       [-0.47699694],
       [-0.49929636],
       [-0.50010495]])
array([[-13.26950005],
       [  1.14812116],
       [  0.44776245],
       [-13.29520262],
       [-13.57224958],
       [-14.14714268],
       [-14.09104542],
       [-14.06935889],
       [ -9.88115009],
       [-10.55495853],
       [-13.69431605],
       [ -1.61577172],
       [-13.71676273],
       [-13.45025282],
       [-12.55977658],
       [-13.52365023],
       [-11.5592651 ],
       [-12.05890714],
       [-13.4471912 ],
       [-12.33902581],
       [-13.4645541 ],
       [-12.90403074],
       [-13.7064054 ],
       [-13.34217157],
       [-12.98661516],
       [-13.65227222],
       [-13.50550072],
       [-13.87832961],
       [ -7.17989595],
       [-11.58530405],
       [-12.63023615]])
<<<<<<<<<<< STEP 13 >>>>>>>>>>>> + array([[-0.50044097],
       [ 0.02843171],
       [ 0.0663134 ],
       [-0.50042007],
       [-0.50006031],
       [-0.50013535],
       [-0.50022973],
       [-0.50027597],
       [-0.49911849],
       [-0.49931623],
       [-0.5003567 ],
       [-0.01544743],
       [-0.50035358],
       [-0.50033181],
       [-0.50019045],
       [-0.50016727],
       [-0.50062199],
       [-0.5005611 ],
       [-0.50019151],
       [-0.5002709 ],
       [-0.50031511],
       [-0.50042073],
       [-0.50030949],
       [-0.50029406],
       [-0.49985637],
       [-0.49996227],
       [-0.50003761],
       [-0.50009822],
       [-0.48485403],
       [-0.49946773],
       [-0.50008045]])
array([[-13.76994102],
       [  1.17655287],
       [  0.51407584],
       [-13.79562269],
       [-14.07230989],
       [-14.64727803],
       [-14.59127515],
       [-14.56963486],
       [-10.38026858],
       [-11.05427476],
       [-14.19467275],
       [ -1.63121916],
       [-14.21711631],
       [-13.95058462],
       [-13.05996703],
       [-14.0238175 ],
       [-12.05988709],
       [-12.55946824],
       [-13.94738271],
       [-12.83929671],
       [-13.96486921],
       [-13.40445147],
       [-14.20671489],
       [-13.84246563],
       [-13.48647154],
       [-14.15223449],
       [-14.00553833],
       [-14.37842782],
       [ -7.66474998],
       [-12.08477178],
       [-13.1303166 ]])
<<<<<<<<<<< STEP 14 >>>>>>>>>>>> + array([[-0.50033547],
       [ 0.02724362],
       [ 0.06263723],
       [-0.50031953],
       [-0.50004193],
       [-0.5000977 ],
       [-0.50017131],
       [-0.50020712],
       [-0.4994829 ],
       [-0.49952758],
       [-0.50027221],
       [-0.01581049],
       [-0.5002697 ],
       [-0.50025281],
       [-0.50014692],
       [-0.50012443],
       [-0.50047183],
       [-0.50043067],
       [-0.50014196],
       [-0.50020478],
       [-0.50023784],
       [-0.50032416],
       [-0.50023319],
       [-0.50022205],
       [-0.49988484],
       [-0.49996346],
       [-0.50002229],
       [-0.50006878],
       [-0.49003595],
       [-0.49959635],
       [-0.50006145]])
array([[-14.27027649],
       [  1.20379649],
       [  0.57671308],
       [-14.29594222],
       [-14.57235182],
       [-15.14737573],
       [-15.09144646],
       [-15.06984197],
       [-10.87975148],
       [-11.55380233],
       [-14.69494496],
       [ -1.64702964],
       [-14.71738601],
       [-14.45083743],
       [-13.56011396],
       [-14.52394192],
       [-12.56035892],
       [-13.0598989 ],
       [-14.44752467],
       [-13.33950149],
       [-14.46510705],
       [-13.90477563],
       [-14.70694808],
       [-14.34268768],
       [-13.98635638],
       [-14.65219794],
       [-14.50556062],
       [-14.8784966 ],
       [ -8.15478593],
       [-12.58436814],
       [-13.63037805]])
<<<<<<<<<<< STEP 15 >>>>>>>>>>>> + array([[-0.5002554 ],
       [ 0.0261715 ],
       [ 0.05927798],
       [-0.50024325],
       [-0.50002969],
       [-0.50007122],
       [-0.50012842],
       [-0.50015606],
       [-0.49970155],
       [-0.49967005],
       [-0.50020806],
       [-0.01649644],
       [-0.50020608],
       [-0.5001929 ],
       [-0.50011355],
       [-0.50009325],
       [-0.50035925],
       [-0.50033107],
       [-0.50010612],
       [-0.50015567],
       [-0.50017979],
       [-0.50024994],
       [-0.50017606],
       [-0.50016791],
       [-0.49990865],
       [-0.49996724],
       [-0.50001301],
       [-0.50004861],
       [-0.49341686],
       [-0.49969317],
       [-0.50004681]])
array([[-14.77053188],
       [  1.22996799],
       [  0.63599106],
       [-14.79618547],
       [-15.07238151],
       [-15.64744695],
       [-15.59157488],
       [-15.56999804],
       [-11.37945303],
       [-12.05347238],
       [-15.19515302],
       [ -1.66352608],
       [-15.21759209],
       [-14.95103033],
       [-14.0602275 ],
       [-15.02403517],
       [-13.06071817],
       [-13.56022997],
       [-14.94763079],
       [-13.83965716],
       [-14.96528683],
       [-14.40502557],
       [-15.20712414],
       [-14.84285559],
       [-14.48626503],
       [-15.15216518],
       [-15.00557363],
       [-15.37854521],
       [ -8.64820279],
       [-13.08406131],
       [-14.13042486]])
<<<<<<<<<<< STEP 16 >>>>>>>>>>>> + array([[-0.50019458],
       [ 0.02520064],
       [ 0.05620706],
       [-0.50018531],
       [-0.50002139],
       [-0.50005238],
       [-0.50009672],
       [-0.500118  ],
       [-0.49983137],
       [-0.49976704],
       [-0.50015924],
       [-0.01746173],
       [-0.50015771],
       [-0.50014738],
       [-0.50008787],
       [-0.50007032],
       [-0.50027436],
       [-0.50025482],
       [-0.5000799 ],
       [-0.50011887],
       [-0.50013609],
       [-0.50019284],
       [-0.50013316],
       [-0.50012713],
       [-0.4999281 ],
       [-0.49997192],
       [-0.50000743],
       [-0.50003466],
       [-0.49561569],
       [-0.49976628],
       [-0.50003558]])
array([[-15.27072646],
       [  1.25516864],
       [  0.69219812],
       [-15.29637078],
       [-15.5724029 ],
       [-16.14749933],
       [-16.0916716 ],
       [-16.07011603],
       [-11.8792844 ],
       [-12.55323942],
       [-15.69531226],
       [ -1.68098781],
       [-15.71774979],
       [-15.45117771],
       [-14.56031537],
       [-15.52410549],
       [-13.56099253],
       [-14.06048479],
       [-15.44771069],
       [-14.33977603],
       [-15.46542292],
       [-14.90521841],
       [-15.7072573 ],
       [-15.34298273],
       [-14.98619313],
       [-15.6521371 ],
       [-15.50558106],
       [-15.87857987],
       [ -9.14381849],
       [-13.58382759],
       [-14.63046044]])
<<<<<<<<<<< STEP 17 >>>>>>>>>>>> + array([[-0.50014835],
       [ 0.02431855],
       [ 0.05339672],
       [-0.50014128],
       [-0.50001566],
       [-0.50003882],
       [-0.50007312],
       [-0.50008947],
       [-0.49990758],
       [-0.49983378],
       [-0.50012201],
       [-0.01868648],
       [-0.50012084],
       [-0.50011272],
       [-0.50006806],
       [-0.50005331],
       [-0.50021005],
       [-0.50019632],
       [-0.50006051],
       [-0.50009109],
       [-0.50010315],
       [-0.50014886],
       [-0.50010087],
       [-0.50009638],
       [-0.49994374],
       [-0.49997662],
       [-0.5000041 ],
       [-0.50002492],
       [-0.49704907],
       [-0.49982164],
       [-0.50002701]])
array([[-15.77087481],
       [  1.27948718],
       [  0.74559484],
       [-15.79651205],
       [-16.07241856],
       [-16.64753816],
       [-16.59174471],
       [-16.5702055 ],
       [-12.37919198],
       [-13.0530732 ],
       [-16.19543427],
       [ -1.69967428],
       [-16.21787063],
       [-15.95129042],
       [-15.06038343],
       [-16.02415879],
       [-14.06120258],
       [-14.56068111],
       [-15.9477712 ],
       [-14.83986712],
       [-15.96552607],
       [-15.40536726],
       [-16.20735818],
       [-15.84307911],
       [-15.48613687],
       [-16.15211372],
       [-16.00558515],
       [-16.37860479],
       [ -9.64086755],
       [-14.08364922],
       [-15.13048745]])
<<<<<<<<<<< STEP 18 >>>>>>>>>>>> + array([[-0.50011318],
       [ 0.02351496],
       [ 0.0508211 ],
       [-0.50010778],
       [-0.50001162],
       [-0.50002897],
       [-0.50005545],
       [-0.50006801],
       [-0.49995168],
       [-0.49988023],
       [-0.50009357],
       [-0.02016927],
       [-0.50009268],
       [-0.50008629],
       [-0.50005275],
       [-0.50004058],
       [-0.50016113],
       [-0.50015136],
       [-0.50004606],
       [-0.50007   ],
       [-0.50007827],
       [-0.50011496],
       [-0.50007653],
       [-0.50007314],
       [-0.49995617],
       [-0.4999809 ],
       [-0.50000214],
       [-0.50001805],
       [-0.4979894 ],
       [-0.49986367],
       [-0.50002048]])
array([[-16.27098798],
       [  1.30300214],
       [  0.79641594],
       [-16.29661984],
       [-16.57243018],
       [-17.14756713],
       [-17.09180017],
       [-17.07027351],
       [-12.87914366],
       [-13.55295343],
       [-16.69552785],
       [ -1.71984356],
       [-16.71796331],
       [-16.45137671],
       [-15.56043618],
       [-16.52419938],
       [-14.56136371],
       [-15.06083247],
       [-16.44781726],
       [-15.33993711],
       [-16.46560434],
       [-15.90548222],
       [-16.7074347 ],
       [-16.34315225],
       [-15.98609304],
       [-16.65209462],
       [-16.50558729],
       [-16.87862283],
       [-10.13885695],
       [-14.58351289],
       [-15.63050794]])
<<<<<<<<<<< STEP 19 >>>>>>>>>>>> + array([[-0.5000864 ],
       [ 0.02278167],
       [ 0.04845672],
       [-0.50008228],
       [-0.50000872],
       [-0.50002174],
       [-0.50004217],
       [-0.5000518 ],
       [-0.49997673],
       [-0.49991292],
       [-0.50007182],
       [-0.02192333],
       [-0.50007114],
       [-0.50006611],
       [-0.5000409 ],
       [-0.500031  ],
       [-0.50012379],
       [-0.50011676],
       [-0.50003519],
       [-0.5000539 ],
       [-0.50005946],
       [-0.50008881],
       [-0.50005813],
       [-0.50005557],
       [-0.49996596],
       [-0.49998462],
       [-0.50000101],
       [-0.50001316],
       [-0.49861202],
       [-0.49989566],
       [-0.50001552]])
array([[-16.77107438],
       [  1.32578381],
       [  0.84487266],
       [-16.79670212],
       [-17.0724389 ],
       [-17.64758887],
       [-17.59184234],
       [-17.57032531],
       [-13.37912039],
       [-14.05286635],
       [-17.19559967],
       [ -1.74176689],
       [-17.21803445],
       [-16.95144282],
       [-16.06047708],
       [-17.02423038],
       [-15.0614875 ],
       [-15.56094923],
       [-16.94785244],
       [-15.83999101],
       [-16.9656638 ],
       [-16.40557103],
       [-17.20749284],
       [-16.84320782],
       [-16.486059  ],
       [-17.15207924],
       [-17.0055883 ],
       [-17.378636  ],
       [-10.63746897],
       [-15.08340855],
       [-16.13052346]])
<<<<<<<<<<< STEP 20 >>>>>>>>>>>> + array([[-0.500066  ],
       [ 0.02211232],
       [ 0.04628246],
       [-0.50006286],
       [-0.50000661],
       [-0.50001639],
       [-0.50003214],
       [-0.50003951],
       [-0.49999059],
       [-0.49993618],
       [-0.50005516],
       [-0.02397426],
       [-0.50005465],
       [-0.50005068],
       [-0.50003171],
       [-0.50002374],
       [-0.50009522],
       [-0.5000901 ],
       [-0.50002696],
       [-0.50004157],
       [-0.50004522],
       [-0.50006862],
       [-0.50004421],
       [-0.50004226],
       [-0.49997363],
       [-0.49998773],
       [-0.50000037],
       [-0.50000965],
       [-0.49902897],
       [-0.49992005],
       [-0.50001176]])
array([[-17.27114039],
       [  1.34789613],
       [  0.89115513],
       [-17.29676497],
       [-17.57244551],
       [-18.14760526],
       [-18.09187448],
       [-18.07036482],
       [-13.87911098],
       [-14.55280252],
       [-17.69565483],
       [ -1.76574115],
       [-17.7180891 ],
       [-17.4514935 ],
       [-16.56050879],
       [-17.52425412],
       [-15.56158273],
       [-16.06103934],
       [-17.44787941],
       [-16.34003258],
       [-17.46570901],
       [-16.90563965],
       [-17.70753705],
       [-17.34325008],
       [-16.98603263],
       [-17.65206697],
       [-17.50558867],
       [-17.87864565],
       [-11.13649795],
       [-15.5833286 ],
       [-16.63053522]])
<<<<<<<<<<< STEP 21 >>>>>>>>>>>> + array([[-0.50005045],
       [ 0.02150215],
       [ 0.04427953],
       [-0.50004805],
       [-0.50000504],
       [-0.50001241],
       [-0.50002454],
       [-0.50003019],
       [-0.49999794],
       [-0.49995289],
       [-0.50004238],
       [-0.02635922],
       [-0.500042  ],
       [-0.50003888],
       [-0.50002459],
       [-0.50001822],
       [-0.50007331],
       [-0.50006955],
       [-0.50002071],
       [-0.5000321 ],
       [-0.50003442],
       [-0.50005303],
       [-0.50003366],
       [-0.50003217],
       [-0.49997961],
       [-0.49999029],
       [-0.50000003],
       [-0.50000712],
       [-0.49931178],
       [-0.49993869],
       [-0.50000892]])
array([[-17.77119084],
       [  1.36939828],
       [  0.93543466],
       [-17.79681302],
       [-18.07245056],
       [-18.64761766],
       [-18.59189902],
       [-18.57039501],
       [-14.37910891],
       [-15.05275541],
       [-18.19569721],
       [ -1.79210036],
       [-18.21813111],
       [-17.95153238],
       [-17.06053338],
       [-18.02427234],
       [-16.06165604],
       [-16.56110889],
       [-17.94790012],
       [-16.84006468],
       [-17.96574343],
       [-17.40569268],
       [-18.20757071],
       [-17.84328225],
       [-17.48601225],
       [-18.15205726],
       [-18.0055887 ],
       [-18.37865277],
       [-11.63580972],
       [-16.08326729],
       [-17.13054414]])
<<<<<<<<<<< STEP 22 >>>>>>>>>>>> + array([[-0.50003859],
       [ 0.02094785],
       [ 0.04243127],
       [-0.50003675],
       [-0.50000387],
       [-0.50000942],
       [-0.50001876],
       [-0.50002309],
       [-0.50000157],
       [-0.499965  ],
       [-0.50003258],
       [-0.02912725],
       [-0.50003229],
       [-0.50002984],
       [-0.50001906],
       [-0.50001401],
       [-0.50005647],
       [-0.50005369],
       [-0.50001593],
       [-0.5000248 ],
       [-0.50002622],
       [-0.50004099],
       [-0.50002566],
       [-0.50002451],
       [-0.49998426],
       [-0.49999236],
       [-0.49999986],
       [-0.50000528],
       [-0.49950619],
       [-0.49995295],
       [-0.50000676]])
array([[-18.27122943],
       [  1.39034614],
       [  0.97786593],
       [-18.29684977],
       [-18.57245443],
       [-19.14762708],
       [-19.09191778],
       [-19.0704181 ],
       [-14.87911048],
       [-15.55272041],
       [-18.69572979],
       [ -1.82122761],
       [-18.7181634 ],
       [-18.45156222],
       [-17.56055244],
       [-18.52428634],
       [-16.56171251],
       [-17.06116257],
       [-18.44791605],
       [-17.34008948],
       [-18.46576966],
       [-17.90573368],
       [-18.70759637],
       [-18.34330677],
       [-17.98599651],
       [-18.65204962],
       [-18.50558856],
       [-18.87865805],
       [-12.13531591],
       [-16.58322024],
       [-17.6305509 ]])
<<<<<<<<<<< STEP 23 >>>>>>>>>>>> + array([[-0.50002953],
       [ 0.02044742],
       [ 0.04072298],
       [-0.50002812],
       [-0.50000298],
       [-0.50000717],
       [-0.50001436],
       [-0.50001768],
       [-0.50000313],
       [-0.49997386],
       [-0.50002505],
       [-0.03234067],
       [-0.50002484],
       [-0.50002291],
       [-0.50001477],
       [-0.50001078],
       [-0.50004352],
       [-0.50004144],
       [-0.50001227],
       [-0.50001916],
       [-0.50002   ],
       [-0.50003169],
       [-0.50001957],
       [-0.50001869],
       [-0.49998786],
       [-0.49999401],
       [-0.49999979],
       [-0.50000393],
       [-0.49964169],
       [-0.49996387],
       [-0.50000513]])
array([[-18.77125895],
       [  1.41079355],
       [  1.01858891],
       [-18.79687789],
       [-19.0724574 ],
       [-19.64763425],
       [-19.59193215],
       [-19.57043577],
       [-15.37911362],
       [-16.05269427],
       [-19.19575484],
       [ -1.85356828],
       [-19.21818824],
       [-18.95158513],
       [-18.06056721],
       [-19.02429712],
       [-17.06175603],
       [-17.56120401],
       [-18.94792831],
       [-17.84010864],
       [-18.96578965],
       [-18.40576536],
       [-19.20761594],
       [-18.84332546],
       [-18.48598436],
       [-19.15204363],
       [-19.00558834],
       [-19.37866198],
       [-12.6349576 ],
       [-17.08318411],
       [-18.13055603]])
<<<<<<<<<<< STEP 24 >>>>>>>>>>>> + array([[-0.50002261],
       [ 0.02000008],
       [ 0.03914171],
       [-0.50002153],
       [-0.50000229],
       [-0.50000547],
       [-0.50001101],
       [-0.50001354],
       [-0.50000358],
       [-0.49998038],
       [-0.50001926],
       [-0.03607734],
       [-0.50001911],
       [-0.50001759],
       [-0.50001144],
       [-0.5000083 ],
       [-0.50003354],
       [-0.50003198],
       [-0.50000945],
       [-0.50001481],
       [-0.50001527],
       [-0.50002449],
       [-0.50001495],
       [-0.50001427],
       [-0.49999064],
       [-0.49999533],
       [-0.49999977],
       [-0.50000294],
       [-0.4997374 ],
       [-0.49997225],
       [-0.5000039 ]])
array([[-19.27128156],
       [  1.43079363],
       [  1.05773061],
       [-19.29689943],
       [-19.5724597 ],
       [-20.14763972],
       [-20.09194315],
       [-20.07044932],
       [-15.8791172 ],
       [-16.55267466],
       [-19.6957741 ],
       [ -1.88964562],
       [-19.71820734],
       [-19.45160272],
       [-18.56057865],
       [-19.52430542],
       [-17.56178957],
       [-18.06123599],
       [-19.44793777],
       [-18.34012344],
       [-19.46580492],
       [-18.90578986],
       [-19.70763089],
       [-19.34333973],
       [-18.985975  ],
       [-19.65203896],
       [-19.50558811],
       [-19.87866491],
       [-13.13469501],
       [-17.58315636],
       [-18.63055992]])
<<<<<<<<<<< STEP 25 >>>>>>>>>>>> + array([[-0.50001732],
       [ 0.01960631],
       [ 0.03767613],
       [-0.5000165 ],
       [-0.50000177],
       [-0.50000418],
       [-0.50000844],
       [-0.50001038],
       [-0.50000346],
       [-0.49998521],
       [-0.50001481],
       [-0.04043402],
       [-0.5000147 ],
       [-0.50001351],
       [-0.50000885],
       [-0.50000639],
       [-0.50002585],
       [-0.50002467],
       [-0.50000728],
       [-0.50001144],
       [-0.50001166],
       [-0.50001893],
       [-0.50001142],
       [-0.5000109 ],
       [-0.49999279],
       [-0.49999636],
       [-0.49999978],
       [-0.5000022 ],
       [-0.49980588],
       [-0.49997867],
       [-0.50000296]])
array([[-19.77129889],
       [  1.45039993],
       [  1.09540675],
       [-19.79691593],
       [-20.07246147],
       [-20.6476439 ],
       [-20.59195159],
       [-20.5704597 ],
       [-16.37912066],
       [-17.05265987],
       [-20.19578891],
       [ -1.93007964],
       [-20.21822204],
       [-19.95161623],
       [-19.0605875 ],
       [-20.02431181],
       [-18.06181542],
       [-18.56126066],
       [-19.94794505],
       [-18.84013488],
       [-19.96581658],
       [-19.40580879],
       [-20.20764231],
       [-19.84335063],
       [-19.48596779],
       [-20.15203532],
       [-20.00558789],
       [-20.37866711],
       [-13.63450088],
       [-18.08313503],
       [-19.13056289]])
<<<<<<<<<<< STEP 26 >>>>>>>>>>>> + array([[-0.50001328],
       [ 0.01926784],
       [ 0.03631636],
       [-0.50001264],
       [-0.50000136],
       [-0.5000032 ],
       [-0.50000647],
       [-0.50000796],
       [-0.50000308],
       [-0.49998881],
       [-0.50001139],
       [-0.04553089],
       [-0.5000113 ],
       [-0.50001038],
       [-0.50000684],
       [-0.50000492],
       [-0.50001992],
       [-0.50001902],
       [-0.50000561],
       [-0.50000883],
       [-0.50000892],
       [-0.50001463],
       [-0.50000874],
       [-0.50000834],
       [-0.49999445],
       [-0.49999718],
       [-0.49999981],
       [-0.50000166],
       [-0.49985544],
       [-0.49998361],
       [-0.50000226]])
array([[-20.27131216],
       [  1.46966778],
       [  1.13172311],
       [-20.29692857],
       [-20.57246283],
       [-21.1476471 ],
       [-21.09195806],
       [-21.07046766],
       [-16.87912374],
       [-17.55264868],
       [-20.6958003 ],
       [ -1.97561053],
       [-20.71823334],
       [-20.45162661],
       [-19.56059434],
       [-20.52431673],
       [-18.56183534],
       [-19.06127967],
       [-20.44795066],
       [-19.34014371],
       [-20.4658255 ],
       [-19.90582343],
       [-20.70765105],
       [-20.34335897],
       [-19.98596224],
       [-20.65203249],
       [-20.5055877 ],
       [-20.87866877],
       [-14.13435633],
       [-18.58311865],
       [-19.63056514]])
<<<<<<<<<<< STEP 27 >>>>>>>>>>>> + array([[-0.50001018],
       [ 0.01898781],
       [ 0.03505383],
       [-0.5000097 ],
       [-0.50000105],
       [-0.50000245],
       [-0.50000497],
       [-0.50000611],
       [-0.50000262],
       [-0.49999151],
       [-0.50000876],
       [-0.05151726],
       [-0.50000869],
       [-0.50000797],
       [-0.50000528],
       [-0.50000379],
       [-0.50001533],
       [-0.50001465],
       [-0.50000432],
       [-0.50000681],
       [-0.50000683],
       [-0.50001131],
       [-0.50000669],
       [-0.50000638],
       [-0.49999572],
       [-0.49999781],
       [-0.49999983],
       [-0.50000125],
       [-0.49989171],
       [-0.49998741],
       [-0.50000172]])
array([[-20.77132234],
       [  1.48865559],
       [  1.16677693],
       [-20.79693827],
       [-21.07246388],
       [-21.64764955],
       [-21.59196303],
       [-21.57047377],
       [-17.37912636],
       [-18.05264019],
       [-21.19580906],
       [ -2.02712779],
       [-21.21824203],
       [-20.95163459],
       [-20.06059962],
       [-21.02432052],
       [-19.06185067],
       [-19.56129432],
       [-20.94795497],
       [-19.84015052],
       [-20.96583233],
       [-20.40583473],
       [-21.20765774],
       [-20.84336535],
       [-20.48595797],
       [-21.15203031],
       [-21.00558753],
       [-21.37867002],
       [-14.63424803],
       [-19.08310605],
       [-20.13056686]])
<<<<<<<<<<< STEP 28 >>>>>>>>>>>> + array([[-0.50000781],
       [ 0.01877087],
       [ 0.03388118],
       [-0.50000744],
       [-0.5000008 ],
       [-0.50000187],
       [-0.50000381],
       [-0.50000468],
       [-0.50000215],
       [-0.49999353],
       [-0.50000673],
       [-0.058579  ],
       [-0.50000668],
       [-0.50000612],
       [-0.50000407],
       [-0.50000291],
       [-0.5000118 ],
       [-0.50001127],
       [-0.50000332],
       [-0.50000524],
       [-0.50000523],
       [-0.50000874],
       [-0.50000513],
       [-0.50000489],
       [-0.49999671],
       [-0.49999831],
       [-0.49999986],
       [-0.50000095],
       [-0.49991848],
       [-0.49999032],
       [-0.50000132]])
array([[-21.27133015],
       [  1.50742646],
       [  1.20065811],
       [-21.29694571],
       [-21.57246468],
       [-22.14765142],
       [-22.09196684],
       [-22.07047845],
       [-17.87912851],
       [-18.55263372],
       [-21.69581579],
       [ -2.08570679],
       [-21.71824871],
       [-21.45164071],
       [-20.56060369],
       [-21.52432343],
       [-19.56186247],
       [-20.0613056 ],
       [-21.44795829],
       [-20.34015576],
       [-21.46583756],
       [-20.90584347],
       [-21.70766286],
       [-21.34337024],
       [-20.98595467],
       [-21.65202862],
       [-21.5055874 ],
       [-21.87867097],
       [-15.13416651],
       [-19.58309638],
       [-20.63056818]])
<<<<<<<<<<< STEP 29 >>>>>>>>>>>> + array([[-0.50000599],
       [ 0.01862343],
       [ 0.0327922 ],
       [-0.50000571],
       [-0.50000061],
       [-0.50000143],
       [-0.50000292],
       [-0.50000359],
       [-0.50000173],
       [-0.49999506],
       [-0.50000517],
       [-0.06694744],
       [-0.50000513],
       [-0.5000047 ],
       [-0.50000313],
       [-0.50000224],
       [-0.50000907],
       [-0.50000866],
       [-0.50000255],
       [-0.50000403],
       [-0.50000401],
       [-0.50000675],
       [-0.50000393],
       [-0.50000375],
       [-0.49999747],
       [-0.4999987 ],
       [-0.49999989],
       [-0.50000072],
       [-0.49993841],
       [-0.49999257],
       [-0.50000101]])
array([[-21.77133615],
       [  1.52604989],
       [  1.23345031],
       [-21.79695142],
       [-22.07246529],
       [-22.64765286],
       [-22.59196976],
       [-22.57048204],
       [-18.37913024],
       [-19.05262878],
       [-22.19582095],
       [ -2.15265424],
       [-22.21825384],
       [-21.95164541],
       [-21.06060682],
       [-22.02432567],
       [-20.06187154],
       [-20.56131426],
       [-21.94796084],
       [-20.84015978],
       [-21.96584157],
       [-21.40585021],
       [-22.20766679],
       [-21.84337399],
       [-21.48595214],
       [-22.15202732],
       [-22.00558729],
       [-22.37867169],
       [-15.63410492],
       [-20.08308895],
       [-21.13056919]])
<<<<<<<<<<< STEP 30 >>>>>>>>>>>> + array([[-0.5000046 ],
       [ 0.01855388],
       [ 0.03178174],
       [-0.50000438],
       [-0.50000046],
       [-0.5000011 ],
       [-0.50000224],
       [-0.50000276],
       [-0.50000136],
       [-0.49999621],
       [-0.50000396],
       [-0.0769098 ],
       [-0.50000394],
       [-0.50000361],
       [-0.5000024 ],
       [-0.50000172],
       [-0.50000696],
       [-0.50000665],
       [-0.50000195],
       [-0.50000309],
       [-0.50000308],
       [-0.50000521],
       [-0.50000302],
       [-0.50000288],
       [-0.49999805],
       [-0.499999  ],
       [-0.49999992],
       [-0.50000055],
       [-0.49995334],
       [-0.4999943 ],
       [-0.50000078]])
array([[-22.27134075],
       [  1.54460377],
       [  1.26523206],
       [-22.2969558 ],
       [-22.57246575],
       [-23.14765396],
       [-23.09197201],
       [-23.0704848 ],
       [-18.8791316 ],
       [-19.55262499],
       [-22.69582492],
       [ -2.22956404],
       [-22.71825778],
       [-22.45164902],
       [-21.56060922],
       [-22.52432739],
       [-20.56187849],
       [-21.06132091],
       [-22.44796279],
       [-21.34016287],
       [-22.46584465],
       [-21.90585542],
       [-22.70766981],
       [-22.34337687],
       [-21.98595019],
       [-22.65202632],
       [-22.50558721],
       [-22.87867224],
       [-16.13405826],
       [-20.58308324],
       [-21.63056997]])
<<<<<<<<<<< STEP 31 >>>>>>>>>>>> + array([[-0.50000354],
       [ 0.01857285],
       [ 0.03084568],
       [-0.50000337],
       [-0.50000034],
       [-0.50000084],
       [-0.50000172],
       [-0.50000211],
       [-0.50000105],
       [-0.49999709],
       [-0.50000304],
       [-0.08882019],
       [-0.50000302],
       [-0.50000277],
       [-0.50000183],
       [-0.50000131],
       [-0.50000533],
       [-0.50000509],
       [-0.50000149],
       [-0.50000236],
       [-0.50000237],
       [-0.50000402],
       [-0.50000232],
       [-0.50000221],
       [-0.4999985 ],
       [-0.49999923],
       [-0.49999994],
       [-0.50000042],
       [-0.4999646 ],
       [-0.49999563],
       [-0.5000006 ]])
array([[-22.77134429],
       [  1.56317663],
       [  1.29607773],
       [-22.79695917],
       [-23.07246609],
       [-23.6476548 ],
       [-23.59197373],
       [-23.57048691],
       [-19.37913265],
       [-20.05262208],
       [-23.19582796],
       [ -2.31838423],
       [-23.2182608 ],
       [-22.95165179],
       [-22.06061106],
       [-23.0243287 ],
       [-21.06188382],
       [-21.561326  ],
       [-22.94796427],
       [-21.84016523],
       [-22.96584702],
       [-22.40585944],
       [-23.20767213],
       [-22.84337908],
       [-22.4859487 ],
       [-23.15202555],
       [-23.00558714],
       [-23.37867266],
       [-16.63402286],
       [-21.08307887],
       [-22.13057057]])
<<<<<<<<<<< STEP 32 >>>>>>>>>>>> + array([[-0.50000272],
       [ 0.01869335],
       [ 0.02998083],
       [-0.50000259],
       [-0.50000025],
       [-0.50000064],
       [-0.50000132],
       [-0.50000162],
       [-0.5000008 ],
       [-0.49999775],
       [-0.50000232],
       [-0.10310891],
       [-0.50000231],
       [-0.50000212],
       [-0.5000014 ],
       [-0.500001  ],
       [-0.50000407],
       [-0.50000388],
       [-0.50000113],
       [-0.50000179],
       [-0.50000182],
       [-0.5000031 ],
       [-0.50000179],
       [-0.50000171],
       [-0.49999885],
       [-0.49999941],
       [-0.49999995],
       [-0.50000032],
       [-0.49997311],
       [-0.49999665],
       [-0.50000047]])
array([[-23.271347  ],
       [  1.58186998],
       [  1.32605856],
       [-23.29696175],
       [-23.57246635],
       [-24.14765544],
       [-24.09197504],
       [-24.07048853],
       [-19.87913345],
       [-20.55261983],
       [-23.69583028],
       [ -2.42149313],
       [-23.7182631 ],
       [-23.45165391],
       [-22.56061245],
       [-23.52432971],
       [-21.56188789],
       [-22.06132988],
       [-23.4479654 ],
       [-22.34016702],
       [-23.46584884],
       [-22.90586253],
       [-23.70767392],
       [-23.34338079],
       [-22.98594754],
       [-23.65202496],
       [-23.50558709],
       [-23.87867299],
       [-17.13399597],
       [-21.58307552],
       [-22.63057103]])
<<<<<<<<<<< STEP 33 >>>>>>>>>>>> + array([[-0.50000209],
       [ 0.01893066],
       [ 0.02918493],
       [-0.50000199],
       [-0.50000018],
       [-0.50000049],
       [-0.50000101],
       [-0.50000124],
       [-0.5000006 ],
       [-0.49999826],
       [-0.50000177],
       [-0.12028473],
       [-0.50000176],
       [-0.50000162],
       [-0.50000106],
       [-0.50000076],
       [-0.5000031 ],
       [-0.50000295],
       [-0.50000085],
       [-0.50000136],
       [-0.50000141],
       [-0.50000238],
       [-0.50000138],
       [-0.50000132],
       [-0.49999911],
       [-0.49999956],
       [-0.49999997],
       [-0.50000025],
       [-0.49997958],
       [-0.49999744],
       [-0.50000036]])
array([[-23.77134909],
       [  1.60080064],
       [  1.35524349],
       [-23.79696374],
       [-24.07246653],
       [-24.64765593],
       [-24.59197605],
       [-24.57048977],
       [-20.37913405],
       [-21.05261809],
       [-24.19583206],
       [ -2.54177786],
       [-24.21826486],
       [-23.95165553],
       [-23.06061351],
       [-24.02433047],
       [-22.06189099],
       [-22.56133283],
       [-23.94796625],
       [-22.84016838],
       [-23.96585025],
       [-23.40586492],
       [-24.2076753 ],
       [-23.8433821 ],
       [-23.48594666],
       [-24.15202452],
       [-24.00558706],
       [-24.37867324],
       [-17.63397556],
       [-22.08307296],
       [-23.1305714 ]])
<<<<<<<<<<< STEP 34 >>>>>>>>>>>> + array([[-0.50000161],
       [ 0.01930169],
       [ 0.02845644],
       [-0.50000153],
       [-0.50000013],
       [-0.50000037],
       [-0.50000077],
       [-0.50000094],
       [-0.50000043],
       [-0.49999865],
       [-0.50000135],
       [-0.14091984],
       [-0.50000134],
       [-0.50000124],
       [-0.5000008 ],
       [-0.50000058],
       [-0.50000235],
       [-0.50000224],
       [-0.50000064],
       [-0.50000102],
       [-0.50000109],
       [-0.50000183],
       [-0.50000106],
       [-0.50000102],
       [-0.49999932],
       [-0.49999966],
       [-0.49999998],
       [-0.5000002 ],
       [-0.49998451],
       [-0.49999805],
       [-0.50000029]])
array([[-24.2713507 ],
       [  1.62010233],
       [  1.38369993],
       [-24.29696527],
       [-24.57246666],
       [-25.1476563 ],
       [-25.09197681],
       [-25.07049071],
       [-20.87913448],
       [-21.55261674],
       [-24.69583341],
       [ -2.68269771],
       [-24.71826621],
       [-24.45165676],
       [-23.56061431],
       [-24.52433105],
       [-22.56189334],
       [-23.06133507],
       [-24.44796689],
       [-23.3401694 ],
       [-24.46585133],
       [-23.90586675],
       [-24.70767636],
       [-24.34338312],
       [-23.98594598],
       [-24.65202418],
       [-24.50558704],
       [-24.87867343],
       [-18.13396007],
       [-22.58307101],
       [-23.63057168]])
<<<<<<<<<<< STEP 35 >>>>>>>>>>>> + array([[-0.50000124],
       [ 0.01982338],
       [ 0.02779433],
       [-0.50000118],
       [-0.50000009],
       [-0.50000028],
       [-0.50000058],
       [-0.50000072],
       [-0.50000031],
       [-0.49999894],
       [-0.50000103],
       [-0.165599  ],
       [-0.50000102],
       [-0.50000094],
       [-0.50000059],
       [-0.50000043],
       [-0.50000177],
       [-0.50000168],
       [-0.50000047],
       [-0.50000076],
       [-0.50000084],
       [-0.50000141],
       [-0.50000082],
       [-0.50000079],
       [-0.49999948],
       [-0.49999975],
       [-0.49999999],
       [-0.50000015],
       [-0.49998828],
       [-0.49999851],
       [-0.50000023]])
array([[-24.77135193],
       [  1.63992571],
       [  1.41149426],
       [-24.79696645],
       [-25.07246675],
       [-25.64765658],
       [-25.5919774 ],
       [-25.57049143],
       [-21.37913479],
       [-22.05261569],
       [-25.19583443],
       [ -2.8482967 ],
       [-25.21826722],
       [-24.95165771],
       [-24.0606149 ],
       [-25.02433148],
       [-23.06189511],
       [-23.56133675],
       [-24.94796736],
       [-23.84017016],
       [-24.96585218],
       [-24.40586816],
       [-25.20767718],
       [-24.84338391],
       [-24.48594545],
       [-25.15202393],
       [-25.00558703],
       [-25.37867359],
       [-18.63394835],
       [-23.08306952],
       [-24.13057191]])
<<<<<<<<<<< STEP 36 >>>>>>>>>>>> + array([[-0.50000095],
       [ 0.02050932],
       [ 0.02719752],
       [-0.50000091],
       [-0.50000006],
       [-0.50000021],
       [-0.50000044],
       [-0.50000055],
       [-0.50000021],
       [-0.49999917],
       [-0.50000078],
       [-0.19480505],
       [-0.50000077],
       [-0.50000072],
       [-0.50000044],
       [-0.50000032],
       [-0.50000133],
       [-0.50000126],
       [-0.50000035],
       [-0.50000056],
       [-0.50000065],
       [-0.50000108],
       [-0.50000064],
       [-0.50000061],
       [-0.4999996 ],
       [-0.49999981],
       [-0.49999999],
       [-0.50000012],
       [-0.49999115],
       [-0.49999887],
       [-0.50000018]])
array([[-25.27135289],
       [  1.66043503],
       [  1.43869177],
       [-25.29696736],
       [-25.5724668 ],
       [-26.1476568 ],
       [-26.09197784],
       [-26.07049198],
       [-21.87913499],
       [-22.55261486],
       [-25.69583521],
       [ -3.04310176],
       [-25.71826799],
       [-25.45165842],
       [-24.56061534],
       [-25.52433181],
       [-23.56189643],
       [-24.06133801],
       [-25.44796771],
       [-24.34017072],
       [-25.46585283],
       [-24.90586924],
       [-25.70767782],
       [-25.34338452],
       [-24.98594505],
       [-25.65202374],
       [-25.50558702],
       [-25.87867371],
       [-19.1339395 ],
       [-23.58306839],
       [-24.63057209]])
<<<<<<<<<<< STEP 37 >>>>>>>>>>>> + array([[-0.50000073],
       [ 0.02136429],
       [ 0.02666414],
       [-0.5000007 ],
       [-0.50000003],
       [-0.50000016],
       [-0.50000034],
       [-0.50000042],
       [-0.50000013],
       [-0.49999935],
       [-0.50000058],
       [-0.22871074],
       [-0.50000058],
       [-0.50000054],
       [-0.50000032],
       [-0.50000024],
       [-0.50000099],
       [-0.50000093],
       [-0.50000025],
       [-0.50000041],
       [-0.50000051],
       [-0.50000083],
       [-0.50000049],
       [-0.50000048],
       [-0.49999969],
       [-0.49999986],
       [-0.5       ],
       [-0.5000001 ],
       [-0.49999334],
       [-0.49999915],
       [-0.50000014]])
array([[-25.77135362],
       [  1.68179932],
       [  1.46535591],
       [-25.79696805],
       [-26.07246684],
       [-26.64765696],
       [-26.59197818],
       [-26.5704924 ],
       [-22.37913513],
       [-23.0526142 ],
       [-26.19583579],
       [ -3.27181249],
       [-26.21826857],
       [-25.95165897],
       [-25.06061565],
       [-26.02433205],
       [-24.06189742],
       [-24.56133894],
       [-25.94796796],
       [-24.84017113],
       [-25.96585334],
       [-25.40587007],
       [-26.20767831],
       [-25.84338499],
       [-25.48594475],
       [-26.1520236 ],
       [-26.00558702],
       [-26.3786738 ],
       [-19.63393284],
       [-24.08306754],
       [-25.13057223]])
<<<<<<<<<<< STEP 38 >>>>>>>>>>>> + array([[-0.50000056],
       [ 0.02237631],
       [ 0.02619033],
       [-0.50000054],
       [-0.50000001],
       [-0.50000012],
       [-0.50000025],
       [-0.50000031],
       [-0.50000007],
       [-0.49999948],
       [-0.50000044],
       [-0.2668724 ],
       [-0.50000043],
       [-0.50000041],
       [-0.50000023],
       [-0.50000018],
       [-0.50000073],
       [-0.50000068],
       [-0.50000018],
       [-0.50000029],
       [-0.5000004 ],
       [-0.50000063],
       [-0.50000038],
       [-0.50000037],
       [-0.49999976],
       [-0.4999999 ],
       [-0.5       ],
       [-0.50000008],
       [-0.49999501],
       [-0.49999936],
       [-0.50000012]])
array([[-26.27135418],
       [  1.70417563],
       [  1.49154624],
       [-26.29696859],
       [-26.57246685],
       [-27.14765708],
       [-27.09197843],
       [-27.07049271],
       [-22.8791352 ],
       [-23.55261369],
       [-26.69583623],
       [ -3.53868489],
       [-26.718269  ],
       [-26.45165937],
       [-25.56061588],
       [-26.52433222],
       [-24.56189815],
       [-25.06133962],
       [-26.44796814],
       [-25.34017142],
       [-26.46585373],
       [-25.9058707 ],
       [-26.70767869],
       [-26.34338537],
       [-25.98594451],
       [-26.6520235 ],
       [-26.50558702],
       [-26.87867388],
       [-20.13392785],
       [-24.58306689],
       [-25.63057235]])
<<<<<<<<<<< STEP 39 >>>>>>>>>>>> + array([[-0.50000043],
       [ 0.02350824],
       [ 0.02576901],
       [-0.50000041],
       [-0.5       ],
       [-0.50000009],
       [-0.50000019],
       [-0.50000024],
       [-0.50000003],
       [-0.49999959],
       [-0.50000033],
       [-0.30790829],
       [-0.50000032],
       [-0.50000031],
       [-0.50000016],
       [-0.50000013],
       [-0.50000053],
       [-0.5000005 ],
       [-0.50000012],
       [-0.5000002 ],
       [-0.50000031],
       [-0.50000048],
       [-0.5000003 ],
       [-0.50000029],
       [-0.49999982],
       [-0.49999993],
       [-0.50000001],
       [-0.50000006],
       [-0.49999628],
       [-0.49999952],
       [-0.5000001 ]])
array([[-26.77135462],
       [  1.72768387],
       [  1.51731525],
       [-26.796969  ],
       [-27.07246685],
       [-27.64765717],
       [-27.59197862],
       [-27.57049295],
       [-23.37913523],
       [-24.05261327],
       [-27.19583656],
       [ -3.84659318],
       [-27.21826933],
       [-26.95165968],
       [-26.06061604],
       [-27.02433235],
       [-25.06189868],
       [-25.56134012],
       [-26.94796826],
       [-25.84017163],
       [-26.96585404],
       [-26.40587118],
       [-27.20767899],
       [-26.84338566],
       [-26.48594433],
       [-27.15202343],
       [-27.00558703],
       [-27.37867394],
       [-20.63392413],
       [-25.08306641],
       [-26.13057245]])
