<<<<<<<<<<< STEP 0 >>>>>>>>>>>> + array([[-0.05420953],
       [-0.50067266],
       [-0.50217823],
       [-0.51223558],
       [-0.50068279],
       [-0.50044931],
       [ 0.02730664],
       [ 0.03135487],
       [-0.01432367],
       [-0.50311617],
       [-0.50025427],
       [-0.52393385],
       [-0.50148228],
       [-0.50191204],
       [-0.50042441],
       [-0.50191351],
       [-0.50168627],
       [-0.50002161],
       [-0.01686789],
       [-0.50022656],
       [ 0.01448093],
       [-0.50144725],
       [-0.50045616],
       [-0.50079315],
       [-0.50044346],
       [-0.50003624],
       [-0.50133675],
       [-0.49974095],
       [-0.49993945],
       [-0.05711089],
       [ 0.0203748 ],
       [-0.5016926 ],
       [-0.50223975],
       [-0.50316211],
       [-0.5034288 ],
       [-0.50132145],
       [-0.50042374],
       [-0.5016534 ],
       [-0.50211087],
       [-0.50298944]])
array([[ -2.28808667],
       [-11.74669067],
       [-12.8866027 ],
       [ -9.9067066 ],
       [-12.59456065],
       [-13.09963999],
       [ -0.67926006],
       [ -0.19901695],
       [  0.96608075],
       [-12.6104007 ],
       [-11.54138083],
       [ -7.05857406],
       [-13.46324603],
       [-13.24974407],
       [-12.64601608],
       [-13.3925169 ],
       [-13.2227086 ],
       [-12.92816935],
       [ -1.64964981],
       [-12.19724191],
       [  0.53754387],
       [-11.73432876],
       [-13.60409847],
       [-11.58038601],
       [-12.86271138],
       [-12.64261071],
       [-13.45340483],
       [-12.84560356],
       [-12.63005245],
       [ -1.41386025],
       [ -1.97799383],
       [-13.70328715],
       [-13.18478788],
       [-13.05825817],
       [-11.80671605],
       [-12.03946154],
       [-12.49021444],
       [-13.23615962],
       [-13.09285314],
       [-12.94470674]])
<<<<<<<<<<< STEP 1 >>>>>>>>>>>> + array([[-0.05188146],
       [-0.50060131],
       [-0.50165742],
       [-0.50919435],
       [-0.50050273],
       [-0.50028452],
       [ 0.02616339],
       [ 0.03076914],
       [-0.01508555],
       [-0.50237262],
       [-0.50034002],
       [-0.52004442],
       [-0.50113139],
       [-0.50142906],
       [-0.50029478],
       [-0.5014634 ],
       [-0.50127554],
       [-0.50002574],
       [-0.01325196],
       [-0.50018345],
       [ 0.01411337],
       [-0.50123137],
       [-0.50036238],
       [-0.50050001],
       [-0.50035205],
       [-0.50001898],
       [-0.50099182],
       [-0.49977397],
       [-0.49995029],
       [-0.05560179],
       [ 0.02428551],
       [-0.50124325],
       [-0.50168907],
       [-0.50241011],
       [-0.50259928],
       [-0.50093844],
       [-0.50029018],
       [-0.50124868],
       [-0.50157747],
       [-0.50228067]])
array([[ -2.33996814],
       [-12.24729198],
       [-13.38826012],
       [-10.41590095],
       [-13.09506338],
       [-13.59992451],
       [ -0.65309667],
       [ -0.16824781],
       [  0.95099519],
       [-13.11277332],
       [-12.04172084],
       [ -7.57861848],
       [-13.96437742],
       [-13.75117312],
       [-13.14631086],
       [-13.8939803 ],
       [-13.72398414],
       [-13.42819509],
       [ -1.66290177],
       [-12.69742535],
       [  0.55165724],
       [-12.23556013],
       [-14.10446085],
       [-12.08088602],
       [-13.36306344],
       [-13.14262969],
       [-13.95439664],
       [-13.34537752],
       [-13.13000273],
       [ -1.46946205],
       [ -1.95370831],
       [-14.20453039],
       [-13.68647696],
       [-13.56066828],
       [-12.30931533],
       [-12.54039998],
       [-12.99050462],
       [-13.7374083 ],
       [-13.59443061],
       [-13.44698741]])
<<<<<<<<<<< STEP 2 >>>>>>>>>>>> + array([[-0.05026462],
       [-0.50051927],
       [-0.50126405],
       [-0.50694507],
       [-0.50037202],
       [-0.50017982],
       [ 0.02508808],
       [ 0.03020309],
       [-0.01548867],
       [-0.50181134],
       [-0.50036683],
       [-0.51639384],
       [-0.50086649],
       [-0.50107272],
       [-0.50020537],
       [-0.50112349],
       [-0.50097027],
       [-0.50002662],
       [-0.01031916],
       [-0.50014635],
       [ 0.01381076],
       [-0.50103297],
       [-0.50028785],
       [-0.50031787],
       [-0.50028074],
       [-0.50000834],
       [-0.50074025],
       [-0.49980835],
       [-0.4999621 ],
       [-0.05439547],
       [ 0.02603702],
       [-0.50091978],
       [-0.50127846],
       [-0.5018414 ],
       [-0.50197729],
       [-0.50067463],
       [-0.50019988],
       [-0.50094635],
       [-0.50118456],
       [-0.50174375]])
array([[ -2.39023275],
       [-12.74781125],
       [-13.88952418],
       [-10.92284602],
       [-13.5954354 ],
       [-14.10010433],
       [ -0.6280086 ],
       [ -0.13804472],
       [  0.93550652],
       [-13.61458467],
       [-12.54208768],
       [ -8.09501232],
       [-14.4652439 ],
       [-14.25224584],
       [-13.64651623],
       [-14.39510379],
       [-14.22495441],
       [-13.92822171],
       [ -1.67322094],
       [-13.1975717 ],
       [  0.56546799],
       [-12.7365931 ],
       [-14.6047487 ],
       [-12.58120389],
       [-13.86334417],
       [-13.64263803],
       [-14.45513689],
       [-13.84518588],
       [-13.62996483],
       [ -1.52385751],
       [ -1.92767129],
       [-14.70545017],
       [-14.18775542],
       [-14.06250968],
       [-12.81129262],
       [-13.04107461],
       [-13.4907045 ],
       [-14.23835465],
       [-14.09561516],
       [-13.94873116]])
<<<<<<<<<<< STEP 3 >>>>>>>>>>>> + array([[-0.04925375],
       [-0.50043758],
       [-0.50096623],
       [-0.50527092],
       [-0.50027655],
       [-0.50011341],
       [ 0.02411665],
       [ 0.02966889],
       [-0.01562596],
       [-0.50138639],
       [-0.5003591 ],
       [-0.51321094],
       [-0.50066563],
       [-0.50080861],
       [-0.50014351],
       [-0.5008656 ],
       [-0.50074191],
       [-0.50002541],
       [-0.00797584],
       [-0.50011529],
       [ 0.01356029],
       [-0.50085719],
       [-0.5002285 ],
       [-0.50020519],
       [-0.50022453],
       [-0.50000186],
       [-0.50055557],
       [-0.49984057],
       [-0.49997283],
       [-0.05346227],
       [ 0.02619615],
       [-0.50068515],
       [-0.50097104],
       [-0.50141011],
       [-0.5015092 ],
       [-0.50049053],
       [-0.50013841],
       [-0.5007196 ],
       [-0.50089354],
       [-0.50133601]])
array([[ -2.43948651],
       [-13.24824883],
       [-14.3904904 ],
       [-11.42811693],
       [-14.09571195],
       [-14.60021774],
       [ -0.60389195],
       [ -0.10837583],
       [  0.91988056],
       [-14.11597106],
       [-13.04244678],
       [ -8.60822326],
       [-14.96590953],
       [-14.75305445],
       [-14.14665974],
       [-14.89596939],
       [-14.72569632],
       [-14.42824712],
       [ -1.68119678],
       [-13.69768699],
       [  0.57902829],
       [-13.23745029],
       [-15.10497719],
       [-13.08140908],
       [-14.3635687 ],
       [-14.14263989],
       [-14.95569246],
       [-14.34502644],
       [-14.12993766],
       [ -1.57731978],
       [ -1.90147514],
       [-15.20613532],
       [-14.68872646],
       [-14.5639198 ],
       [-13.31280182],
       [-13.54156514],
       [-13.99084291],
       [-14.73907424],
       [-14.5965087 ],
       [-14.45006716]])
<<<<<<<<<<< STEP 4 >>>>>>>>>>>> + array([[-0.04876018],
       [-0.50036223],
       [-0.50074016],
       [-0.50401714],
       [-0.50020639],
       [-0.50007128],
       [ 0.02325499],
       [ 0.02916967],
       [-0.015571  ],
       [-0.50106364],
       [-0.50033273],
       [-0.5105456 ],
       [-0.50051271],
       [-0.50061192],
       [-0.50010056],
       [-0.50066899],
       [-0.50056993],
       [-0.50002306],
       [-0.0061303 ],
       [-0.50008991],
       [ 0.01335157],
       [-0.5007054 ],
       [-0.50018123],
       [-0.5001353 ],
       [-0.50017988],
       [-0.49999803],
       [-0.50041909],
       [-0.4998691 ],
       [-0.49998168],
       [-0.05276953],
       [ 0.02522915],
       [-0.50051358],
       [-0.50073988],
       [-0.50108209],
       [-0.50115552],
       [-0.50036038],
       [-0.50009625],
       [-0.50054883],
       [-0.50067678],
       [-0.50102557]])
array([[ -2.48824669],
       [-13.74861107],
       [-14.89123057],
       [-11.93213408],
       [-14.59591834],
       [-15.10028901],
       [ -0.58063696],
       [ -0.07920616],
       [  0.90430956],
       [-14.61703469],
       [-13.54277951],
       [ -9.11876886],
       [-15.46642224],
       [-15.25366637],
       [-14.6467603 ],
       [-15.39663838],
       [-15.22626625],
       [-14.92827018],
       [ -1.68732707],
       [-14.1977769 ],
       [  0.59237985],
       [-13.73815569],
       [-15.60515842],
       [-13.58154437],
       [-14.86374858],
       [-14.64263792],
       [-15.45611155],
       [-14.84489554],
       [-14.62991934],
       [ -1.63008931],
       [ -1.87624599],
       [-15.70664891],
       [-15.18946634],
       [-15.06500189],
       [-13.81395734],
       [-14.04192552],
       [-14.49093915],
       [-15.23962307],
       [-15.09718548],
       [-14.95109273]])
<<<<<<<<<<< STEP 5 >>>>>>>>>>>> + array([[-0.04871419],
       [-0.50029587],
       [-0.50056814],
       [-0.50307288],
       [-0.50015456],
       [-0.50004454],
       [ 0.02249604],
       [ 0.0287047 ],
       [-0.01538163],
       [-0.50081776],
       [-0.5002977 ],
       [-0.50836651],
       [-0.50039588],
       [-0.50046475],
       [-0.50007063],
       [-0.50051844],
       [-0.50043961],
       [-0.50002023],
       [-0.0047006 ],
       [-0.50006957],
       [ 0.01317628],
       [-0.5005767 ],
       [-0.50014362],
       [-0.50009157],
       [-0.50014423],
       [-0.49999589],
       [-0.5003176 ],
       [-0.49989354],
       [-0.49998857],
       [-0.05228779],
       [ 0.02349869],
       [-0.50038715],
       [-0.50056537],
       [-0.50083193],
       [-0.50088724],
       [-0.50026721],
       [-0.50006713],
       [-0.50041972],
       [-0.50051447],
       [-0.50078864]])
array([[ -2.53696088],
       [-14.24890694],
       [-15.39179871],
       [-12.43520696],
       [-15.0960729 ],
       [-15.60033356],
       [ -0.55814091],
       [ -0.05050146],
       [  0.88892792],
       [-15.11785245],
       [-14.04307721],
       [ -9.62713537],
       [-15.96681812],
       [-15.75413112],
       [-15.14683093],
       [-15.89715682],
       [-15.72670586],
       [-15.42829041],
       [ -1.69202768],
       [-14.69784646],
       [  0.60555614],
       [-14.23873239],
       [-16.10530204],
       [-14.08163595],
       [-15.36389281],
       [-15.14263381],
       [-15.95642915],
       [-15.34478908],
       [-15.12990791],
       [ -1.6823771 ],
       [ -1.85274731],
       [-16.20703605],
       [-15.69003171],
       [-15.56583382],
       [-14.31484458],
       [-14.54219273],
       [-14.99100629],
       [-15.74004279],
       [-15.59769995],
       [-15.45188137]])
<<<<<<<<<<< STEP 6 >>>>>>>>>>>> + array([[-0.04906382],
       [-0.50023918],
       [-0.50043693],
       [-0.50235816],
       [-0.50011609],
       [-0.50002758],
       [ 0.02182816],
       [ 0.02827185],
       [-0.01510331],
       [-0.50062992],
       [-0.50026005],
       [-0.50661138],
       [-0.50030633],
       [-0.50035414],
       [-0.50004972],
       [-0.50040272],
       [-0.50034029],
       [-0.50001735],
       [-0.00361689],
       [-0.5000535 ],
       [ 0.01302788],
       [-0.50046904],
       [-0.50011373],
       [-0.50006383],
       [-0.50011568],
       [-0.49999482],
       [-0.50024169],
       [-0.49991401],
       [-0.49999366],
       [-0.05199269],
       [ 0.02127693],
       [-0.50029328],
       [-0.50043314],
       [-0.50064068],
       [-0.50068301],
       [-0.50019972],
       [-0.5000469 ],
       [-0.50032176],
       [-0.50039234],
       [-0.50060741]])
array([[ -2.58602469],
       [-14.74914611],
       [-15.89223564],
       [-12.93756511],
       [-15.59618899],
       [-16.10036113],
       [ -0.53631275],
       [ -0.02222961],
       [  0.87382461],
       [-15.61848237],
       [-14.54333726],
       [-10.13374674],
       [-16.46712444],
       [-16.25448526],
       [-15.64688065],
       [-16.39755954],
       [-16.22704615],
       [-15.92830775],
       [ -1.69564456],
       [-15.19789996],
       [  0.61858402],
       [-14.73920142],
       [-16.60541577],
       [-14.58169978],
       [-15.86400849],
       [-15.64262863],
       [-16.45667084],
       [-15.84470309],
       [-15.62990158],
       [ -1.73436979],
       [ -1.83147038],
       [-16.70732934],
       [-16.19046485],
       [-16.0664745 ],
       [-14.81552758],
       [-15.04239245],
       [-15.49105318],
       [-16.24036456],
       [-16.09809229],
       [-15.95248878]])
<<<<<<<<<<< STEP 7 >>>>>>>>>>>> + array([[-0.04977262],
       [-0.50019178],
       [-0.50033663],
       [-0.5018148 ],
       [-0.50008741],
       [-0.50001682],
       [ 0.02123904],
       [ 0.0278686 ],
       [-0.01477176],
       [-0.50048607],
       [-0.50022327],
       [-0.50521123],
       [-0.5002375 ],
       [-0.50027067],
       [-0.50003507],
       [-0.50031346],
       [-0.50026422],
       [-0.50001462],
       [-0.00282103],
       [-0.50004094],
       [ 0.01290122],
       [-0.50037988],
       [-0.50009   ],
       [-0.50004587],
       [-0.50009276],
       [-0.49999444],
       [-0.5001846 ],
       [-0.49993091],
       [-0.49999728],
       [-0.05186506],
       [ 0.01876284],
       [-0.50022315],
       [-0.50033261],
       [-0.50049415],
       [-0.50052701],
       [-0.50015032],
       [-0.50003276],
       [-0.50024721],
       [-0.50030005],
       [-0.5004685 ]])
array([[ -2.63579731e+00],
       [ -1.52493379e+01],
       [ -1.63925723e+01],
       [ -1.34393799e+01],
       [ -1.60962764e+01],
       [ -1.66003780e+01],
       [ -5.15073712e-01],
       [  5.63899503e-03],
       [  8.59052856e-01],
       [ -1.61189684e+01],
       [ -1.50435605e+01],
       [ -1.06389580e+01],
       [ -1.69673619e+01],
       [ -1.67547559e+01],
       [ -1.61469157e+01],
       [ -1.68978730e+01],
       [ -1.67273104e+01],
       [ -1.64283224e+01],
       [ -1.69846560e+00],
       [ -1.56979409e+01],
       [  6.31485239e-01],
       [ -1.52395813e+01],
       [ -1.71055058e+01],
       [ -1.50817456e+01],
       [ -1.63641012e+01],
       [ -1.61426231e+01],
       [ -1.69568554e+01],
       [ -1.63446340e+01],
       [ -1.61298989e+01],
       [ -1.78623485e+00],
       [ -1.81270754e+00],
       [ -1.72075525e+01],
       [ -1.66907975e+01],
       [ -1.65669687e+01],
       [ -1.53160546e+01],
       [ -1.55425428e+01],
       [ -1.59910859e+01],
       [ -1.67406118e+01],
       [ -1.65983923e+01],
       [ -1.64529573e+01]])
<<<<<<<<<<< STEP 8 >>>>>>>>>>>> + array([[-0.05081739],
       [-0.50015277],
       [-0.5002598 ],
       [-0.50140014],
       [-0.50006596],
       [-0.50001002],
       [ 0.02071729],
       [ 0.02749249],
       [-0.01441508],
       [-0.50037566],
       [-0.50018923],
       [-0.50410124],
       [-0.50018446],
       [-0.50020746],
       [-0.50002478],
       [-0.50024442],
       [-0.50020571],
       [-0.50001217],
       [-0.00226533],
       [-0.50003122],
       [ 0.01279225],
       [-0.50030661],
       [-0.50007117],
       [-0.50003393],
       [-0.50007434],
       [-0.49999447],
       [-0.50014148],
       [-0.49994471],
       [-0.49999973],
       [-0.05189021],
       [ 0.01609866],
       [-0.50017044],
       [-0.50025595],
       [-0.50038166],
       [-0.50040752],
       [-0.50011382],
       [-0.50002283],
       [-0.5001903 ],
       [-0.50023005],
       [-0.50036185]])
array([[ -2.6866147 ],
       [-15.74949067],
       [-16.89283207],
       [-13.94078005],
       [-16.59634237],
       [-17.10038797],
       [ -0.49435642],
       [  0.03313149],
       [  0.84463777],
       [-16.61934411],
       [-15.54374977],
       [-11.14305921],
       [-17.46754639],
       [-17.25496339],
       [-16.64694051],
       [-17.39811742],
       [-17.22751608],
       [-16.92833454],
       [ -1.70073092],
       [-16.19797212],
       [  0.64427749],
       [-15.73988792],
       [-17.60557694],
       [-15.58177958],
       [-16.86417558],
       [-16.64261753],
       [-17.45699692],
       [-16.84457872],
       [-16.62989859],
       [ -1.83812506],
       [ -1.79660888],
       [-17.70772292],
       [-17.19105341],
       [-17.06735031],
       [-15.81646211],
       [-16.04265659],
       [-16.49110877],
       [-17.24080207],
       [-17.09862238],
       [-16.95331913]])
<<<<<<<<<<< STEP 9 >>>>>>>>>>>> + array([[-0.05218637],
       [-0.50012104],
       [-0.50020083],
       [-0.50108263],
       [-0.50004987],
       [-0.50000575],
       [ 0.02025303],
       [ 0.02714127],
       [-0.01405546],
       [-0.50029075],
       [-0.50015878],
       [-0.50322489],
       [-0.50014349],
       [-0.50015941],
       [-0.50001753],
       [-0.50019088],
       [-0.50016053],
       [-0.50001003],
       [-0.00191084],
       [-0.50002373],
       [ 0.01269781],
       [-0.50024678],
       [-0.50005626],
       [-0.50002577],
       [-0.50005954],
       [-0.49999474],
       [-0.50010875],
       [-0.49995589],
       [-0.50000131],
       [-0.05205719],
       [ 0.01338391],
       [-0.50013062],
       [-0.50019734],
       [-0.50029515],
       [-0.50031573],
       [-0.50008662],
       [-0.50001586],
       [-0.50014676],
       [-0.50017678],
       [-0.50027982]])
array([[ -2.73880107],
       [-16.24961171],
       [-17.3930329 ],
       [-14.44186268],
       [-17.09639224],
       [-17.60039372],
       [ -0.47410339],
       [  0.06027276],
       [  0.83058231],
       [-17.11963485],
       [-16.04390855],
       [-11.6462841 ],
       [-17.96768988],
       [-17.7551228 ],
       [-17.14695804],
       [-17.8983083 ],
       [-17.72767661],
       [-17.42834457],
       [ -1.70264176],
       [-16.69799585],
       [  0.65697529],
       [-16.24013469],
       [-18.10563319],
       [-16.08180535],
       [-17.36423512],
       [-17.14261228],
       [-17.95710567],
       [-17.34453461],
       [-17.1298999 ],
       [ -1.89018224],
       [ -1.78322497],
       [-18.20785354],
       [-17.69125075],
       [-17.56764546],
       [-16.31677784],
       [-16.5427432 ],
       [-16.99112463],
       [-17.74094883],
       [-17.59879916],
       [-17.45359895]])
<<<<<<<<<<< STEP 10 >>>>>>>>>>>> + array([[-0.05387798],
       [-0.50009547],
       [-0.50015548],
       [-0.5008388 ],
       [-0.50003777],
       [-0.50000308],
       [ 0.01983794],
       [ 0.02681289],
       [-0.01371047],
       [-0.50022533],
       [-0.50013218],
       [-0.50253481],
       [-0.50011179],
       [-0.50012279],
       [-0.50001242],
       [-0.50014926],
       [-0.50012553],
       [-0.5000082 ],
       [-0.00172586],
       [-0.500018  ],
       [ 0.01261541],
       [-0.50019814],
       [-0.50004444],
       [-0.50002001],
       [-0.50004765],
       [-0.49999516],
       [-0.50008383],
       [-0.49996489],
       [-0.50000224],
       [-0.05235804],
       [ 0.01068654],
       [-0.5001004 ],
       [-0.50015241],
       [-0.50022851],
       [-0.50024505],
       [-0.5000662 ],
       [-0.50001094],
       [-0.50011337],
       [-0.50013612],
       [-0.50021663]])
array([[ -2.79267905],
       [-16.74970717],
       [-17.89318839],
       [-14.94270148],
       [-17.59643   ],
       [-18.1003968 ],
       [ -0.45426545],
       [  0.08708566],
       [  0.81687184],
       [-17.61986018],
       [-16.54404072],
       [-12.14881891],
       [-18.46780167],
       [-18.25524559],
       [-17.64697046],
       [-18.39845756],
       [-18.22780213],
       [-17.92835277],
       [ -1.70436762],
       [-17.19801385],
       [  0.6695907 ],
       [-16.74033283],
       [-18.60567764],
       [-16.58182536],
       [-17.86428277],
       [-17.64260743],
       [-18.45718951],
       [-17.84449951],
       [-17.62990214],
       [ -1.94254029],
       [ -1.77253843],
       [-18.70795394],
       [-18.19140316],
       [-18.06787397],
       [-16.81702289],
       [-17.0428094 ],
       [-17.49113557],
       [-18.2410622 ],
       [-18.09893528],
       [-17.95381558]])
<<<<<<<<<<< STEP 11 >>>>>>>>>>>> + array([[-0.05590006],
       [-0.50007501],
       [-0.50012055],
       [-0.50065105],
       [-0.50002864],
       [-0.50000145],
       [ 0.01946511],
       [ 0.02650553],
       [-0.01339418],
       [-0.50017484],
       [-0.50010934],
       [-0.5019923 ],
       [-0.50008721],
       [-0.50009479],
       [-0.50000881],
       [-0.50011686],
       [-0.50009833],
       [-0.50000667],
       [-0.00168457],
       [-0.50001363],
       [ 0.0125431 ],
       [-0.50015876],
       [-0.5000351 ],
       [-0.5000158 ],
       [-0.5000381 ],
       [-0.49999563],
       [-0.50006478],
       [-0.49997211],
       [-0.50000273],
       [-0.05278717],
       [ 0.00805155],
       [-0.50007738],
       [-0.50011791],
       [-0.50017711],
       [-0.50019051],
       [-0.50005078],
       [-0.50000748],
       [-0.50008771],
       [-0.500105  ],
       [-0.5001679 ]])
array([[ -2.84857911],
       [-17.24978218],
       [-18.39330894],
       [-15.44335253],
       [-18.09645864],
       [-18.60039825],
       [ -0.43480034],
       [  0.11359118],
       [  0.80347766],
       [-18.12003502],
       [-17.04415006],
       [-12.65081121],
       [-18.96788888],
       [-18.75534037],
       [-18.14697928],
       [-18.89857442],
       [-18.72790047],
       [-18.42835944],
       [ -1.70605219],
       [-17.69802748],
       [  0.6821338 ],
       [-17.2404916 ],
       [-19.10571274],
       [-17.08184116],
       [-18.36432087],
       [-18.14260307],
       [-18.95725429],
       [-18.34447162],
       [-18.12990486],
       [ -1.99532746],
       [ -1.76448687],
       [-19.20803132],
       [-18.69152107],
       [-18.56805107],
       [-17.31721341],
       [-17.54286019],
       [-17.99114305],
       [-18.7411499 ],
       [-18.59904028],
       [-18.45398348]])
<<<<<<<<<<< STEP 12 >>>>>>>>>>>> + array([[-0.05826978],
       [-0.50005874],
       [-0.5000936 ],
       [-0.50050616],
       [-0.50002175],
       [-0.50000047],
       [ 0.01912885],
       [ 0.02621748],
       [-0.01311808],
       [-0.50013582],
       [-0.50008997],
       [-0.50156619],
       [-0.50006812],
       [-0.50007332],
       [-0.50000626],
       [-0.50009159],
       [-0.50007716],
       [-0.50000539],
       [-0.00176581],
       [-0.5000103 ],
       [ 0.01247934],
       [-0.50012699],
       [-0.50002771],
       [-0.50001264],
       [-0.50003044],
       [-0.49999612],
       [-0.50005018],
       [-0.49997788],
       [-0.5000029 ],
       [-0.05334086],
       [ 0.00550752],
       [-0.50005977],
       [-0.50009136],
       [-0.5001374 ],
       [-0.50014834],
       [-0.50003908],
       [-0.50000505],
       [-0.50006795],
       [-0.50008113],
       [-0.50013026]])
array([[ -2.90684889],
       [-17.74984092],
       [-18.89340255],
       [-15.94385869],
       [-18.59648039],
       [-19.10039871],
       [ -0.41567149],
       [  0.13980866],
       [  0.79035958],
       [-18.62017083],
       [-17.54424003],
       [-13.15237739],
       [-19.467957  ],
       [-19.2554137 ],
       [-18.64698554],
       [-19.39866602],
       [-19.22797762],
       [-18.92836483],
       [ -1.707818  ],
       [-18.19803778],
       [  0.69461314],
       [-17.74061858],
       [-19.60574044],
       [-17.5818538 ],
       [-18.86435131],
       [-18.64259919],
       [-19.45730447],
       [-18.84444949],
       [-18.62990776],
       [ -2.04866832],
       [ -1.75897935],
       [-19.70809109],
       [-19.19161243],
       [-19.06818848],
       [-17.81736175],
       [-18.04289927],
       [-18.49114809],
       [-19.24121785],
       [-19.09912141],
       [-18.95411373]])
<<<<<<<<<<< STEP 13 >>>>>>>>>>>> + array([[-0.06101386],
       [-0.50004587],
       [-0.50007277],
       [-0.5003941 ],
       [-0.50001653],
       [-0.4999999 ],
       [ 0.01882453],
       [ 0.02594718],
       [-0.01289186],
       [-0.50010561],
       [-0.50007372],
       [-0.50123164],
       [-0.50005327],
       [-0.50005683],
       [-0.50000445],
       [-0.50007185],
       [-0.50006063],
       [-0.50000434],
       [-0.00195223],
       [-0.50000777],
       [ 0.0124229 ],
       [-0.50010141],
       [-0.50002187],
       [-0.50001021],
       [-0.5000243 ],
       [-0.4999966 ],
       [-0.50003895],
       [-0.49998247],
       [-0.50000287],
       [-0.05401682],
       [ 0.00307151],
       [-0.50004627],
       [-0.50007088],
       [-0.5001067 ],
       [-0.50011567],
       [-0.50003015],
       [-0.50000334],
       [-0.50005271],
       [-0.50006279],
       [-0.50010115]])
array([[ -2.96786275],
       [-18.24988679],
       [-19.39347532],
       [-16.44425278],
       [-19.09649692],
       [-19.60039861],
       [ -0.39684696],
       [  0.16575584],
       [  0.77746772],
       [-19.12027645],
       [-18.04431375],
       [-13.65360903],
       [-19.96801027],
       [-19.75547052],
       [-19.14698999],
       [-19.89873787],
       [-19.72803825],
       [-19.42836917],
       [ -1.70977023],
       [-18.69804555],
       [  0.70703604],
       [-18.24071999],
       [-20.10576231],
       [-18.08186401],
       [-19.3643756 ],
       [-19.1425958 ],
       [-19.95734342],
       [-19.34443197],
       [-19.12991064],
       [ -2.10268513],
       [ -1.75590785],
       [-20.20813736],
       [-19.69168331],
       [-19.56829518],
       [-18.31747742],
       [-18.54292942],
       [-18.99115143],
       [-19.74127056],
       [-19.5991842 ],
       [-19.45421489]])
<<<<<<<<<<< STEP 14 >>>>>>>>>>>> + array([[-0.06416952],
       [-0.50003574],
       [-0.50005664],
       [-0.50030726],
       [-0.50001258],
       [-0.49999959],
       [ 0.0185483 ],
       [ 0.02569306],
       [-0.01272408],
       [-0.50008221],
       [-0.50006018],
       [-0.50096898],
       [-0.5000417 ],
       [-0.50004412],
       [-0.50000317],
       [-0.50005642],
       [-0.5000477 ],
       [-0.50000348],
       [-0.00222942],
       [-0.50000586],
       [ 0.01237283],
       [-0.50008087],
       [-0.50001725],
       [-0.5000083 ],
       [-0.50001938],
       [-0.49999705],
       [-0.50003029],
       [-0.49998612],
       [-0.50000272],
       [-0.05481389],
       [ 0.00075273],
       [-0.50003589],
       [-0.50005507],
       [-0.50008293],
       [-0.50009031],
       [-0.50002332],
       [-0.50000216],
       [-0.50004094],
       [-0.50004866],
       [-0.50007862]])
array([[ -3.03203226],
       [-18.74992253],
       [-19.89353196],
       [-16.94456004],
       [-19.59650951],
       [-20.1003982 ],
       [ -0.37829866],
       [  0.19144891],
       [  0.76474364],
       [-19.62035866],
       [-18.54437393],
       [-14.15457801],
       [-20.46805196],
       [-20.25551465],
       [-19.64699315],
       [-20.39879429],
       [-20.22808594],
       [-19.92837265],
       [ -1.71199965],
       [-19.19805141],
       [  0.71940887],
       [-18.74080086],
       [-20.60577956],
       [-18.58187231],
       [-19.86439498],
       [-19.64259285],
       [-20.45737371],
       [-19.84441809],
       [-19.62991336],
       [ -2.15749903],
       [ -1.75515512],
       [-20.70817325],
       [-20.19173838],
       [-20.06837811],
       [-18.81756773],
       [-19.04295274],
       [-19.49115359],
       [-20.2413115 ],
       [-20.09923286],
       [-19.95429351]])
<<<<<<<<<<< STEP 15 >>>>>>>>>>>> + array([[-0.06778588],
       [-0.50002778],
       [-0.50004414],
       [-0.50023986],
       [-0.50000958],
       [-0.49999944],
       [ 0.01829701],
       [ 0.02545357],
       [-0.01262279],
       [-0.50006405],
       [-0.50004898],
       [-0.50076274],
       [-0.50003267],
       [-0.50003431],
       [-0.50000225],
       [-0.50004433],
       [-0.50003757],
       [-0.50000278],
       [-0.00258527],
       [-0.50000441],
       [ 0.01232836],
       [-0.5000644 ],
       [-0.5000136 ],
       [-0.50000677],
       [-0.50001544],
       [-0.49999747],
       [-0.5000236 ],
       [-0.49998902],
       [-0.5000025 ],
       [-0.0557317 ],
       [-0.00144471],
       [-0.50002788],
       [-0.50004284],
       [-0.50006451],
       [-0.5000706 ],
       [-0.50001807],
       [-0.50000134],
       [-0.50003184],
       [-0.50003776],
       [-0.50006116]])
array([[ -3.09981814],
       [-19.24995031],
       [-20.3935761 ],
       [-17.44479991],
       [-20.09651909],
       [-20.60039764],
       [ -0.36000164],
       [  0.21690248],
       [  0.75212084],
       [-20.12042271],
       [-19.04442291],
       [-14.65534075],
       [-20.96808464],
       [-20.75554896],
       [-20.14699541],
       [-20.89883862],
       [-20.72812351],
       [-20.42837543],
       [ -1.71458492],
       [-19.69805583],
       [  0.73173722],
       [-19.24086526],
       [-21.10579316],
       [-19.08187908],
       [-20.36441043],
       [-20.14259032],
       [-20.95739731],
       [-20.34440712],
       [-20.12991586],
       [ -2.21323072],
       [ -1.75659983],
       [-21.20820112],
       [-20.69178122],
       [-20.56844262],
       [-19.31763833],
       [-19.54297081],
       [-19.99115493],
       [-20.74134334],
       [-20.59927062],
       [-20.45435467]])
<<<<<<<<<<< STEP 16 >>>>>>>>>>>> + array([[-0.07192609],
       [-0.50002155],
       [-0.50003444],
       [-0.50018746],
       [-0.50000731],
       [-0.49999939],
       [ 0.01806802],
       [ 0.02522704],
       [-0.0125961 ],
       [-0.50004995],
       [-0.50003976],
       [-0.50060071],
       [-0.50002563],
       [-0.50002673],
       [-0.5000016 ],
       [-0.50003486],
       [-0.50002962],
       [-0.50000222],
       [-0.00300945],
       [-0.50000332],
       [ 0.01228887],
       [-0.50005122],
       [-0.50001072],
       [-0.50000553],
       [-0.5000123 ],
       [-0.49999784],
       [-0.50001842],
       [-0.49999132],
       [-0.50000224],
       [-0.05677031],
       [-0.00351971],
       [-0.50002169],
       [-0.50003336],
       [-0.50005022],
       [-0.50005525],
       [-0.50001403],
       [-0.50000078],
       [-0.50002478],
       [-0.50002934],
       [-0.50004762]])
array([[ -3.17174423],
       [-19.74997186],
       [-20.89361054],
       [-17.94498737],
       [-20.5965264 ],
       [-21.10039703],
       [ -0.34193362],
       [  0.24212952],
       [  0.73952474],
       [-20.62047266],
       [-19.54446268],
       [-15.15594146],
       [-21.46811026],
       [-21.25557568],
       [-20.64699701],
       [-21.39887348],
       [-21.22815313],
       [-20.92837765],
       [ -1.71759437],
       [-20.19805914],
       [  0.74402609],
       [-19.74091648],
       [-21.60580388],
       [-19.58188461],
       [-20.86442273],
       [-20.64258815],
       [-21.45741572],
       [-20.84439844],
       [-20.6299181 ],
       [ -2.27000103],
       [ -1.76011954],
       [-21.70822282],
       [-21.19181458],
       [-21.06849284],
       [-19.81769358],
       [-20.04298484],
       [-20.49115571],
       [-21.24136813],
       [-21.09929995],
       [-20.95440228]])
<<<<<<<<<<< STEP 17 >>>>>>>>>>>> + array([[-0.07667023],
       [-0.50001669],
       [-0.50002689],
       [-0.50014666],
       [-0.50000558],
       [-0.4999994 ],
       [ 0.01785907],
       [ 0.02501161],
       [-0.01265275],
       [-0.50003898],
       [-0.50003221],
       [-0.50047336],
       [-0.50002011],
       [-0.50002084],
       [-0.50000114],
       [-0.50002742],
       [-0.50002337],
       [-0.50000177],
       [-0.00349283],
       [-0.50000249],
       [ 0.01225389],
       [-0.50004069],
       [-0.50000845],
       [-0.50000453],
       [-0.50000979],
       [-0.49999816],
       [-0.50001439],
       [-0.49999315],
       [-0.50000198],
       [-0.05792987],
       [-0.00547252],
       [-0.5000169 ],
       [-0.50002601],
       [-0.50003912],
       [-0.50004328],
       [-0.50001091],
       [-0.50000041],
       [-0.50001931],
       [-0.50002282],
       [-0.5000371 ]])
array([[ -3.24841446],
       [-20.24998856],
       [-21.39363744],
       [-18.44513402],
       [-21.09653198],
       [-21.60039643],
       [ -0.32407455],
       [  0.26714113],
       [  0.726872  ],
       [-21.12051164],
       [-20.04449489],
       [-15.65641483],
       [-21.96813038],
       [-21.75559653],
       [-21.14699815],
       [-21.8989009 ],
       [-21.7281765 ],
       [-21.42837942],
       [ -1.7210872 ],
       [-20.69806163],
       [  0.75627998],
       [-20.24095717],
       [-22.10581233],
       [-20.08188913],
       [-21.36443251],
       [-21.14258631],
       [-21.95743011],
       [-21.34439158],
       [-21.12992008],
       [ -2.3279309 ],
       [ -1.76559205],
       [-22.20823971],
       [-21.69184059],
       [-21.56853196],
       [-20.31773686],
       [-20.54299574],
       [-20.99115611],
       [-21.74138744],
       [-21.59932277],
       [-21.45443938]])
<<<<<<<<<<< STEP 18 >>>>>>>>>>>> + array([[-0.08211921],
       [-0.50001291],
       [-0.50002102],
       [-0.50011484],
       [-0.50000426],
       [-0.49999944],
       [ 0.01766821],
       [ 0.02480516],
       [-0.01280269],
       [-0.50003044],
       [-0.50002604],
       [-0.50037321],
       [-0.5000158 ],
       [-0.50001628],
       [-0.50000081],
       [-0.50002159],
       [-0.50001846],
       [-0.5000014 ],
       [-0.00402709],
       [-0.50000186],
       [ 0.01222302],
       [-0.50003227],
       [-0.50000665],
       [-0.5000037 ],
       [-0.50000778],
       [-0.49999845],
       [-0.50001126],
       [-0.49999459],
       [-0.50000173],
       [-0.05921017],
       [-0.00730341],
       [-0.50001318],
       [-0.5000203 ],
       [-0.50003049],
       [-0.50003394],
       [-0.50000849],
       [-0.50000016],
       [-0.50001507],
       [-0.50001777],
       [-0.50002892]])
array([[ -3.33053367],
       [-20.75000147],
       [-21.89365846],
       [-18.94524887],
       [-21.59653624],
       [-22.10039587],
       [ -0.30640635],
       [  0.2919463 ],
       [  0.71406931],
       [-21.62054208],
       [-20.54452093],
       [-16.15678803],
       [-22.46814617],
       [-22.25561281],
       [-21.64699897],
       [-22.39892249],
       [-22.22819495],
       [-21.92838082],
       [ -1.72511429],
       [-21.19806349],
       [  0.768503  ],
       [-20.74098944],
       [-22.60581899],
       [-20.58189284],
       [-21.86444029],
       [-21.64258476],
       [-22.45744138],
       [-21.84438617],
       [-21.62992181],
       [ -2.38714107],
       [ -1.77289546],
       [-22.7082529 ],
       [-22.19186089],
       [-22.06856245],
       [-20.8177708 ],
       [-21.04300423],
       [-21.49115627],
       [-22.24140251],
       [-22.09934054],
       [-21.95446831]])
<<<<<<<<<<< STEP 19 >>>>>>>>>>>> + array([[-0.08839987],
       [-0.50000998],
       [-0.50001644],
       [-0.50009   ],
       [-0.50000326],
       [-0.49999949],
       [ 0.01749366],
       [ 0.02460512],
       [-0.01305777],
       [-0.50002379],
       [-0.50002102],
       [-0.50029438],
       [-0.50001241],
       [-0.50001273],
       [-0.50000058],
       [-0.500017  ],
       [-0.50001458],
       [-0.50000111],
       [-0.00460418],
       [-0.50000139],
       [ 0.01219596],
       [-0.50002556],
       [-0.50000524],
       [-0.50000303],
       [-0.50000618],
       [-0.4999987 ],
       [-0.50000883],
       [-0.49999573],
       [-0.50000149],
       [-0.06061001],
       [-0.0090114 ],
       [-0.50001029],
       [-0.50001586],
       [-0.50002379],
       [-0.50002664],
       [-0.50000662],
       [-0.5       ],
       [-0.50001176],
       [-0.50001385],
       [-0.50002257]])
array([[ -3.41893354],
       [-21.25001145],
       [-22.3936749 ],
       [-19.44533887],
       [-22.0965395 ],
       [-22.60039536],
       [ -0.28891269],
       [  0.31655142],
       [  0.70101154],
       [-22.12056587],
       [-21.04454195],
       [-16.65708241],
       [-22.96815859],
       [-22.75562553],
       [-22.14699954],
       [-22.89893949],
       [-22.72820954],
       [-22.42838193],
       [ -1.72971847],
       [-21.69806488],
       [  0.78069896],
       [-21.24101501],
       [-23.10582422],
       [-21.08189587],
       [-22.36444647],
       [-22.14258346],
       [-22.9574502 ],
       [-22.3443819 ],
       [-22.1299233 ],
       [ -2.44775107],
       [ -1.78190686],
       [-23.20826319],
       [-22.69187675],
       [-22.56858624],
       [-21.31779744],
       [-21.54301085],
       [-21.99115628],
       [-22.74141427],
       [-22.59935439],
       [-22.45449087]])
<<<<<<<<<<< STEP 20 >>>>>>>>>>>> + array([[-0.0956715 ],
       [-0.5000077 ],
       [-0.50001287],
       [-0.50007059],
       [-0.5000025 ],
       [-0.49999954],
       [ 0.01733372],
       [ 0.02440836],
       [-0.01343243],
       [-0.5000186 ],
       [-0.50001694],
       [-0.50023229],
       [-0.50000976],
       [-0.50000996],
       [-0.50000041],
       [-0.50001339],
       [-0.50001153],
       [-0.50000087],
       [-0.00521587],
       [-0.50000103],
       [ 0.01217244],
       [-0.50002021],
       [-0.50000412],
       [-0.50000247],
       [-0.5000049 ],
       [-0.49999891],
       [-0.50000692],
       [-0.49999663],
       [-0.50000127],
       [-0.06212645],
       [-0.01059312],
       [-0.50000804],
       [-0.5000124 ],
       [-0.50001856],
       [-0.50002092],
       [-0.50000516],
       [-0.49999991],
       [-0.50000919],
       [-0.5000108 ],
       [-0.50001761]])
array([[ -3.51460504],
       [-21.75001915],
       [-22.89368776],
       [-19.94540946],
       [-22.596542  ],
       [-23.1003949 ],
       [ -0.27157897],
       [  0.34095978],
       [  0.68757911],
       [-22.62058447],
       [-21.54455889],
       [-17.1573147 ],
       [-23.46816835],
       [-23.25563549],
       [-22.64699995],
       [-23.39895288],
       [-23.22822107],
       [-22.9283828 ],
       [ -1.73493433],
       [-22.19806591],
       [  0.7928714 ],
       [-21.74103522],
       [-23.60582834],
       [-21.58189834],
       [-22.86445137],
       [-22.64258237],
       [-23.45745713],
       [-22.84437853],
       [-22.62992457],
       [ -2.50987752],
       [ -1.79249998],
       [-23.70827123],
       [-23.19188915],
       [-23.0686048 ],
       [-21.81781836],
       [-22.04301601],
       [-22.49115619],
       [-23.24142346],
       [-23.09936519],
       [-22.95450849]])
<<<<<<<<<<< STEP 21 >>>>>>>>>>>> + array([[-0.10413401],
       [-0.50000594],
       [-0.50001007],
       [-0.50005539],
       [-0.50000192],
       [-0.4999996 ],
       [ 0.01718663],
       [ 0.02421091],
       [-0.01394464],
       [-0.50001456],
       [-0.50001364],
       [-0.50018335],
       [-0.50000768],
       [-0.5000078 ],
       [-0.50000029],
       [-0.50001055],
       [-0.50000912],
       [-0.50000069],
       [-0.00585314],
       [-0.50000076],
       [ 0.01215228],
       [-0.50001594],
       [-0.50000323],
       [-0.50000202],
       [-0.50000389],
       [-0.4999991 ],
       [-0.50000544],
       [-0.49999734],
       [-0.50000108],
       [-0.06375376],
       [-0.01204148],
       [-0.50000629],
       [-0.5000097 ],
       [-0.50001449],
       [-0.50001644],
       [-0.50000403],
       [-0.49999986],
       [-0.50000719],
       [-0.50000843],
       [-0.50001376]])
array([[ -3.61873904],
       [-22.25002509],
       [-23.39369784],
       [-20.44546485],
       [-23.09654391],
       [-23.6003945 ],
       [ -0.25439234],
       [  0.36517069],
       [  0.67363448],
       [-23.12059903],
       [-22.04457252],
       [-17.65749805],
       [-23.96817603],
       [-23.75564329],
       [-23.14700024],
       [-23.89896342],
       [-23.72823019],
       [-23.42838349],
       [ -1.74078747],
       [-22.69806667],
       [  0.80502369],
       [-22.24105116],
       [-24.10583158],
       [-22.08190035],
       [-23.36445526],
       [-23.14258147],
       [-23.95746256],
       [-23.34437587],
       [-23.12992564],
       [ -2.57363129],
       [ -1.80454145],
       [-24.20827752],
       [-23.69189885],
       [-23.56861929],
       [-22.3178348 ],
       [-22.54302004],
       [-22.99115605],
       [-23.74143064],
       [-23.59937362],
       [-23.45452224]])
<<<<<<<<<<< STEP 22 >>>>>>>>>>>> + array([[-0.11403771],
       [-0.50000458],
       [-0.50000789],
       [-0.50004348],
       [-0.50000147],
       [-0.49999966],
       [ 0.01705048],
       [ 0.02400775],
       [-0.01461691],
       [-0.50001139],
       [-0.50001096],
       [-0.50014474],
       [-0.50000604],
       [-0.50000611],
       [-0.5000002 ],
       [-0.50000831],
       [-0.50000721],
       [-0.50000054],
       [-0.00650552],
       [-0.50000056],
       [ 0.01213531],
       [-0.50001255],
       [-0.50000254],
       [-0.50000164],
       [-0.50000308],
       [-0.49999925],
       [-0.50000427],
       [-0.49999791],
       [-0.50000091],
       [-0.06548207],
       [-0.01334425],
       [-0.50000492],
       [-0.5000076 ],
       [-0.50001132],
       [-0.50001292],
       [-0.50000315],
       [-0.49999984],
       [-0.50000562],
       [-0.50000659],
       [-0.50001075]])
array([[ -3.73277675],
       [-22.75002968],
       [-23.89370573],
       [-20.94550833],
       [-23.59654538],
       [-24.10039416],
       [ -0.23734186],
       [  0.38917844],
       [  0.65901756],
       [-23.62061042],
       [-22.54458349],
       [-18.1576428 ],
       [-24.46818207],
       [-24.2556494 ],
       [-23.64700043],
       [-24.39897173],
       [-24.2282374 ],
       [-23.92838402],
       [ -1.74729299],
       [-23.19806723],
       [  0.81715899],
       [-22.74106371],
       [-24.60583411],
       [-22.581902  ],
       [-23.86445834],
       [-23.64258072],
       [-24.45746684],
       [-23.84437377],
       [-23.62992655],
       [ -2.63911336],
       [ -1.8178857 ],
       [-24.70828244],
       [-24.19190644],
       [-24.06863061],
       [-22.81784772],
       [-23.04302319],
       [-23.49115588],
       [-24.24143627],
       [-24.09938021],
       [-23.95453299]])
<<<<<<<<<<< STEP 23 >>>>>>>>>>>> + array([[-0.12569419],
       [-0.50000354],
       [-0.50000618],
       [-0.50003414],
       [-0.50000113],
       [-0.4999997 ],
       [ 0.01692297],
       [ 0.0237924 ],
       [-0.01547756],
       [-0.50000892],
       [-0.50000881],
       [-0.50011426],
       [-0.50000475],
       [-0.50000479],
       [-0.50000014],
       [-0.50000654],
       [-0.50000571],
       [-0.50000042],
       [-0.00716026],
       [-0.5000004 ],
       [ 0.01212138],
       [-0.50000984],
       [-0.50000198],
       [-0.50000133],
       [-0.50000243],
       [-0.49999938],
       [-0.50000336],
       [-0.49999835],
       [-0.50000076],
       [-0.06729561],
       [-0.01448236],
       [-0.50000385],
       [-0.50000595],
       [-0.50000884],
       [-0.50001016],
       [-0.50000246],
       [-0.49999983],
       [-0.5000044 ],
       [-0.50000515],
       [-0.5000084 ]])
array([[ -3.85847094],
       [-23.25003322],
       [-24.3937119 ],
       [-21.44554248],
       [-24.09654652],
       [-24.60039386],
       [ -0.22041889],
       [  0.41297085],
       [  0.64354   ],
       [-24.12061934],
       [-23.04459229],
       [-18.65775706],
       [-24.96818682],
       [-24.75565419],
       [-24.14700057],
       [-24.89897828],
       [-24.7282431 ],
       [-24.42838444],
       [ -1.75445325],
       [-23.69806763],
       [  0.82928037],
       [-23.24107354],
       [-25.1058361 ],
       [-23.08190333],
       [-24.36446077],
       [-24.1425801 ],
       [-24.95747019],
       [-24.34437213],
       [-24.12992731],
       [ -2.70640897],
       [ -1.83236806],
       [-25.20828629],
       [-24.69191239],
       [-24.56863945],
       [-23.31785788],
       [-23.54302565],
       [-23.99115571],
       [-24.74144067],
       [-24.59938536],
       [-24.45454139]])
<<<<<<<<<<< STEP 24 >>>>>>>>>>>> + array([[-0.13948651],
       [-0.50000273],
       [-0.50000483],
       [-0.50002681],
       [-0.50000088],
       [-0.49999975],
       [ 0.0168012 ],
       [ 0.02355657],
       [-0.01656206],
       [-0.50000698],
       [-0.50000707],
       [-0.50009018],
       [-0.50000373],
       [-0.50000375],
       [-0.50000009],
       [-0.50000515],
       [-0.50000451],
       [-0.50000033],
       [-0.00780132],
       [-0.50000028],
       [ 0.01211038],
       [-0.50000768],
       [-0.50000155],
       [-0.50000108],
       [-0.50000192],
       [-0.49999949],
       [-0.50000264],
       [-0.4999987 ],
       [-0.50000063],
       [-0.06917072],
       [-0.01542798],
       [-0.50000301],
       [-0.50000467],
       [-0.50000691],
       [-0.50000799],
       [-0.50000192],
       [-0.49999984],
       [-0.50000345],
       [-0.50000403],
       [-0.50000656]])
array([[ -3.99795745],
       [-23.75003595],
       [-24.89371674],
       [-21.94556929],
       [-24.5965474 ],
       [-25.10039361],
       [ -0.20361769],
       [  0.43652742],
       [  0.62697794],
       [-24.62062632],
       [-23.54459936],
       [-19.15784723],
       [-25.46819055],
       [-25.25565794],
       [-24.64700066],
       [-25.39898343],
       [-25.22824762],
       [-24.92838477],
       [ -1.76225457],
       [-24.19806791],
       [  0.84139075],
       [-23.74108122],
       [-25.60583764],
       [-23.58190441],
       [-24.86446269],
       [-24.6425796 ],
       [-25.45747284],
       [-24.84437083],
       [-24.62992794],
       [ -2.77557969],
       [ -1.84779604],
       [-25.7082893 ],
       [-25.19191706],
       [-25.06864636],
       [-23.81786588],
       [-24.04302757],
       [-24.49115555],
       [-25.24144412],
       [-25.09938939],
       [-24.95454795]])
<<<<<<<<<<< STEP 25 >>>>>>>>>>>> + array([[-0.15587423],
       [-0.50000211],
       [-0.50000378],
       [-0.50002104],
       [-0.50000068],
       [-0.49999978],
       [ 0.01668143],
       [ 0.02328968],
       [-0.01791437],
       [-0.50000547],
       [-0.50000567],
       [-0.50007113],
       [-0.50000293],
       [-0.50000294],
       [-0.50000006],
       [-0.50000405],
       [-0.50000357],
       [-0.50000025],
       [-0.00840824],
       [-0.50000019],
       [ 0.01210219],
       [-0.50000596],
       [-0.5000012 ],
       [-0.50000087],
       [-0.50000151],
       [-0.49999959],
       [-0.50000208],
       [-0.49999898],
       [-0.50000052],
       [-0.07107372],
       [-0.01614253],
       [-0.50000235],
       [-0.50000366],
       [-0.5000054 ],
       [-0.50000628],
       [-0.5000015 ],
       [-0.49999985],
       [-0.5000027 ],
       [-0.50000315],
       [-0.50000513]])
array([[ -4.15383168],
       [-24.25003806],
       [-25.39372051],
       [-22.44559033],
       [-25.09654808],
       [-25.60039339],
       [ -0.18693626],
       [  0.45981709],
       [  0.60906357],
       [-25.12063179],
       [-24.04460503],
       [-19.65791836],
       [-25.96819348],
       [-25.75566088],
       [-25.14700072],
       [-25.89898747],
       [-25.72825119],
       [-25.42838502],
       [ -1.7706628 ],
       [-24.6980681 ],
       [  0.85349294],
       [-24.24108718],
       [-26.10583885],
       [-24.08190528],
       [-25.36446419],
       [-25.14257918],
       [-25.95747492],
       [-25.34436981],
       [-25.12992846],
       [ -2.84665342],
       [ -1.86393857],
       [-26.20829165],
       [-25.69192072],
       [-25.56865176],
       [-24.31787216],
       [-24.54302908],
       [-24.9911554 ],
       [-25.74144682],
       [-25.59939254],
       [-25.45455308]])
<<<<<<<<<<< STEP 26 >>>>>>>>>>>> + array([[-0.17538421],
       [-0.50000164],
       [-0.50000295],
       [-0.50001651],
       [-0.50000053],
       [-0.49999981],
       [ 0.01655862],
       [ 0.02297849],
       [-0.01958783],
       [-0.50000428],
       [-0.50000454],
       [-0.50005605],
       [-0.5000023 ],
       [-0.5000023 ],
       [-0.50000003],
       [-0.50000318],
       [-0.50000282],
       [-0.50000019],
       [-0.00895487],
       [-0.50000012],
       [ 0.01209672],
       [-0.50000459],
       [-0.50000093],
       [-0.5000007 ],
       [-0.50000118],
       [-0.49999967],
       [-0.50000164],
       [-0.4999992 ],
       [-0.50000043],
       [-0.07295951],
       [-0.01657514],
       [-0.50000184],
       [-0.50000287],
       [-0.50000422],
       [-0.50000494],
       [-0.50000118],
       [-0.49999987],
       [-0.50000212],
       [-0.50000246],
       [-0.50000401]])
array([[ -4.3292159 ],
       [-24.7500397 ],
       [-25.89372346],
       [-22.94560684],
       [-25.59654861],
       [-26.10039321],
       [ -0.17037764],
       [  0.48279558],
       [  0.58947574],
       [-25.62063607],
       [-24.54460957],
       [-20.15797441],
       [-26.46819579],
       [-26.25566318],
       [-25.64700075],
       [-26.39899065],
       [-26.228254  ],
       [-25.92838521],
       [ -1.77961767],
       [-25.19806822],
       [  0.86558966],
       [-24.74109177],
       [-26.60583978],
       [-24.58190598],
       [-25.86446538],
       [-25.64257885],
       [-26.45747655],
       [-25.84436901],
       [-25.62992889],
       [ -2.91961292],
       [ -1.88051371],
       [-26.70829349],
       [-26.19192359],
       [-26.06865598],
       [-24.8178771 ],
       [-25.04303026],
       [-25.49115527],
       [-26.24144894],
       [-26.099395  ],
       [-25.95455708]])
<<<<<<<<<<< STEP 27 >>>>>>>>>>>> + array([[-0.19856961],
       [-0.50000127],
       [-0.5000023 ],
       [-0.50001293],
       [-0.50000042],
       [-0.49999984],
       [ 0.01642608],
       [ 0.02260706],
       [-0.02164466],
       [-0.50000335],
       [-0.50000363],
       [-0.5000441 ],
       [-0.5000018 ],
       [-0.5000018 ],
       [-0.50000001],
       [-0.50000249],
       [-0.50000222],
       [-0.50000014],
       [-0.00940846],
       [-0.50000007],
       [ 0.01209382],
       [-0.5000035 ],
       [-0.50000071],
       [-0.50000056],
       [-0.50000092],
       [-0.49999973],
       [-0.50000129],
       [-0.49999938],
       [-0.50000035],
       [-0.07477227],
       [-0.01666274],
       [-0.50000143],
       [-0.50000225],
       [-0.50000329],
       [-0.50000388],
       [-0.50000092],
       [-0.49999989],
       [-0.50000166],
       [-0.50000193],
       [-0.50000313]])
array([[ -4.52778551],
       [-25.25004097],
       [-26.39372576],
       [-23.44561977],
       [-26.09654902],
       [-26.60039305],
       [ -0.15395157],
       [  0.50540264],
       [  0.56783109],
       [-26.12063942],
       [-25.0446132 ],
       [-20.65801851],
       [-26.96819759],
       [-26.75566498],
       [-26.14700076],
       [-26.89899314],
       [-26.72825623],
       [-26.42838536],
       [ -1.78902614],
       [-25.69806829],
       [  0.87768348],
       [-25.24109526],
       [-27.10584049],
       [-25.08190654],
       [-26.3644663 ],
       [-26.14257858],
       [-26.95747784],
       [-26.34436839],
       [-26.12992924],
       [ -2.99438519],
       [ -1.89717645],
       [-27.20829492],
       [-26.69192583],
       [-26.56865927],
       [-25.31788098],
       [-25.54303117],
       [-25.99115515],
       [-26.7414506 ],
       [-26.59939693],
       [-26.45456021]])
<<<<<<<<<<< STEP 28 >>>>>>>>>>>> + array([[-0.22590892],
       [-0.500001  ],
       [-0.50000178],
       [-0.50001011],
       [-0.50000033],
       [-0.49999986],
       [ 0.01627504],
       [ 0.0221574 ],
       [-0.02415245],
       [-0.50000261],
       [-0.50000291],
       [-0.50003463],
       [-0.50000141],
       [-0.5000014 ],
       [-0.5       ],
       [-0.50000195],
       [-0.50000175],
       [-0.50000011],
       [-0.00972957],
       [-0.50000003],
       [ 0.01209326],
       [-0.50000263],
       [-0.50000054],
       [-0.50000045],
       [-0.50000072],
       [-0.49999979],
       [-0.50000101],
       [-0.49999951],
       [-0.50000029],
       [-0.07645125],
       [-0.01633394],
       [-0.50000111],
       [-0.50000176],
       [-0.50000257],
       [-0.50000304],
       [-0.50000072],
       [-0.4999999 ],
       [-0.5000013 ],
       [-0.50000151],
       [-0.50000244]])
array([[ -4.75369443],
       [-25.75004197],
       [-26.89372754],
       [-23.94562988],
       [-26.59654935],
       [-27.10039291],
       [ -0.13767653],
       [  0.52756004],
       [  0.54367864],
       [-26.62064203],
       [-25.5446161 ],
       [-21.15805314],
       [-27.468199  ],
       [-27.25566638],
       [-26.64700076],
       [-27.39899509],
       [-27.22825798],
       [-26.92838547],
       [ -1.79875571],
       [-26.19806833],
       [  0.88977674],
       [-25.74109789],
       [-27.60584103],
       [-25.58190699],
       [-26.86446702],
       [-26.64257837],
       [-27.45747885],
       [-26.8443679 ],
       [-26.62992953],
       [ -3.07083644],
       [ -1.91351039],
       [-27.70829603],
       [-27.1919276 ],
       [-27.06866183],
       [-25.81788401],
       [-26.04303189],
       [-26.49115506],
       [-27.2414519 ],
       [-27.09939843],
       [-26.95456264]])
<<<<<<<<<<< STEP 29 >>>>>>>>>>>> + array([[-0.25761064],
       [-0.50000078],
       [-0.50000138],
       [-0.50000789],
       [-0.50000026],
       [-0.49999988],
       [ 0.01609449],
       [ 0.02161145],
       [-0.02717548],
       [-0.50000204],
       [-0.50000232],
       [-0.50002712],
       [-0.5000011 ],
       [-0.50000109],
       [-0.49999999],
       [-0.50000152],
       [-0.50000138],
       [-0.50000008],
       [-0.009874  ],
       [-0.5       ],
       [ 0.01209467],
       [-0.50000194],
       [-0.50000041],
       [-0.50000036],
       [-0.50000055],
       [-0.49999983],
       [-0.50000079],
       [-0.49999962],
       [-0.50000023],
       [-0.07794562],
       [-0.01552015],
       [-0.50000086],
       [-0.50000138],
       [-0.500002  ],
       [-0.50000238],
       [-0.50000056],
       [-0.49999992],
       [-0.50000102],
       [-0.50000118],
       [-0.5000019 ]])
array([[ -5.01130507],
       [-26.25004275],
       [-27.39372892],
       [-24.44563777],
       [-27.09654961],
       [-27.6003928 ],
       [ -0.12158204],
       [  0.54917149],
       [  0.51650316],
       [-27.12064407],
       [-26.04461843],
       [-21.65808026],
       [-27.96820009],
       [-27.75566746],
       [-27.14700075],
       [-27.89899661],
       [-27.72825935],
       [-27.42838554],
       [ -1.80862971],
       [-26.69806833],
       [  0.90187141],
       [-26.24109983],
       [-28.10584144],
       [-26.08190735],
       [-27.36446757],
       [-27.1425782 ],
       [-27.95747964],
       [-27.34436752],
       [-27.12992976],
       [ -3.14878206],
       [ -1.92903054],
       [-28.2082969 ],
       [-27.69192898],
       [-27.56866383],
       [-26.31788639],
       [-26.54303245],
       [-26.99115498],
       [-27.74145292],
       [-27.59939961],
       [-27.45456454]])
