<<<<<<<<<<< STEP 0 >>>>>>>>>>>> + array([[-0.59281409],
       [ 0.05175708],
       [-0.49464827],
       [-0.57254718],
       [-0.26293361],
       [-0.55755171],
       [-1.10858981],
       [-1.09032485],
       [-0.93094523],
       [-0.25282003],
       [-1.01418061],
       [ 0.01425263],
       [-0.99395919],
       [-0.93791561],
       [-0.76424499],
       [-0.97520658],
       [-1.01062154],
       [-0.87616178],
       [-0.98515247],
       [-1.05468057],
       [-0.96258632],
       [-0.96202866],
       [-1.00659607],
       [-0.92466396],
       [-0.37331096],
       [-0.96946129],
       [-0.95079917],
       [-1.02778143],
       [-0.82140362],
       [-0.10557824],
       [-0.86984649]])
array([[-0.59281409],
       [ 0.05175708],
       [-0.49464827],
       [-0.57254718],
       [-0.26293361],
       [-0.55755171],
       [-1.10858981],
       [-1.09032485],
       [-0.93094523],
       [-0.25282003],
       [-1.01418061],
       [ 0.01425263],
       [-0.99395919],
       [-0.93791561],
       [-0.76424499],
       [-0.97520658],
       [-1.01062154],
       [-0.87616178],
       [-0.98515247],
       [-1.05468057],
       [-0.96258632],
       [-0.96202866],
       [-1.00659607],
       [-0.92466396],
       [-0.37331096],
       [-0.96946129],
       [-0.95079917],
       [-1.02778143],
       [-0.82140362],
       [-0.10557824],
       [-0.86984649]])
<<<<<<<<<<< STEP 1 >>>>>>>>>>>> + array([[-0.64944295],
       [ 0.0041177 ],
       [-0.5330052 ],
       [-0.63809898],
       [-0.36004433],
       [-0.77420219],
       [-1.03586371],
       [-1.02125824],
       [-0.87221636],
       [-0.34617465],
       [-0.95378616],
       [-0.04220546],
       [-0.95277776],
       [-0.90060239],
       [-0.7131458 ],
       [-0.93200721],
       [-0.96537083],
       [-0.85716762],
       [-0.91281798],
       [-0.95529148],
       [-0.91677326],
       [-0.80830361],
       [-0.95898075],
       [-0.88446202],
       [-0.42456799],
       [-0.9099818 ],
       [-0.92096614],
       [-0.97984181],
       [-0.77101587],
       [-0.17824437],
       [-0.76564256]])
array([[-1.24225703],
       [ 0.05587478],
       [-1.02765347],
       [-1.21064617],
       [-0.62297793],
       [-1.33175391],
       [-2.14445352],
       [-2.11158308],
       [-1.80316158],
       [-0.59899469],
       [-1.96796677],
       [-0.02795283],
       [-1.94673695],
       [-1.83851799],
       [-1.4773908 ],
       [-1.90721379],
       [-1.97599238],
       [-1.7333294 ],
       [-1.89797045],
       [-2.00997206],
       [-1.87935957],
       [-1.77033227],
       [-1.96557682],
       [-1.80912598],
       [-0.79787895],
       [-1.87944309],
       [-1.87176531],
       [-2.00762324],
       [-1.59241949],
       [-0.28382261],
       [-1.63548905]])
<<<<<<<<<<< STEP 2 >>>>>>>>>>>> + array([[-0.67772313],
       [ 0.00219733],
       [-0.53730068],
       [-0.67586217],
       [-0.45792168],
       [-0.91269693],
       [-0.94433002],
       [-0.94086282],
       [-0.81297939],
       [-0.42687984],
       [-0.87540136],
       [-0.069789  ],
       [-0.88124416],
       [-0.84027966],
       [-0.66973305],
       [-0.85531488],
       [-0.87939811],
       [-0.81325062],
       [-0.82425659],
       [-0.85745728],
       [-0.85611085],
       [-0.68952498],
       [-0.89020518],
       [-0.83001667],
       [-0.46958931],
       [-0.8398955 ],
       [-0.85483828],
       [-0.90594041],
       [-0.7163121 ],
       [-0.23160955],
       [-0.66704533]])
array([[-1.91998016],
       [ 0.0580721 ],
       [-1.56495415],
       [-1.88650834],
       [-1.08089962],
       [-2.24445084],
       [-3.08878354],
       [-3.0524459 ],
       [-2.61614097],
       [-1.02587453],
       [-2.84336813],
       [-0.09774183],
       [-2.82798111],
       [-2.67879765],
       [-2.14712385],
       [-2.76252866],
       [-2.85539049],
       [-2.54658002],
       [-2.72222704],
       [-2.86742933],
       [-2.73547042],
       [-2.45985725],
       [-2.855782  ],
       [-2.63914264],
       [-1.26746826],
       [-2.71933859],
       [-2.7266036 ],
       [-2.91356365],
       [-2.30873159],
       [-0.51543216],
       [-2.30253438]])
<<<<<<<<<<< STEP 3 >>>>>>>>>>>> + array([[-0.65709525],
       [ 0.01851992],
       [-0.48233836],
       [-0.66328172],
       [-0.52983912],
       [-0.9085562 ],
       [-0.84432483],
       [-0.84896535],
       [-0.74871642],
       [-0.46789347],
       [-0.78957578],
       [-0.08069711],
       [-0.79511955],
       [-0.7683401 ],
       [-0.62978447],
       [-0.76859036],
       [-0.78392749],
       [-0.74659638],
       [-0.73839315],
       [-0.7687685 ],
       [-0.78526685],
       [-0.61780414],
       [-0.80884676],
       [-0.76616868],
       [-0.50912529],
       [-0.76254017],
       [-0.77524417],
       [-0.81885736],
       [-0.66459433],
       [-0.25015549],
       [-0.59849199]])
array([[-2.57707541],
       [ 0.07659202],
       [-2.04729251],
       [-2.54979006],
       [-1.61073874],
       [-3.15300704],
       [-3.93310837],
       [-3.90141125],
       [-3.36485739],
       [-1.493768  ],
       [-3.63294391],
       [-0.17843894],
       [-3.62310066],
       [-3.44713774],
       [-2.77690832],
       [-3.53111903],
       [-3.63931798],
       [-3.2931764 ],
       [-3.46062018],
       [-3.63619783],
       [-3.52073728],
       [-3.07766139],
       [-3.66462876],
       [-3.40531133],
       [-1.77659356],
       [-3.48187876],
       [-3.50184777],
       [-3.73242101],
       [-2.97332592],
       [-0.76558765],
       [-2.90102637]])
<<<<<<<<<<< STEP 4 >>>>>>>>>>>> + array([[-0.59703584],
       [ 0.03823941],
       [-0.369513  ],
       [-0.608508  ],
       [-0.55448834],
       [-0.81562461],
       [-0.74728713],
       [-0.75362882],
       [-0.68307027],
       [-0.46490602],
       [-0.70733114],
       [-0.08022247],
       [-0.71086485],
       [-0.69498805],
       [-0.59501891],
       [-0.68961939],
       [-0.69903928],
       [-0.6772205 ],
       [-0.66566241],
       [-0.69211575],
       [-0.70872999],
       [-0.5785509 ],
       [-0.72350081],
       [-0.69627851],
       [-0.53488217],
       [-0.68903179],
       [-0.69859535],
       [-0.73081047],
       [-0.61858388],
       [-0.22680465],
       [-0.55709405]])
array([[-3.17411126],
       [ 0.11483143],
       [-2.41680552],
       [-3.15829806],
       [-2.16522709],
       [-3.96863165],
       [-4.6803955 ],
       [-4.65504006],
       [-4.04792766],
       [-1.95867402],
       [-4.34027505],
       [-0.25866141],
       [-4.33396552],
       [-4.14212579],
       [-3.37192723],
       [-4.22073842],
       [-4.33835726],
       [-3.9703969 ],
       [-4.12628259],
       [-4.32831358],
       [-4.22946726],
       [-3.65621229],
       [-4.38812957],
       [-4.10158983],
       [-2.31147573],
       [-4.17091054],
       [-4.20044311],
       [-4.46323148],
       [-3.59190979],
       [-0.99239229],
       [-3.45812042]])
<<<<<<<<<<< STEP 5 >>>>>>>>>>>> + array([[-0.5346126 ],
       [ 0.05399677],
       [-0.23021168],
       [-0.54884661],
       [-0.54583031],
       [-0.71700523],
       [-0.66744946],
       [-0.67215911],
       [-0.62667535],
       [-0.44192647],
       [-0.63945982],
       [-0.07184858],
       [-0.64166685],
       [-0.63206137],
       [-0.56701287],
       [-0.62833861],
       [-0.6337283 ],
       [-0.62018801],
       [-0.61064201],
       [-0.63208457],
       [-0.64071442],
       [-0.55687489],
       [-0.64985374],
       [-0.63314756],
       [-0.54294846],
       [-0.62973194],
       [-0.6359376 ],
       [-0.65668214],
       [-0.58145163],
       [-0.17206993],
       [-0.53283657]])
array([[-3.70872386],
       [ 0.1688282 ],
       [-2.6470172 ],
       [-3.70714467],
       [-2.7110574 ],
       [-4.68563688],
       [-5.34784496],
       [-5.32719917],
       [-4.67460301],
       [-2.40060049],
       [-4.97973487],
       [-0.33050999],
       [-4.97563237],
       [-4.77418716],
       [-3.9389401 ],
       [-4.84907703],
       [-4.97208556],
       [-4.59058491],
       [-4.73692459],
       [-4.96039814],
       [-4.87018168],
       [-4.21308718],
       [-5.03798331],
       [-4.73473739],
       [-2.85442418],
       [-4.80064248],
       [-4.83638072],
       [-5.11991362],
       [-4.17336142],
       [-1.16446223],
       [-3.990957  ]])
<<<<<<<<<<< STEP 6 >>>>>>>>>>>> + array([[-0.49630234],
       [ 0.06354097],
       [-0.09204781],
       [-0.51091907],
       [-0.5285813 ],
       [-0.64290407],
       [-0.61000592],
       [-0.61281574],
       [-0.58451664],
       [-0.42241808],
       [-0.59081275],
       [-0.0602609 ],
       [-0.59233514],
       [-0.58614307],
       [-0.54599803],
       [-0.58525251],
       [-0.58807787],
       [-0.57935715],
       [-0.57242606],
       [-0.58895504],
       [-0.59079275],
       [-0.54334267],
       [-0.59660072],
       [-0.58627133],
       [-0.53902938],
       [-0.58681944],
       [-0.59040605],
       [-0.602723  ],
       [-0.55408502],
       [-0.09901976],
       [-0.51887047]])
array([[-4.20502619],
       [ 0.23236916],
       [-2.73906501],
       [-4.21806374],
       [-3.2396387 ],
       [-5.32854094],
       [-5.95785087],
       [-5.94001491],
       [-5.25911965],
       [-2.82301857],
       [-5.57054762],
       [-0.39077089],
       [-5.56796751],
       [-5.36033023],
       [-4.48493813],
       [-5.43432954],
       [-5.56016343],
       [-5.16994207],
       [-5.30935066],
       [-5.54935318],
       [-5.46097443],
       [-4.75642986],
       [-5.63458403],
       [-5.32100872],
       [-3.39345356],
       [-5.38746192],
       [-5.42678677],
       [-5.72263661],
       [-4.72744644],
       [-1.26348199],
       [-4.50982747]])
<<<<<<<<<<< STEP 7 >>>>>>>>>>>> + array([[-0.48503749],
       [ 0.067838  ],
       [ 0.03399628],
       [-0.49766537],
       [-0.51583801],
       [-0.59317233],
       [-0.57166143],
       [-0.57320363],
       [-0.55546157],
       [-0.41815296],
       [-0.55871916],
       [-0.04942273],
       [-0.55984643],
       [-0.55565919],
       [-0.53109408],
       [-0.55644132],
       [-0.55778443],
       [-0.55208989],
       [-0.54715146],
       [-0.55954369],
       [-0.55792021],
       [-0.5336554 ],
       [-0.56170808],
       [-0.55518243],
       [-0.53084077],
       [-0.5575634 ],
       [-0.55949408],
       [-0.56654052],
       [-0.53515198],
       [-0.01762664],
       [-0.51098634]])
array([[-4.69006369],
       [ 0.30020717],
       [-2.70506873],
       [-4.71572911],
       [-3.7554767 ],
       [-5.92171327],
       [-6.52951231],
       [-6.51321854],
       [-5.81458122],
       [-3.24117153],
       [-6.12926678],
       [-0.44019362],
       [-6.12781394],
       [-5.91598942],
       [-5.01603221],
       [-5.99077086],
       [-6.11794786],
       [-5.72203196],
       [-5.85650212],
       [-6.10889687],
       [-6.01889465],
       [-5.29008525],
       [-6.1962921 ],
       [-5.87619116],
       [-3.92429434],
       [-5.94502533],
       [-5.98628085],
       [-6.28917714],
       [-5.26259842],
       [-1.28110862],
       [-5.02081381]])
<<<<<<<<<<< STEP 8 >>>>>>>>>>>> + array([[-0.49105589],
       [ 0.06858184],
       [ 0.14025845],
       [-0.50002352],
       [-0.50999672],
       [-0.56106151],
       [-0.54689008],
       [-0.5477188 ],
       [-0.53626157],
       [-0.43050928],
       [-0.5382456 ],
       [-0.04101146],
       [-0.53910577],
       [-0.53620067],
       [-0.52090183],
       [-0.53759644],
       [-0.53813197],
       [-0.53438423],
       [-0.53080824],
       [-0.54001148],
       [-0.53722437],
       [-0.52621891],
       [-0.53974086],
       [-0.53552337],
       [-0.5228935 ],
       [-0.53823506],
       [-0.53921699],
       [-0.54318181],
       [-0.5226028 ],
       [ 0.06384832],
       [-0.50656377]])
array([[-5.18111958],
       [ 0.368789  ],
       [-2.56481028],
       [-5.21575263],
       [-4.26547343],
       [-6.48277479],
       [-7.07640239],
       [-7.06093734],
       [-6.35084279],
       [-3.67168081],
       [-6.66751238],
       [-0.48120508],
       [-6.66691971],
       [-6.45219009],
       [-5.53693404],
       [-6.5283673 ],
       [-6.65607983],
       [-6.25641619],
       [-6.38731036],
       [-6.64890835],
       [-6.55611902],
       [-5.81630416],
       [-6.73603296],
       [-6.41171452],
       [-4.44718784],
       [-6.48326038],
       [-6.52549783],
       [-6.83235895],
       [-5.78520123],
       [-1.2172603 ],
       [-5.52737757]])
<<<<<<<<<<< STEP 9 >>>>>>>>>>>> + array([[-0.50181791],
       [ 0.06702871],
       [ 0.2173367 ],
       [-0.50694964],
       [-0.50887208],
       [-0.54055999],
       [-0.53106657],
       [-0.53152234],
       [-0.52383082],
       [-0.45324843],
       [-0.525293  ],
       [-0.03475408],
       [-0.52595614],
       [-0.52391847],
       [-0.51406442],
       [-0.52535898],
       [-0.52546974],
       [-0.5229708 ],
       [-0.52032185],
       [-0.52718095],
       [-0.52437613],
       [-0.52039486],
       [-0.52607172],
       [-0.52328521],
       [-0.51664465],
       [-0.52566096],
       [-0.52612291],
       [-0.52833511],
       [-0.51451802],
       [ 0.13658643],
       [-0.50406833]])
array([[-5.68293749],
       [ 0.43581771],
       [-2.34747358],
       [-5.72270227],
       [-4.77434551],
       [-7.02333477],
       [-7.60746895],
       [-7.59245968],
       [-6.87467361],
       [-4.12492924],
       [-7.19280538],
       [-0.51595916],
       [-7.19287585],
       [-6.97610856],
       [-6.05099846],
       [-7.05372627],
       [-7.18154958],
       [-6.77938699],
       [-6.90763221],
       [-7.1760893 ],
       [-7.08049515],
       [-6.33669902],
       [-7.26210468],
       [-6.93499973],
       [-4.96383248],
       [-7.00892134],
       [-7.05162074],
       [-7.36069405],
       [-6.29971925],
       [-1.08067387],
       [-6.03144591]])
