<<<<<<<<<<< STEP 0 >>>>>>>>>>>> + array([[-0.89636206],
       [ 0.08348779],
       [ 0.06334492],
       [-0.91171249],
       [-0.96131825],
       [-1.13853927],
       [-1.11064799],
       [-1.08870098],
       [-0.33860966],
       [-0.38667109],
       [-1.00312924],
       [-0.1356367 ],
       [-0.99447743],
       [-0.93577491],
       [-0.76443812],
       [-0.96666496],
       [-1.01634695],
       [-0.34546114],
       [-0.48083775],
       [-1.04528381],
       [-0.9559462 ],
       [-0.95494968],
       [-1.00405893],
       [-0.92391337],
       [-0.87616701],
       [-0.96141818],
       [-0.95404088],
       [-1.04650339],
       [-0.40517215],
       [-0.32820638],
       [-0.05460017]])
array([[-0.89636206],
       [ 0.08348779],
       [ 0.06334492],
       [-0.91171249],
       [-0.96131825],
       [-1.13853927],
       [-1.11064799],
       [-1.08870098],
       [-0.33860966],
       [-0.38667109],
       [-1.00312924],
       [-0.1356367 ],
       [-0.99447743],
       [-0.93577491],
       [-0.76443812],
       [-0.96666496],
       [-1.01634695],
       [-0.34546114],
       [-0.48083775],
       [-1.04528381],
       [-0.9559462 ],
       [-0.95494968],
       [-1.00405893],
       [-0.92391337],
       [-0.87616701],
       [-0.96141818],
       [-0.95404088],
       [-1.04650339],
       [-0.40517215],
       [-0.32820638],
       [-0.05460017]])
<<<<<<<<<<< STEP 1 >>>>>>>>>>>> + array([[-0.84191922],
       [ 0.03476142],
       [-0.12704337],
       [-0.85181106],
       [-0.93611687],
       [-1.08032461],
       [-1.06488987],
       [-1.04580992],
       [-0.44220891],
       [-0.53112361],
       [-0.94010437],
       [-0.18375243],
       [-0.9480943 ],
       [-0.89426189],
       [-0.72004939],
       [-0.92729765],
       [-0.95937216],
       [-0.47672566],
       [-0.5653931 ],
       [-0.95560612],
       [-0.89861455],
       [-0.81334664],
       [-0.94803179],
       [-0.87698135],
       [-0.82657774],
       [-0.93048814],
       [-0.94234686],
       [-1.00650048],
       [-0.45698067],
       [-0.4267293 ],
       [-0.04866351]])
array([[-1.73828128],
       [ 0.11824921],
       [-0.06369845],
       [-1.76352355],
       [-1.89743512],
       [-2.21886389],
       [-2.17553786],
       [-2.1345109 ],
       [-0.78081857],
       [-0.9177947 ],
       [-1.94323361],
       [-0.31938913],
       [-1.94257173],
       [-1.83003681],
       [-1.48448751],
       [-1.8939626 ],
       [-1.97571911],
       [-0.82218679],
       [-1.04623085],
       [-2.00088993],
       [-1.85456075],
       [-1.76829632],
       [-1.95209072],
       [-1.80089472],
       [-1.70274475],
       [-1.89190633],
       [-1.89638775],
       [-2.05300388],
       [-0.86215282],
       [-0.75493567],
       [-0.10326368]])
<<<<<<<<<<< STEP 2 >>>>>>>>>>>> + array([[-0.77802598],
       [ 0.03113204],
       [-0.24367086],
       [-0.78367489],
       [-0.87607531],
       [-0.97102396],
       [-0.95774721],
       [-0.94656987],
       [-0.54136683],
       [-0.64011963],
       [-0.85551686],
       [-0.21127779],
       [-0.86672493],
       [-0.82197153],
       [-0.68029143],
       [-0.85391407],
       [-0.87610242],
       [-0.6024459 ],
       [-0.64527181],
       [-0.86734361],
       [-0.81465008],
       [-0.70170736],
       [-0.85429448],
       [-0.79952858],
       [-0.77130056],
       [-0.86212412],
       [-0.87635291],
       [-0.91902958],
       [-0.50899179],
       [-0.49798003],
       [-0.0427366 ]])
array([[-2.51630725],
       [ 0.14938125],
       [-0.30736931],
       [-2.54719843],
       [-2.77351043],
       [-3.18988785],
       [-3.13328507],
       [-3.08108077],
       [-1.32218539],
       [-1.55791433],
       [-2.79875046],
       [-0.53066692],
       [-2.80929666],
       [-2.65200834],
       [-2.16477895],
       [-2.74787668],
       [-2.85182153],
       [-1.42463269],
       [-1.69150266],
       [-2.86823355],
       [-2.66921083],
       [-2.47000368],
       [-2.8063852 ],
       [-2.6004233 ],
       [-2.47404532],
       [-2.75403044],
       [-2.77274066],
       [-2.97203345],
       [-1.37114461],
       [-1.25291571],
       [-0.14600028]])
<<<<<<<<<<< STEP 3 >>>>>>>>>>>> + array([[-0.71449406],
       [ 0.04480245],
       [-0.25642483],
       [-0.71641388],
       [-0.78996778],
       [-0.84997533],
       [-0.83802753],
       [-0.83309408],
       [-0.59478627],
       [-0.67133587],
       [-0.76619925],
       [-0.22743974],
       [-0.77564492],
       [-0.7413988 ],
       [-0.64275926],
       [-0.77124858],
       [-0.78607087],
       [-0.67868593],
       [-0.69323946],
       [-0.78239548],
       [-0.73036107],
       [-0.62764888],
       [-0.75855858],
       [-0.71879677],
       [-0.70466225],
       [-0.77526088],
       [-0.78472199],
       [-0.81352109],
       [-0.54131485],
       [-0.51569405],
       [-0.03634947]])
array([[-3.23080131],
       [ 0.1941837 ],
       [-0.56379414],
       [-3.26361232],
       [-3.56347821],
       [-4.03986318],
       [-3.9713126 ],
       [-3.91417485],
       [-1.91697166],
       [-2.2292502 ],
       [-3.56494971],
       [-0.75810667],
       [-3.58494158],
       [-3.39340714],
       [-2.80753821],
       [-3.51912526],
       [-3.6378924 ],
       [-2.10331862],
       [-2.38474212],
       [-3.65062903],
       [-3.3995719 ],
       [-3.09765256],
       [-3.56494378],
       [-3.31922007],
       [-3.17870757],
       [-3.52929132],
       [-3.55746264],
       [-3.78555454],
       [-1.91245945],
       [-1.76860976],
       [-0.18234975]])
<<<<<<<<<<< STEP 4 >>>>>>>>>>>> + array([[-0.65854196],
       [ 0.05918732],
       [-0.20339856],
       [-0.65825531],
       [-0.70517376],
       [-0.74353324],
       [-0.73509808],
       [-0.73362886],
       [-0.59429185],
       [-0.64335391],
       [-0.6890515 ],
       [-0.23513176],
       [-0.69579997],
       [-0.67141506],
       [-0.60649741],
       [-0.69449322],
       [-0.70431826],
       [-0.68709666],
       [-0.68906974],
       [-0.70321043],
       [-0.66166   ],
       [-0.58290983],
       [-0.6804179 ],
       [-0.65276341],
       [-0.64141548],
       [-0.69348053],
       [-0.69925401],
       [-0.71859791],
       [-0.54346911],
       [-0.49286195],
       [-0.03052708]])
array([[-3.88934327],
       [ 0.25337102],
       [-0.7671927 ],
       [-3.92186763],
       [-4.26865197],
       [-4.78339642],
       [-4.70641068],
       [-4.64780372],
       [-2.51126352],
       [-2.87260411],
       [-4.25400121],
       [-0.99323842],
       [-4.28074156],
       [-4.0648222 ],
       [-3.41403562],
       [-4.21361848],
       [-4.34221066],
       [-2.79041528],
       [-3.07381186],
       [-4.35383946],
       [-4.0612319 ],
       [-3.68056238],
       [-4.24536168],
       [-3.97198348],
       [-3.82012304],
       [-4.22277185],
       [-4.25671666],
       [-4.50415244],
       [-2.45592856],
       [-2.2614717 ],
       [-0.21287683]])
<<<<<<<<<<< STEP 5 >>>>>>>>>>>> + array([[-0.61339078],
       [ 0.06720718],
       [-0.12794776],
       [-0.61228321],
       [-0.63656967],
       [-0.66104335],
       [-0.6565298 ],
       [-0.65686665],
       [-0.56639896],
       [-0.59752225],
       [-0.6292617 ],
       [-0.23656666],
       [-0.63364459],
       [-0.61744416],
       [-0.57455135],
       [-0.63162623],
       [-0.63815933],
       [-0.65234659],
       [-0.64932223],
       [-0.63737584],
       [-0.61084769],
       [-0.55709532],
       [-0.62262792],
       [-0.60433667],
       [-0.59140211],
       [-0.62792574],
       [-0.63189868],
       [-0.64471419],
       [-0.52588263],
       [-0.46034037],
       [-0.0274491 ]])
array([[-4.50273406],
       [ 0.3205782 ],
       [-0.89514046],
       [-4.53415084],
       [-4.90522164],
       [-5.44443977],
       [-5.36294049],
       [-5.30467037],
       [-3.07766248],
       [-3.47012636],
       [-4.88326291],
       [-1.22980509],
       [-4.91438615],
       [-4.68226636],
       [-3.98858696],
       [-4.84524471],
       [-4.98036999],
       [-3.44276187],
       [-3.72313409],
       [-4.99121531],
       [-4.67207959],
       [-4.2376577 ],
       [-4.86798959],
       [-4.57632015],
       [-4.41152515],
       [-4.85069759],
       [-4.88861534],
       [-5.14886663],
       [-2.98181119],
       [-2.72181207],
       [-0.24032593]])
<<<<<<<<<<< STEP 6 >>>>>>>>>>>> + array([[-0.57962404],
       [ 0.06927769],
       [-0.05651491],
       [-0.57839752],
       [-0.58743615],
       [-0.60308935],
       [-0.60150675],
       [-0.60270873],
       [-0.53829918],
       [-0.55881303],
       [-0.58654304],
       [-0.23686349],
       [-0.58924163],
       [-0.57893581],
       [-0.54994143],
       [-0.58573197],
       [-0.59018366],
       [-0.60947439],
       [-0.60444571],
       [-0.58912638],
       [-0.57521041],
       [-0.54132155],
       [-0.58228089],
       [-0.57063577],
       [-0.55617646],
       [-0.58104471],
       [-0.58417675],
       [-0.59267698],
       [-0.50635736],
       [-0.43846467],
       [-0.02753438]])
array([[-5.08235809],
       [ 0.3898559 ],
       [-0.95165538],
       [-5.11254836],
       [-5.49265778],
       [-6.04752912],
       [-5.96444724],
       [-5.90737909],
       [-3.61596166],
       [-4.02893939],
       [-5.46980595],
       [-1.46666857],
       [-5.50362777],
       [-5.26120216],
       [-4.53852839],
       [-5.43097668],
       [-5.57055365],
       [-4.05223627],
       [-4.3275798 ],
       [-5.58034169],
       [-5.24729   ],
       [-4.77897925],
       [-5.45027049],
       [-5.14695592],
       [-4.96770161],
       [-5.4317423 ],
       [-5.47279209],
       [-5.74154361],
       [-3.48816854],
       [-3.16027674],
       [-0.26786031]])
<<<<<<<<<<< STEP 7 >>>>>>>>>>>> + array([[ -5.55727463e-01],
       [  6.82373668e-02],
       [  2.83043332e-04],
       [ -5.54624348e-01],
       [ -5.54768292e-01],
       [ -5.64941125e-01],
       [ -5.65131407e-01],
       [ -5.66664589e-01],
       [ -5.19528590e-01],
       [ -5.32857262e-01],
       [ -5.57642816e-01],
       [ -2.40944888e-01],
       [ -5.59257978e-01],
       [ -5.52825590e-01],
       [ -5.32725201e-01],
       [ -5.54774845e-01],
       [ -5.57932100e-01],
       [ -5.74613004e-01],
       [ -5.68951958e-01],
       [ -5.56618867e-01],
       [ -5.51076041e-01],
       [ -5.30652863e-01],
       [ -5.55177386e-01],
       [ -5.47908192e-01],
       [ -5.33147539e-01],
       [ -5.49976574e-01],
       [ -5.52624106e-01],
       [ -5.58364741e-01],
       [ -4.93396244e-01],
       [ -4.31544758e-01],
       [ -2.98548091e-02]])
array([[-5.63808556],
       [ 0.45809326],
       [-0.95137233],
       [-5.66717271],
       [-6.04742608],
       [-6.61247025],
       [-6.52957865],
       [-6.47404368],
       [-4.13549025],
       [-4.56179666],
       [-6.02744876],
       [-1.70761346],
       [-6.06288575],
       [-5.81402775],
       [-5.07125359],
       [-5.98575153],
       [-6.12848575],
       [-4.62684927],
       [-4.89653175],
       [-6.13696056],
       [-5.79836604],
       [-5.30963212],
       [-6.00544787],
       [-5.69486411],
       [-5.50084915],
       [-5.98171887],
       [-6.0254162 ],
       [-6.29990836],
       [-3.98156479],
       [-3.5918215 ],
       [-0.29771511]])
<<<<<<<<<<< STEP 8 >>>>>>>>>>>> + array([[-0.53927861],
       [ 0.06613973],
       [ 0.0412369 ],
       [-0.53835091],
       [-0.53385849],
       [-0.54063629],
       [-0.54175006],
       [-0.54333203],
       [-0.50905668],
       [-0.51714459],
       [-0.53857111],
       [-0.25143678],
       [-0.539516  ],
       [-0.53553943],
       [-0.52124616],
       [-0.53470718],
       [-0.53703414],
       [-0.54989488],
       [-0.54432514],
       [-0.53560276],
       [-0.53502082],
       [-0.52292702],
       [-0.53731685],
       [-0.53281849],
       [-0.5187643 ],
       [-0.53024236],
       [-0.53252473],
       [-0.53650885],
       [-0.48724562],
       [-0.43570167],
       [-0.03353147]])
array([[-6.17736417],
       [ 0.52423299],
       [-0.91013544],
       [-6.20552361],
       [-6.58128457],
       [-7.15310654],
       [-7.0713287 ],
       [-7.01737571],
       [-4.64454694],
       [-5.07894124],
       [-6.56601988],
       [-1.95905024],
       [-6.60240175],
       [-6.34956719],
       [-5.59249975],
       [-6.52045871],
       [-6.66551989],
       [-5.17674414],
       [-5.44085689],
       [-6.67256332],
       [-6.33338686],
       [-5.83255913],
       [-6.54276472],
       [-6.2276826 ],
       [-6.01961345],
       [-6.51196124],
       [-6.55794093],
       [-6.8364172 ],
       [-4.46881041],
       [-4.02752316],
       [-0.33124658]])
<<<<<<<<<<< STEP 9 >>>>>>>>>>>> + array([[-0.52801457],
       [ 0.06403245],
       [ 0.06879478],
       [-0.52725416],
       [-0.52071705],
       [-0.52536445],
       [-0.52686503],
       [-0.52835297],
       [-0.50371339],
       [-0.50811209],
       [-0.52604288],
       [-0.26921649],
       [-0.52657921],
       [-0.52414679],
       [-0.51373553],
       [-0.52191481],
       [-0.52367649],
       [-0.533196  ],
       [-0.52809904],
       [-0.52225231],
       [-0.52436108],
       [-0.51716737],
       [-0.52558152],
       [-0.52281034],
       [-0.51006487],
       [-0.51800311],
       [-0.51996141],
       [-0.52280582],
       [-0.48564327],
       [-0.44558573],
       [-0.03802746]])
array([[-6.70537874],
       [ 0.58826544],
       [-0.84134065],
       [-6.73277777],
       [-7.10200162],
       [-7.67847099],
       [-7.59819373],
       [-7.54572868],
       [-5.14826033],
       [-5.58705333],
       [-7.09206275],
       [-2.22826673],
       [-7.12898096],
       [-6.87371398],
       [-6.10623528],
       [-7.04237352],
       [-7.18919639],
       [-5.70994015],
       [-5.96895593],
       [-7.19481563],
       [-6.85774794],
       [-6.34972651],
       [-7.06834624],
       [-6.75049295],
       [-6.52967832],
       [-7.02996435],
       [-7.07790233],
       [-7.35922302],
       [-4.95445368],
       [-4.47310889],
       [-0.36927404]])
