<<<<<<<<<<< STEP 0 >>>>>>>>>>>> + array([[-0.42010883],
       [-0.51140781],
       [ 0.20539214],
       [-0.48951981],
       [-0.47606776],
       [-0.52589675],
       [-0.52048439],
       [-0.52059742],
       [-0.51547318],
       [-0.47278184],
       [-0.5159587 ],
       [ 0.04917994],
       [-0.51616428],
       [-0.51514997],
       [-0.51051418],
       [-0.51719322],
       [-0.51664069],
       [-0.51422999],
       [-0.51126219],
       [-0.5167319 ],
       [-0.5157346 ],
       [ 0.03878248],
       [-0.51675802],
       [-0.5150613 ],
       [-0.13414081],
       [-0.51694694],
       [-0.51788138],
       [-0.51935073],
       [-0.50935337],
       [-0.24602252],
       [-0.50345366]])
array([[-5.26208186],
       [-6.68860951],
       [-2.83738679],
       [-6.0897805 ],
       [-5.2214007 ],
       [-7.50378597],
       [-8.12486776],
       [-8.10536459],
       [-7.41648202],
       [-5.27895864],
       [-7.7149925 ],
       [-0.01558002],
       [-7.72297066],
       [-7.47498242],
       [-6.58408694],
       [-7.90488395],
       [-7.69091774],
       [-7.35619203],
       [-7.34736558],
       [-7.67128834],
       [-7.55623922],
       [ 0.43653724],
       [-7.73520729],
       [-7.38764861],
       [-2.65119396],
       [-7.48434344],
       [-7.59040663],
       [-7.93785638],
       [-6.78922201],
       [-3.18822332],
       [-6.6375134 ]])
<<<<<<<<<<< STEP 1 >>>>>>>>>>>> + array([[-0.45884834],
       [-0.50857114],
       [ 0.27533079],
       [-0.49910058],
       [-0.48001394],
       [-0.51727543],
       [-0.51385248],
       [-0.51398885],
       [-0.51014022],
       [-0.476976  ],
       [-0.51089447],
       [ 0.05541306],
       [-0.51101745],
       [-0.51037494],
       [-0.50729487],
       [-0.51146525],
       [-0.51120459],
       [-0.50958015],
       [-0.50732583],
       [-0.51112319],
       [-0.5108736 ],
       [ 0.03579254],
       [-0.51152507],
       [-0.51041638],
       [-0.10632634],
       [-0.51118852],
       [-0.51195175],
       [-0.51297734],
       [-0.50579037],
       [-0.25279757],
       [-0.50226712]])
array([[-5.7209302 ],
       [-7.19718064],
       [-2.56205599],
       [-6.58888108],
       [-5.70141464],
       [-8.0210614 ],
       [-8.63872023],
       [-8.61935344],
       [-7.92662224],
       [-5.75593464],
       [-8.22588697],
       [ 0.03983305],
       [-8.23398811],
       [-7.98535736],
       [-7.09138181],
       [-8.4163492 ],
       [-8.20212233],
       [-7.86577218],
       [-7.85469142],
       [-8.18241153],
       [-8.06711281],
       [ 0.47232978],
       [-8.24673236],
       [-7.89806499],
       [-2.7575203 ],
       [-7.99553196],
       [-8.10235838],
       [-8.45083373],
       [-7.29501238],
       [-3.44102089],
       [-7.13978052]])
<<<<<<<<<<< STEP 2 >>>>>>>>>>>> + array([[-0.48636326],
       [-0.50653158],
       [ 0.31420099],
       [-0.50473708],
       [-0.48492238],
       [-0.51167682],
       [-0.50953633],
       [-0.50971118],
       [-0.50667294],
       [-0.48185199],
       [-0.50765207],
       [ 0.05904307],
       [-0.5077179 ],
       [-0.50733011],
       [-0.50510353],
       [-0.50772571],
       [-0.50765394],
       [-0.50656815],
       [-0.5048047 ],
       [-0.50743546],
       [-0.50781899],
       [ 0.03355672],
       [-0.508221  ],
       [-0.50749132],
       [-0.07964056],
       [-0.50740471],
       [-0.50806327],
       [-0.50884667],
       [-0.50349246],
       [-0.26944803],
       [-0.50157258]])
array([[-6.20729347],
       [-7.70371222],
       [-2.247855  ],
       [-7.09361816],
       [-6.18633702],
       [-8.53273822],
       [-9.14825656],
       [-9.12906461],
       [-8.43329518],
       [-6.23778663],
       [-8.73353903],
       [ 0.09887611],
       [-8.74170601],
       [-8.49268747],
       [-7.59648534],
       [-8.92407491],
       [-8.70977626],
       [-8.37234033],
       [-8.35949611],
       [-8.68984699],
       [-8.57493181],
       [ 0.5058865 ],
       [-8.75495336],
       [-8.40555631],
       [-2.83716086],
       [-8.50293667],
       [-8.61042165],
       [-8.9596804 ],
       [-7.79850484],
       [-3.71046892],
       [-7.6413531 ]])
<<<<<<<<<<< STEP 3 >>>>>>>>>>>> + array([[-0.50080431],
       [-0.50502818],
       [ 0.32366085],
       [-0.50686483],
       [-0.48957229],
       [-0.50800003],
       [-0.50668349],
       [-0.5068886 ],
       [-0.50441137],
       [-0.48645091],
       [-0.50552129],
       [ 0.06072761],
       [-0.5055486 ],
       [-0.50533208],
       [-0.50360286],
       [-0.50526025],
       [-0.50530471],
       [-0.50458497],
       [-0.50317862],
       [-0.50499718],
       [-0.50582531],
       [ 0.03190193],
       [-0.50606214],
       [-0.50557934],
       [-0.05342553],
       [-0.50491133],
       [-0.50549331],
       [-0.50613373],
       [-0.5020296 ],
       [-0.29507523],
       [-0.50114948]])
array([[-6.70809778],
       [-8.2087404 ],
       [-1.92419415],
       [-7.60048299],
       [-6.67590931],
       [-9.04073826],
       [-9.65494006],
       [-9.63595322],
       [-8.93770655],
       [-6.72423754],
       [-9.23906032],
       [ 0.15960372],
       [-9.24725462],
       [-8.99801955],
       [-8.1000882 ],
       [-9.42933517],
       [-9.21508097],
       [-8.87692531],
       [-8.86267473],
       [-9.19484417],
       [-9.08075711],
       [ 0.53778844],
       [-9.2610155 ],
       [-8.91113565],
       [-2.89058639],
       [-9.007848  ],
       [-9.11591496],
       [-9.46581413],
       [-8.30053444],
       [-4.00554415],
       [-8.14250258]])
<<<<<<<<<<< STEP 4 >>>>>>>>>>>> + array([[-0.5064494 ],
       [-0.50389115],
       [ 0.31285178],
       [-0.50694264],
       [-0.49338988],
       [-0.50554984],
       [-0.5047557 ],
       [-0.50497142],
       [-0.50293165],
       [-0.49033019],
       [-0.50406333],
       [ 0.06104298],
       [-0.50406658],
       [-0.50395939],
       [-0.5025692 ],
       [-0.50361642],
       [-0.50372437],
       [-0.50324969],
       [-0.50212143],
       [-0.50337695],
       [-0.50443789],
       [ 0.03065483],
       [-0.50456913],
       [-0.50424825],
       [-0.02717362],
       [-0.50326615],
       [-0.50377807],
       [-0.50431639],
       [-0.5011204 ],
       [-0.3274561 ],
       [-0.50086899]])
array([[ -7.21454718],
       [ -8.71263155],
       [ -1.61134237],
       [ -8.10742562],
       [ -7.1692992 ],
       [ -9.5462881 ],
       [-10.15969575],
       [-10.14092464],
       [ -9.4406382 ],
       [ -7.21456774],
       [ -9.74312365],
       [  0.2206467 ],
       [ -9.7513212 ],
       [ -9.50197894],
       [ -8.60265741],
       [ -9.93295158],
       [ -9.71880534],
       [ -9.380175  ],
       [ -9.36479615],
       [ -9.69822112],
       [ -9.585195  ],
       [  0.56844327],
       [ -9.76558463],
       [ -9.4153839 ],
       [ -2.91776001],
       [ -9.51111415],
       [ -9.61969303],
       [ -9.97013052],
       [ -8.80165484],
       [ -4.33300025],
       [ -8.64337157]])
<<<<<<<<<<< STEP 5 >>>>>>>>>>>> + array([[-0.50768355],
       [-0.50301356],
       [ 0.29099719],
       [-0.50612882],
       [-0.49624923],
       [-0.50389296],
       [-0.5034226 ],
       [-0.50362892],
       [-0.50196155],
       [-0.49338846],
       [-0.50302257],
       [ 0.06045632],
       [-0.50301261],
       [-0.50297006],
       [-0.501853  ],
       [-0.50250875],
       [-0.50264314],
       [-0.50232929],
       [-0.50142856],
       [-0.50229661],
       [-0.50340753],
       [ 0.02966428],
       [-0.50347466],
       [-0.50326035],
       [-0.00070031],
       [-0.50218177],
       [-0.50262262],
       [-0.50307325],
       [-0.50057536],
       [-0.36317893],
       [-0.50066413]])
array([[ -7.72223074],
       [ -9.21564511],
       [ -1.32034518],
       [ -8.61355445],
       [ -7.66554843],
       [-10.05018106],
       [-10.66311835],
       [-10.64455356],
       [ -9.94259975],
       [ -7.7079562 ],
       [-10.24614622],
       [  0.28110302],
       [-10.25433381],
       [-10.004949  ],
       [ -9.10451041],
       [-10.43546033],
       [-10.22144848],
       [ -9.88250429],
       [ -9.86622471],
       [-10.20051773],
       [-10.08860253],
       [  0.59810755],
       [-10.26905929],
       [ -9.91864426],
       [ -2.91846032],
       [-10.01329592],
       [-10.12231566],
       [-10.47320377],
       [ -9.3022302 ],
       [ -4.69617918],
       [ -9.1440357 ]])
<<<<<<<<<<< STEP 6 >>>>>>>>>>>> + array([[-0.50710094],
       [-0.50232876],
       [ 0.26474195],
       [-0.50505537],
       [-0.49824405],
       [-0.50275946],
       [-0.50248401],
       [-0.50266706],
       [-0.50132506],
       [-0.49568297],
       [-0.50225667],
       [ 0.05930301],
       [-0.50224089],
       [-0.50223304],
       [-0.50135319],
       [-0.50175613],
       [-0.50189306],
       [-0.50168261],
       [-0.50097106],
       [-0.50157489],
       [-0.5026113 ],
       [ 0.02881886],
       [-0.5026419 ],
       [-0.50249782],
       [ 0.02585309],
       [-0.50146915],
       [-0.50183889],
       [-0.50220888],
       [-0.50026422],
       [-0.39820473],
       [-0.50050479]])
array([[ -8.22933167],
       [ -9.71797387],
       [ -1.05560323],
       [ -9.11860981],
       [ -8.16379248],
       [-10.55294052],
       [-11.16560236],
       [-11.14722062],
       [-10.44392481],
       [ -8.20363917],
       [-10.74840289],
       [  0.34040603],
       [-10.75657471],
       [-10.50718204],
       [ -9.6058636 ],
       [-10.93721646],
       [-10.72334154],
       [-10.3841869 ],
       [-10.36719577],
       [-10.70209262],
       [-10.59121382],
       [  0.62692641],
       [-10.77170119],
       [-10.42114208],
       [ -2.89260723],
       [-10.51476506],
       [-10.62415455],
       [-10.97541265],
       [ -9.80249442],
       [ -5.09438391],
       [ -9.64454049]])
<<<<<<<<<<< STEP 7 >>>>>>>>>>>> + array([[-0.50594101],
       [-0.50179307],
       [ 0.23823252],
       [-0.50401147],
       [-0.49954197],
       [-0.50197781],
       [-0.50181595],
       [-0.50196935],
       [-0.50090725],
       [-0.49732805],
       [-0.50168485],
       [ 0.05780583],
       [-0.50166774],
       [-0.50167627],
       [-0.50100119],
       [-0.50124167],
       [-0.5013676 ],
       [-0.50122247],
       [-0.50066689],
       [-0.50109214],
       [-0.50198913],
       [ 0.02804741],
       [-0.50200043],
       [-0.50190265],
       [ 0.05224768],
       [-0.50100245],
       [-0.5013049 ],
       [-0.50160192],
       [-0.500098  ],
       [-0.42892933],
       [-0.50037854]])
array([[ -8.73527269],
       [-10.21976694],
       [ -0.81737071],
       [ -9.62262128],
       [ -8.66333445],
       [-11.05491833],
       [-11.66741832],
       [-11.64918997],
       [-10.94483207],
       [ -8.70096722],
       [-11.25008775],
       [  0.39821186],
       [-11.25824244],
       [-11.00885831],
       [-10.1068648 ],
       [-11.43845813],
       [-11.22470914],
       [-10.88540938],
       [-10.86786266],
       [-11.20318477],
       [-11.09320295],
       [  0.65497381],
       [-11.27370162],
       [-10.92304473],
       [ -2.84035955],
       [-11.01576751],
       [-11.12545945],
       [-11.47701457],
       [-10.30259242],
       [ -5.52331324],
       [-10.14491903]])
<<<<<<<<<<< STEP 8 >>>>>>>>>>>> + array([[-0.50473075],
       [-0.50137515],
       [ 0.21370652],
       [-0.50310876],
       [-0.50031899],
       [-0.50143552],
       [-0.50133762],
       [-0.50146078],
       [-0.50063252],
       [-0.49845477],
       [-0.50125665],
       [ 0.05611767],
       [-0.50124056],
       [-0.50125527],
       [-0.50075055],
       [-0.5008882 ],
       [-0.50099691],
       [-0.50089261],
       [-0.50046324],
       [-0.5007685 ],
       [-0.50150579],
       [ 0.02730754],
       [-0.50150788],
       [-0.5014407 ],
       [ 0.07842307],
       [-0.50069737],
       [-0.50093963],
       [-0.50117336],
       [-0.50001769],
       [-0.45323911],
       [-0.50027938]])
array([[ -9.24000344],
       [-10.72114209],
       [ -0.60366419],
       [-10.12573004],
       [ -9.16365345],
       [-11.55635385],
       [-12.16875593],
       [-12.15065075],
       [-11.44546459],
       [ -9.19942199],
       [-11.7513444 ],
       [  0.45432953],
       [-11.759483  ],
       [-11.51011358],
       [-10.60761535],
       [-11.93934632],
       [-11.72570605],
       [-11.38630199],
       [-11.3683259 ],
       [-11.70395326],
       [-11.59470874],
       [  0.68228136],
       [-11.7752095 ],
       [-11.42448543],
       [ -2.76193648],
       [-11.51646488],
       [-11.62639908],
       [-11.97818794],
       [-10.80261011],
       [ -5.97655236],
       [-10.64519842]])
<<<<<<<<<<< STEP 9 >>>>>>>>>>>> + array([[-0.50366514],
       [-0.50105062],
       [ 0.19210442],
       [-0.50237381],
       [-0.50073296],
       [-0.50105685],
       [-0.50099368],
       [-0.50108942],
       [-0.500451  ],
       [-0.49919223],
       [-0.50093665],
       [ 0.0543526 ],
       [-0.5009226 ],
       [-0.50093832],
       [-0.50056988],
       [-0.50064386],
       [-0.50073375],
       [-0.50065499],
       [-0.50032583],
       [-0.50055044],
       [-0.50113451],
       [ 0.02657372],
       [-0.50113294],
       [-0.50108606],
       [ 0.10457233],
       [-0.50049749],
       [-0.50068836],
       [-0.5008694 ],
       [-0.4999856 ],
       [-0.47082404],
       [-0.50020289]])
array([[ -9.74366858],
       [-11.2221927 ],
       [ -0.41155977],
       [-10.62810385],
       [ -9.66438641],
       [-12.0574107 ],
       [-12.66974961],
       [-12.65174017],
       [-11.94591559],
       [ -9.69861422],
       [-12.25228105],
       [  0.50868213],
       [-12.2604056 ],
       [-12.01105189],
       [-11.10818523],
       [-12.43999018],
       [-12.22643979],
       [-11.88695698],
       [-11.86865172],
       [-12.2045037 ],
       [-12.09584324],
       [  0.70885508],
       [-12.27634244],
       [-11.92557149],
       [ -2.65736415],
       [-12.01696237],
       [-12.12708744],
       [-12.47905734],
       [-11.30259571],
       [ -6.4473764 ],
       [-11.14540131]])
<<<<<<<<<<< STEP 10 >>>>>>>>>>>> + array([[-0.50279404],
       [-0.50079983],
       [ 0.17360334],
       [-0.50179579],
       [-0.50091165],
       [-0.50079017],
       [-0.50074518],
       [-0.50081772],
       [-0.50032994],
       [-0.49965413],
       [-0.50069821],
       [ 0.05259666],
       [-0.50068646],
       [-0.50070088],
       [-0.50043799],
       [-0.50047357],
       [-0.50054562],
       [-0.50048309],
       [-0.50023225],
       [-0.50040222],
       [-0.5008523 ],
       [ 0.02582972],
       [-0.50084987],
       [-0.50081656],
       [ 0.13094208],
       [-0.50036546],
       [-0.50051395],
       [-0.50065254],
       [-0.49997871],
       [-0.48265343],
       [-0.50014493]])
array([[-10.24646262],
       [-11.72299254],
       [ -0.23795643],
       [-11.12989964],
       [-10.16529806],
       [-12.55820087],
       [-13.17049479],
       [-13.15255789],
       [-12.44624553],
       [-10.19826835],
       [-12.75297926],
       [  0.56127879],
       [-12.76109206],
       [-12.51175278],
       [-11.60862322],
       [-12.94046375],
       [-12.72698541],
       [-12.38744007],
       [-12.36888397],
       [-12.70490592],
       [-12.59669554],
       [  0.7346848 ],
       [-12.77719231],
       [-12.42638805],
       [ -2.52642208],
       [-12.51732783],
       [-12.6276014 ],
       [-12.97970988],
       [-11.80257442],
       [ -6.93002982],
       [-11.64554624]])
<<<<<<<<<<< STEP 11 >>>>>>>>>>>> + array([[-0.50210893],
       [-0.50060689],
       [ 0.15800177],
       [-0.50135056],
       [-0.50094913],
       [-0.50060025],
       [-0.50056448],
       [-0.50061827],
       [-0.500248  ],
       [-0.49993072],
       [-0.50052091],
       [ 0.05091026],
       [-0.50051133],
       [-0.50052365],
       [-0.50034046],
       [-0.5003536 ],
       [-0.50041001],
       [-0.50035816],
       [-0.50016783],
       [-0.50030015],
       [-0.50063944],
       [ 0.02506494],
       [-0.50063743],
       [-0.50061331],
       [ 0.1574963 ],
       [-0.50027691],
       [-0.50039132],
       [-0.50049651],
       [-0.49998353],
       [-0.49017672],
       [-0.50010171]])
array([[-10.74857155],
       [-12.22359943],
       [ -0.07995466],
       [-11.63125019],
       [-10.66624719],
       [-13.05880113],
       [-13.67105926],
       [-13.65317616],
       [-12.94649353],
       [-10.69819907],
       [-13.25350017],
       [  0.61218904],
       [-13.26160338],
       [-13.01227643],
       [-12.10896368],
       [-13.44081734],
       [-13.22739542],
       [-12.88779823],
       [-12.8690518 ],
       [-13.20520607],
       [-13.09733499],
       [  0.75974974],
       [-13.27782974],
       [-12.92700136],
       [ -2.36892578],
       [-13.01760474],
       [-13.12799272],
       [-13.48020639],
       [-12.30255795],
       [ -7.42020655],
       [-12.14564795]])
<<<<<<<<<<< STEP 12 >>>>>>>>>>>> + array([[-0.50158177],
       [-0.50045903],
       [ 0.14494681],
       [-0.50101196],
       [-0.50090879],
       [-0.50046309],
       [-0.50043197],
       [-0.5004711 ],
       [-0.50019138],
       [-0.5000876 ],
       [-0.50038917],
       [ 0.04933071],
       [-0.50038147],
       [-0.50039162],
       [-0.5002674 ],
       [-0.50026795],
       [-0.50031131],
       [-0.50026691],
       [-0.50012293],
       [-0.50022865],
       [-0.50047969],
       [ 0.02427314],
       [-0.50047853],
       [-0.50046072],
       [ 0.18361975],
       [-0.50021609],
       [-0.50030362],
       [-0.50038298],
       [-0.49999258],
       [-0.4947575 ],
       [-0.5000699 ]])
array([[-11.25015332],
       [-12.72405846],
       [  0.06499215],
       [-12.13226216],
       [-11.16715598],
       [-13.55926422],
       [-14.17149123],
       [-14.15364726],
       [-13.44668491],
       [-11.19828667],
       [-13.75388934],
       [  0.66151976],
       [-13.76198485],
       [-13.51266805],
       [-12.60923108],
       [-13.9410853 ],
       [-13.72770673],
       [-13.38806514],
       [-13.36917473],
       [-13.70543472],
       [-13.59781468],
       [  0.78402288],
       [-13.77830827],
       [-13.42746207],
       [ -2.18530603],
       [-13.51782083],
       [-13.62829634],
       [-13.98058937],
       [-12.80255052],
       [ -7.91496404],
       [-12.64571785]])
<<<<<<<<<<< STEP 13 >>>>>>>>>>>> + array([[-0.50118152],
       [-0.50034615],
       [ 0.13404283],
       [-0.50075653],
       [-0.50083001],
       [-0.50036232],
       [-0.50033377],
       [-0.5003617 ],
       [-0.50015114],
       [-0.50016926],
       [-0.50029124],
       [ 0.04787519],
       [-0.50028511],
       [-0.50029329],
       [-0.50021189],
       [-0.50020585],
       [-0.50023866],
       [-0.50019989],
       [-0.50009121],
       [-0.50017747],
       [-0.5003601 ],
       [ 0.02345352],
       [-0.50035983],
       [-0.50034643],
       [ 0.20797654],
       [-0.50017294],
       [-0.50023953],
       [-0.50029915],
       [-0.50000189],
       [-0.49744601],
       [-0.50004683]])
array([[-11.75133484],
       [-13.2244046 ],
       [  0.19903497],
       [-12.63301869],
       [-11.66798599],
       [-14.05962654],
       [-14.671825  ],
       [-14.65400896],
       [-13.94683605],
       [-11.69845593],
       [-14.25418058],
       [  0.70939494],
       [-14.26226996],
       [-14.01296134],
       [-13.10944298],
       [-14.44129114],
       [-14.2279454 ],
       [-13.88826503],
       [-13.86926595],
       [-14.20561219],
       [-14.09817477],
       [  0.80747639],
       [-14.2786681 ],
       [-13.9278085 ],
       [ -1.97732949],
       [-14.01799377],
       [-14.12853586],
       [-14.48088852],
       [-13.30255241],
       [ -8.41241006],
       [-13.14576467]])
<<<<<<<<<<< STEP 14 >>>>>>>>>>>> + array([[-0.50088024],
       [-0.50026035],
       [ 0.12488964],
       [-0.50056486],
       [-0.5007354 ],
       [-0.5002867 ],
       [-0.50026004],
       [-0.5002796 ],
       [-0.50012151],
       [-0.50020443],
       [-0.50021836],
       [ 0.04654187],
       [-0.50021351],
       [-0.50022003],
       [-0.50016904],
       [-0.50015996],
       [-0.5001845 ],
       [-0.50015038],
       [-0.50006846],
       [-0.50013984],
       [-0.50027066],
       [ 0.02261393],
       [-0.50027112],
       [-0.50026089],
       [ 0.22861412],
       [-0.50014098],
       [-0.50019144],
       [-0.50023612],
       [-0.50000955],
       [-0.4989665 ],
       [-0.50003037]])
array([[-12.25221507],
       [-13.72466495],
       [  0.32392462],
       [-13.13358355],
       [-12.16872139],
       [-14.55991324],
       [-15.17208504],
       [-15.15428856],
       [-14.44695756],
       [-12.19866037],
       [-14.75439894],
       [  0.75593681],
       [-14.76248348],
       [-14.51318137],
       [-13.60961202],
       [-14.94145111],
       [-14.72812989],
       [-14.38841541],
       [-14.36933441],
       [-14.70575203],
       [-14.59844543],
       [  0.83009032],
       [-14.77893922],
       [-14.42806939],
       [ -1.74871537],
       [-14.51813475],
       [-14.6287273 ],
       [-14.98112463],
       [-13.80256197],
       [ -8.91137655],
       [-13.64579504]])
<<<<<<<<<<< STEP 15 >>>>>>>>>>>> + array([[-0.50065488],
       [-0.50019547],
       [ 0.11709064],
       [-0.50042159],
       [-0.50063702],
       [-0.50022853],
       [-0.5002038 ],
       [-0.50021726],
       [-0.50009873],
       [-0.50021108],
       [-0.50016404],
       [ 0.04530981],
       [-0.50016021],
       [-0.50016537],
       [-0.50013536],
       [-0.50012535],
       [-0.5001435 ],
       [-0.50011357],
       [-0.50005187],
       [-0.50011131],
       [-0.50020375],
       [ 0.02177462],
       [-0.50020472],
       [-0.5001968 ],
       [ 0.2433807 ],
       [-0.5001161 ],
       [-0.50015423],
       [-0.50018766],
       [-0.50001478],
       [-0.49978631],
       [-0.5000189 ]])
array([[-12.75286996],
       [-14.22486042],
       [  0.44101526],
       [-13.63400514],
       [-12.6693584 ],
       [-15.06014177],
       [-15.67228884],
       [-15.65450582],
       [-14.9470563 ],
       [-12.69887144],
       [-15.25456297],
       [  0.80124662],
       [-15.26264368],
       [-15.01334675],
       [-14.10974738],
       [-15.44157645],
       [-15.22827339],
       [-14.88852898],
       [-14.86938627],
       [-15.20586334],
       [-15.09864918],
       [  0.85186494],
       [-15.27914394],
       [-14.92826619],
       [ -1.50533467],
       [-15.01825084],
       [-15.12888153],
       [-15.48131229],
       [-14.30257675],
       [ -9.41116287],
       [-14.14581394]])
<<<<<<<<<<< STEP 16 >>>>>>>>>>>> + array([[-0.50048715],
       [-0.50014672],
       [ 0.1102618 ],
       [-0.5003148 ],
       [-0.50054096],
       [-0.50018261],
       [-0.50016016],
       [-0.50016927],
       [-0.50008044],
       [-0.50020043],
       [-0.50012345],
       [ 0.04414101],
       [-0.50012044],
       [-0.50012451],
       [-0.50010838],
       [-0.50009863],
       [-0.50011198],
       [-0.50008602],
       [-0.50003955],
       [-0.50008897],
       [-0.50015362],
       [ 0.02096914],
       [-0.50015487],
       [-0.5001487 ],
       [ 0.25060149],
       [-0.50009573],
       [-0.50012451],
       [-0.5001495 ],
       [-0.50001748],
       [-0.50019511],
       [-0.50001119]])
array([[-13.25335711],
       [-14.72500714],
       [  0.55127705],
       [-14.13431994],
       [-13.16989936],
       [-15.56032438],
       [-16.172449  ],
       [-16.15467509],
       [-15.44713674],
       [-13.19907187],
       [-15.75468642],
       [  0.84538763],
       [-15.76276413],
       [-15.51347126],
       [-14.60985576],
       [-15.94167508],
       [-15.72838538],
       [-15.388615  ],
       [-15.36942582],
       [-15.70595231],
       [-15.5988028 ],
       [  0.87283409],
       [-15.77929881],
       [-15.42841489],
       [ -1.25473318],
       [-15.51834658],
       [-15.62900604],
       [-15.98146179],
       [-14.80259423],
       [ -9.91135797],
       [-14.64582513]])
<<<<<<<<<<< STEP 17 >>>>>>>>>>>> + array([[-0.50036278],
       [-0.50011031],
       [ 0.10406002],
       [-0.50023535],
       [-0.50045053],
       [-0.50014553],
       [-0.50012574],
       [-0.50013185],
       [-0.50006523],
       [-0.50017981],
       [-0.50009306],
       [ 0.0429887 ],
       [-0.50009071],
       [-0.5000939 ],
       [-0.50008644],
       [-0.50007759],
       [-0.50008739],
       [-0.50006528],
       [-0.50003025],
       [-0.50007099],
       [-0.50011599],
       [ 0.02023863],
       [-0.50011733],
       [-0.50011251],
       [ 0.24974084],
       [-0.50007843],
       [-0.50010014],
       [-0.50011882],
       [-0.50001796],
       [-0.50036845],
       [-0.50000623]])
array([[-13.75371988],
       [-15.22511745],
       [  0.65533708],
       [-14.63455529],
       [-13.67034989],
       [-16.06046991],
       [-16.67257474],
       [-16.65480694],
       [-15.94720197],
       [-13.69925168],
       [-16.25477948],
       [  0.88837633],
       [-16.26285483],
       [-16.01356515],
       [-15.1099422 ],
       [-16.44175267],
       [-16.22847277],
       [-15.88868028],
       [-15.86945607],
       [-16.2060233 ],
       [-16.09891878],
       [  0.89307271],
       [-16.27941614],
       [-15.9285274 ],
       [ -1.00499234],
       [-16.01842501],
       [-16.12910618],
       [-16.48158061],
       [-15.3026122 ],
       [-10.41172642],
       [-15.14583136]])
<<<<<<<<<<< STEP 18 >>>>>>>>>>>> + array([[-0.50027075],
       [-0.50008324],
       [ 0.09822655],
       [-0.5001763 ],
       [-0.50036798],
       [-0.5001152 ],
       [-0.50009832],
       [-0.50010241],
       [-0.50005235],
       [-0.50015441],
       [-0.50007025],
       [ 0.04181197],
       [-0.50006842],
       [-0.5000709 ],
       [-0.50006845],
       [-0.5000608 ],
       [-0.50006801],
       [-0.50004959],
       [-0.50002314],
       [-0.50005627],
       [-0.50008767],
       [ 0.0196193 ],
       [-0.50008896],
       [-0.5000852 ],
       [ 0.2416609 ],
       [-0.50006349],
       [-0.50007987],
       [-0.50009385],
       [-0.50001682],
       [-0.50041204],
       [-0.50000322]])
array([[-14.25399063],
       [-15.72520069],
       [  0.75356363],
       [-15.1347316 ],
       [-14.17071786],
       [-16.56058512],
       [-17.17267307],
       [-17.15490934],
       [-16.44725433],
       [-14.19940609],
       [-16.75484973],
       [  0.9301883 ],
       [-16.76292326],
       [-16.51363605],
       [-15.61001065],
       [-16.94181348],
       [-16.72854078],
       [-16.38872987],
       [-16.36947922],
       [-16.70607957],
       [-16.59900645],
       [  0.91269201],
       [-16.7795051 ],
       [-16.42861261],
       [ -0.76333144],
       [-16.5184885 ],
       [-16.62918605],
       [-16.98167445],
       [-15.80262901],
       [-10.91213847],
       [-15.64583458]])
<<<<<<<<<<< STEP 19 >>>>>>>>>>>> + array([[-0.50020265],
       [-0.50006313],
       [ 0.09261789],
       [-0.50013239],
       [-0.50029501],
       [-0.50009037],
       [-0.50007643],
       [-0.50007917],
       [-0.50004148],
       [-0.50012799],
       [-0.50005308],
       [ 0.0405892 ],
       [-0.50005168],
       [-0.50005359],
       [-0.50005374],
       [-0.50004735],
       [-0.50005268],
       [-0.50003767],
       [-0.50001767],
       [-0.50004419],
       [-0.50006632],
       [ 0.0191299 ],
       [-0.50006747],
       [-0.50006455],
       [ 0.22828729],
       [-0.50005065],
       [-0.50006303],
       [-0.50007349],
       [-0.5000147 ],
       [-0.50038942],
       [-0.50000151]])
array([[-14.75419328],
       [-16.22526382],
       [  0.84618151],
       [-15.63486398],
       [-14.67101288],
       [-17.06067549],
       [-17.67274949],
       [-17.65498852],
       [-16.9472958 ],
       [-14.69953408],
       [-17.25490281],
       [  0.97077751],
       [-17.26297494],
       [-17.01368964],
       [-16.11006438],
       [-17.44186083],
       [-17.22859346],
       [-16.88876753],
       [-16.86949689],
       [-17.20612376],
       [-17.09907277],
       [  0.93182192],
       [-17.27957257],
       [-16.92867716],
       [ -0.53504414],
       [-17.01853915],
       [-17.12924909],
       [-17.48174795],
       [-16.30264371],
       [-11.41252788],
       [-16.1458361 ]])
<<<<<<<<<<< STEP 20 >>>>>>>>>>>> + array([[-0.50015217],
       [-0.50004814],
       [ 0.08719905],
       [-0.50009965],
       [-0.50023267],
       [-0.50007023],
       [-0.50005902],
       [-0.5000609 ],
       [-0.50003243],
       [-0.50010315],
       [-0.50004015],
       [ 0.03932227],
       [-0.50003908],
       [-0.50004053],
       [-0.50004182],
       [-0.50003663],
       [-0.5000406 ],
       [-0.5000286 ],
       [-0.50001345],
       [-0.50003437],
       [-0.5000502 ],
       [ 0.01876693],
       [-0.50005117],
       [-0.50004892],
       [ 0.21190159],
       [-0.50003984],
       [-0.50004921],
       [-0.50005704],
       [-0.50001221],
       [-0.50033811],
       [-0.50000062]])
array([[-15.25434545],
       [-16.72531196],
       [  0.93338056],
       [-16.13496364],
       [-15.17124555],
       [-17.56074572],
       [-18.17280852],
       [-18.15504942],
       [-17.44732823],
       [-15.19963722],
       [-17.75494296],
       [  1.01009978],
       [-17.76301402],
       [-17.51373017],
       [-16.6101062 ],
       [-17.94189746],
       [-17.72863406],
       [-17.38879614],
       [-17.36951034],
       [-17.70615813],
       [-17.59912297],
       [  0.95058885],
       [-17.77962374],
       [-17.42872607],
       [ -0.32314255],
       [-17.51857898],
       [-17.6292983 ],
       [-17.98180499],
       [-16.80265592],
       [-11.91286599],
       [-16.64583672]])
<<<<<<<<<<< STEP 21 >>>>>>>>>>>> + array([[-0.50011461],
       [-0.50003689],
       [ 0.08200309],
       [-0.50007519],
       [-0.50018108],
       [-0.50005413],
       [-0.50004532],
       [-0.50004662],
       [-0.50002507],
       [-0.50008136],
       [-0.50003039],
       [ 0.03803017],
       [-0.50002958],
       [-0.50003068],
       [-0.50003229],
       [-0.50002816],
       [-0.50003114],
       [-0.50002171],
       [-0.50001021],
       [-0.5000265 ],
       [-0.50003801],
       [ 0.01850988],
       [-0.5000388 ],
       [-0.50003707],
       [ 0.19449661],
       [-0.50003095],
       [-0.50003806],
       [-0.50004393],
       [-0.50000977],
       [-0.50027919],
       [-0.50000019]])
array([[-15.75446006],
       [-17.22534885],
       [  1.01538366],
       [-16.63503883],
       [-15.67142663],
       [-18.06079985],
       [-18.67285383],
       [-18.65509604],
       [-17.9473533 ],
       [-15.69971858],
       [-18.25497335],
       [  1.04812995],
       [-18.2630436 ],
       [-18.01376085],
       [-17.11013849],
       [-18.44192563],
       [-18.22866519],
       [-17.88881784],
       [-17.86952054],
       [-18.20618464],
       [-18.09916099],
       [  0.96909873],
       [-18.27966254],
       [-17.92876315],
       [ -0.12864594],
       [-18.01860993],
       [-18.12933636],
       [-18.48184891],
       [-17.30266569],
       [-12.41314519],
       [-17.14583691]])
<<<<<<<<<<< STEP 22 >>>>>>>>>>>> + array([[-0.50008655],
       [-0.50002839],
       [ 0.07708432],
       [-0.50005685],
       [-0.50013952],
       [-0.50004145],
       [-0.50003463],
       [-0.50003557],
       [-0.50001921],
       [-0.50006317],
       [-0.50002302],
       [ 0.03673832],
       [-0.50002242],
       [-0.50002324],
       [-0.50002479],
       [-0.50002155],
       [-0.50002379],
       [-0.50001647],
       [-0.50000773],
       [-0.5000203 ],
       [-0.5000288 ],
       [ 0.01833095],
       [-0.50002943],
       [-0.50002811],
       [ 0.17746565],
       [-0.50002382],
       [-0.50002921],
       [-0.50003362],
       [-0.50000761],
       [-0.50022334],
       [-0.50000001]])
array([[-16.25454661],
       [-17.72537724],
       [  1.09246798],
       [-17.13509569],
       [-16.17156615],
       [-18.56084129],
       [-19.17288847],
       [-19.15513161],
       [-18.4473725 ],
       [-16.19978175],
       [-18.75499638],
       [  1.08486827],
       [-18.76306602],
       [-18.51378409],
       [-17.61016328],
       [-18.94194717],
       [-18.72868899],
       [-18.38883432],
       [-18.36952827],
       [-18.70620494],
       [-18.59918979],
       [  0.98742968],
       [-18.77969197],
       [-18.42879126],
       [  0.04881972],
       [-18.51863375],
       [-18.62936557],
       [-18.98188253],
       [-17.80267329],
       [-12.91336853],
       [-17.64583692]])
<<<<<<<<<<< STEP 23 >>>>>>>>>>>> + array([[-0.50006551],
       [-0.50002191],
       [ 0.07248708],
       [-0.50004307],
       [-0.50010674],
       [-0.50003159],
       [-0.50002638],
       [-0.50002706],
       [-0.50001462],
       [-0.50004851],
       [-0.50001745],
       [ 0.03547022],
       [-0.500017  ],
       [-0.50001761],
       [-0.50001895],
       [-0.50001643],
       [-0.50001814],
       [-0.5000125 ],
       [-0.50000584],
       [-0.50001547],
       [-0.50002183],
       [ 0.01820324],
       [-0.50002232],
       [-0.50002131],
       [ 0.16160339],
       [-0.5000182 ],
       [-0.50002231],
       [-0.50002561],
       [-0.50000581],
       [-0.50017502],
       [-0.49999995]])
array([[-16.75461213],
       [-18.22539915],
       [  1.16495506],
       [-17.63513875],
       [-16.67167288],
       [-19.06087288],
       [-19.67291485],
       [-19.65515866],
       [-18.94738712],
       [-16.69983027],
       [-19.25501383],
       [  1.12033849],
       [-19.26308302],
       [-19.0138017 ],
       [-18.11018224],
       [-19.4419636 ],
       [-19.22870712],
       [-18.88884682],
       [-18.86953412],
       [-19.20622041],
       [-19.09921162],
       [  1.00563292],
       [-19.27971429],
       [-18.92881257],
       [  0.21042311],
       [-19.01865195],
       [-19.12938788],
       [-19.48190814],
       [-18.3026791 ],
       [-13.41354354],
       [-18.14583687]])
<<<<<<<<<<< STEP 24 >>>>>>>>>>>> + array([[-0.50004968],
       [-0.50001695],
       [ 0.06823412],
       [-0.50003267],
       [-0.50008127],
       [-0.500024  ],
       [-0.50002006],
       [-0.50002056],
       [-0.50001108],
       [-0.50003698],
       [-0.50001324],
       [ 0.03424344],
       [-0.50001291],
       [-0.50001336],
       [-0.50001445],
       [-0.5000125 ],
       [-0.5000138 ],
       [-0.50000949],
       [-0.50000441],
       [-0.50001176],
       [-0.50001656],
       [ 0.01810497],
       [-0.50001694],
       [-0.50001617],
       [ 0.14725728],
       [-0.50001385],
       [-0.50001698],
       [-0.50001946],
       [-0.50000438],
       [-0.50013531],
       [-0.49999995]])
array([[-17.25466181],
       [-18.7254161 ],
       [  1.23318919],
       [-18.13517142],
       [-17.17175415],
       [-19.56089689],
       [-20.17293491],
       [-20.15517922],
       [-19.44739821],
       [-17.19986725],
       [-19.75502707],
       [  1.15458193],
       [-19.76309592],
       [-19.51381506],
       [-18.61019668],
       [-19.94197611],
       [-19.72872093],
       [-19.38885631],
       [-19.36953853],
       [-19.70623217],
       [-19.59922819],
       [  1.02373789],
       [-19.77973123],
       [-19.42882874],
       [  0.35768038],
       [-19.5186658 ],
       [-19.62940486],
       [-19.9819276 ],
       [-18.80268348],
       [-13.91367886],
       [-18.64583682]])
<<<<<<<<<<< STEP 25 >>>>>>>>>>>> + array([[-0.50003774],
       [-0.50001312],
       [ 0.06432754],
       [-0.50002482],
       [-0.5000617 ],
       [-0.50001821],
       [-0.50001523],
       [-0.5000156 ],
       [-0.50000838],
       [-0.50002806],
       [-0.50001006],
       [ 0.0330691 ],
       [-0.50000981],
       [-0.50001014],
       [-0.500011  ],
       [-0.5000095 ],
       [-0.50001049],
       [-0.50000721],
       [-0.50000333],
       [-0.50000892],
       [-0.50001257],
       [ 0.0180204 ],
       [-0.50001286],
       [-0.50001228],
       [ 0.13449686],
       [-0.50001051],
       [-0.50001289],
       [-0.50001476],
       [-0.50000328],
       [-0.5001037 ],
       [-0.49999996]])
array([[-17.75469955],
       [-19.22542922],
       [  1.29751672],
       [-18.63519624],
       [-17.67181585],
       [-20.0609151 ],
       [-20.67295014],
       [-20.65519482],
       [-19.94740659],
       [-17.69989531],
       [-20.25503713],
       [  1.18765103],
       [-20.26310573],
       [-20.0138252 ],
       [-19.11020768],
       [-20.4419856 ],
       [-20.22873142],
       [-19.88886352],
       [-19.86954186],
       [-20.20624108],
       [-20.09924076],
       [  1.04175829],
       [-20.27974409],
       [-19.92884102],
       [  0.49217724],
       [-20.01867631],
       [-20.12941775],
       [-20.48194236],
       [-19.30268676],
       [-14.41378256],
       [-19.14583678]])
<<<<<<<<<<< STEP 26 >>>>>>>>>>>> + array([[-0.5000287 ],
       [-0.50001017],
       [ 0.06075451],
       [-0.50001888],
       [-0.50004676],
       [-0.5000138 ],
       [-0.50001156],
       [-0.50001184],
       [-0.50000633],
       [-0.50002123],
       [-0.50000764],
       [ 0.031953  ],
       [-0.50000746],
       [-0.50000771],
       [-0.50000836],
       [-0.50000722],
       [-0.50000798],
       [-0.50000548],
       [-0.50000252],
       [-0.50000676],
       [-0.50000955],
       [ 0.01793906],
       [-0.50000977],
       [-0.50000933],
       [ 0.12324344],
       [-0.50000796],
       [-0.50000978],
       [-0.50001118],
       [-0.50000244],
       [-0.50007903],
       [-0.49999997]])
array([[-18.25472825],
       [-19.72543939],
       [  1.35827123],
       [-19.13521512],
       [-18.17186261],
       [-20.5609289 ],
       [-21.1729617 ],
       [-21.15520666],
       [-20.44741291],
       [-18.19991654],
       [-20.75504478],
       [  1.21960403],
       [-20.76311319],
       [-20.51383291],
       [-19.61021604],
       [-20.94199282],
       [-20.7287394 ],
       [-20.38886899],
       [-20.36954438],
       [-20.70624784],
       [-20.59925031],
       [  1.05969735],
       [-20.77975386],
       [-20.42885035],
       [  0.61542069],
       [-20.51868427],
       [-20.62942752],
       [-20.98195354],
       [-19.8026892 ],
       [-14.91386158],
       [-19.64583675]])
<<<<<<<<<<< STEP 27 >>>>>>>>>>>> + array([[-0.50002186],
       [-0.50000789],
       [ 0.05749339],
       [-0.50001437],
       [-0.50003541],
       [-0.50001045],
       [-0.50000878],
       [-0.50000899],
       [-0.50000477],
       [-0.50001604],
       [-0.50000582],
       [ 0.03089707],
       [-0.50000568],
       [-0.50000586],
       [-0.50000636],
       [-0.50000548],
       [-0.50000606],
       [-0.50000417],
       [-0.5000019 ],
       [-0.50000512],
       [-0.50000726],
       [ 0.01785454],
       [-0.50000743],
       [-0.50000709],
       [ 0.11335266],
       [-0.50000603],
       [-0.50000741],
       [-0.50000847],
       [-0.50000181],
       [-0.50006001],
       [-0.49999999]])
array([[-18.75475011],
       [-20.22544728],
       [  1.41576462],
       [-19.63522949],
       [-18.67189803],
       [-21.06093935],
       [-21.67297048],
       [-21.65521565],
       [-20.94741769],
       [-18.69993258],
       [-21.25505059],
       [  1.2505011 ],
       [-21.26311886],
       [-21.01383877],
       [-20.11022239],
       [-21.4419983 ],
       [-21.22874546],
       [-20.88887316],
       [-20.86954629],
       [-21.20625296],
       [-21.09925758],
       [  1.07755189],
       [-21.27976128],
       [-20.92885744],
       [  0.72877335],
       [-21.0186903 ],
       [-21.12943494],
       [-21.48196202],
       [-20.30269101],
       [-15.41392159],
       [-20.14583674]])
<<<<<<<<<<< STEP 28 >>>>>>>>>>>> + array([[-0.50001666],
       [-0.50000612],
       [ 0.05451839],
       [-0.50001095],
       [-0.50002681],
       [-0.50000792],
       [-0.50000666],
       [-0.50000682],
       [-0.5000036 ],
       [-0.5000121 ],
       [-0.50000443],
       [ 0.02990071],
       [-0.50000432],
       [-0.50000446],
       [-0.50000483],
       [-0.50000416],
       [-0.50000461],
       [-0.50000317],
       [-0.50000144],
       [-0.50000388],
       [-0.50000553],
       [ 0.01776322],
       [-0.50000565],
       [-0.5000054 ],
       [ 0.10466092],
       [-0.50000456],
       [-0.50000562],
       [-0.50000642],
       [-0.50000134],
       [-0.50004547],
       [-0.5       ]])
array([[-19.25476677],
       [-20.7254534 ],
       [  1.47028301],
       [-20.13524044],
       [-19.17192484],
       [-21.56094727],
       [-22.17297714],
       [-22.15522247],
       [-21.44742129],
       [-19.19994468],
       [-21.75505502],
       [  1.28040181],
       [-21.76312319],
       [-21.51384323],
       [-20.61022723],
       [-21.94200246],
       [-21.72875007],
       [-21.38887633],
       [-21.36954773],
       [-21.70625684],
       [-21.59926311],
       [  1.09531511],
       [-21.77976694],
       [-21.42886283],
       [  0.83343427],
       [-21.51869486],
       [-21.62944056],
       [-21.98196844],
       [-20.80269234],
       [-15.91396706],
       [-20.64583674]])
<<<<<<<<<<< STEP 29 >>>>>>>>>>>> + array([[-0.50001271],
       [-0.50000474],
       [ 0.05180269],
       [-0.50000835],
       [-0.5000203 ],
       [-0.50000601],
       [-0.50000506],
       [-0.50000518],
       [-0.50000272],
       [-0.50000914],
       [-0.50000337],
       [ 0.02896184],
       [-0.5000033 ],
       [-0.5000034 ],
       [-0.50000368],
       [-0.50000317],
       [-0.50000351],
       [-0.50000241],
       [-0.50000109],
       [-0.50000294],
       [-0.50000421],
       [ 0.01766336],
       [-0.5000043 ],
       [-0.50000411],
       [ 0.09700895],
       [-0.50000346],
       [-0.50000426],
       [-0.50000487],
       [-0.50000099],
       [-0.50003441],
       [-0.50000001]])
array([[-19.75477948],
       [-21.22545814],
       [  1.5220857 ],
       [-20.6352488 ],
       [-19.67194514],
       [-22.06095328],
       [-22.6729822 ],
       [-22.65522766],
       [-21.94742401],
       [-19.69995382],
       [-22.25505839],
       [  1.30936365],
       [-22.26312648],
       [-22.01384663],
       [-21.1102309 ],
       [-22.44200563],
       [-22.22875358],
       [-21.88887874],
       [-21.86954882],
       [-22.20625978],
       [-22.09926732],
       [  1.11297848],
       [-22.27977124],
       [-21.92886694],
       [  0.93044322],
       [-22.01869832],
       [-22.12944482],
       [-22.48197331],
       [-21.30269333],
       [-16.41400148],
       [-21.14583674]])
<<<<<<<<<<< STEP 30 >>>>>>>>>>>> + array([[-0.50000971],
       [-0.50000368],
       [ 0.04932026],
       [-0.50000638],
       [-0.50001538],
       [-0.50000456],
       [-0.50000385],
       [-0.50000394],
       [-0.50000205],
       [-0.5000069 ],
       [-0.50000257],
       [ 0.02807748],
       [-0.50000252],
       [-0.50000259],
       [-0.5000028 ],
       [-0.50000241],
       [-0.50000267],
       [-0.50000184],
       [-0.50000083],
       [-0.50000223],
       [-0.50000321],
       [ 0.01755441],
       [-0.50000328],
       [-0.50000313],
       [ 0.09025211],
       [-0.50000262],
       [-0.50000324],
       [-0.50000369],
       [-0.50000073],
       [-0.50002603],
       [-0.50000001]])
array([[-20.25478919],
       [-21.72546182],
       [  1.57140596],
       [-21.13525518],
       [-20.17196053],
       [-22.56095784],
       [-23.17298605],
       [-23.1552316 ],
       [-22.44742606],
       [-20.19996071],
       [-22.75506096],
       [  1.33744113],
       [-22.763129  ],
       [-22.51384922],
       [-21.6102337 ],
       [-22.94200804],
       [-22.72875625],
       [-22.38888058],
       [-22.36954964],
       [-22.70626201],
       [-22.59927053],
       [  1.13053289],
       [-22.77977452],
       [-22.42887008],
       [  1.02069533],
       [-22.51870094],
       [-22.62944806],
       [-22.981977  ],
       [-21.80269406],
       [-16.91402751],
       [-21.64583675]])
<<<<<<<<<<< STEP 31 >>>>>>>>>>>> + array([[-0.50000742],
       [-0.50000285],
       [ 0.04704682],
       [-0.50000487],
       [-0.50001166],
       [-0.50000346],
       [-0.50000293],
       [-0.500003  ],
       [-0.50000155],
       [-0.50000521],
       [-0.50000196],
       [ 0.02724431],
       [-0.50000192],
       [-0.50000198],
       [-0.50000213],
       [-0.50000183],
       [-0.50000204],
       [-0.5000014 ],
       [-0.50000063],
       [-0.50000169],
       [-0.50000245],
       [ 0.01743654],
       [-0.5000025 ],
       [-0.50000239],
       [ 0.08426377],
       [-0.50000198],
       [-0.50000246],
       [-0.5000028 ],
       [-0.50000054],
       [-0.50001969],
       [-0.50000001]])
array([[-20.75479661],
       [-22.22546467],
       [  1.61845278],
       [-21.63526005],
       [-20.67197219],
       [-23.06096129],
       [-23.67298898],
       [-23.65523459],
       [-22.94742761],
       [-20.69996592],
       [-23.25506293],
       [  1.36468544],
       [-23.26313092],
       [-23.0138512 ],
       [-22.11023583],
       [-23.44200987],
       [-23.22875829],
       [-22.88888199],
       [-22.86955027],
       [-23.2062637 ],
       [-23.09927297],
       [  1.14796943],
       [-23.27977702],
       [-22.92887247],
       [  1.1049591 ],
       [-23.01870292],
       [-23.12945052],
       [-23.4819798 ],
       [-22.3026946 ],
       [-17.4140472 ],
       [-22.14583677]])
<<<<<<<<<<< STEP 32 >>>>>>>>>>>> + array([[-0.50000567],
       [-0.50000221],
       [ 0.04496031],
       [-0.50000372],
       [-0.50000885],
       [-0.50000263],
       [-0.50000223],
       [-0.50000228],
       [-0.50000117],
       [-0.50000394],
       [-0.5000015 ],
       [ 0.02645887],
       [-0.50000147],
       [-0.50000151],
       [-0.50000162],
       [-0.5000014 ],
       [-0.50000155],
       [-0.50000107],
       [-0.50000048],
       [-0.50000129],
       [-0.50000187],
       [ 0.01731033],
       [-0.50000191],
       [-0.50000182],
       [ 0.07893528],
       [-0.50000151],
       [-0.50000187],
       [-0.50000213],
       [-0.5000004 ],
       [-0.50001489],
       [-0.50000001]])
array([[-21.25480228],
       [-22.72546688],
       [  1.66341309],
       [-22.13526377],
       [-21.17198104],
       [-23.56096392],
       [-24.17299121],
       [-24.15523688],
       [-23.44742878],
       [-21.19996986],
       [-23.75506443],
       [  1.39114431],
       [-23.76313239],
       [-23.51385271],
       [-22.61023745],
       [-23.94201127],
       [-23.72875984],
       [-23.38888306],
       [-23.36955074],
       [-23.70626498],
       [-23.59927484],
       [  1.16527976],
       [-23.77977893],
       [-23.42887429],
       [  1.18389439],
       [-23.51870443],
       [-23.62945239],
       [-23.98198193],
       [-22.802695  ],
       [-17.91406209],
       [-22.64583678]])
<<<<<<<<<<< STEP 33 >>>>>>>>>>>> + array([[-0.50000434],
       [-0.50000171],
       [ 0.04304092],
       [-0.50000285],
       [-0.50000672],
       [-0.500002  ],
       [-0.5000017 ],
       [-0.50000174],
       [-0.50000089],
       [-0.50000298],
       [-0.50000115],
       [ 0.02571776],
       [-0.50000112],
       [-0.50000115],
       [-0.50000124],
       [-0.50000106],
       [-0.50000118],
       [-0.50000082],
       [-0.50000036],
       [-0.50000098],
       [-0.50000143],
       [ 0.01717659],
       [-0.50000146],
       [-0.50000139],
       [ 0.07417435],
       [-0.50000114],
       [-0.50000142],
       [-0.50000162],
       [-0.50000029],
       [-0.50001127],
       [-0.50000001]])
array([[-21.75480662],
       [-23.2254686 ],
       [  1.70645401],
       [-22.63526662],
       [-21.67198776],
       [-24.06096592],
       [-24.6729929 ],
       [-24.65523862],
       [-23.94742967],
       [-21.69997284],
       [-24.25506557],
       [  1.41686207],
       [-24.26313351],
       [-24.01385386],
       [-23.11023869],
       [-24.44201233],
       [-24.22876103],
       [-23.88888388],
       [-23.86955111],
       [-24.20626596],
       [-24.09927627],
       [  1.18245635],
       [-24.27978039],
       [-23.92887568],
       [  1.25806873],
       [-24.01870557],
       [-24.12945381],
       [-24.48198355],
       [-23.30269529],
       [-18.41407336],
       [-23.14583679]])
<<<<<<<<<<< STEP 34 >>>>>>>>>>>> + array([[-0.50000332],
       [-0.50000133],
       [ 0.04127105],
       [-0.50000218],
       [-0.5000051 ],
       [-0.50000152],
       [-0.50000129],
       [-0.50000133],
       [-0.50000067],
       [-0.50000226],
       [-0.50000088],
       [ 0.02501773],
       [-0.50000086],
       [-0.50000088],
       [-0.50000094],
       [-0.50000081],
       [-0.5000009 ],
       [-0.50000063],
       [-0.50000027],
       [-0.50000074],
       [-0.50000109],
       [ 0.01703623],
       [-0.50000111],
       [-0.50000106],
       [ 0.06990298],
       [-0.50000087],
       [-0.50000108],
       [-0.50000123],
       [-0.50000022],
       [-0.50000854],
       [-0.50000001]])
array([[-22.25480994],
       [-23.72546992],
       [  1.74772506],
       [-23.1352688 ],
       [-22.17199286],
       [-24.56096744],
       [-25.1729942 ],
       [-25.15523994],
       [-24.44743035],
       [-22.19997509],
       [-24.75506645],
       [  1.4418798 ],
       [-24.76313437],
       [-24.51385474],
       [-23.61023963],
       [-24.94201314],
       [-24.72876193],
       [-24.38888451],
       [-24.36955138],
       [-24.7062667 ],
       [-24.59927736],
       [  1.19949258],
       [-24.7797815 ],
       [-24.42887675],
       [  1.32797171],
       [-24.51870644],
       [-24.62945489],
       [-24.98198478],
       [-23.80269551],
       [-18.9140819 ],
       [-23.6458368 ]])
<<<<<<<<<<< STEP 35 >>>>>>>>>>>> + array([[-0.50000255],
       [-0.50000103],
       [ 0.03963514],
       [-0.50000167],
       [-0.50000388],
       [-0.50000116],
       [-0.50000099],
       [-0.50000101],
       [-0.50000051],
       [-0.50000171],
       [-0.50000067],
       [ 0.02435574],
       [-0.50000066],
       [-0.50000067],
       [-0.50000072],
       [-0.50000062],
       [-0.50000069],
       [-0.50000048],
       [-0.50000021],
       [-0.50000057],
       [-0.50000083],
       [ 0.01689016],
       [-0.50000085],
       [-0.50000081],
       [ 0.06605538],
       [-0.50000066],
       [-0.50000082],
       [-0.50000094],
       [-0.50000016],
       [-0.50000647],
       [-0.50000001]])
array([[-22.75481249],
       [-24.22547095],
       [  1.7873602 ],
       [-23.63527047],
       [-22.67199674],
       [-25.0609686 ],
       [-25.67299518],
       [-25.65524095],
       [-24.94743086],
       [-22.6999768 ],
       [-25.25506712],
       [  1.46623554],
       [-25.26313503],
       [-25.01385542],
       [-24.11024035],
       [-25.44201376],
       [-25.22876262],
       [-24.88888498],
       [-24.86955159],
       [-25.20626727],
       [-25.09927819],
       [  1.21638274],
       [-25.27978236],
       [-24.92887756],
       [  1.39402708],
       [-25.0187071 ],
       [-25.12945571],
       [-25.48198572],
       [-24.30269567],
       [-19.41408837],
       [-24.14583681]])
<<<<<<<<<<< STEP 36 >>>>>>>>>>>> + array([[-0.50000195],
       [-0.5000008 ],
       [ 0.03811949],
       [-0.50000128],
       [-0.50000295],
       [-0.50000088],
       [-0.50000075],
       [-0.50000077],
       [-0.50000039],
       [-0.5000013 ],
       [-0.50000051],
       [ 0.02372893],
       [-0.5000005 ],
       [-0.50000052],
       [-0.50000055],
       [-0.50000047],
       [-0.50000053],
       [-0.50000037],
       [-0.50000016],
       [-0.50000043],
       [-0.50000064],
       [ 0.01673927],
       [-0.50000065],
       [-0.50000062],
       [ 0.06257601],
       [-0.5000005 ],
       [-0.50000063],
       [-0.50000071],
       [-0.50000012],
       [-0.5000049 ],
       [-0.50000001]])
array([[-23.25481444],
       [-24.72547175],
       [  1.82547969],
       [-24.13527175],
       [-23.1719997 ],
       [-25.56096948],
       [-26.17299594],
       [-26.15524173],
       [-25.44743124],
       [-23.1999781 ],
       [-25.75506763],
       [  1.48996447],
       [-25.76313553],
       [-25.51385593],
       [-24.61024091],
       [-25.94201424],
       [-25.72876315],
       [-25.38888535],
       [-25.36955175],
       [-25.7062677 ],
       [-25.59927883],
       [  1.23312201],
       [-25.77978301],
       [-25.42887818],
       [  1.45660309],
       [-25.5187076 ],
       [-25.62945634],
       [-25.98198644],
       [-24.80269579],
       [-19.91409327],
       [-24.64583682]])
<<<<<<<<<<< STEP 37 >>>>>>>>>>>> + array([[-0.5000015 ],
       [-0.50000062],
       [ 0.036712  ],
       [-0.50000098],
       [-0.50000225],
       [-0.50000067],
       [-0.50000058],
       [-0.50000059],
       [-0.50000029],
       [-0.50000098],
       [-0.50000039],
       [ 0.02313471],
       [-0.50000039],
       [-0.5000004 ],
       [-0.50000042],
       [-0.50000036],
       [-0.5000004 ],
       [-0.50000028],
       [-0.50000012],
       [-0.50000033],
       [-0.50000049],
       [ 0.0165844 ],
       [-0.5000005 ],
       [-0.50000048],
       [ 0.05941789],
       [-0.50000038],
       [-0.50000048],
       [-0.50000055],
       [-0.50000009],
       [-0.50000372],
       [-0.50000001]])
array([[-23.75481593],
       [-25.22547237],
       [  1.86219169],
       [-24.63527273],
       [-23.67200195],
       [-26.06097015],
       [-26.67299651],
       [-26.65524232],
       [-25.94743154],
       [-23.69997908],
       [-26.25506803],
       [  1.51309918],
       [-26.26313592],
       [-26.01385633],
       [-25.11024133],
       [-26.4420146 ],
       [-26.22876356],
       [-25.88888563],
       [-25.86955187],
       [-26.20626803],
       [-26.09927932],
       [  1.24970641],
       [-26.27978351],
       [-25.92887866],
       [  1.51602098],
       [-26.01870799],
       [-26.12945682],
       [-26.48198698],
       [-25.30269588],
       [-20.41409699],
       [-25.14583682]])
<<<<<<<<<<< STEP 38 >>>>>>>>>>>> + array([[-0.50000115],
       [-0.50000048],
       [ 0.03540204],
       [-0.50000075],
       [-0.50000171],
       [-0.50000051],
       [-0.50000044],
       [-0.50000045],
       [-0.50000022],
       [-0.50000075],
       [-0.5000003 ],
       [ 0.02257067],
       [-0.5000003 ],
       [-0.5000003 ],
       [-0.50000032],
       [-0.50000028],
       [-0.50000031],
       [-0.50000022],
       [-0.50000009],
       [-0.50000025],
       [-0.50000037],
       [ 0.01642633],
       [-0.50000038],
       [-0.50000037],
       [ 0.05654117],
       [-0.50000029],
       [-0.50000037],
       [-0.50000042],
       [-0.50000007],
       [-0.50000283],
       [-0.50000001]])
array([[-24.25481708],
       [-25.72547285],
       [  1.89759373],
       [-25.13527349],
       [-24.17200366],
       [-26.56097066],
       [-27.17299695],
       [-27.15524277],
       [-26.44743176],
       [-24.19997983],
       [-26.75506833],
       [  1.53566985],
       [-26.76313621],
       [-26.51385663],
       [-25.61024165],
       [-26.94201487],
       [-26.72876386],
       [-26.38888585],
       [-26.36955196],
       [-26.70626828],
       [-26.5992797 ],
       [  1.26613275],
       [-26.77978389],
       [-26.42887902],
       [  1.57256215],
       [-26.51870828],
       [-26.62945719],
       [-26.9819874 ],
       [-25.80269595],
       [-20.91409982],
       [-25.64583683]])
<<<<<<<<<<< STEP 39 >>>>>>>>>>>> + array([[-0.50000088],
       [-0.50000037],
       [ 0.03418021],
       [-0.50000058],
       [-0.50000131],
       [-0.50000039],
       [-0.50000034],
       [-0.50000035],
       [-0.50000017],
       [-0.50000057],
       [-0.50000023],
       [ 0.02203462],
       [-0.50000023],
       [-0.50000023],
       [-0.50000025],
       [-0.50000021],
       [-0.50000024],
       [-0.50000016],
       [-0.50000007],
       [-0.50000019],
       [-0.50000029],
       [ 0.01626576],
       [-0.50000029],
       [-0.50000028],
       [ 0.05391195],
       [-0.50000022],
       [-0.50000028],
       [-0.50000032],
       [-0.50000005],
       [-0.50000215],
       [-0.5       ]])
array([[-24.75481796],
       [-26.22547322],
       [  1.93177395],
       [-25.63527406],
       [-24.67200497],
       [-27.06097106],
       [-27.67299729],
       [-27.65524311],
       [-26.94743193],
       [-24.6999804 ],
       [-27.25506856],
       [  1.55770447],
       [-27.26313644],
       [-27.01385686],
       [-26.11024189],
       [-27.44201509],
       [-27.2287641 ],
       [-26.88888601],
       [-26.86955204],
       [-27.20626847],
       [-27.09927998],
       [  1.28239851],
       [-27.27978418],
       [-26.9288793 ],
       [  1.62647411],
       [-27.0187085 ],
       [-27.12945747],
       [-27.48198771],
       [-26.30269599],
       [-21.41410197],
       [-26.14583683]])
