<<<<<<<<<<< STEP 0 >>>>>>>>>>>> + array([[-0.46774804],
       [-0.3046097 ],
       [-0.36947293],
       [-0.91084873],
       [-0.55571596],
       [-0.92038068],
       [-1.10643321],
       [-1.08027651],
       [-0.92479848],
       [-0.60054643],
       [-1.01393739],
       [-0.3582546 ],
       [-0.99245355],
       [-0.93909484],
       [-0.76537798],
       [-0.97112522],
       [-1.01449823],
       [-0.87965961],
       [-0.73320449],
       [-1.05322609],
       [-0.95696861],
       [-0.95728563],
       [-1.00424634],
       [-0.92543404],
       [-0.87439488],
       [-0.96930771],
       [-0.95597931],
       [-1.05361415],
       [-0.81845471],
       [-0.49636487],
       [-0.27873972]])
array([[-0.46774804],
       [-0.3046097 ],
       [-0.36947293],
       [-0.91084873],
       [-0.55571596],
       [-0.92038068],
       [-1.10643321],
       [-1.08027651],
       [-0.92479848],
       [-0.60054643],
       [-1.01393739],
       [-0.3582546 ],
       [-0.99245355],
       [-0.93909484],
       [-0.76537798],
       [-0.97112522],
       [-1.01449823],
       [-0.87965961],
       [-0.73320449],
       [-1.05322609],
       [-0.95696861],
       [-0.95728563],
       [-1.00424634],
       [-0.92543404],
       [-0.87439488],
       [-0.96930771],
       [-0.95597931],
       [-1.05361415],
       [-0.81845471],
       [-0.49636487],
       [-0.27873972]])
<<<<<<<<<<< STEP 1 >>>>>>>>>>>> + array([[-0.52878329],
       [-0.34912077],
       [-0.44083986],
       [-0.86628113],
       [-0.66135342],
       [-1.02424952],
       [-1.05900465],
       [-1.04082302],
       [-0.88360554],
       [-0.68542352],
       [-0.95776717],
       [-0.42422756],
       [-0.95765015],
       [-0.90244747],
       [-0.71871273],
       [-0.94066149],
       [-0.97194321],
       [-0.86840905],
       [-0.8022097 ],
       [-0.97456029],
       [-0.90460842],
       [-0.83258395],
       [-0.9515503 ],
       [-0.87922155],
       [-0.79923062],
       [-0.9333239 ],
       [-0.94011005],
       [-1.0202092 ],
       [-0.76104573],
       [-0.56537528],
       [-0.31820195]])
array([[-0.99653134],
       [-0.65373047],
       [-0.81031279],
       [-1.77712985],
       [-1.21706938],
       [-1.9446302 ],
       [-2.16543786],
       [-2.12109953],
       [-1.80840401],
       [-1.28596995],
       [-1.97170455],
       [-0.78248216],
       [-1.9501037 ],
       [-1.84154231],
       [-1.48409071],
       [-1.91178671],
       [-1.98644144],
       [-1.74806866],
       [-1.5354142 ],
       [-2.02778638],
       [-1.86157703],
       [-1.78986958],
       [-1.95579664],
       [-1.80465559],
       [-1.6736255 ],
       [-1.90263162],
       [-1.89608936],
       [-2.07382334],
       [-1.57950044],
       [-1.06174015],
       [-0.59694167]])
<<<<<<<<<<< STEP 2 >>>>>>>>>>>> + array([[-0.55039085],
       [-0.33951273],
       [-0.49053239],
       [-0.81967541],
       [-0.74753998],
       [-0.99488772],
       [-0.97310688],
       [-0.96566014],
       [-0.83335623],
       [-0.73514299],
       [-0.88178916],
       [-0.49659423],
       [-0.88877044],
       [-0.84141535],
       [-0.68298588],
       [-0.87636634],
       [-0.89978125],
       [-0.83363942],
       [-0.80834877],
       [-0.89239366],
       [-0.83715228],
       [-0.72671971],
       [-0.87587305],
       [-0.81652439],
       [-0.74155834],
       [-0.8680947 ],
       [-0.88147798],
       [-0.94198191],
       [-0.7104017 ],
       [-0.60609496],
       [-0.36011257]])
array([[-1.54692218],
       [-0.9932432 ],
       [-1.30084519],
       [-2.59680527],
       [-1.96460936],
       [-2.93951792],
       [-3.13854474],
       [-3.08675967],
       [-2.64176024],
       [-2.02111294],
       [-2.85349371],
       [-1.27907638],
       [-2.83887414],
       [-2.68295766],
       [-2.16707659],
       [-2.78815305],
       [-2.88622269],
       [-2.58170808],
       [-2.34376297],
       [-2.92018004],
       [-2.69872931],
       [-2.51658929],
       [-2.83166969],
       [-2.62117998],
       [-2.41518384],
       [-2.77072632],
       [-2.77756734],
       [-3.01580526],
       [-2.28990214],
       [-1.66783511],
       [-0.95705423]])
<<<<<<<<<<< STEP 3 >>>>>>>>>>>> + array([[-0.51549032],
       [-0.29665367],
       [-0.4835641 ],
       [-0.76170855],
       [-0.76831311],
       [-0.88284732],
       [-0.85976165],
       [-0.86045393],
       [-0.76120542],
       [-0.72207357],
       [-0.79434592],
       [-0.56189685],
       [-0.80030784],
       [-0.76747092],
       [-0.64804108],
       [-0.78741176],
       [-0.80497917],
       [-0.76765291],
       [-0.75737005],
       [-0.79860243],
       [-0.76428252],
       [-0.65354446],
       [-0.7908747 ],
       [-0.74860903],
       [-0.68620126],
       [-0.77745435],
       [-0.79176829],
       [-0.83543056],
       [-0.65670444],
       [-0.60630384],
       [-0.40345841]])
array([[-2.0624125 ],
       [-1.28989687],
       [-1.78440929],
       [-3.35851382],
       [-2.73292246],
       [-3.82236524],
       [-3.99830639],
       [-3.94721359],
       [-3.40296567],
       [-2.74318651],
       [-3.64783963],
       [-1.84097323],
       [-3.63918198],
       [-3.45042857],
       [-2.81511768],
       [-3.57556482],
       [-3.69120185],
       [-3.34936098],
       [-3.10113302],
       [-3.71878247],
       [-3.46301183],
       [-3.17013375],
       [-3.62254438],
       [-3.36978901],
       [-3.1013851 ],
       [-3.54818067],
       [-3.56933563],
       [-3.85123581],
       [-2.94660658],
       [-2.27413895],
       [-1.36051265]])
<<<<<<<<<<< STEP 4 >>>>>>>>>>>> + array([[-0.44286789],
       [-0.25169904],
       [-0.42345313],
       [-0.69847438],
       [-0.71873823],
       [-0.75987833],
       [-0.74747688],
       [-0.75194721],
       [-0.68089892],
       [-0.66518332],
       [-0.71023738],
       [-0.59213475],
       [-0.7136212 ],
       [-0.69408098],
       [-0.60909869],
       [-0.69769734],
       [-0.71043469],
       [-0.69124075],
       [-0.68416167],
       [-0.70499876],
       [-0.69469895],
       [-0.60588211],
       [-0.71037729],
       [-0.68361001],
       [-0.62725127],
       [-0.68678078],
       [-0.69938179],
       [-0.72965422],
       [-0.6032066 ],
       [-0.57760142],
       [-0.44613539]])
array([[-2.50528039],
       [-1.54159591],
       [-2.20786242],
       [-4.0569882 ],
       [-3.4516607 ],
       [-4.58224357],
       [-4.74578328],
       [-4.6991608 ],
       [-4.08386458],
       [-3.40836983],
       [-4.35807701],
       [-2.43310798],
       [-4.35280318],
       [-4.14450956],
       [-3.42421637],
       [-4.27326216],
       [-4.40163654],
       [-4.04060174],
       [-3.78529469],
       [-4.42378123],
       [-4.15771078],
       [-3.77601586],
       [-4.33292167],
       [-4.05339902],
       [-3.72863637],
       [-4.23496145],
       [-4.26871742],
       [-4.58089003],
       [-3.54981318],
       [-2.85174037],
       [-1.80664804]])
<<<<<<<<<<< STEP 5 >>>>>>>>>>>> + array([[-0.36430941],
       [-0.22121982],
       [-0.34157246],
       [-0.641655  ],
       [-0.64814751],
       [-0.66398514],
       [-0.65960153],
       [-0.66485728],
       [-0.61452579],
       [-0.6048242 ],
       [-0.64185915],
       [-0.58659886],
       [-0.64342689],
       [-0.63289822],
       [-0.57339945],
       [-0.62673856],
       [-0.63570798],
       [-0.62628066],
       [-0.61960193],
       [-0.63050473],
       [-0.63661775],
       [-0.57381466],
       [-0.64492453],
       [-0.62908289],
       [-0.57754696],
       [-0.61662365],
       [-0.62668833],
       [-0.64720133],
       [-0.56104498],
       [-0.54514722],
       [-0.4810134 ]])
array([[-2.8695898 ],
       [-1.76281573],
       [-2.54943488],
       [-4.69864321],
       [-4.09980821],
       [-5.24622871],
       [-5.40538481],
       [-5.36401807],
       [-4.69839038],
       [-4.01319403],
       [-4.99993616],
       [-3.01970684],
       [-4.99623008],
       [-4.77740778],
       [-3.99761582],
       [-4.90000072],
       [-5.03734452],
       [-4.6668824 ],
       [-4.40489661],
       [-5.05428596],
       [-4.79432853],
       [-4.34983052],
       [-4.9778462 ],
       [-4.68248191],
       [-4.30618333],
       [-4.85158511],
       [-4.89540574],
       [-5.22809136],
       [-4.11085816],
       [-3.39688759],
       [-2.28766145]])
<<<<<<<<<<< STEP 6 >>>>>>>>>>>> + array([[-0.29897732],
       [-0.20661682],
       [-0.26320204],
       [-0.59774234],
       [-0.59154022],
       [-0.60051737],
       [-0.60025082],
       [-0.60499358],
       [-0.56929223],
       [-0.56087454],
       [-0.59299055],
       [-0.56660697],
       [-0.59358852],
       [-0.58828017],
       [-0.54671357],
       [-0.5785619 ],
       [-0.58481817],
       [-0.58019827],
       [-0.57399552],
       [-0.58003959],
       [-0.59335154],
       [-0.55147812],
       [-0.59746324],
       [-0.58829256],
       [-0.54398297],
       [-0.57030696],
       [-0.5779728 ],
       [-0.5918564 ],
       [-0.53359925],
       [-0.52198233],
       [-0.50239166]])
array([[-3.16856712],
       [-1.96943255],
       [-2.81263692],
       [-5.29638554],
       [-4.69134843],
       [-5.84674608],
       [-6.00563563],
       [-5.96901165],
       [-5.26768261],
       [-4.57406857],
       [-5.59292672],
       [-3.5863138 ],
       [-5.5898186 ],
       [-5.36568795],
       [-4.54432939],
       [-5.47856262],
       [-5.62216269],
       [-5.24708067],
       [-4.97889213],
       [-5.63432555],
       [-5.38768007],
       [-4.90130864],
       [-5.57530944],
       [-5.27077447],
       [-4.85016629],
       [-5.42189206],
       [-5.47337854],
       [-5.81994776],
       [-4.6444574 ],
       [-3.91886992],
       [-2.7900531 ]])
<<<<<<<<<<< STEP 7 >>>>>>>>>>>> + array([[-0.25243341],
       [-0.20532331],
       [-0.19641027],
       [-0.56665204],
       [-0.55424287],
       [-0.56121844],
       [-0.56269555],
       [-0.56658558],
       [-0.54112589],
       [-0.53342736],
       [-0.56048427],
       [-0.54693054],
       [-0.56061574],
       [-0.55811912],
       [-0.52896415],
       [-0.54814291],
       [-0.55253428],
       [-0.55027041],
       [-0.5448723 ],
       [-0.54840303],
       [-0.56327126],
       [-0.53584333],
       [-0.5651762 ],
       [-0.55985737],
       [-0.52373887],
       [-0.54181121],
       [-0.54753817],
       [-0.55705339],
       [-0.51744777],
       [-0.50840239],
       [-0.51159383]])
array([[-3.42100053],
       [-2.17475586],
       [-3.0090472 ],
       [-5.86303758],
       [-5.2455913 ],
       [-6.40796452],
       [-6.56833118],
       [-6.53559723],
       [-5.80880849],
       [-5.10749593],
       [-6.15341099],
       [-4.13324435],
       [-6.15043434],
       [-5.92380707],
       [-5.07329354],
       [-6.02670553],
       [-6.17469697],
       [-5.79735108],
       [-5.52376444],
       [-6.18272858],
       [-5.95095133],
       [-5.43715197],
       [-6.14048564],
       [-5.83063184],
       [-5.37390517],
       [-5.96370327],
       [-6.0209167 ],
       [-6.37700115],
       [-5.16190517],
       [-4.42727231],
       [-3.30164693]])
<<<<<<<<<<< STEP 8 >>>>>>>>>>>> + array([[-0.22420514],
       [-0.2149707 ],
       [-0.13943559],
       [-0.54550044],
       [-0.53139608],
       [-0.53736032],
       [-0.53940401],
       [-0.54247565],
       [-0.52418498],
       [-0.51736385],
       [-0.53948331],
       [-0.53192158],
       [-0.53940488],
       [-0.53837447],
       [-0.5177672 ],
       [-0.52944307],
       [-0.5325654 ],
       [-0.5314937 ],
       [-0.52700988],
       [-0.52913557],
       [-0.54300348],
       [-0.52492297],
       [-0.54378396],
       [-0.54067106],
       [-0.51212648],
       [-0.52470055],
       [-0.52895816],
       [-0.5355987 ],
       [-0.50840035],
       [-0.50125251],
       [-0.51351024]])
array([[-3.64520567],
       [-2.38972656],
       [-3.14848278],
       [-6.40853802],
       [-5.77698738],
       [-6.94532485],
       [-7.10773519],
       [-7.07807288],
       [-6.33299347],
       [-5.62485978],
       [-6.6928943 ],
       [-4.66516593],
       [-6.68983922],
       [-6.46218154],
       [-5.59106074],
       [-6.5561486 ],
       [-6.70726237],
       [-6.32884478],
       [-6.05077431],
       [-6.71186415],
       [-6.49395481],
       [-5.96207494],
       [-6.6842696 ],
       [-6.3713029 ],
       [-5.88603165],
       [-6.48840382],
       [-6.54987486],
       [-6.91259986],
       [-5.67030553],
       [-4.92852482],
       [-3.81515718]])
<<<<<<<<<<< STEP 9 >>>>>>>>>>>> + array([[-0.21289027],
       [-0.23378892],
       [-0.08747705],
       [-0.53129089],
       [-0.51781997],
       [-0.52290982],
       [-0.52498004],
       [-0.52736934],
       [-0.51412605],
       [-0.50829601],
       [-0.52600331],
       [-0.52146261],
       [-0.52584152],
       [-0.52555476],
       [-0.51085263],
       [-0.5180313 ],
       [-0.52028037],
       [-0.51982633],
       [-0.51621133],
       [-0.51750577],
       [-0.52946734],
       [-0.51728471],
       [-0.52968957],
       [-0.52785116],
       [-0.50566337],
       [-0.51450521],
       [-0.51767405],
       [-0.52239584],
       [-0.50350676],
       [-0.49785788],
       [-0.51225444]])
array([[-3.85809594],
       [-2.62351548],
       [-3.23595984],
       [-6.93982891],
       [-6.29480735],
       [-7.46823467],
       [-7.63271523],
       [-7.60544222],
       [-6.84711952],
       [-6.13315579],
       [-7.21889761],
       [-5.18662854],
       [-7.21568074],
       [-6.98773629],
       [-6.10191337],
       [-7.07417989],
       [-7.22754274],
       [-6.84867111],
       [-6.56698565],
       [-7.22936992],
       [-7.02342215],
       [-6.47935965],
       [-7.21395917],
       [-6.89915406],
       [-6.39169502],
       [-7.00290903],
       [-7.06754891],
       [-7.4349957 ],
       [-6.17381228],
       [-5.4263827 ],
       [-4.32741162]])
