<<<<<<<<<<< STEP 0 >>>>>>>>>>>> + array([[-0.50028074],
       [-0.5003181 ],
       [-0.501021  ],
       [-0.50178398],
       [-0.50018738],
       [ 0.00247928],
       [-0.50025214],
       [-0.00742653],
       [-0.50276213],
       [-0.50276189],
       [ 0.00093005],
       [-0.50178307],
       [-0.50280735],
       [-0.50122795],
       [-0.50026825],
       [-0.0025797 ],
       [-0.50287423],
       [-0.50022883],
       [-0.5002947 ],
       [-0.50038346],
       [-0.01105168],
       [-0.01541913],
       [-0.50269208],
       [-0.50102814],
       [-0.0166641 ],
       [-0.50096363],
       [-0.5009559 ],
       [-0.50033304],
       [-0.5010048 ],
       [-0.50101516],
       [-0.01564019],
       [-0.50266024],
       [-0.5005363 ],
       [-0.50028892],
       [-0.50095996],
       [-0.50032411],
       [-0.50026844],
       [-0.05012284],
       [-0.50107074],
       [-0.01119793]])
array([[-13.83418699],
       [-13.97596074],
       [-14.24971906],
       [-12.1562225 ],
       [-13.86732597],
       [ -0.30854964],
       [-14.03107339],
       [ -0.9517884 ],
       [-11.64357506],
       [-12.8630276 ],
       [ -0.32690656],
       [-12.16610994],
       [-12.84558715],
       [-14.22807451],
       [-13.89997586],
       [ -0.53266919],
       [-12.84319039],
       [-13.93629753],
       [-11.89827777],
       [-11.95175525],
       [ -0.98061052],
       [ -1.07945721],
       [-12.89156739],
       [-14.13940541],
       [  0.29769494],
       [-14.24035349],
       [-14.13294645],
       [-13.93566951],
       [-14.20505269],
       [-14.23035481],
       [ -1.77851677],
       [-12.92217039],
       [-13.92971333],
       [-13.97881619],
       [-14.27696702],
       [-11.94218221],
       [-11.96786127],
       [ -1.67948733],
       [-14.17260165],
       [ -0.95938904]])
<<<<<<<<<<< STEP 1 >>>>>>>>>>>> + array([[-0.50017426],
       [-0.50019891],
       [-0.50076326],
       [-0.50139429],
       [-0.50010152],
       [ 0.00272554],
       [-0.5001449 ],
       [-0.00694511],
       [-0.5021911 ],
       [-0.50217461],
       [ 0.00119606],
       [-0.50139123],
       [-0.50220955],
       [-0.50092775],
       [-0.50016116],
       [-0.00219173],
       [-0.50225975],
       [-0.50012788],
       [-0.50020048],
       [-0.50027268],
       [-0.01062014],
       [-0.01498406],
       [-0.50211387],
       [-0.5007739 ],
       [-0.01790503],
       [-0.50071759],
       [-0.50071777],
       [-0.50021318],
       [-0.50075255],
       [-0.50075963],
       [-0.0145534 ],
       [-0.50208827],
       [-0.50037218],
       [-0.5001765 ],
       [-0.50071388],
       [-0.50021846],
       [-0.50017825],
       [-0.04955542],
       [-0.50080494],
       [-0.01073658]])
array([[-14.33436125],
       [-14.47615966],
       [-14.75048233],
       [-12.65761679],
       [-14.36742749],
       [ -0.3058241 ],
       [-14.53121828],
       [ -0.95873351],
       [-12.14576616],
       [-13.36520221],
       [ -0.3257105 ],
       [-12.66750116],
       [-13.3477967 ],
       [-14.72900225],
       [-14.40013702],
       [ -0.53486092],
       [-13.34545014],
       [-14.43642542],
       [-12.39847826],
       [-12.45202793],
       [ -0.99123066],
       [ -1.09444127],
       [-13.39368126],
       [-14.64017931],
       [  0.27978991],
       [-14.74107109],
       [-14.63366422],
       [-14.43588269],
       [-14.70580524],
       [-14.73111444],
       [ -1.79307017],
       [-13.42425867],
       [-14.43008551],
       [-14.47899269],
       [-14.77768089],
       [-12.44240067],
       [-12.46803952],
       [ -1.72904275],
       [-14.67340659],
       [ -0.97012562]])
<<<<<<<<<<< STEP 2 >>>>>>>>>>>> + array([[-0.50010862],
       [-0.50012484],
       [-0.50057743],
       [-0.5010905 ],
       [-0.5000521 ],
       [ 0.00291643],
       [-0.5000816 ],
       [-0.00660696],
       [-0.50174079],
       [-0.50171457],
       [ 0.0014036 ],
       [-0.50108594],
       [-0.50174113],
       [-0.50070777],
       [-0.50009637],
       [-0.00188825],
       [-0.50177855],
       [-0.50006835],
       [-0.5001314 ],
       [-0.50019059],
       [-0.01033243],
       [-0.01470731],
       [-0.50166195],
       [-0.50058921],
       [-0.0190418 ],
       [-0.50054109],
       [-0.50054574],
       [-0.50013774],
       [-0.50057061],
       [-0.5005757 ],
       [-0.01372595],
       [-0.50164148],
       [-0.50026204],
       [-0.5001081 ],
       [-0.50053823],
       [-0.50014178],
       [-0.50011311],
       [-0.04936058],
       [-0.50061194],
       [-0.01041608]])
array([[-14.83446987],
       [-14.97628449],
       [-15.25105976],
       [-13.15870729],
       [-14.86747959],
       [ -0.30290767],
       [-15.03129988],
       [ -0.96534047],
       [-12.64750694],
       [-13.86691678],
       [ -0.3243069 ],
       [-13.16858711],
       [-13.84953783],
       [-15.22971003],
       [-14.90023339],
       [ -0.53674918],
       [-13.84722869],
       [-14.93649377],
       [-12.89860965],
       [-12.95221852],
       [ -1.00156309],
       [ -1.10914859],
       [-13.89534321],
       [-15.14076852],
       [  0.26074811],
       [-15.24161217],
       [-15.13420996],
       [-14.93602043],
       [-15.20637584],
       [-15.23169014],
       [ -1.80679612],
       [-13.92590015],
       [-14.93034755],
       [-14.97910079],
       [-15.27821912],
       [-12.94254245],
       [-12.96815263],
       [ -1.77840333],
       [-15.17401852],
       [ -0.98054171]])
<<<<<<<<<<< STEP 3 >>>>>>>>>>>> + array([[-0.50006802],
       [-0.5000786 ],
       [-0.50044129],
       [-0.5008534 ],
       [-0.50002419],
       [ 0.00306431],
       [-0.50004457],
       [-0.00638283],
       [-0.50138477],
       [-0.5013534 ],
       [ 0.00156564],
       [-0.50084792],
       [-0.50137341],
       [-0.50054434],
       [-0.50005724],
       [-0.00165072],
       [-0.50140109],
       [-0.50003369],
       [-0.50008154],
       [-0.50013032],
       [-0.01015997],
       [-0.01455801],
       [-0.50130803],
       [-0.50045291],
       [-0.02010685],
       [-0.50041237],
       [-0.50041935],
       [-0.50008989],
       [-0.50043719],
       [-0.50044105],
       [-0.01310351],
       [-0.50129174],
       [-0.50018703],
       [-0.50006645],
       [-0.50041061],
       [-0.50008692],
       [-0.50006679],
       [-0.04947665],
       [-0.50046962],
       [-0.01020782]])
array([[-15.33453789],
       [-15.4763631 ],
       [-15.75150104],
       [-13.65956069],
       [-15.36750378],
       [ -0.29984335],
       [-15.53134446],
       [ -0.9717233 ],
       [-13.14889172],
       [-14.36827018],
       [ -0.32274126],
       [-13.66943503],
       [-14.35091125],
       [-15.73025437],
       [-15.40029063],
       [ -0.5383999 ],
       [-14.34862979],
       [-15.43652746],
       [-13.39869119],
       [-13.45234885],
       [ -1.01172306],
       [ -1.12370659],
       [-14.39665124],
       [-15.64122143],
       [  0.24064126],
       [-15.74202455],
       [-15.63462932],
       [-15.43611032],
       [-15.70681303],
       [-15.73213119],
       [ -1.81989963],
       [-14.42719189],
       [-15.43053458],
       [-15.47916724],
       [-15.77862973],
       [-13.44262938],
       [-13.46821942],
       [ -1.82787998],
       [-15.67448814],
       [ -0.99074953]])
<<<<<<<<<<< STEP 4 >>>>>>>>>>>> + array([[-0.5000428 ],
       [-0.50004962],
       [-0.5003401 ],
       [-0.50066816],
       [-0.50000888],
       [ 0.00317882],
       [-0.50002318],
       [-0.00624983],
       [-0.50110274],
       [-0.50106934],
       [ 0.0016923 ],
       [-0.50066225],
       [-0.50108428],
       [-0.50042144],
       [-0.50003365],
       [-0.00146463],
       [-0.50110462],
       [-0.50001391],
       [-0.50004619],
       [-0.50008652],
       [-0.01008038],
       [-0.01451197],
       [-0.50103042],
       [-0.5003509 ],
       [-0.021126  ],
       [-0.50031709],
       [-0.50032507],
       [-0.50005928],
       [-0.50033788],
       [-0.50034094],
       [-0.01264304],
       [-0.50101749],
       [-0.50013516],
       [-0.50004103],
       [-0.50031636],
       [-0.50004835],
       [-0.50003445],
       [-0.04985525],
       [-0.50036322],
       [-0.01008931]])
array([[-15.83458069],
       [-15.97641271],
       [-16.25184114],
       [-14.16022885],
       [-15.86751266],
       [ -0.29666454],
       [-16.03136764],
       [ -0.97797313],
       [-13.64999446],
       [-14.86933952],
       [ -0.32104895],
       [-14.17009727],
       [-14.85199553],
       [-16.23067582],
       [-15.90032428],
       [ -0.53986452],
       [-14.8497344 ],
       [-15.93654137],
       [-13.89873738],
       [-13.95243537],
       [ -1.02180344],
       [ -1.13821856],
       [-14.89768166],
       [-16.14157233],
       [  0.21951525],
       [-16.24234164],
       [-16.13495438],
       [-15.93616961],
       [-16.20715091],
       [-16.23247213],
       [ -1.83254267],
       [-14.92820938],
       [-15.93066974],
       [-15.97920826],
       [-16.2789461 ],
       [-13.94267772],
       [-13.96825387],
       [ -1.87773523],
       [-16.17485136],
       [ -1.00083884]])
<<<<<<<<<<< STEP 5 >>>>>>>>>>>> + array([[-0.50002706],
       [-0.50003136],
       [-0.50026393],
       [-0.50052334],
       [-0.50000086],
       [ 0.00326745],
       [-0.50001104],
       [-0.00619008],
       [-0.50087894],
       [-0.50084559],
       [ 0.00179147],
       [-0.50051734],
       [-0.50085666],
       [-0.50032807],
       [-0.50001949],
       [-0.00131862],
       [-0.50087148],
       [-0.50000297],
       [-0.50002166],
       [-0.50005506],
       [-0.01007623],
       [-0.01455036],
       [-0.50081238],
       [-0.50027364],
       [-0.02212006],
       [-0.50024563],
       [-0.50025379],
       [-0.50003952],
       [-0.500263  ],
       [-0.5002655 ],
       [-0.0123105 ],
       [-0.50080214],
       [-0.50009877],
       [-0.50002549],
       [-0.50024575],
       [-0.50002178],
       [-0.50001241],
       [-0.05045899],
       [-0.50028273],
       [-0.01004293]])
array([[-16.33460775],
       [-16.47644408],
       [-16.75210507],
       [-14.66075219],
       [-16.36751352],
       [ -0.29339709],
       [-16.53137868],
       [ -0.9841632 ],
       [-14.1508734 ],
       [-15.37018511],
       [ -0.31925748],
       [-14.67061461],
       [-15.35285219],
       [-16.73100388],
       [-16.40034377],
       [ -0.54118315],
       [-15.35060589],
       [-16.43654435],
       [-14.39875904],
       [-14.45249043],
       [ -1.03187968],
       [ -1.15276892],
       [-15.39849405],
       [-16.64184597],
       [  0.1973952 ],
       [-16.74258727],
       [-16.63520817],
       [-16.43620912],
       [-16.70741391],
       [-16.73273763],
       [ -1.84485317],
       [-15.42901151],
       [-16.43076852],
       [-16.47923375],
       [-16.77919184],
       [-14.44269951],
       [-14.46826628],
       [ -1.92819423],
       [-16.67513409],
       [ -1.01088177]])
<<<<<<<<<<< STEP 6 >>>>>>>>>>>> + array([[-0.5000172 ],
       [-0.50001981],
       [-0.50020599],
       [-0.50041004],
       [-0.49999698],
       [ 0.00333606],
       [-0.50000433],
       [-0.00618969],
       [-0.5007011 ],
       [-0.50066914],
       [ 0.0018693 ],
       [-0.50040421],
       [-0.50067727],
       [-0.5002565 ],
       [-0.50001103],
       [-0.00120385],
       [-0.50068798],
       [-0.49999724],
       [-0.50000509],
       [-0.50003276],
       [-0.01013402],
       [-0.01465856],
       [-0.50064094],
       [-0.5002145 ],
       [-0.023106  ],
       [-0.50019143],
       [-0.50019928],
       [-0.50002662],
       [-0.50020589],
       [-0.500208  ],
       [-0.01207907],
       [-0.50063283],
       [-0.50007288],
       [-0.50001596],
       [-0.50019217],
       [-0.50000399],
       [-0.49999786],
       [-0.05125959],
       [-0.50022122],
       [-0.01005493]])
array([[-16.83462495],
       [-16.97646388],
       [-17.25231106],
       [-15.16116223],
       [-16.8675105 ],
       [ -0.29006103],
       [-17.031383  ],
       [ -0.99035289],
       [-14.6515745 ],
       [-15.87085425],
       [ -0.31738818],
       [-15.17101882],
       [-15.85352946],
       [-17.23126038],
       [-16.9003548 ],
       [ -0.542387  ],
       [-15.85129387],
       [-16.93654158],
       [-14.89876412],
       [-14.95252319],
       [ -1.04201369],
       [ -1.16742748],
       [-15.89913499],
       [-17.14206047],
       [  0.17428919],
       [-17.2427787 ],
       [-17.13540745],
       [-16.93623574],
       [-17.2076198 ],
       [-17.23294563],
       [ -1.85693224],
       [-15.92964434],
       [-16.9308414 ],
       [-16.97924971],
       [-17.27938401],
       [-14.94270349],
       [-14.96826414],
       [ -1.97945382],
       [-17.17535531],
       [ -1.0209367 ]])
<<<<<<<<<<< STEP 7 >>>>>>>>>>>> + array([[-0.50001098],
       [-0.50001246],
       [-0.5001615 ],
       [-0.50032136],
       [-0.4999954 ],
       [ 0.00338919],
       [-0.50000077],
       [-0.00623792],
       [-0.50055963],
       [-0.50052984],
       [ 0.00193058],
       [-0.50031586],
       [-0.50053576],
       [-0.50020126],
       [-0.50000601],
       [-0.0011134 ],
       [-0.50054343],
       [-0.49999451],
       [-0.4999943 ],
       [-0.50001724],
       [-0.01024332],
       [-0.01482536],
       [-0.500506  ],
       [-0.50016885],
       [-0.02409795],
       [-0.50014991],
       [-0.50015721],
       [-0.50001811],
       [-0.50016194],
       [-0.50016373],
       [-0.01192765],
       [-0.50049958],
       [-0.50005422],
       [-0.50001009],
       [-0.50015107],
       [-0.49999251],
       [-0.49998868],
       [-0.05223627],
       [-0.50017381],
       [-0.0101146 ]])
array([[-17.33463593],
       [-17.47647634],
       [-17.75247256],
       [-15.66148359],
       [-17.3675059 ],
       [ -0.28667184],
       [-17.53138377],
       [ -0.99659081],
       [-15.15213413],
       [-16.37138409],
       [ -0.3154576 ],
       [-15.67133468],
       [-16.35406521],
       [-17.73146164],
       [-17.40036081],
       [ -0.5435004 ],
       [-16.3518373 ],
       [-17.4365361 ],
       [-15.39875842],
       [-15.45254043],
       [ -1.05225701],
       [ -1.18225284],
       [-16.39964099],
       [-17.64222932],
       [  0.15019124],
       [-17.74292861],
       [-17.63556466],
       [-17.43625385],
       [-17.70778174],
       [-17.73310937],
       [ -1.86885989],
       [-16.43014393],
       [-17.43089562],
       [-17.4792598 ],
       [-17.77953508],
       [-15.442696  ],
       [-15.46825282],
       [ -2.03169009],
       [-17.67552912],
       [ -1.0310513 ]])
<<<<<<<<<<< STEP 8 >>>>>>>>>>>> + array([[-0.50000703],
       [-0.50000777],
       [-0.50012709],
       [-0.50025192],
       [-0.49999505],
       [ 0.0034304 ],
       [-0.49999901],
       [-0.0063265 ],
       [-0.50044698],
       [-0.50041978],
       [ 0.00197902],
       [-0.50024685],
       [-0.50042404],
       [-0.50015837],
       [-0.50000306],
       [-0.00104185],
       [-0.50042948],
       [-0.4999935 ],
       [-0.49998766],
       [-0.50000666],
       [-0.0103962 ],
       [-0.0150422 ],
       [-0.50039971],
       [-0.50013337],
       [-0.02510786],
       [-0.50011786],
       [-0.50012448],
       [-0.50001244],
       [-0.50012784],
       [-0.50012939],
       [-0.01183967],
       [-0.50039464],
       [-0.50004062],
       [-0.50000646],
       [-0.50011928],
       [-0.49998554],
       [-0.4999833 ],
       [-0.05337454],
       [-0.50013702],
       [-0.01021363]])
array([[-17.83464296],
       [-17.97648412],
       [-18.25259965],
       [-16.16173551],
       [-17.86750095],
       [ -0.28324144],
       [-18.03138278],
       [ -1.00291732],
       [-15.65258111],
       [-16.87180387],
       [ -0.31347858],
       [-16.17158154],
       [-16.85448925],
       [-18.23162001],
       [-17.90036387],
       [ -0.54454225],
       [-16.85226677],
       [-17.93652959],
       [-15.89874608],
       [-15.95254708],
       [ -1.06265321],
       [ -1.19729503],
       [-16.9000407 ],
       [-18.14236269],
       [  0.12508338],
       [-18.24304647],
       [-18.13568914],
       [-17.93626628],
       [-18.20790959],
       [-18.23323875],
       [ -1.88069956],
       [-16.93053856],
       [-17.93093625],
       [-17.97926626],
       [-18.27965436],
       [-15.94268154],
       [-15.96823612],
       [ -2.08506463],
       [-18.17566615],
       [ -1.04126492]])
<<<<<<<<<<< STEP 9 >>>>>>>>>>>> + array([[-0.50000452],
       [-0.50000478],
       [-0.5001003 ],
       [-0.50019752],
       [-0.4999953 ],
       [ 0.00346244],
       [-0.49999825],
       [-0.00644911],
       [-0.5003572 ],
       [-0.50033276],
       [ 0.00201754],
       [-0.50019294],
       [-0.50033579],
       [-0.50012491],
       [-0.50000137],
       [-0.000985  ],
       [-0.50033959],
       [-0.49999342],
       [-0.49998394],
       [-0.49999966],
       [-0.01058665],
       [-0.01530266],
       [-0.50031593],
       [-0.50010563],
       [-0.02614608],
       [-0.50009296],
       [-0.50009886],
       [-0.50000861],
       [-0.50010123],
       [-0.50010256],
       [-0.01180215],
       [-0.50031191],
       [-0.5000306 ],
       [-0.5000042 ],
       [-0.5000945 ],
       [-0.49998172],
       [-0.49998057],
       [-0.0546652 ],
       [-0.50010832],
       [-0.01034559]])
array([[-18.33464748],
       [-18.47648889],
       [-18.75269995],
       [-16.66193303],
       [-18.36749625],
       [ -0.27977899],
       [-18.53138104],
       [ -1.00936643],
       [-16.15293831],
       [-17.37213663],
       [ -0.31146104],
       [-16.67177448],
       [-17.35482504],
       [-18.73174491],
       [-18.40036524],
       [ -0.54552725],
       [-17.35260636],
       [-18.43652301],
       [-16.39873002],
       [-16.45254674],
       [ -1.07323987],
       [ -1.21259769],
       [-17.40035663],
       [-18.64246832],
       [  0.0989373 ],
       [-18.74313942],
       [-18.63578799],
       [-18.43627489],
       [-18.70801082],
       [-18.73334131],
       [ -1.8925017 ],
       [-17.43085047],
       [-18.43096685],
       [-18.47927046],
       [-18.77974885],
       [-16.44266326],
       [-16.4682167 ],
       [ -2.13972983],
       [-18.67577446],
       [ -1.05161051]])
<<<<<<<<<<< STEP 10 >>>>>>>>>>>> + array([[-0.5000029 ],
       [-0.50000286],
       [-0.50007936],
       [-0.5001549 ],
       [-0.49999583],
       [ 0.00348748],
       [-0.49999804],
       [-0.00660098],
       [-0.5002856 ],
       [-0.5002639 ],
       [ 0.00204839],
       [-0.50015082],
       [-0.50026603],
       [-0.5000987 ],
       [-0.50000041],
       [-0.00093957],
       [-0.50026864],
       [-0.49999382],
       [-0.49998223],
       [-0.49999523],
       [-0.01081023],
       [-0.01560203],
       [-0.50024983],
       [-0.50008384],
       [-0.02722182],
       [-0.5000735 ],
       [-0.50007869],
       [-0.500006  ],
       [-0.50008035],
       [-0.5000815 ],
       [-0.01180491],
       [-0.50024665],
       [-0.50002316],
       [-0.50000278],
       [-0.50007507],
       [-0.49998005],
       [-0.49997964],
       [-0.05610358],
       [-0.50008581],
       [-0.01050553]])
array([[-18.83465038],
       [-18.97649175],
       [-19.2527793 ],
       [-17.16208794],
       [-18.86749208],
       [ -0.27629152],
       [-19.03137908],
       [ -1.01596741],
       [-16.65322391],
       [-17.87240053],
       [ -0.30941264],
       [-17.1719253 ],
       [-17.85509107],
       [-19.23184361],
       [-18.90036565],
       [ -0.54646682],
       [-17.85287501],
       [-18.93651683],
       [-16.89871225],
       [-16.95254197],
       [ -1.0840501 ],
       [ -1.22819971],
       [-17.90060646],
       [-19.14255216],
       [  0.07171548],
       [-19.24321293],
       [-19.13586668],
       [-18.93628089],
       [-19.20809117],
       [-19.23342281],
       [ -1.90430662],
       [-17.93109712],
       [-18.93099001],
       [-18.97927324],
       [-19.27982392],
       [-16.94264331],
       [-16.96819633],
       [ -2.19583341],
       [-19.17586027],
       [ -1.06211603]])
<<<<<<<<<<< STEP 11 >>>>>>>>>>>> + array([[-0.50000186],
       [-0.50000163],
       [-0.5000629 ],
       [-0.5001215 ],
       [-0.49999643],
       [ 0.00350718],
       [-0.49999811],
       [-0.00677854],
       [-0.50022846],
       [-0.50020939],
       [ 0.00207333],
       [-0.5001179 ],
       [-0.50021086],
       [-0.50007812],
       [-0.4999999 ],
       [-0.00090299],
       [-0.50021262],
       [-0.49999443],
       [-0.49998188],
       [-0.49999262],
       [-0.0110637 ],
       [-0.01593695],
       [-0.50019767],
       [-0.50006667],
       [-0.02834346],
       [-0.50005824],
       [-0.50006276],
       [-0.5000042 ],
       [-0.5000639 ],
       [-0.50006489],
       [-0.01184001],
       [-0.50019515],
       [-0.50001759],
       [-0.50000188],
       [-0.50005976],
       [-0.49997982],
       [-0.49997988],
       [-0.05768906],
       [-0.5000681 ],
       [-0.01068965]])
array([[-19.33465224],
       [-19.47649338],
       [-19.75284221],
       [-17.66220944],
       [-19.36748851],
       [ -0.27278434],
       [-19.53137719],
       [ -1.02274595],
       [-17.15345237],
       [-18.37260992],
       [ -0.30733931],
       [-17.67204319],
       [-18.35530192],
       [-19.73192173],
       [-19.40036555],
       [ -0.54736981],
       [-18.35308762],
       [-19.43651126],
       [-17.39869413],
       [-17.45253459],
       [ -1.0951138 ],
       [ -1.24413667],
       [-18.40080413],
       [-19.64261883],
       [  0.04337202],
       [-19.74327117],
       [-19.63592944],
       [-19.43628509],
       [-19.70815507],
       [-19.7334877 ],
       [ -1.91614663],
       [-18.43129227],
       [-19.4310076 ],
       [-19.47927512],
       [-19.77988369],
       [-17.44262313],
       [-17.46817621],
       [ -2.25352247],
       [-19.67592838],
       [ -1.07280569]])
<<<<<<<<<<< STEP 12 >>>>>>>>>>>> + array([[-0.50000118],
       [-0.50000085],
       [-0.50004994],
       [-0.50009531],
       [-0.49999703],
       [ 0.00352286],
       [-0.4999983 ],
       [-0.0069792 ],
       [-0.50018284],
       [-0.50016621],
       [ 0.00209372],
       [-0.50009217],
       [-0.5001672 ],
       [-0.5000619 ],
       [-0.49999965],
       [-0.00087325],
       [-0.50016835],
       [-0.49999512],
       [-0.4999824 ],
       [-0.49999126],
       [-0.01134484],
       [-0.01630519],
       [-0.50015648],
       [-0.50005309],
       [-0.02951887],
       [-0.50004623],
       [-0.50005013],
       [-0.50000295],
       [-0.5000509 ],
       [-0.50005175],
       [-0.01190124],
       [-0.50015448],
       [-0.5000134 ],
       [-0.5000013 ],
       [-0.50004767],
       [-0.49998052],
       [-0.49998086],
       [-0.05942468],
       [-0.50005413],
       [-0.01089508]])
array([[ -1.98346534e+01],
       [ -1.99764942e+01],
       [ -2.02528922e+01],
       [ -1.81623048e+01],
       [ -1.98674855e+01],
       [ -2.69261474e-01],
       [ -2.00313755e+01],
       [ -1.02972515e+00],
       [ -1.76536352e+01],
       [ -1.88727761e+01],
       [ -3.05245593e-01],
       [ -1.81721354e+01],
       [ -1.88554691e+01],
       [ -2.02319836e+01],
       [ -1.99003652e+01],
       [ -5.48243066e-01],
       [ -1.88532560e+01],
       [ -1.99365064e+01],
       [ -1.78986765e+01],
       [ -1.79525259e+01],
       [ -1.10645863e+00],
       [ -1.26044186e+00],
       [ -1.89009606e+01],
       [ -2.01426719e+01],
       [  1.38531444e-02],
       [ -2.02433174e+01],
       [ -2.01359796e+01],
       [ -1.99362880e+01],
       [ -2.02082060e+01],
       [ -2.02335394e+01],
       [ -1.92804787e+00],
       [ -1.89314468e+01],
       [ -1.99310210e+01],
       [ -1.99792764e+01],
       [ -2.02799314e+01],
       [ -1.79426036e+01],
       [ -1.79681571e+01],
       [ -2.31294714e+00],
       [ -2.01759825e+01],
       [ -1.08370077e+00]])
<<<<<<<<<<< STEP 13 >>>>>>>>>>>> + array([[-0.50000074],
       [-0.50000037],
       [-0.50003971],
       [-0.50007478],
       [-0.49999756],
       [ 0.00353556],
       [-0.49999853],
       [-0.00720114],
       [-0.50014639],
       [-0.50013199],
       [ 0.00211062],
       [-0.50007206],
       [-0.50013264],
       [-0.50004911],
       [-0.49999954],
       [-0.00084881],
       [-0.50013336],
       [-0.4999958 ],
       [-0.49998346],
       [-0.49999076],
       [-0.0116522 ],
       [-0.01670538],
       [-0.50012393],
       [-0.50004233],
       [-0.03075557],
       [-0.50003674],
       [-0.50004009],
       [-0.50000208],
       [-0.5000406 ],
       [-0.50004132],
       [-0.01198374],
       [-0.50012234],
       [-0.50001022],
       [-0.50000092],
       [-0.50003807],
       [-0.49998176],
       [-0.49998227],
       [-0.06131699],
       [-0.50004308],
       [-0.01111961]])
array([[ -2.03346542e+01],
       [ -2.04764946e+01],
       [ -2.07529319e+01],
       [ -1.86623795e+01],
       [ -2.03674831e+01],
       [ -2.65725917e-01],
       [ -2.05313740e+01],
       [ -1.03692629e+00],
       [ -1.81537816e+01],
       [ -1.93729081e+01],
       [ -3.03134976e-01],
       [ -1.86722074e+01],
       [ -1.93556018e+01],
       [ -2.07320327e+01],
       [ -2.04003647e+01],
       [ -5.49091877e-01],
       [ -1.93533893e+01],
       [ -2.04365022e+01],
       [ -1.83986600e+01],
       [ -1.84525166e+01],
       [ -1.11811083e+00],
       [ -1.27714724e+00],
       [ -1.94010845e+01],
       [ -2.06427142e+01],
       [ -1.69024265e-02],
       [ -2.07433541e+01],
       [ -2.06360197e+01],
       [ -2.04362901e+01],
       [ -2.07082466e+01],
       [ -2.07335808e+01],
       [ -1.94003161e+00],
       [ -1.94315691e+01],
       [ -2.04310312e+01],
       [ -2.04792773e+01],
       [ -2.07799694e+01],
       [ -1.84425854e+01],
       [ -1.84681393e+01],
       [ -2.37426413e+00],
       [ -2.06760256e+01],
       [ -1.09482038e+00]])
<<<<<<<<<<< STEP 14 >>>>>>>>>>>> + array([[-0.50000046],
       [-0.50000007],
       [-0.5000316 ],
       [-0.50005868],
       [-0.49999802],
       [ 0.00354606],
       [-0.49999877],
       [-0.00744314],
       [-0.50011725],
       [-0.50010486],
       [ 0.00212484],
       [-0.50005634],
       [-0.50010526],
       [-0.500039  ],
       [-0.49999951],
       [-0.00082844],
       [-0.50010569],
       [-0.49999643],
       [-0.49998481],
       [-0.49999083],
       [-0.011985  ],
       [-0.01713693],
       [-0.50009819],
       [-0.50003378],
       [-0.03206092],
       [-0.50002924],
       [-0.50003209],
       [-0.50000146],
       [-0.50003241],
       [-0.50003303],
       [-0.01208373],
       [-0.50009693],
       [-0.50000782],
       [-0.50000066],
       [-0.50003044],
       [-0.49998331],
       [-0.49998389],
       [-0.06337601],
       [-0.50003432],
       [-0.01136158]])
array([[-20.83465462],
       [-20.97649467],
       [-21.25296346],
       [-19.16243822],
       [-20.86748112],
       [ -0.26217986],
       [-21.03137278],
       [ -1.04436942],
       [-18.65389884],
       [-19.87301298],
       [ -0.30101013],
       [-19.17226376],
       [-19.85570702],
       [-21.23207174],
       [-20.90036425],
       [ -0.54992032],
       [-19.85349503],
       [-20.93649861],
       [-18.89864479],
       [-18.95250744],
       [ -1.13009582],
       [ -1.29428417],
       [-19.90118273],
       [-21.14274802],
       [ -0.04896335],
       [-21.24338338],
       [-21.13605175],
       [-20.93629159],
       [-21.20827898],
       [-21.2336138 ],
       [ -1.95211534],
       [-19.93166603],
       [-20.93103903],
       [-20.97927799],
       [-21.27999986],
       [-18.94256872],
       [-18.96812324],
       [ -2.43764014],
       [-21.17605991],
       [ -1.10618196]])
<<<<<<<<<<< STEP 15 >>>>>>>>>>>> + array([[-0.50000027],
       [-0.49999989],
       [-0.50002518],
       [-0.50004606],
       [-0.49999841],
       [ 0.00355501],
       [-0.49999898],
       [-0.00770446],
       [-0.50009395],
       [-0.50008334],
       [ 0.00213703],
       [-0.50004405],
       [-0.50008357],
       [-0.50003099],
       [-0.49999953],
       [-0.0008112 ],
       [-0.5000838 ],
       [-0.49999699],
       [-0.4999863 ],
       [-0.49999125],
       [-0.01234298],
       [-0.01759984],
       [-0.50007784],
       [-0.50002698],
       [-0.03344225],
       [-0.50002329],
       [-0.50002571],
       [-0.50000103],
       [-0.5000259 ],
       [-0.50002643],
       [-0.01219828],
       [-0.50007684],
       [-0.50000598],
       [-0.50000049],
       [-0.50002437],
       [-0.49998498],
       [-0.49998559],
       [-0.06561536],
       [-0.50002736],
       [-0.01161974]])
array([[-21.33465489],
       [-21.47649456],
       [-21.75298864],
       [-19.66248427],
       [-21.36747954],
       [ -0.25862485],
       [-21.53137176],
       [ -1.05207389],
       [-19.15399279],
       [-20.37309632],
       [ -0.29887311],
       [-19.67230782],
       [-20.35579059],
       [-21.73210273],
       [-21.40036378],
       [ -0.55073152],
       [-20.35357882],
       [-21.4364956 ],
       [-19.39863109],
       [-19.45249868],
       [ -1.1424388 ],
       [ -1.31188401],
       [-20.40126057],
       [-21.64277501],
       [ -0.0824056 ],
       [-21.74340667],
       [-21.63607746],
       [-21.43629261],
       [-21.70830488],
       [-21.73364023],
       [ -1.96431362],
       [-20.43174287],
       [-21.43104501],
       [-21.47927848],
       [-21.78002423],
       [-19.44255371],
       [-19.46810882],
       [ -2.5032555 ],
       [-21.67608727],
       [ -1.1178017 ]])
<<<<<<<<<<< STEP 16 >>>>>>>>>>>> + array([[-0.50000015],
       [-0.49999979],
       [-0.50002007],
       [-0.50003615],
       [-0.49999873],
       [ 0.00356289],
       [-0.49999917],
       [-0.00798479],
       [-0.50007531],
       [-0.50006626],
       [ 0.00214766],
       [-0.50003445],
       [-0.50006638],
       [-0.50002465],
       [-0.49999958],
       [-0.00079635],
       [-0.50006647],
       [-0.49999747],
       [-0.49998781],
       [-0.49999188],
       [-0.01272634],
       [-0.01809466],
       [-0.50006174],
       [-0.50002157],
       [-0.03490692],
       [-0.50001857],
       [-0.50002062],
       [-0.50000072],
       [-0.50002072],
       [-0.50002117],
       [-0.01232509],
       [-0.50006094],
       [-0.50000458],
       [-0.50000037],
       [-0.50001952],
       [-0.49998667],
       [-0.49998726],
       [-0.06805258],
       [-0.50002184],
       [-0.0118931 ]])
array([[-21.83465504],
       [-21.97649435],
       [-22.25300871],
       [-20.16252042],
       [-21.86747827],
       [ -0.25506196],
       [-22.03137093],
       [ -1.06005868],
       [-19.6540681 ],
       [-20.87316258],
       [ -0.29672545],
       [-20.17234226],
       [-20.85585697],
       [-22.23212738],
       [-21.90036336],
       [ -0.55152787],
       [-20.85364529],
       [-21.93649307],
       [-19.89861889],
       [-19.95249056],
       [ -1.15516515],
       [ -1.32997867],
       [-20.90132231],
       [-22.14279658],
       [ -0.11731252],
       [-22.24342524],
       [-22.13609808],
       [-21.93629333],
       [-22.2083256 ],
       [-22.2336614 ],
       [ -1.97663872],
       [-20.9318038 ],
       [-21.93104959],
       [-21.97927885],
       [-22.28004375],
       [-19.94254037],
       [-19.96809608],
       [ -2.57130808],
       [-22.1761091 ],
       [ -1.12969481]])
<<<<<<<<<<< STEP 17 >>>>>>>>>>>> + array([[-0.50000007],
       [-0.49999974],
       [-0.50001602],
       [-0.50002838],
       [-0.49999899],
       [ 0.00357011],
       [-0.49999933],
       [-0.00828411],
       [-0.50006039],
       [-0.5000527 ],
       [ 0.0021571 ],
       [-0.50002694],
       [-0.50005274],
       [-0.50001961],
       [-0.49999962],
       [-0.00078331],
       [-0.50005274],
       [-0.49999789],
       [-0.49998927],
       [-0.49999261],
       [-0.01313566],
       [-0.01862241],
       [-0.50004899],
       [-0.50001725],
       [-0.03646235],
       [-0.50001481],
       [-0.50001654],
       [-0.5000005 ],
       [-0.50001658],
       [-0.50001696],
       [-0.01246238],
       [-0.50004835],
       [-0.50000351],
       [-0.50000028],
       [-0.50001565],
       [-0.49998829],
       [-0.49998884],
       [-0.07070957],
       [-0.50001744],
       [-0.0121809 ]])
array([[-22.33465511],
       [-22.47649409],
       [-22.75302473],
       [-20.6625488 ],
       [-22.36747726],
       [ -0.25149185],
       [-22.53137026],
       [ -1.06834278],
       [-20.1541285 ],
       [-21.37321528],
       [ -0.29456835],
       [-20.6723692 ],
       [-21.35590972],
       [-22.732147  ],
       [-22.40036298],
       [ -0.55231118],
       [-21.35369803],
       [-22.43649096],
       [-20.39860816],
       [-20.45248317],
       [ -1.16830081],
       [ -1.34860108],
       [-21.40137129],
       [-22.64281383],
       [ -0.15377487],
       [-22.74344005],
       [-22.63611462],
       [-22.43629383],
       [-22.70834218],
       [-22.73367836],
       [ -1.9891011 ],
       [-21.43185215],
       [-22.4310531 ],
       [-22.47927913],
       [-22.78005939],
       [-20.44252866],
       [-20.46808492],
       [ -2.64201765],
       [-22.67612654],
       [ -1.1418757 ]])
<<<<<<<<<<< STEP 18 >>>>>>>>>>>> + array([[-0.50000002],
       [-0.49999973],
       [-0.50001279],
       [-0.50002228],
       [-0.4999992 ],
       [ 0.00357697],
       [-0.49999946],
       [-0.00860265],
       [-0.50004844],
       [-0.50004193],
       [ 0.00216562],
       [-0.50002107],
       [-0.50004193],
       [-0.50001562],
       [-0.49999967],
       [-0.00077165],
       [-0.50004187],
       [-0.49999825],
       [-0.49999064],
       [-0.49999338],
       [-0.01357183],
       [-0.0191845 ],
       [-0.50003889],
       [-0.50001381],
       [-0.03811603],
       [-0.50001183],
       [-0.50001328],
       [-0.50000034],
       [-0.50001328],
       [-0.5000136 ],
       [-0.01260875],
       [-0.50003838],
       [-0.50000269],
       [-0.50000022],
       [-0.50001255],
       [-0.4999898 ],
       [-0.49999031],
       [-0.07361328],
       [-0.50001393],
       [-0.01248244]])
array([[-22.83465514],
       [-22.97649382],
       [-23.25303752],
       [-21.16257108],
       [-22.86747647],
       [ -0.24791488],
       [-23.03136973],
       [ -1.07694544],
       [-20.65417694],
       [-21.87325721],
       [ -0.29240273],
       [-21.17239027],
       [-21.85595164],
       [-23.23216261],
       [-22.90036266],
       [ -0.55308283],
       [-21.8537399 ],
       [-22.93648921],
       [-20.8985988 ],
       [-20.95247656],
       [ -1.18187264],
       [ -1.36778558],
       [-21.90141018],
       [-23.14282764],
       [ -0.19189091],
       [-23.24345188],
       [-23.1361279 ],
       [-22.93629417],
       [-23.20835546],
       [-23.23369196],
       [ -2.00170985],
       [-21.93189053],
       [-22.93105579],
       [-22.97927935],
       [-23.28007194],
       [-20.94251846],
       [-20.96807523],
       [ -2.71563094],
       [-23.17614047],
       [ -1.15435814]])
<<<<<<<<<<< STEP 19 >>>>>>>>>>>> + array([[-0.49999999],
       [-0.49999973],
       [-0.50001022],
       [-0.50001749],
       [-0.49999937],
       [ 0.00358372],
       [-0.49999957],
       [-0.00894088],
       [-0.50003887],
       [-0.50003338],
       [ 0.00217341],
       [-0.50001648],
       [-0.50003334],
       [-0.50001244],
       [-0.49999972],
       [-0.00076101],
       [-0.50003325],
       [-0.49999855],
       [-0.4999919 ],
       [-0.49999415],
       [-0.01403605],
       [-0.01978276],
       [-0.50003088],
       [-0.50001106],
       [-0.03987543],
       [-0.50000945],
       [-0.50001067],
       [-0.50000023],
       [-0.50001064],
       [-0.50001091],
       [-0.01276311],
       [-0.50003048],
       [-0.50000206],
       [-0.50000017],
       [-0.50001007],
       [-0.49999118],
       [-0.49999164],
       [-0.07679665],
       [-0.50001114],
       [-0.01279705]])
array([[-23.33465513],
       [-23.47649355],
       [-23.75304773],
       [-21.66258857],
       [-23.36747584],
       [ -0.24433117],
       [-23.5313693 ],
       [ -1.08588632],
       [-21.15421581],
       [-22.37329059],
       [ -0.29022932],
       [-21.67240675],
       [-22.35598498],
       [-23.73217506],
       [-23.40036238],
       [ -0.55384383],
       [-22.35377316],
       [-23.43648776],
       [-21.3985907 ],
       [-21.45247071],
       [ -1.19590869],
       [ -1.38756834],
       [-22.40144106],
       [-23.6428387 ],
       [ -0.23176634],
       [-23.74346133],
       [-23.63613857],
       [-23.4362944 ],
       [-23.7083661 ],
       [-23.73370286],
       [ -2.01447296],
       [-22.43192101],
       [-23.43105784],
       [-23.47927953],
       [-23.78008201],
       [-21.44250965],
       [-21.46806686],
       [ -2.79242758],
       [-23.67615161],
       [ -1.16715519]])
<<<<<<<<<<< STEP 20 >>>>>>>>>>>> + array([[-0.49999998],
       [-0.49999974],
       [-0.50000816],
       [-0.50001374],
       [-0.4999995 ],
       [ 0.00359055],
       [-0.49999966],
       [-0.0092994 ],
       [-0.5000312 ],
       [-0.50002658],
       [ 0.00218061],
       [-0.50001289],
       [-0.50002652],
       [-0.50000992],
       [-0.49999977],
       [-0.00075114],
       [-0.50002642],
       [-0.4999988 ],
       [-0.49999303],
       [-0.49999488],
       [-0.01452975],
       [-0.02041936],
       [-0.50002454],
       [-0.50000886],
       [-0.04174783],
       [-0.50000755],
       [-0.50000857],
       [-0.50000015],
       [-0.50000853],
       [-0.50000875],
       [-0.01292457],
       [-0.50002421],
       [-0.50000158],
       [-0.50000014],
       [-0.50000809],
       [-0.49999243],
       [-0.49999283],
       [-0.0802998 ],
       [-0.50000891],
       [-0.01312401]])
array([[-23.83465511],
       [-23.97649329],
       [-24.2530559 ],
       [-22.16260231],
       [-23.86747534],
       [ -0.24074062],
       [-24.03136895],
       [ -1.09518572],
       [-21.65424701],
       [-22.87331717],
       [ -0.28804871],
       [-22.17241963],
       [-22.8560115 ],
       [-24.23218497],
       [-23.90036214],
       [ -0.55459497],
       [-22.85379958],
       [-23.93648656],
       [-21.89858373],
       [-21.95246558],
       [ -1.21043844],
       [ -1.4079877 ],
       [-22.9014656 ],
       [-24.14284756],
       [ -0.27351418],
       [-24.24346888],
       [-24.13614714],
       [-23.93629455],
       [-24.20837463],
       [-24.23371162],
       [ -2.02739752],
       [-22.93194522],
       [-23.93105942],
       [-23.97927967],
       [-24.2800901 ],
       [-21.94250207],
       [-21.96805969],
       [ -2.87272739],
       [-24.17616052],
       [ -1.1802792 ]])
<<<<<<<<<<< STEP 21 >>>>>>>>>>>> + array([[-0.49999997],
       [-0.49999976],
       [-0.50000653],
       [-0.50001079],
       [-0.49999961],
       [ 0.00359762],
       [-0.49999973],
       [-0.00967894],
       [-0.50002505],
       [-0.50002117],
       [ 0.00218729],
       [-0.50001008],
       [-0.5000211 ],
       [-0.50000791],
       [-0.4999998 ],
       [-0.00074183],
       [-0.500021  ],
       [-0.49999901],
       [-0.49999404],
       [-0.49999556],
       [-0.01505461],
       [-0.02109679],
       [-0.5000195 ],
       [-0.5000071 ],
       [-0.04374004],
       [-0.50000604],
       [-0.50000689],
       [-0.5000001 ],
       [-0.50000684],
       [-0.50000703],
       [-0.01309242],
       [-0.50001924],
       [-0.50000121],
       [-0.50000011],
       [-0.50000649],
       [-0.49999353],
       [-0.49999388],
       [-0.08417169],
       [-0.50000713],
       [-0.01346238]])
array([[-24.33465508],
       [-24.47649305],
       [-24.75306243],
       [-22.6626131 ],
       [-24.36747495],
       [ -0.237143  ],
       [-24.53136868],
       [ -1.10486466],
       [-22.15427206],
       [-23.37333833],
       [ -0.28586142],
       [-22.67242971],
       [-23.35603261],
       [-24.73219288],
       [-24.40036195],
       [ -0.5553368 ],
       [-23.35382057],
       [-24.43648558],
       [-22.39857777],
       [-22.45246114],
       [ -1.22549306],
       [ -1.42908449],
       [-23.4014851 ],
       [-24.64285466],
       [ -0.31725421],
       [-24.74347491],
       [-24.63615402],
       [-24.43629465],
       [-24.70838147],
       [-24.73371864],
       [ -2.04048994],
       [-23.43196446],
       [-24.43106062],
       [-24.47927978],
       [-24.78009659],
       [-22.4424956 ],
       [-22.46805357],
       [ -2.95689908],
       [-24.67616765],
       [ -1.19374158]])
<<<<<<<<<<< STEP 22 >>>>>>>>>>>> + array([[-0.49999996],
       [-0.49999979],
       [-0.50000522],
       [-0.50000847],
       [-0.49999969],
       [ 0.00360505],
       [-0.49999978],
       [-0.01008028],
       [-0.50002011],
       [-0.50001686],
       [ 0.00219345],
       [-0.50000789],
       [-0.5000168 ],
       [-0.50000631],
       [-0.49999984],
       [-0.00073296],
       [-0.50001669],
       [-0.49999919],
       [-0.49999493],
       [-0.49999617],
       [-0.01561248],
       [-0.0218179 ],
       [-0.5000155 ],
       [-0.50000569],
       [-0.04585794],
       [-0.50000483],
       [-0.50000554],
       [-0.50000006],
       [-0.50000549],
       [-0.50000564],
       [-0.01326605],
       [-0.5000153 ],
       [-0.50000092],
       [-0.50000009],
       [-0.50000522],
       [-0.4999945 ],
       [-0.4999948 ],
       [-0.08847221],
       [-0.50000571],
       [-0.01381095]])
array([[-24.83465504],
       [-24.97649284],
       [-25.25306765],
       [-23.16262157],
       [-24.86747464],
       [ -0.23353796],
       [-25.03136846],
       [ -1.11494495],
       [-22.65429217],
       [-23.87335519],
       [ -0.28366797],
       [-23.1724376 ],
       [-23.85604941],
       [-25.23219919],
       [-24.90036178],
       [ -0.55606976],
       [-23.85383727],
       [-24.93648476],
       [-22.89857271],
       [-22.95245731],
       [ -1.24110553],
       [ -1.4509024 ],
       [-23.9015006 ],
       [-25.14286036],
       [ -0.36311216],
       [-25.24347974],
       [-25.13615956],
       [-24.93629471],
       [-25.20838696],
       [-25.23372429],
       [ -2.05375599],
       [-23.93197976],
       [-24.93106155],
       [-24.97927987],
       [-25.28010181],
       [-22.94249011],
       [-22.96804837],
       [ -3.04537129],
       [-25.17617336],
       [ -1.20755253]])
<<<<<<<<<<< STEP 23 >>>>>>>>>>>> + array([[-0.49999996],
       [-0.49999981],
       [-0.50000418],
       [-0.50000665],
       [-0.49999976],
       [ 0.00361292],
       [-0.49999983],
       [-0.01050424],
       [-0.50001615],
       [-0.50001344],
       [ 0.00219908],
       [-0.50000617],
       [-0.50001338],
       [-0.50000503],
       [-0.49999986],
       [-0.00072443],
       [-0.50001328],
       [-0.49999933],
       [-0.49999571],
       [-0.49999672],
       [-0.01620536],
       [-0.02258583],
       [-0.50001233],
       [-0.50000457],
       [-0.04810583],
       [-0.50000386],
       [-0.50000445],
       [-0.50000004],
       [-0.5000044 ],
       [-0.50000453],
       [-0.01344492],
       [-0.50001217],
       [-0.5000007 ],
       [-0.50000007],
       [-0.50000419],
       [-0.49999535],
       [-0.4999956 ],
       [-0.0932749 ],
       [-0.50000457],
       [-0.01416808]])
array([[-25.334655  ],
       [-25.47649265],
       [-25.75307183],
       [-23.66262822],
       [-25.3674744 ],
       [ -0.22992504],
       [-25.53136829],
       [ -1.12544918],
       [-23.15430833],
       [-24.37336863],
       [ -0.28146888],
       [-23.67244377],
       [-24.35606278],
       [-25.73220422],
       [-25.40036165],
       [ -0.55679419],
       [-24.35385054],
       [-25.43648409],
       [-23.39856842],
       [-23.45245404],
       [ -1.25731089],
       [ -1.47348822],
       [-24.40151293],
       [-25.64286492],
       [ -0.41121799],
       [-25.74348361],
       [-25.63616401],
       [-25.43629475],
       [-25.70839136],
       [-25.73372882],
       [ -2.06720091],
       [-24.43199193],
       [-25.43106225],
       [-25.47927995],
       [-25.780106  ],
       [-23.44248545],
       [-23.46804397],
       [ -3.13864618],
       [-25.67617793],
       [ -1.2217206 ]])
<<<<<<<<<<< STEP 24 >>>>>>>>>>>> + array([[-0.49999997],
       [-0.49999984],
       [-0.50000334],
       [-0.50000523],
       [-0.49999981],
       [ 0.00362131],
       [-0.49999986],
       [-0.01095154],
       [-0.50001297],
       [-0.50001071],
       [ 0.00220409],
       [-0.50000483],
       [-0.50001065],
       [-0.50000402],
       [-0.49999989],
       [-0.00071618],
       [-0.50001056],
       [-0.49999945],
       [-0.49999638],
       [-0.49999721],
       [-0.01683535],
       [-0.02340399],
       [-0.50000981],
       [-0.50000366],
       [-0.05048534],
       [-0.50000309],
       [-0.50000358],
       [-0.50000002],
       [-0.50000353],
       [-0.50000364],
       [-0.01362849],
       [-0.50000968],
       [-0.50000054],
       [-0.50000006],
       [-0.50000337],
       [-0.49999608],
       [-0.49999629],
       [-0.09867059],
       [-0.50000366],
       [-0.01453146]])
array([[-25.83465497],
       [-25.97649249],
       [-26.25307517],
       [-24.16263345],
       [-25.86747421],
       [ -0.22630373],
       [-26.03136816],
       [ -1.13640073],
       [-23.6543213 ],
       [-24.87337934],
       [ -0.27926479],
       [-24.1724486 ],
       [-24.85607344],
       [-26.23220824],
       [-25.90036153],
       [ -0.55751037],
       [-24.8538611 ],
       [-25.93648355],
       [-23.8985648 ],
       [-23.95245125],
       [ -1.27414625],
       [ -1.49689221],
       [-24.90152274],
       [-26.14286858],
       [ -0.46170332],
       [-26.2434867 ],
       [-26.13616759],
       [-25.93629477],
       [-26.20839489],
       [-26.23373246],
       [ -2.0808294 ],
       [-24.9320016 ],
       [-25.93106279],
       [-25.97928001],
       [-26.28010936],
       [-23.94248153],
       [-23.96804027],
       [ -3.23731677],
       [-26.17618159],
       [ -1.23625207]])
<<<<<<<<<<< STEP 25 >>>>>>>>>>>> + array([[-0.49999997],
       [-0.49999986],
       [-0.50000268],
       [-0.50000411],
       [-0.49999985],
       [ 0.00363023],
       [-0.49999989],
       [-0.01142278],
       [-0.50001042],
       [-0.50000854],
       [ 0.00220833],
       [-0.50000378],
       [-0.50000848],
       [-0.50000321],
       [-0.49999991],
       [-0.0007082 ],
       [-0.5000084 ],
       [-0.49999955],
       [-0.49999696],
       [-0.49999764],
       [-0.0175046 ],
       [-0.02427605],
       [-0.50000781],
       [-0.50000294],
       [-0.05299394],
       [-0.50000248],
       [-0.50000288],
       [-0.50000001],
       [-0.50000283],
       [-0.50000292],
       [-0.0138162 ],
       [-0.5000077 ],
       [-0.50000041],
       [-0.50000005],
       [-0.50000271],
       [-0.49999671],
       [-0.49999689],
       [-0.10477201],
       [-0.50000293],
       [-0.01489796]])
array([[-26.33465494],
       [-26.47649235],
       [-26.75307785],
       [-24.66263756],
       [-26.36747406],
       [ -0.2226735 ],
       [-26.53136805],
       [ -1.1478235 ],
       [-24.15433172],
       [-25.37338787],
       [ -0.27705646],
       [-24.67245237],
       [-25.35608192],
       [-26.73221145],
       [-26.40036144],
       [ -0.55821856],
       [-25.3538695 ],
       [-26.4364831 ],
       [-24.39856176],
       [-24.45244889],
       [ -1.29165085],
       [ -1.52116826],
       [-25.40153055],
       [-26.64287152],
       [ -0.51469727],
       [-26.74348917],
       [-26.63617046],
       [-26.43629477],
       [-26.70839773],
       [-26.73373538],
       [ -2.0946456 ],
       [-25.4320093 ],
       [-26.4310632 ],
       [-26.47928006],
       [-26.78011207],
       [-24.44247824],
       [-24.46803716],
       [ -3.34208878],
       [-26.67618453],
       [ -1.25115003]])
<<<<<<<<<<< STEP 26 >>>>>>>>>>>> + array([[-0.49999997],
       [-0.49999988],
       [-0.50000214],
       [-0.50000323],
       [-0.49999988],
       [ 0.00363968],
       [-0.49999992],
       [-0.01191822],
       [-0.50000837],
       [-0.5000068 ],
       [ 0.00221159],
       [-0.50000296],
       [-0.50000676],
       [-0.50000256],
       [-0.49999992],
       [-0.00070053],
       [-0.50000668],
       [-0.49999963],
       [-0.49999746],
       [-0.49999802],
       [-0.01821514],
       [-0.02520585],
       [-0.50000621],
       [-0.50000236],
       [-0.05562269],
       [-0.50000198],
       [-0.50000231],
       [-0.5       ],
       [-0.50000227],
       [-0.50000235],
       [-0.01400742],
       [-0.50000613],
       [-0.50000031],
       [-0.50000004],
       [-0.50000217],
       [-0.49999725],
       [-0.4999974 ],
       [-0.11171986],
       [-0.50000235],
       [-0.01526321]])
array([[-26.83465491],
       [-26.97649223],
       [-27.25307999],
       [-25.16264078],
       [-26.86747394],
       [ -0.21903382],
       [-27.03136797],
       [ -1.15974173],
       [-24.65434009],
       [-25.87339468],
       [ -0.27484487],
       [-25.17245533],
       [-25.85608868],
       [-27.23221401],
       [-26.90036137],
       [ -0.5589191 ],
       [-25.85387619],
       [-26.93648273],
       [-24.89855922],
       [-24.95244691],
       [ -1.30986598],
       [ -1.54637412],
       [-25.90153676],
       [-27.14287388],
       [ -0.57031996],
       [-27.24349116],
       [-27.13617277],
       [-26.93629477],
       [-27.2084    ],
       [-27.23373773],
       [ -2.10865302],
       [-25.93201543],
       [-26.93106351],
       [-26.9792801 ],
       [-27.28011424],
       [-24.94247549],
       [-24.96803456],
       [ -3.45380864],
       [-27.17618688],
       [ -1.26641324]])
<<<<<<<<<<< STEP 27 >>>>>>>>>>>> + array([[-0.49999998],
       [-0.4999999 ],
       [-0.50000171],
       [-0.50000253],
       [-0.49999991],
       [ 0.00364962],
       [-0.49999993],
       [-0.01243767],
       [-0.50000671],
       [-0.50000542],
       [ 0.00221358],
       [-0.50000232],
       [-0.50000538],
       [-0.50000204],
       [-0.49999994],
       [-0.00069326],
       [-0.50000532],
       [-0.4999997 ],
       [-0.49999788],
       [-0.49999834],
       [-0.01896874],
       [-0.02619727],
       [-0.50000494],
       [-0.50000189],
       [-0.05835299],
       [-0.50000159],
       [-0.50000186],
       [-0.5       ],
       [-0.50000182],
       [-0.50000189],
       [-0.01420138],
       [-0.50000487],
       [-0.50000024],
       [-0.50000003],
       [-0.50000175],
       [-0.49999771],
       [-0.49999783],
       [-0.11969052],
       [-0.50000188],
       [-0.01562126]])
array([[-27.33465488],
       [-27.47649212],
       [-27.7530817 ],
       [-25.66264332],
       [-27.36747385],
       [ -0.2153842 ],
       [-27.5313679 ],
       [ -1.1721794 ],
       [-25.1543468 ],
       [-26.3734001 ],
       [ -0.27263129],
       [-25.67245765],
       [-26.35609406],
       [-27.73221605],
       [-27.4003613 ],
       [ -0.55961235],
       [-26.35388151],
       [-27.43648243],
       [-25.3985571 ],
       [-25.45244524],
       [ -1.32883472],
       [ -1.57257139],
       [-26.4015417 ],
       [-27.64287577],
       [ -0.62867295],
       [-27.74349274],
       [-27.63617463],
       [-27.43629477],
       [-27.70840183],
       [-27.73373962],
       [ -2.12285439],
       [-26.4320203 ],
       [-27.43106375],
       [-27.47928013],
       [-27.78011599],
       [-25.44247319],
       [-25.46803239],
       [ -3.57349916],
       [-27.67618876],
       [ -1.2820345 ]])
<<<<<<<<<<< STEP 28 >>>>>>>>>>>> + array([[-0.49999998],
       [-0.49999991],
       [-0.50000137],
       [-0.50000199],
       [-0.49999993],
       [ 0.00365994],
       [-0.49999995],
       [-0.01298015],
       [-0.50000538],
       [-0.50000432],
       [ 0.00221392],
       [-0.50000181],
       [-0.50000429],
       [-0.50000163],
       [-0.49999995],
       [-0.00068651],
       [-0.50000423],
       [-0.49999976],
       [-0.49999825],
       [-0.49999862],
       [-0.01976665],
       [-0.02725407],
       [-0.50000393],
       [-0.50000151],
       [-0.06115191],
       [-0.50000127],
       [-0.50000149],
       [-0.49999999],
       [-0.50000146],
       [-0.50000151],
       [-0.01439712],
       [-0.50000388],
       [-0.50000018],
       [-0.50000003],
       [-0.5000014 ],
       [-0.4999981 ],
       [-0.4999982 ],
       [-0.12890583],
       [-0.50000151],
       [-0.01596395]])
array([[-27.83465486],
       [-27.97649204],
       [-28.25308307],
       [-26.16264531],
       [-27.86747377],
       [ -0.21172426],
       [-28.03136785],
       [ -1.18515955],
       [-25.65435219],
       [-26.87340442],
       [ -0.27041737],
       [-26.17245946],
       [-26.85609835],
       [-28.23221768],
       [-27.90036125],
       [ -0.56029886],
       [-26.85388573],
       [-27.93648218],
       [-25.89855535],
       [-25.95244386],
       [ -1.34860137],
       [ -1.59982546],
       [-26.90154563],
       [-28.14287728],
       [ -0.68982486],
       [-28.24349401],
       [-28.13617612],
       [-27.93629477],
       [-28.20840329],
       [-28.23374113],
       [ -2.13725151],
       [-26.93202418],
       [-27.93106393],
       [-27.97928016],
       [-28.28011739],
       [-25.94247129],
       [-25.9680306 ],
       [ -3.70240499],
       [-28.17619027],
       [ -1.29799845]])
<<<<<<<<<<< STEP 29 >>>>>>>>>>>> + array([[-0.49999998],
       [-0.49999993],
       [-0.5000011 ],
       [-0.50000156],
       [-0.49999994],
       [ 0.00367047],
       [-0.49999996],
       [-0.01354351],
       [-0.50000431],
       [-0.50000344],
       [ 0.00221209],
       [-0.50000142],
       [-0.50000341],
       [-0.5000013 ],
       [-0.49999996],
       [-0.0006805 ],
       [-0.50000336],
       [-0.4999998 ],
       [-0.49999855],
       [-0.49999886],
       [-0.02060923],
       [-0.02837955],
       [-0.50000312],
       [-0.50000121],
       [-0.06396566],
       [-0.50000101],
       [-0.50000119],
       [-0.49999999],
       [-0.50000117],
       [-0.50000121],
       [-0.01459342],
       [-0.50000308],
       [-0.50000014],
       [-0.50000002],
       [-0.50000112],
       [-0.49999843],
       [-0.49999852],
       [-0.13964494],
       [-0.50000121],
       [-0.01628025]])
array([[-28.33465485],
       [-28.47649196],
       [-28.75308417],
       [-26.66264687],
       [-28.36747372],
       [ -0.20805379],
       [-28.53136781],
       [ -1.19870306],
       [-26.1543565 ],
       [-27.37340785],
       [ -0.26820528],
       [-26.67246088],
       [-27.35610176],
       [-28.73221898],
       [-28.40036121],
       [ -0.56097937],
       [-27.3538891 ],
       [-28.43648199],
       [-26.3985539 ],
       [-26.45244272],
       [ -1.3692106 ],
       [ -1.62820501],
       [-27.40154875],
       [-28.64287849],
       [ -0.75379052],
       [-28.74349502],
       [-28.63617732],
       [-28.43629476],
       [-28.70840446],
       [-28.73374234],
       [ -2.15184493],
       [-27.43202726],
       [-28.43106407],
       [-28.47928018],
       [-28.78011851],
       [-26.44246972],
       [-26.46802911],
       [ -3.84204993],
       [-28.67619147],
       [ -1.3142787 ]])
