<<<<<<<<<<< STEP 0 >>>>>>>>>>>> + array([[-0.50147183],
       [-0.00867196],
       [-0.50647812],
       [-0.54567518],
       [-0.49989973],
       [-0.50196113],
       [-0.50031712],
       [-0.50310444],
       [-0.50258557],
       [-0.50241926],
       [-0.50150643],
       [-0.50238709],
       [-0.49966403],
       [-0.5021549 ],
       [-0.55562446],
       [-0.50108957],
       [-0.50151566],
       [-0.50051765],
       [-0.50652589],
       [-0.50268336],
       [-0.50158311],
       [-0.5037546 ],
       [-0.07688626],
       [-0.50406252],
       [-0.51635304],
       [-0.50328162],
       [-0.52363507],
       [-0.50093605],
       [-0.50112884],
       [-0.5007442 ],
       [-0.50841673],
       [-0.50052406],
       [-0.49898019],
       [-0.49960271],
       [-0.49991837],
       [-0.50242828],
       [-0.50134185],
       [-0.50126192],
       [-0.50148216],
       [-0.50045645]])
array([[-14.21034207],
       [ -0.38783443],
       [-11.14072003],
       [ -4.9442565 ],
       [-13.03478469],
       [-13.79051424],
       [-13.27918183],
       [-13.79793792],
       [-13.78355787],
       [-11.94089558],
       [-11.36079379],
       [-13.63161929],
       [-13.309881  ],
       [-13.00148792],
       [ -5.33959059],
       [-14.0128254 ],
       [-14.15466879],
       [-13.16839439],
       [-12.06259125],
       [-13.60123616],
       [ -7.90285646],
       [-13.75004709],
       [ -1.63403385],
       [-13.74949823],
       [ -7.33753586],
       [-12.47252794],
       [ -9.15889546],
       [-14.30003262],
       [-14.16952927],
       [-13.95751156],
       [-11.0355665 ],
       [-12.9972018 ],
       [-12.79171828],
       [-12.89892565],
       [-12.76016391],
       [-11.51250202],
       [-14.27812953],
       [-13.98810298],
       [-14.17349682],
       [-13.12203638]])
<<<<<<<<<<< STEP 1 >>>>>>>>>>>> + array([[-0.50092072],
       [-0.00813168],
       [-0.50386514],
       [-0.54393431],
       [-0.49991159],
       [-0.50117271],
       [-0.50020369],
       [-0.50201711],
       [-0.50159457],
       [-0.50155962],
       [-0.50086713],
       [-0.50160001],
       [-0.49974279],
       [-0.50131764],
       [-0.54207635],
       [-0.50065357],
       [-0.50095761],
       [-0.50035549],
       [-0.50457462],
       [-0.50168082],
       [-0.5005036 ],
       [-0.50243425],
       [-0.08087037],
       [-0.50273509],
       [-0.51036738],
       [-0.50224062],
       [-0.51597696],
       [-0.50054225],
       [-0.50067133],
       [-0.5004328 ],
       [-0.50529426],
       [-0.50037399],
       [-0.49933478],
       [-0.49973173],
       [-0.50000906],
       [-0.50161926],
       [-0.50082969],
       [-0.50080585],
       [-0.50088728],
       [-0.50024849]])
array([[-14.71126279],
       [ -0.3959661 ],
       [-11.64458517],
       [ -5.48819082],
       [-13.53469628],
       [-14.29168695],
       [-13.77938552],
       [-14.29995503],
       [-14.28515243],
       [-12.4424552 ],
       [-11.86166092],
       [-14.1332193 ],
       [-13.80962378],
       [-13.50280556],
       [ -5.88166694],
       [-14.51347897],
       [-14.65562639],
       [-13.66874987],
       [-12.56716587],
       [-14.10291699],
       [ -8.40336006],
       [-14.25248134],
       [ -1.71490422],
       [-14.25223332],
       [ -7.84790325],
       [-12.97476856],
       [ -9.67487242],
       [-14.80057487],
       [-14.6702006 ],
       [-14.45794436],
       [-11.54086076],
       [-13.49757579],
       [-13.29105306],
       [-13.39865738],
       [-13.26017297],
       [-12.01412129],
       [-14.77895922],
       [-14.48890883],
       [-14.6743841 ],
       [-13.62228486]])
<<<<<<<<<<< STEP 2 >>>>>>>>>>>> + array([[-0.5005654 ],
       [-0.00798739],
       [-0.50219453],
       [-0.53404609],
       [-0.4999146 ],
       [-0.50068467],
       [-0.50012543],
       [-0.50129296],
       [-0.50096509],
       [-0.500986  ],
       [-0.5004306 ],
       [-0.50107773],
       [-0.49980581],
       [-0.50079029],
       [-0.52879886],
       [-0.50039284],
       [-0.50059081],
       [-0.50023819],
       [-0.50324263],
       [-0.5010345 ],
       [-0.49991881],
       [-0.50153251],
       [-0.08544807],
       [-0.50176681],
       [-0.5064121 ],
       [-0.50150629],
       [-0.51060558],
       [-0.50030085],
       [-0.50038239],
       [-0.50024617],
       [-0.50327211],
       [-0.50025177],
       [-0.49957608],
       [-0.49983991],
       [-0.50004515],
       [-0.50106142],
       [-0.50050141],
       [-0.50050654],
       [-0.50051796],
       [-0.50012625]])
array([[-15.21182819],
       [ -0.40395349],
       [-12.14677971],
       [ -6.0222369 ],
       [-14.03461088],
       [-14.79237162],
       [-14.27951095],
       [-14.80124799],
       [-14.78611753],
       [-12.9434412 ],
       [-12.36209152],
       [-14.63429703],
       [-14.30942959],
       [-14.00359586],
       [ -6.4104658 ],
       [-15.01387181],
       [-15.15621721],
       [-14.16898806],
       [-13.0704085 ],
       [-14.60395149],
       [ -8.90327887],
       [-14.75401385],
       [ -1.80035229],
       [-14.75400013],
       [ -8.35431535],
       [-13.47627485],
       [-10.185478  ],
       [-15.30087572],
       [-15.17058299],
       [-14.95819053],
       [-12.04413286],
       [-13.99782756],
       [-13.79062914],
       [-13.89849729],
       [-13.76021812],
       [-12.51518271],
       [-15.27946063],
       [-14.98941537],
       [-15.17490205],
       [-14.12241111]])
<<<<<<<<<<< STEP 3 >>>>>>>>>>>> + array([[-0.50034244],
       [-0.00804105],
       [-0.50116688],
       [-0.52361787],
       [-0.49991925],
       [-0.50038784],
       [-0.5000736 ],
       [-0.50082347],
       [-0.50057327],
       [-0.50061449],
       [-0.50015787],
       [-0.50073248],
       [-0.49985366],
       [-0.50046476],
       [-0.51870292],
       [-0.50023684],
       [-0.50035699],
       [-0.50015893],
       [-0.50233215],
       [-0.50062712],
       [-0.49962565],
       [-0.50094582],
       [-0.09077921],
       [-0.50110584],
       [-0.50387461],
       [-0.50100849],
       [-0.50699306],
       [-0.50015671],
       [-0.50020646],
       [-0.50013554],
       [-0.50199125],
       [-0.50016314],
       [-0.49973363],
       [-0.49991635],
       [-0.50005561],
       [-0.50068808],
       [-0.50029587],
       [-0.50031497],
       [-0.50029375],
       [-0.50005693]])
array([[-15.71217063],
       [ -0.41199454],
       [-12.64794659],
       [ -6.54585477],
       [-14.53453013],
       [-15.29275947],
       [-14.77958455],
       [-15.30207146],
       [-15.2866908 ],
       [-13.4440557 ],
       [-12.86224938],
       [-15.13502951],
       [-14.80928325],
       [-14.50406062],
       [ -6.92916872],
       [-15.51410864],
       [-15.6565742 ],
       [-14.66914699],
       [-13.57274065],
       [-15.10457861],
       [ -9.40290452],
       [-15.25495967],
       [ -1.8911315 ],
       [-15.25510596],
       [ -8.85818996],
       [-13.97728334],
       [-10.69247105],
       [-15.80103243],
       [-15.67078945],
       [-15.45832607],
       [-12.54612411],
       [-14.4979907 ],
       [-14.29036277],
       [-14.39841364],
       [-14.26027373],
       [-13.01587079],
       [-15.77975649],
       [-15.48973034],
       [-15.6751958 ],
       [-14.62246804]])
<<<<<<<<<<< STEP 4 >>>>>>>>>>>> + array([[-0.50020501],
       [-0.00815413],
       [-0.50055812],
       [-0.51546574],
       [-0.4999266 ],
       [-0.50021054],
       [-0.50004099],
       [-0.50052438],
       [-0.50033361],
       [-0.5003795 ],
       [-0.50000209],
       [-0.50050365],
       [-0.49988905],
       [-0.50026712],
       [-0.51181327],
       [-0.50014306],
       [-0.50021147],
       [-0.50010686],
       [-0.50170496],
       [-0.500375  ],
       [-0.49950334],
       [-0.50057571],
       [-0.09699838],
       [-0.50067665],
       [-0.50228906],
       [-0.50067871],
       [-0.50462417],
       [-0.50007294],
       [-0.50010261],
       [-0.50007096],
       [-0.50119456],
       [-0.50010324],
       [-0.49983417],
       [-0.4999647 ],
       [-0.50005498],
       [-0.50044411],
       [-0.50017003],
       [-0.50019461],
       [-0.50016006],
       [-0.50001877]])
array([[-16.21237564],
       [ -0.42014868],
       [-13.14850471],
       [ -7.06132052],
       [-15.03445673],
       [-15.79297   ],
       [-15.27962554],
       [-15.80259584],
       [-15.78702441],
       [-13.9444352 ],
       [-13.36225147],
       [-15.63553315],
       [-15.3091723 ],
       [-15.00432774],
       [ -7.44098199],
       [-16.0142517 ],
       [-16.15678567],
       [-15.16925385],
       [-14.07444561],
       [-15.60495361],
       [ -9.90240787],
       [-15.75553539],
       [ -1.98812988],
       [-15.75578262],
       [ -9.36047902],
       [-14.47796205],
       [-11.19709522],
       [-16.30110537],
       [-16.17089206],
       [-15.95839703],
       [-13.04731867],
       [-14.99809394],
       [-14.79019694],
       [-14.89837834],
       [-14.76032871],
       [-13.5163149 ],
       [-16.27992652],
       [-15.98992495],
       [-16.17535586],
       [-15.12248681]])
<<<<<<<<<<< STEP 5 >>>>>>>>>>>> + array([[-0.50012128],
       [-0.00825295],
       [-0.50021123],
       [-0.5098336 ],
       [-0.49993545],
       [-0.50010661],
       [-0.50002136],
       [-0.5003355 ],
       [-0.50018913],
       [-0.50023314],
       [-0.49992206],
       [-0.5003508 ],
       [-0.49991505],
       [-0.5001488 ],
       [-0.50735103],
       [-0.50008643],
       [-0.5001225 ],
       [-0.50007292],
       [-0.50126725],
       [-0.50022105],
       [-0.49947711],
       [-0.5003466 ],
       [-0.10423991],
       [-0.50040692],
       [-0.50131841],
       [-0.50046212],
       [-0.50308755],
       [-0.50002579],
       [-0.50004317],
       [-0.50003403],
       [-0.5007055 ],
       [-0.50006433],
       [-0.49989756],
       [-0.49999281],
       [-0.50004998],
       [-0.50028677],
       [-0.50009446],
       [-0.50011985],
       [-0.50008171],
       [-0.49999861]])
array([[-16.71249692],
       [ -0.42840162],
       [-13.64871594],
       [ -7.57115412],
       [-15.53439218],
       [-16.29307661],
       [-15.7796469 ],
       [-16.30293133],
       [-16.28721354],
       [-14.44466833],
       [-13.86217353],
       [-16.13588395],
       [-15.80908734],
       [-15.50447654],
       [ -7.94833302],
       [-16.51433814],
       [-16.65690817],
       [-15.66932678],
       [-14.57571285],
       [-16.10517466],
       [-10.40188498],
       [-16.25588199],
       [ -2.09236979],
       [-16.25618954],
       [ -9.86179743],
       [-14.97842417],
       [-11.70018277],
       [-16.80113116],
       [-16.67093523],
       [-16.45843106],
       [-13.54802417],
       [-15.49815826],
       [-15.2900945 ],
       [-15.39837115],
       [-15.26037869],
       [-14.01660167],
       [-16.78002098],
       [-16.4900448 ],
       [-16.67543757],
       [-15.62248542]])
<<<<<<<<<<< STEP 6 >>>>>>>>>>>> + array([[-0.50007072],
       [-0.00830243],
       [-0.50002284],
       [-0.50616901],
       [-0.49994461],
       [-0.50004705],
       [-0.50001001],
       [-0.50021648],
       [-0.5001032 ],
       [-0.50014281],
       [-0.49988768],
       [-0.50024755],
       [-0.49993425],
       [-0.50007896],
       [-0.50453772],
       [-0.50005213],
       [-0.50006884],
       [-0.50005072],
       [-0.50095677],
       [-0.50012802],
       [-0.4995013 ],
       [-0.50020646],
       [-0.11266172],
       [-0.50024094],
       [-0.50073395],
       [-0.50031965],
       [-0.50209148],
       [-0.50000041],
       [-0.50001044],
       [-0.50001348],
       [-0.50040825],
       [-0.5000396 ],
       [-0.4999373 ],
       [-0.50000778],
       [-0.5000436 ],
       [-0.50018582],
       [-0.50004987],
       [-0.50007371],
       [-0.50003674],
       [-0.49998873]])
array([[-17.21256764],
       [ -0.43670406],
       [-14.14873879],
       [ -8.07732312],
       [-16.03433679],
       [-16.79312366],
       [-16.27965691],
       [-16.80314782],
       [-16.78731674],
       [-14.94481114],
       [-14.36206121],
       [-16.6361315 ],
       [-16.30902159],
       [-16.0045555 ],
       [ -8.45287074],
       [-17.01439026],
       [-17.15697701],
       [-16.16937749],
       [-15.07666963],
       [-16.60530268],
       [-10.90138628],
       [-16.75608845],
       [ -2.20503151],
       [-16.75643048],
       [-10.36253138],
       [-15.47874382],
       [-12.20227425],
       [-17.30113157],
       [-17.17094567],
       [-16.95844454],
       [-14.04843242],
       [-15.99819787],
       [-15.79003181],
       [-15.89837893],
       [-15.76042229],
       [-14.51678749],
       [-17.28007085],
       [-16.99011852],
       [-17.17547431],
       [-16.12247415]])
<<<<<<<<<<< STEP 7 >>>>>>>>>>>> + array([[-0.50004042],
       [-0.00828482],
       [-0.4999278 ],
       [-0.50385771],
       [-0.4999533 ],
       [-0.50001396],
       [-0.50000371],
       [-0.50014131],
       [-0.50005284],
       [-0.50008735],
       [-0.4998791 ],
       [-0.5001769 ],
       [-0.49994858],
       [-0.50003842],
       [-0.50278929],
       [-0.5000313 ],
       [-0.50003691],
       [-0.50003604],
       [-0.50073262],
       [-0.50007233],
       [-0.49954899],
       [-0.50012148],
       [-0.12246162],
       [-0.50014029],
       [-0.50038747],
       [-0.50022514],
       [-0.50144175],
       [-0.49998773],
       [-0.49999343],
       [-0.50000252],
       [-0.50022918],
       [-0.50002409],
       [-0.49996214],
       [-0.50001479],
       [-0.50003718],
       [-0.500121  ],
       [-0.50002409],
       [-0.50004533],
       [-0.50001165],
       [-0.49998461]])
array([[-17.71260807],
       [ -0.44498888],
       [-14.64866659],
       [ -8.58118084],
       [-16.53429009],
       [-17.29313762],
       [-16.77966062],
       [-17.30328913],
       [-17.28736958],
       [-15.44489849],
       [-14.86194031],
       [-17.1363084 ],
       [-16.80897017],
       [-16.50459392],
       [ -8.95566003],
       [-17.51442157],
       [-17.65701392],
       [-16.66941353],
       [-15.57740225],
       [-17.10537502],
       [-11.40093527],
       [-17.25620993],
       [ -2.32749313],
       [-17.25657077],
       [-10.86291885],
       [-15.97896896],
       [-12.703716  ],
       [-17.80111931],
       [-17.6709391 ],
       [-17.45844706],
       [-14.5486616 ],
       [-16.49822195],
       [-16.28999395],
       [-16.39839372],
       [-16.26045947],
       [-15.01690849],
       [-17.78009495],
       [-17.49016385],
       [-17.67548596],
       [-16.62245876]])
<<<<<<<<<<< STEP 8 >>>>>>>>>>>> + array([[-0.50002243],
       [-0.00818754],
       [-0.49988622],
       [-0.50242336],
       [-0.4999611 ],
       [-0.49999645],
       [-0.50000042],
       [-0.50009354],
       [-0.50002389],
       [-0.5000534 ],
       [-0.49988409],
       [-0.50012787],
       [-0.49995943],
       [-0.50001542],
       [-0.50171103],
       [-0.50001865],
       [-0.5000182 ],
       [-0.50002618],
       [-0.50056786],
       [-0.50003934],
       [-0.49960495],
       [-0.50007032],
       [-0.13388825],
       [-0.50007997],
       [-0.50018573],
       [-0.50016161],
       [-0.5010131 ],
       [-0.49998229],
       [-0.49998549],
       [-0.49999706],
       [-0.50012238],
       [-0.50001442],
       [-0.49997764],
       [-0.50001722],
       [-0.50003127],
       [-0.50007921],
       [-0.50000957],
       [-0.50002788],
       [-0.49999828],
       [-0.49998363]])
array([[-18.21263049],
       [ -0.45317642],
       [-15.14855281],
       [ -9.0836042 ],
       [-17.0342512 ],
       [-17.79313407],
       [-17.27966104],
       [-17.80338267],
       [-17.78739347],
       [-15.94495189],
       [-15.3618244 ],
       [-17.63643626],
       [-17.3089296 ],
       [-17.00460934],
       [ -9.45737106],
       [-18.01444022],
       [-18.15703212],
       [-17.16943971],
       [-16.07797011],
       [-17.60541435],
       [-11.90054022],
       [-17.75628025],
       [ -2.46138138],
       [-17.75665074],
       [-11.36310458],
       [-16.47913057],
       [-13.2047291 ],
       [-18.30110159],
       [-18.17092459],
       [-17.95844412],
       [-15.04878398],
       [-16.99823637],
       [-16.78997159],
       [-16.89841094],
       [-16.76049074],
       [-15.5169877 ],
       [-18.28010451],
       [-17.99019173],
       [-18.17548424],
       [-17.12244239]])
<<<<<<<<<<< STEP 9 >>>>>>>>>>>> + array([[-0.50001185],
       [-0.00799702],
       [-0.49987418],
       [-0.50153967],
       [-0.49996789],
       [-0.49998796],
       [-0.49999884],
       [-0.50006292],
       [-0.5000077 ],
       [-0.50003264],
       [-0.49989541],
       [-0.50009337],
       [-0.49996775],
       [-0.50000282],
       [-0.50104872],
       [-0.50001097],
       [-0.50000746],
       [-0.50001943],
       [-0.50044463],
       [-0.50002004],
       [-0.49966105],
       [-0.50003974],
       [-0.14724862],
       [-0.50004424],
       [-0.50007109],
       [-0.50011818],
       [-0.50072601],
       [-0.49998084],
       [-0.49998261],
       [-0.49999469],
       [-0.50005954],
       [-0.50000842],
       [-0.49998727],
       [-0.50001716],
       [-0.50002606],
       [-0.50005211],
       [-0.50000169],
       [-0.50001716],
       [-0.4999917 ],
       [-0.49998429]])
array([[-18.71264234],
       [ -0.46117344],
       [-15.64842699],
       [ -9.58514387],
       [-17.53421909],
       [-18.29312203],
       [-17.77965987],
       [-18.3034456 ],
       [-18.28740117],
       [-16.44498453],
       [-15.86171981],
       [-18.13652964],
       [-17.80889735],
       [-17.50461216],
       [ -9.95841978],
       [-18.51445119],
       [-18.65703958],
       [-17.66945914],
       [-16.57841474],
       [-18.10543439],
       [-12.40020127],
       [-18.25631999],
       [ -2.60863   ],
       [-18.25669498],
       [-11.86317567],
       [-16.97924876],
       [-13.70545511],
       [-18.80108243],
       [-18.6709072 ],
       [-18.4584388 ],
       [-15.54884352],
       [-17.49824479],
       [-17.28995885],
       [-17.3984281 ],
       [-17.2605168 ],
       [-16.01703981],
       [-18.7801062 ],
       [-18.49020889],
       [-18.67547594],
       [-17.62242668]])
<<<<<<<<<<< STEP 10 >>>>>>>>>>>> + array([[-0.50000574],
       [-0.00769528],
       [-0.49987768],
       [-0.50099563],
       [-0.49997367],
       [-0.49998458],
       [-0.49999821],
       [-0.50004307],
       [-0.49999906],
       [-0.50001995],
       [-0.49990901],
       [-0.50006879],
       [-0.49997421],
       [-0.49999632],
       [-0.50064266],
       [-0.50000632],
       [-0.50000149],
       [-0.50001469],
       [-0.50035094],
       [-0.50000897],
       [-0.49971329],
       [-0.50002164],
       [-0.16291087],
       [-0.50002334],
       [-0.50000834],
       [-0.50008793],
       [-0.5005302 ],
       [-0.49998149],
       [-0.49998247],
       [-0.499994  ],
       [-0.50002332],
       [-0.50000473],
       [-0.49999321],
       [-0.50001586],
       [-0.50002158],
       [-0.50003442],
       [-0.49999768],
       [-0.50001057],
       [-0.499989  ],
       [-0.49998572]])
array([[-19.21264808],
       [ -0.46886872],
       [-16.14830467],
       [-10.08613949],
       [-18.03419276],
       [-18.79310661],
       [-18.27965808],
       [-18.80348867],
       [-18.78740023],
       [-16.94500448],
       [-16.36162882],
       [-18.63659843],
       [-18.30887156],
       [-18.00460847],
       [-10.45906245],
       [-19.01445751],
       [-19.15704107],
       [-18.16947383],
       [-17.07876568],
       [-18.60544336],
       [-12.89991457],
       [-18.75634163],
       [ -2.77154087],
       [-18.75671832],
       [-12.36318402],
       [-17.47933668],
       [-14.20598531],
       [-19.30106392],
       [-19.17088967],
       [-18.9584328 ],
       [-16.04886684],
       [-17.99824953],
       [-17.78995206],
       [-17.89844396],
       [-17.76053838],
       [-16.51707423],
       [-19.28010388],
       [-18.99021946],
       [-19.17546494],
       [-18.1224124 ]])
<<<<<<<<<<< STEP 11 >>>>>>>>>>>> + array([[-0.50000228],
       [-0.00725781],
       [-0.49988865],
       [-0.5006588 ],
       [-0.49997853],
       [-0.49998402],
       [-0.49999808],
       [-0.50003001],
       [-0.4999948 ],
       [-0.50001219],
       [-0.49992271],
       [-0.50005106],
       [-0.4999793 ],
       [-0.49999333],
       [-0.5003939 ],
       [-0.50000352],
       [-0.49999837],
       [-0.50001129],
       [-0.50027859],
       [-0.50000279],
       [-0.49976007],
       [-0.50001106],
       [-0.18129653],
       [-0.50001134],
       [-0.49997619],
       [-0.5000664 ],
       [-0.50039388],
       [-0.49998316],
       [-0.4999837 ],
       [-0.49999417],
       [-0.50000316],
       [-0.50000249],
       [-0.49999683],
       [-0.50001403],
       [-0.50001778],
       [-0.5000228 ],
       [-0.49999588],
       [-0.5000065 ],
       [-0.49998844],
       [-0.49998745]])
array([[-19.71265036],
       [ -0.47612653],
       [-16.64819331],
       [-10.5867983 ],
       [-18.53417129],
       [-19.29309063],
       [-18.77965617],
       [-19.30351867],
       [-19.28739503],
       [-17.44501666],
       [-16.86155153],
       [-19.13664949],
       [-18.80885086],
       [-18.50460181],
       [-10.95945634],
       [-19.51446103],
       [-19.65703944],
       [-18.66948513],
       [-17.57904427],
       [-19.10544615],
       [-13.39967464],
       [-19.25635269],
       [ -2.95283739],
       [-19.25672966],
       [-12.86316021],
       [-17.97940309],
       [-14.70637919],
       [-19.80104708],
       [-19.67087337],
       [-19.45842697],
       [-16.54887   ],
       [-18.49825202],
       [-18.28994889],
       [-18.39845798],
       [-18.26055616],
       [-17.01709703],
       [-19.78009976],
       [-19.49022596],
       [-19.67545338],
       [-18.62239984]])
<<<<<<<<<<< STEP 12 >>>>>>>>>>>> + array([[-0.5000004 ],
       [-0.00665243],
       [-0.4999026 ],
       [-0.50044749],
       [-0.49998257],
       [-0.49998492],
       [-0.4999982 ],
       [-0.50002128],
       [-0.49999308],
       [-0.50000745],
       [-0.49993547],
       [-0.50003815],
       [-0.49998336],
       [-0.49999234],
       [-0.50024152],
       [-0.50000186],
       [-0.4999969 ],
       [-0.50000879],
       [-0.50022187],
       [-0.49999953],
       [-0.49980107],
       [-0.50000501],
       [-0.20285072],
       [-0.50000462],
       [-0.49996185],
       [-0.50005075],
       [-0.50029685],
       [-0.49998524],
       [-0.49998554],
       [-0.49999474],
       [-0.49999266],
       [-0.50000115],
       [-0.49999896],
       [-0.50001205],
       [-0.50001457],
       [-0.50001514],
       [-0.49999532],
       [-0.500004  ],
       [-0.49998901],
       [-0.49998923]])
array([[-20.21265076],
       [ -0.48277896],
       [-17.14809591],
       [-11.08724579],
       [-19.03415386],
       [-19.79307555],
       [-19.27965437],
       [-19.80353995],
       [-19.78738811],
       [-17.94502411],
       [-17.36148699],
       [-19.63668764],
       [-19.30883422],
       [-19.00459415],
       [-11.45969787],
       [-20.01446289],
       [-20.15703634],
       [-19.16949391],
       [-18.07926614],
       [-19.60544568],
       [-13.8994757 ],
       [-19.7563577 ],
       [ -3.15568812],
       [-19.75673428],
       [-13.36312206],
       [-18.47945383],
       [-15.20667604],
       [-20.30103231],
       [-20.17085891],
       [-19.95842171],
       [-17.04886267],
       [-18.99825316],
       [-18.78994785],
       [-18.89847004],
       [-18.76057073],
       [-17.51711217],
       [-20.28009508],
       [-19.99022996],
       [-20.17544238],
       [-19.12238907]])
<<<<<<<<<<< STEP 13 >>>>>>>>>>>> + array([[-0.49999945],
       [-0.00583948],
       [-0.49991715],
       [-0.50031177],
       [-0.49998593],
       [-0.49998654],
       [-0.49999842],
       [-0.50001533],
       [-0.49999276],
       [-0.50000455],
       [-0.49994686],
       [-0.50002869],
       [-0.49998665],
       [-0.49999245],
       [-0.50014824],
       [-0.50000089],
       [-0.49999641],
       [-0.50000688],
       [-0.50017673],
       [-0.49999796],
       [-0.49983662],
       [-0.50000166],
       [-0.2279706 ],
       [-0.50000101],
       [-0.4999577 ],
       [-0.50003911],
       [-0.50022611],
       [-0.4999874 ],
       [-0.49998758],
       [-0.49999546],
       [-0.49998794],
       [-0.50000038],
       [-0.50000015],
       [-0.50001014],
       [-0.50001186],
       [-0.50001011],
       [-0.49999543],
       [-0.50000246],
       [-0.49999014],
       [-0.49999093]])
array([[-20.71265021],
       [ -0.48861845],
       [-17.64801306],
       [-11.58755756],
       [-19.53413979],
       [-20.29306209],
       [-19.77965279],
       [-20.30355528],
       [-20.28738087],
       [-18.44502866],
       [-17.86143386],
       [-20.13671633],
       [-19.80882087],
       [-19.50458661],
       [-11.9598461 ],
       [-20.51446378],
       [-20.65703276],
       [-19.66950079],
       [-18.57944287],
       [-20.10544364],
       [-14.39931233],
       [-20.25635936],
       [ -3.38365871],
       [-20.25673528],
       [-13.86307976],
       [-18.97949294],
       [-15.70690215],
       [-20.80101972],
       [-20.67084649],
       [-20.45841717],
       [-17.54885061],
       [-19.49825354],
       [-19.289948  ],
       [-19.39848017],
       [-19.26058258],
       [-18.01712228],
       [-20.78009051],
       [-20.49023243],
       [-20.67543252],
       [-19.62238001]])
<<<<<<<<<<< STEP 14 >>>>>>>>>>>> + array([[-0.49999905],
       [-0.00477503],
       [-0.4999311 ],
       [-0.50022136],
       [-0.49998873],
       [-0.49998844],
       [-0.49999867],
       [-0.50001119],
       [-0.49999322],
       [-0.50000278],
       [-0.4999568 ],
       [-0.50002171],
       [-0.49998934],
       [-0.49999314],
       [-0.50009121],
       [-0.50000035],
       [-0.49999648],
       [-0.50000539],
       [-0.50014027],
       [-0.49999739],
       [-0.49986737],
       [-0.49999992],
       [-0.25686583],
       [-0.4999992 ],
       [-0.49995925],
       [-0.50003024],
       [-0.50017326],
       [-0.4999895 ],
       [-0.4999896 ],
       [-0.49999619],
       [-0.49998667],
       [-0.49999997],
       [-0.50000071],
       [-0.50000836],
       [-0.50000957],
       [-0.50000683],
       [-0.49999586],
       [-0.50000152],
       [-0.49999151],
       [-0.49999251]])
array([[-21.21264926],
       [ -0.49339348],
       [-18.14794416],
       [-12.08777892],
       [-20.03412852],
       [-20.79305053],
       [-20.27965146],
       [-20.80356648],
       [-20.78737409],
       [-18.94503144],
       [-18.36139066],
       [-20.63673804],
       [-20.30881021],
       [-20.00457974],
       [-12.45993731],
       [-21.01446413],
       [-21.15702923],
       [-20.16950619],
       [-19.07958314],
       [-20.60544103],
       [-14.8991797 ],
       [-20.75635928],
       [ -3.64052454],
       [-20.75673449],
       [-14.36303902],
       [-19.47952318],
       [-16.20707541],
       [-21.30100922],
       [-21.17083609],
       [-20.95841336],
       [-18.04883728],
       [-19.99825351],
       [-19.78994871],
       [-19.89848854],
       [-19.76059215],
       [-18.51712911],
       [-21.28008637],
       [-20.99023395],
       [-21.17542402],
       [-20.12237251]])
<<<<<<<<<<< STEP 15 >>>>>>>>>>>> + array([[-0.49999895],
       [-0.00341971],
       [-0.49994392],
       [-0.50015803],
       [-0.49999106],
       [-0.49999041],
       [-0.49999889],
       [-0.50000825],
       [-0.49999408],
       [-0.50000171],
       [-0.49996537],
       [-0.50001656],
       [-0.49999158],
       [-0.4999941 ],
       [-0.50005648],
       [-0.50000008],
       [-0.49999685],
       [-0.5000042 ],
       [-0.50011039],
       [-0.49999737],
       [-0.49989399],
       [-0.49999913],
       [-0.28933313],
       [-0.49999844],
       [-0.49996386],
       [-0.50002335],
       [-0.50013279],
       [-0.49999145],
       [-0.49999151],
       [-0.49999687],
       [-0.49998743],
       [-0.4999998 ],
       [-0.50000087],
       [-0.50000677],
       [-0.50000761],
       [-0.50000474],
       [-0.49999645],
       [-0.50000095],
       [-0.49999294],
       [-0.49999394]])
array([[-21.71264821],
       [ -0.49681318],
       [-18.64788808],
       [-12.58793695],
       [-20.53411958],
       [-21.29304094],
       [-20.77965035],
       [-21.30357473],
       [-21.28736817],
       [-19.44503315],
       [-18.86135603],
       [-21.1367546 ],
       [-20.80880179],
       [-20.50457385],
       [-12.95999379],
       [-21.51446421],
       [-21.65702608],
       [-20.66951039],
       [-19.57969353],
       [-21.1054384 ],
       [-15.39907368],
       [-21.25635841],
       [ -3.92985768],
       [-21.25673292],
       [-14.86300287],
       [-19.97954653],
       [-16.7072082 ],
       [-21.80100067],
       [-21.6708276 ],
       [-21.45841022],
       [-18.54882471],
       [-20.49825331],
       [-20.28994959],
       [-20.39849531],
       [-20.26059976],
       [-19.01713384],
       [-21.78008282],
       [-21.49023489],
       [-21.67541696],
       [-20.62236645]])
<<<<<<<<<<< STEP 16 >>>>>>>>>>>> + array([[-0.49999903],
       [-0.00175591],
       [-0.49995543],
       [-0.50011109],
       [-0.49999301],
       [-0.49999231],
       [-0.49999909],
       [-0.50000612],
       [-0.4999951 ],
       [-0.50000107],
       [-0.4999727 ],
       [-0.50001276],
       [-0.49999346],
       [-0.49999517],
       [-0.50003547],
       [-0.49999996],
       [-0.49999738],
       [-0.50000322],
       [-0.5000856 ],
       [-0.49999766],
       [-0.49991705],
       [-0.49999889],
       [-0.3244759 ],
       [-0.49999824],
       [-0.49996994],
       [-0.50001788],
       [-0.50010112],
       [-0.49999323],
       [-0.49999324],
       [-0.49999747],
       [-0.49998934],
       [-0.49999978],
       [-0.50000077],
       [-0.50000536],
       [-0.50000595],
       [-0.50000346],
       [-0.49999708],
       [-0.5000006 ],
       [-0.49999434],
       [-0.49999523]])
array([[-22.21264724],
       [ -0.4985691 ],
       [-19.14784351],
       [-13.08804804],
       [-21.03411259],
       [-21.79303325],
       [-21.27964943],
       [-21.80358085],
       [-21.78736328],
       [-19.94503422],
       [-19.36132873],
       [-21.63676736],
       [-21.30879525],
       [-21.00456902],
       [-13.46002926],
       [-22.01446417],
       [-22.15702346],
       [-21.16951361],
       [-20.07977913],
       [-21.60543606],
       [-15.89899074],
       [-21.7563573 ],
       [ -4.25433358],
       [-21.75673117],
       [-15.36297281],
       [-20.47956441],
       [-17.20730932],
       [-22.3009939 ],
       [-22.17082084],
       [-21.9584077 ],
       [-19.04881406],
       [-20.99825309],
       [-20.78995036],
       [-20.89850066],
       [-20.76060571],
       [-19.51713731],
       [-22.28007989],
       [-21.9902355 ],
       [-22.1754113 ],
       [-21.12236168]])
<<<<<<<<<<< STEP 17 >>>>>>>>>>>> + array([[ -4.99999186e-01],
       [  1.87902155e-04],
       [ -4.99965535e-01],
       [ -5.00074630e-01],
       [ -4.99994638e-01],
       [ -4.99994066e-01],
       [ -4.99999244e-01],
       [ -5.00004534e-01],
       [ -4.99996167e-01],
       [ -5.00000682e-01],
       [ -4.99978903e-01],
       [ -5.00009949e-01],
       [ -4.99995045e-01],
       [ -4.99996241e-01],
       [ -5.00022904e-01],
       [ -4.99999947e-01],
       [ -4.99997968e-01],
       [ -5.00002405e-01],
       [ -5.00064964e-01],
       [ -4.99998099e-01],
       [ -4.99936931e-01],
       [ -4.99998960e-01],
       [ -3.60513251e-01],
       [ -4.99998355e-01],
       [ -4.99976497e-01],
       [ -5.00013481e-01],
       [ -5.00075952e-01],
       [ -4.99994808e-01],
       [ -4.99994786e-01],
       [ -4.99997989e-01],
       [ -4.99991808e-01],
       [ -4.99999846e-01],
       [ -5.00000522e-01],
       [ -5.00004130e-01],
       [ -5.00004523e-01],
       [ -5.00002730e-01],
       [ -4.99997688e-01],
       [ -5.00000406e-01],
       [ -4.99995639e-01],
       [ -4.99996366e-01]])
array([[-22.71264642],
       [ -0.4983812 ],
       [-19.64780905],
       [-13.58812267],
       [-21.53410723],
       [-22.29302731],
       [-21.77964868],
       [-22.30358538],
       [-22.28735944],
       [-20.4450349 ],
       [-19.86130763],
       [-22.13677731],
       [-21.8087903 ],
       [-21.50456526],
       [-13.96005217],
       [-22.51446412],
       [-22.65702142],
       [-21.66951601],
       [-20.5798441 ],
       [-22.10543416],
       [-16.39892767],
       [-22.25635626],
       [ -4.61484683],
       [-22.25672952],
       [-15.86294931],
       [-20.97957789],
       [-17.70738527],
       [-22.8009887 ],
       [-22.67081563],
       [-22.45840568],
       [-19.54880586],
       [-21.49825294],
       [-21.28995088],
       [-21.39850479],
       [-21.26061023],
       [-20.01714004],
       [-22.78007758],
       [-22.4902359 ],
       [-22.67540694],
       [-21.62235805]])
<<<<<<<<<<< STEP 18 >>>>>>>>>>>> + array([[-0.49999938],
       [ 0.002317  ],
       [-0.49997417],
       [-0.50004584],
       [-0.49999598],
       [-0.49999562],
       [-0.49999937],
       [-0.50000335],
       [-0.49999717],
       [-0.50000046],
       [-0.49998408],
       [-0.50000786],
       [-0.49999636],
       [-0.49999723],
       [-0.50001545],
       [-0.49999998],
       [-0.49999855],
       [-0.50000173],
       [-0.50004794],
       [-0.49999858],
       [-0.49995374],
       [-0.49999917],
       [-0.39493644],
       [-0.4999986 ],
       [-0.49998281],
       [-0.50000995],
       [-0.50005591],
       [-0.49999617],
       [-0.49999612],
       [-0.49999842],
       [-0.49999438],
       [-0.49999995],
       [-0.50000021],
       [-0.50000308],
       [-0.50000333],
       [-0.50000233],
       [-0.49999825],
       [-0.50000029],
       [-0.4999968 ],
       [-0.49999735]])
array([[-23.2126458 ],
       [ -0.4960642 ],
       [-20.14778322],
       [-14.08816851],
       [-22.03410321],
       [-22.79302293],
       [-22.27964805],
       [-22.80358873],
       [-22.78735661],
       [-20.94503536],
       [-20.36129171],
       [-22.63678517],
       [-22.30878666],
       [-22.00456249],
       [-14.46006762],
       [-23.0144641 ],
       [-23.15701997],
       [-22.16951774],
       [-21.07989203],
       [-22.60543274],
       [-16.89888141],
       [-22.75635544],
       [ -5.00978326],
       [-22.75672813],
       [-16.36293212],
       [-21.47958784],
       [-18.20744119],
       [-23.30098488],
       [-23.17081175],
       [-22.95840411],
       [-20.04880024],
       [-21.99825289],
       [-21.78995109],
       [-21.89850788],
       [-21.76061356],
       [-20.51714237],
       [-23.28007583],
       [-22.9902362 ],
       [-23.17540373],
       [-22.12235539]])
<<<<<<<<<<< STEP 19 >>>>>>>>>>>> + array([[-0.49999956],
       [ 0.00447526],
       [-0.49998128],
       [-0.50002368],
       [-0.49999707],
       [-0.49999693],
       [-0.49999947],
       [-0.50000245],
       [-0.49999804],
       [-0.50000032],
       [-0.49998828],
       [-0.50000628],
       [-0.49999743],
       [-0.49999807],
       [-0.50001101],
       [-0.50000003],
       [-0.49999905],
       [-0.5000012 ],
       [-0.50003426],
       [-0.49999902],
       [-0.49996744],
       [-0.49999943],
       [-0.42517288],
       [-0.49999889],
       [-0.49998833],
       [-0.50000716],
       [-0.50004019],
       [-0.4999973 ],
       [-0.49999722],
       [-0.49999878],
       [-0.49999671],
       [-0.50000006],
       [-0.4999999 ],
       [-0.50000223],
       [-0.50000236],
       [-0.50000211],
       [-0.49999872],
       [-0.50000023],
       [-0.49999777],
       [-0.49999816]])
array([[-23.71264536],
       [ -0.49158894],
       [-20.6477645 ],
       [-14.58819219],
       [-22.53410028],
       [-23.29301986],
       [-22.77964752],
       [-23.30359118],
       [-23.28735465],
       [-21.44503568],
       [-20.86127998],
       [-23.13679145],
       [-22.80878409],
       [-22.50456056],
       [-14.96007862],
       [-23.51446413],
       [-23.65701902],
       [-22.66951894],
       [-21.5799263 ],
       [-23.10543176],
       [-17.39884884],
       [-23.25635486],
       [ -5.43495615],
       [-23.25672702],
       [-16.86292045],
       [-21.97959501],
       [-18.70748138],
       [-23.80098218],
       [-23.67080897],
       [-23.45840288],
       [-20.54879695],
       [-22.49825295],
       [-22.28995099],
       [-22.39851011],
       [-22.26061592],
       [-21.01714448],
       [-23.78007455],
       [-23.49023643],
       [-23.6754015 ],
       [-22.62235355]])
<<<<<<<<<<< STEP 20 >>>>>>>>>>>> + array([[-0.49999972],
       [ 0.00648739],
       [-0.49998686],
       [-0.50000773],
       [-0.49999791],
       [-0.49999795],
       [-0.49999956],
       [-0.50000178],
       [-0.49999873],
       [-0.50000024],
       [-0.49999155],
       [-0.50000506],
       [-0.49999825],
       [-0.49999874],
       [-0.50000827],
       [-0.50000008],
       [-0.49999946],
       [-0.50000079],
       [-0.50002372],
       [-0.49999939],
       [-0.49997804],
       [-0.49999966],
       [-0.44948385],
       [-0.49999916],
       [-0.49999275],
       [-0.50000504],
       [-0.50002823],
       [-0.49999818],
       [-0.49999808],
       [-0.49999906],
       [-0.49999856],
       [-0.50000015],
       [-0.49999967],
       [-0.50000156],
       [-0.50000161],
       [-0.50000194],
       [-0.4999991 ],
       [-0.50000019],
       [-0.49999853],
       [-0.49999878]])
array([[-24.21264508],
       [ -0.48510155],
       [-21.14775136],
       [-15.08819992],
       [-23.03409818],
       [-23.79301781],
       [-23.27964708],
       [-23.80359296],
       [-23.78735338],
       [-21.94503592],
       [-21.36127154],
       [-23.63679651],
       [-23.30878234],
       [-23.0045593 ],
       [-15.46008689],
       [-24.01446421],
       [-24.15701848],
       [-23.16951972],
       [-22.07995002],
       [-23.60543114],
       [-17.89882688],
       [-23.75635452],
       [ -5.88443999],
       [-23.75672618],
       [-17.36291319],
       [-22.47960004],
       [-19.2075096 ],
       [-24.30098037],
       [-24.17080705],
       [-23.95840194],
       [-21.04879551],
       [-22.99825311],
       [-22.78995066],
       [-22.89851166],
       [-22.76061753],
       [-21.51714642],
       [-24.28007365],
       [-23.99023662],
       [-24.17540004],
       [-23.12235233]])
<<<<<<<<<<< STEP 21 >>>>>>>>>>>> + array([[-0.49999983],
       [ 0.00821754],
       [-0.499991  ],
       [-0.49999739],
       [-0.49999853],
       [-0.4999987 ],
       [-0.49999963],
       [-0.50000129],
       [-0.49999924],
       [-0.50000019],
       [-0.49999401],
       [-0.50000408],
       [-0.49999885],
       [-0.49999924],
       [-0.50000645],
       [-0.50000011],
       [-0.49999975],
       [-0.50000049],
       [-0.50001599],
       [-0.49999966],
       [-0.49998578],
       [-0.49999984],
       [-0.46747114],
       [-0.49999938],
       [-0.49999595],
       [-0.50000347],
       [-0.50001946],
       [-0.49999883],
       [-0.49999872],
       [-0.49999928],
       [-0.49999985],
       [-0.50000021],
       [-0.49999952],
       [-0.50000106],
       [-0.50000106],
       [-0.50000177],
       [-0.49999939],
       [-0.50000016],
       [-0.49999909],
       [-0.49999924]])
array([[-24.71264491],
       [ -0.47688401],
       [-21.64774236],
       [-15.58819732],
       [-23.53409671],
       [-24.29301651],
       [-23.77964671],
       [-24.30359426],
       [-24.28735262],
       [-22.44503611],
       [-21.86126555],
       [-24.13680059],
       [-23.80878118],
       [-23.50455854],
       [-15.96009334],
       [-24.51446431],
       [-24.65701823],
       [-23.66952021],
       [-22.57996601],
       [-24.1054308 ],
       [-18.39881266],
       [-24.25635436],
       [ -6.35191113],
       [-24.25672556],
       [-17.86290915],
       [-22.97960351],
       [-19.70752906],
       [-24.8009792 ],
       [-24.67080577],
       [-24.45840122],
       [-21.54879536],
       [-23.49825331],
       [-23.28995018],
       [-23.39851272],
       [-23.2606186 ],
       [-22.0171482 ],
       [-24.78007304],
       [-24.49023678],
       [-24.67539913],
       [-23.62235157]])
<<<<<<<<<<< STEP 22 >>>>>>>>>>>> + array([[-0.49999991],
       [ 0.009604  ],
       [-0.49999394],
       [-0.49999159],
       [-0.49999898],
       [-0.49999922],
       [-0.49999969],
       [-0.50000094],
       [-0.49999958],
       [-0.50000015],
       [-0.49999579],
       [-0.50000328],
       [-0.49999926],
       [-0.49999957],
       [-0.50000513],
       [-0.50000012],
       [-0.49999993],
       [-0.50000029],
       [-0.50001057],
       [-0.49999984],
       [-0.49999112],
       [-0.49999995],
       [-0.4798746 ],
       [-0.49999956],
       [-0.49999809],
       [-0.50000237],
       [-0.50001326],
       [-0.49999928],
       [-0.49999917],
       [-0.49999945],
       [-0.50000063],
       [-0.50000023],
       [-0.49999946],
       [-0.50000071],
       [-0.50000068],
       [-0.50000158],
       [-0.49999959],
       [-0.50000014],
       [-0.49999947],
       [-0.49999955]])
array([[-25.21264483],
       [ -0.46728001],
       [-22.1477363 ],
       [-16.08818891],
       [-24.0340957 ],
       [-24.79301573],
       [-24.2796464 ],
       [-24.8035952 ],
       [-24.7873522 ],
       [-22.94503627],
       [-22.36126134],
       [-24.63680387],
       [-24.30878044],
       [-24.00455811],
       [-16.46009847],
       [-25.01446443],
       [-25.15701816],
       [-24.1695205 ],
       [-23.07997658],
       [-24.60543064],
       [-18.89880378],
       [-24.75635431],
       [ -6.83178574],
       [-24.75672512],
       [-18.36290724],
       [-23.47960588],
       [-20.20754232],
       [-25.30097847],
       [-25.17080494],
       [-24.95840068],
       [-22.04879599],
       [-23.99825354],
       [-23.78994964],
       [-23.89851343],
       [-23.76061928],
       [-22.51714977],
       [-25.28007263],
       [-24.99023692],
       [-25.1753986 ],
       [-24.12235112]])
<<<<<<<<<<< STEP 23 >>>>>>>>>>>> + array([[-0.49999996],
       [ 0.01065332],
       [-0.49999596],
       [-0.49998906],
       [-0.49999929],
       [-0.49999955],
       [-0.49999975],
       [-0.50000068],
       [-0.4999998 ],
       [-0.50000012],
       [-0.49999705],
       [-0.50000263],
       [-0.49999954],
       [-0.49999978],
       [-0.50000411],
       [-0.50000012],
       [-0.50000004],
       [-0.50000016],
       [-0.50000691],
       [-0.49999995],
       [-0.49999462],
       [-0.50000002],
       [-0.48796906],
       [-0.49999968],
       [-0.49999939],
       [-0.50000161],
       [-0.500009  ],
       [-0.49999957],
       [-0.49999947],
       [-0.49999958],
       [-0.50000102],
       [-0.50000023],
       [-0.49999946],
       [-0.50000047],
       [-0.50000043],
       [-0.50000137],
       [-0.49999973],
       [-0.50000012],
       [-0.49999971],
       [-0.49999975]])
array([[-25.71264479],
       [ -0.45662669],
       [-22.64773226],
       [-16.58817797],
       [-24.53409499],
       [-25.29301528],
       [-24.77964615],
       [-25.30359588],
       [-25.287352  ],
       [-23.44503639],
       [-22.86125839],
       [-25.1368065 ],
       [-24.80877998],
       [-24.50455789],
       [-16.96010258],
       [-25.51446455],
       [-25.65701821],
       [-24.66952067],
       [-23.57998348],
       [-25.10543059],
       [-19.3987984 ],
       [-25.25635434],
       [ -7.3197548 ],
       [-25.2567248 ],
       [-18.86290662],
       [-23.97960748],
       [-20.70755132],
       [-25.80097804],
       [-25.67080441],
       [-25.45840026],
       [-22.54879701],
       [-24.49825377],
       [-24.28994911],
       [-24.3985139 ],
       [-24.2606197 ],
       [-23.01715114],
       [-25.78007236],
       [-25.49023704],
       [-25.67539831],
       [-24.62235087]])
<<<<<<<<<<< STEP 24 >>>>>>>>>>>> + array([[-0.49999999],
       [ 0.01141177],
       [-0.49999731],
       [-0.49998859],
       [-0.49999951],
       [-0.49999976],
       [-0.4999998 ],
       [-0.5000005 ],
       [-0.49999993],
       [-0.5000001 ],
       [-0.49999792],
       [-0.50000209],
       [-0.49999971],
       [-0.49999991],
       [-0.50000329],
       [-0.50000011],
       [-0.50000009],
       [-0.50000008],
       [-0.5000045 ],
       [-0.50000001],
       [-0.49999684],
       [-0.50000006],
       [-0.49303712],
       [-0.49999977],
       [-0.50000011],
       [-0.50000109],
       [-0.50000613],
       [-0.49999975],
       [-0.49999966],
       [-0.49999968],
       [-0.50000114],
       [-0.50000021],
       [-0.49999951],
       [-0.50000031],
       [-0.50000026],
       [-0.50000116],
       [-0.49999982],
       [-0.5000001 ],
       [-0.49999986],
       [-0.49999987]])
array([[-26.21264478],
       [ -0.44521491],
       [-23.14772957],
       [-17.08816656],
       [-25.0340945 ],
       [-25.79301503],
       [-25.27964595],
       [-25.80359638],
       [-25.78735193],
       [-23.94503649],
       [-23.3612563 ],
       [-25.6368086 ],
       [-25.30877969],
       [-25.0045578 ],
       [-17.46010587],
       [-26.01446466],
       [-26.1570183 ],
       [-25.16952075],
       [-24.07998798],
       [-25.6054306 ],
       [-19.89879524],
       [-25.75635439],
       [ -7.81279193],
       [-25.75672457],
       [-19.36290673],
       [-24.47960858],
       [-21.20755745],
       [-26.30097779],
       [-26.17080407],
       [-25.95839994],
       [-23.04879814],
       [-24.99825397],
       [-24.78994861],
       [-24.89851422],
       [-24.76061997],
       [-23.5171523 ],
       [-26.28007219],
       [-25.99023714],
       [-26.17539818],
       [-25.12235074]])
<<<<<<<<<<< STEP 25 >>>>>>>>>>>> + array([[-0.50000001],
       [ 0.01193805],
       [-0.49999819],
       [-0.49998929],
       [-0.49999966],
       [-0.49999988],
       [-0.49999984],
       [-0.50000037],
       [-0.5       ],
       [-0.50000008],
       [-0.49999852],
       [-0.50000166],
       [-0.49999983],
       [-0.49999998],
       [-0.50000262],
       [-0.5000001 ],
       [-0.50000011],
       [-0.50000004],
       [-0.50000293],
       [-0.50000004],
       [-0.4999982 ],
       [-0.50000007],
       [-0.49611153],
       [-0.49999984],
       [-0.50000046],
       [-0.50000075],
       [-0.50000421],
       [-0.49999986],
       [-0.49999979],
       [-0.49999976],
       [-0.50000111],
       [-0.50000018],
       [-0.49999957],
       [-0.50000021],
       [-0.50000016],
       [-0.50000096],
       [-0.49999988],
       [-0.50000008],
       [-0.49999995],
       [-0.49999994]])
array([[-26.71264479],
       [ -0.43327686],
       [-23.64772776],
       [-17.58815585],
       [-25.53409416],
       [-26.29301491],
       [-25.77964579],
       [-26.30359675],
       [-26.28735193],
       [-24.44503656],
       [-23.86125482],
       [-26.13681025],
       [-25.80877952],
       [-25.50455778],
       [-17.96010849],
       [-26.51446476],
       [-26.65701841],
       [-25.66952079],
       [-24.57999091],
       [-26.10543064],
       [-20.39879343],
       [-26.25635447],
       [ -8.30890346],
       [-26.25672441],
       [-19.86290719],
       [-24.97960933],
       [-21.70756166],
       [-26.80097765],
       [-26.67080386],
       [-26.4583997 ],
       [-23.54879925],
       [-25.49825415],
       [-25.28994818],
       [-25.39851442],
       [-25.26062013],
       [-24.01715326],
       [-26.78007207],
       [-26.49023722],
       [-26.67539812],
       [-25.62235068]])
<<<<<<<<<<< STEP 26 >>>>>>>>>>>> + array([[-0.50000001],
       [ 0.01228727],
       [-0.49999878],
       [-0.49999053],
       [-0.49999976],
       [-0.49999995],
       [-0.49999987],
       [-0.50000027],
       [-0.50000003],
       [-0.50000006],
       [-0.49999894],
       [-0.50000131],
       [-0.49999989],
       [-0.50000001],
       [-0.50000207],
       [-0.50000008],
       [-0.50000011],
       [-0.50000001],
       [-0.50000193],
       [-0.50000005],
       [-0.49999901],
       [-0.50000007],
       [-0.49792817],
       [-0.49999988],
       [-0.50000059],
       [-0.50000052],
       [-0.50000292],
       [-0.49999993],
       [-0.49999987],
       [-0.49999981],
       [-0.500001  ],
       [-0.50000015],
       [-0.49999963],
       [-0.50000014],
       [-0.5000001 ],
       [-0.50000078],
       [-0.49999992],
       [-0.50000007],
       [-0.49999999],
       [-0.49999998]])
array([[-27.2126448 ],
       [ -0.42098959],
       [-24.14772654],
       [-18.08814639],
       [-26.03409391],
       [-26.79301486],
       [-26.27964566],
       [-26.80359702],
       [-26.78735196],
       [-24.94503663],
       [-24.36125376],
       [-26.63681156],
       [-26.30877941],
       [-26.00455779],
       [-18.46011056],
       [-27.01446484],
       [-27.15701852],
       [-26.1695208 ],
       [-25.07999284],
       [-26.60543069],
       [-20.89879244],
       [-26.75635454],
       [ -8.80683162],
       [-26.75672429],
       [-20.36290778],
       [-25.47960984],
       [-22.20756458],
       [-27.30097758],
       [-27.17080373],
       [-26.95839952],
       [-24.04880026],
       [-25.99825431],
       [-25.78994781],
       [-25.89851456],
       [-25.76062023],
       [-24.51715404],
       [-27.280072  ],
       [-26.99023728],
       [-27.17539811],
       [-26.12235067]])
<<<<<<<<<<< STEP 27 >>>>>>>>>>>> + array([[-0.50000002],
       [ 0.01250482],
       [-0.49999916],
       [-0.49999194],
       [-0.49999983],
       [-0.49999999],
       [-0.4999999 ],
       [-0.50000021],
       [-0.50000004],
       [-0.50000005],
       [-0.49999923],
       [-0.50000103],
       [-0.49999994],
       [-0.50000003],
       [-0.50000164],
       [-0.50000007],
       [-0.5000001 ],
       [-0.5       ],
       [-0.50000128],
       [-0.50000005],
       [-0.49999948],
       [-0.50000007],
       [-0.49897472],
       [-0.49999991],
       [-0.50000061],
       [-0.50000036],
       [-0.50000205],
       [-0.49999997],
       [-0.49999992],
       [-0.49999986],
       [-0.50000087],
       [-0.50000013],
       [-0.4999997 ],
       [-0.50000009],
       [-0.50000006],
       [-0.50000063],
       [-0.49999995],
       [-0.50000005],
       [-0.50000001],
       [-0.5       ]])
array([[-27.71264482],
       [ -0.40848477],
       [-24.64772571],
       [-18.58813833],
       [-26.53409374],
       [-27.29301485],
       [-26.77964556],
       [-27.30359723],
       [-27.287352  ],
       [-25.44503668],
       [-24.86125298],
       [-27.13681259],
       [-26.80877935],
       [-26.50455782],
       [-18.9601122 ],
       [-27.51446491],
       [-27.65701862],
       [-26.6695208 ],
       [-25.57999411],
       [-27.10543075],
       [-21.39879193],
       [-27.2563546 ],
       [ -9.30580635],
       [-27.2567242 ],
       [-20.86290839],
       [-25.97961021],
       [-22.70756663],
       [-27.80097754],
       [-27.67080365],
       [-27.45839937],
       [-24.54880112],
       [-26.49825443],
       [-26.28994751],
       [-26.39851465],
       [-26.26062029],
       [-25.01715466],
       [-27.78007195],
       [-27.49023734],
       [-27.67539813],
       [-26.62235067]])
<<<<<<<<<<< STEP 28 >>>>>>>>>>>> + array([[-0.50000002],
       [ 0.0126257 ],
       [-0.49999942],
       [-0.49999331],
       [-0.49999987],
       [-0.50000001],
       [-0.49999992],
       [-0.50000015],
       [-0.50000005],
       [-0.50000004],
       [-0.49999943],
       [-0.5000008 ],
       [-0.49999996],
       [-0.50000004],
       [-0.50000129],
       [-0.50000006],
       [-0.50000009],
       [-0.49999999],
       [-0.50000086],
       [-0.50000005],
       [-0.49999976],
       [-0.50000006],
       [-0.49956028],
       [-0.49999994],
       [-0.50000056],
       [-0.50000026],
       [-0.50000146],
       [-0.49999999],
       [-0.49999995],
       [-0.49999989],
       [-0.50000072],
       [-0.5000001 ],
       [-0.49999975],
       [-0.50000006],
       [-0.50000004],
       [-0.5000005 ],
       [-0.49999997],
       [-0.50000004],
       [-0.50000002],
       [-0.50000001]])
array([[-28.21264483],
       [ -0.39585908],
       [-25.14772513],
       [-19.08813164],
       [-27.03409361],
       [-27.79301486],
       [-27.27964548],
       [-27.80359738],
       [-27.78735205],
       [-25.94503671],
       [-25.36125242],
       [-27.63681339],
       [-27.30877931],
       [-27.00455786],
       [-19.46011348],
       [-28.01446497],
       [-28.15701871],
       [-27.16952079],
       [-26.07999497],
       [-27.6054308 ],
       [-21.89879168],
       [-27.75635466],
       [ -9.80536662],
       [-27.75672414],
       [-21.36290894],
       [-26.47961047],
       [-23.20756809],
       [-28.30097753],
       [-28.17080359],
       [-27.95839926],
       [-25.04880185],
       [-26.99825454],
       [-26.78994726],
       [-26.89851472],
       [-26.76062033],
       [-25.51715517],
       [-28.28007191],
       [-27.99023738],
       [-28.17539815],
       [-27.12235068]])
<<<<<<<<<<< STEP 29 >>>>>>>>>>>> + array([[-0.50000001],
       [ 0.01267601],
       [-0.49999959],
       [-0.49999455],
       [-0.49999991],
       [-0.50000002],
       [-0.49999994],
       [-0.50000012],
       [-0.50000004],
       [-0.50000003],
       [-0.49999958],
       [-0.50000063],
       [-0.49999998],
       [-0.50000004],
       [-0.50000101],
       [-0.50000004],
       [-0.50000007],
       [-0.49999999],
       [-0.50000058],
       [-0.50000004],
       [-0.49999991],
       [-0.50000005],
       [-0.49987518],
       [-0.49999995],
       [-0.50000049],
       [-0.50000019],
       [-0.50000105],
       [-0.5       ],
       [-0.49999997],
       [-0.49999992],
       [-0.50000059],
       [-0.50000008],
       [-0.4999998 ],
       [-0.50000004],
       [-0.50000002],
       [-0.5000004 ],
       [-0.49999998],
       [-0.50000003],
       [-0.50000003],
       [-0.50000002]])
array([[-28.71264485],
       [ -0.38318306],
       [-25.64772472],
       [-19.58812619],
       [-27.53409352],
       [-28.29301488],
       [-27.77964542],
       [-28.3035975 ],
       [-28.2873521 ],
       [-26.44503674],
       [-25.861252  ],
       [-28.13681402],
       [-27.80877929],
       [-27.50455789],
       [-19.96011449],
       [-28.51446501],
       [-28.65701879],
       [-27.66952078],
       [-26.57999555],
       [-28.10543084],
       [-22.39879159],
       [-28.25635471],
       [-10.3052418 ],
       [-28.25672409],
       [-21.86290943],
       [-26.97961065],
       [-23.70756914],
       [-28.80097753],
       [-28.67080356],
       [-28.45839918],
       [-25.54880244],
       [-27.49825462],
       [-27.28994706],
       [-27.39851476],
       [-27.26062035],
       [-26.01715556],
       [-28.78007189],
       [-28.49023741],
       [-28.67539818],
       [-27.6223507 ]])
