<<<<<<<<<<< STEP 0 >>>>>>>>>>>> + array([[-0.56529148],
       [-0.35520801],
       [-0.57032243],
       [-0.97693918],
       [-0.63184878],
       [-0.53510289],
       [-0.53077766],
       [-0.73580314],
       [-0.57726024],
       [-0.12733585],
       [-0.57323094],
       [-0.57914164],
       [-0.53016907],
       [-0.52909201],
       [-0.59587691],
       [-0.5795136 ],
       [-0.51893686],
       [-0.52712401],
       [-0.51695553],
       [-0.5930882 ],
       [-0.56470966],
       [-0.51217829],
       [-0.50562447],
       [-0.528075  ],
       [-0.56972004],
       [-0.601857  ],
       [-0.60105356],
       [-0.52151627],
       [-0.57555399],
       [-0.52924181],
       [-0.56400088],
       [-0.51868791],
       [-0.5268555 ],
       [-0.63871505],
       [-0.57837424],
       [-0.51921407],
       [-0.62963496],
       [-0.62771677],
       [-0.60220763],
       [-0.57383617]])
array([[-6.88335382],
       [-6.0159992 ],
       [-8.91599257],
       [-5.45515059],
       [-7.21703957],
       [-7.69055011],
       [-8.35570919],
       [-6.72364623],
       [-8.95728364],
       [-1.19312958],
       [-9.04036135],
       [-2.34867385],
       [-8.26856239],
       [-7.82355724],
       [-6.69127427],
       [-8.52659052],
       [-7.83973736],
       [-8.3311952 ],
       [-8.15464878],
       [-6.57067535],
       [-8.84077304],
       [-8.22679539],
       [-8.05888476],
       [-8.42522091],
       [-8.86256675],
       [-8.10761457],
       [-8.60476301],
       [-7.7011769 ],
       [-8.95394938],
       [-8.5149033 ],
       [-8.73675427],
       [-8.22212541],
       [-9.33224329],
       [-7.7539747 ],
       [-8.84244419],
       [-7.82185558],
       [-7.61932303],
       [-7.81914182],
       [-8.60770577],
       [-9.01596958]])
<<<<<<<<<<< STEP 1 >>>>>>>>>>>> + array([[-0.56795913],
       [-0.38791319],
       [-0.54811533],
       [-0.83520003],
       [-0.592214  ],
       [-0.51919514],
       [-0.51913427],
       [-0.66996544],
       [-0.55276859],
       [-0.1163179 ],
       [-0.54979526],
       [-0.68618592],
       [-0.51613776],
       [-0.51431434],
       [-0.56185904],
       [-0.55711036],
       [-0.5091802 ],
       [-0.51694329],
       [-0.50881488],
       [-0.5588579 ],
       [-0.54421837],
       [-0.50558795],
       [-0.50075713],
       [-0.51709992],
       [-0.54760503],
       [-0.56809412],
       [-0.5684725 ],
       [-0.51074103],
       [-0.55194285],
       [-0.51773114],
       [-0.54379649],
       [-0.51036576],
       [-0.51421509],
       [-0.59053841],
       [-0.55181826],
       [-0.51437368],
       [-0.58582265],
       [-0.58291159],
       [-0.56971546],
       [-0.550357  ]])
array([[-7.45131296],
       [-6.40391238],
       [-9.46410791],
       [-6.29035062],
       [-7.80925357],
       [-8.20974525],
       [-8.87484345],
       [-7.39361167],
       [-9.51005224],
       [-1.30944747],
       [-9.5901566 ],
       [-3.03485977],
       [-8.78470015],
       [-8.33787158],
       [-7.25313331],
       [-9.08370088],
       [-8.34891756],
       [-8.84813849],
       [-8.66346366],
       [-7.12953325],
       [-9.38499141],
       [-8.73238334],
       [-8.55964188],
       [-8.94232082],
       [-9.41017178],
       [-8.67570868],
       [-9.17323551],
       [-8.21191793],
       [-9.50589222],
       [-9.03263445],
       [-9.28055076],
       [-8.73249117],
       [-9.84645838],
       [-8.3445131 ],
       [-9.39426245],
       [-8.33622926],
       [-8.20514568],
       [-8.40205341],
       [-9.17742123],
       [-9.56632658]])
<<<<<<<<<<< STEP 2 >>>>>>>>>>>> + array([[-0.55053692],
       [-0.42498945],
       [-0.53156627],
       [-0.70803539],
       [-0.56056226],
       [-0.51166714],
       [-0.51145257],
       [-0.62190669],
       [-0.53410296],
       [-0.09868272],
       [-0.53247579],
       [-0.75524615],
       [-0.50810738],
       [-0.50624977],
       [-0.53884542],
       [-0.53817664],
       [-0.50448913],
       [-0.51019035],
       [-0.5045373 ],
       [-0.53657339],
       [-0.52835522],
       [-0.50194391],
       [-0.49976837],
       [-0.51011042],
       [-0.53092593],
       [-0.54370446],
       [-0.54428208],
       [-0.5046512 ],
       [-0.53373635],
       [-0.51087213],
       [-0.5289683 ],
       [-0.50607384],
       [-0.50718744],
       [-0.5582279 ],
       [-0.53263856],
       [-0.50985009],
       [-0.55386403],
       [-0.551468  ],
       [-0.5452556 ],
       [-0.53252033]])
array([[ -8.00184987],
       [ -6.82890183],
       [ -9.99567418],
       [ -6.99838601],
       [ -8.36981583],
       [ -8.72141239],
       [ -9.38629603],
       [ -8.01551837],
       [-10.0441552 ],
       [ -1.40813019],
       [-10.1226324 ],
       [ -3.79010592],
       [ -9.29280753],
       [ -8.84412135],
       [ -7.79197873],
       [ -9.62187752],
       [ -8.85340669],
       [ -9.35832883],
       [ -9.16800096],
       [ -7.66610664],
       [ -9.91334663],
       [ -9.23432725],
       [ -9.05941026],
       [ -9.45243124],
       [ -9.94109771],
       [ -9.21941314],
       [ -9.71751759],
       [ -8.71656913],
       [-10.03962858],
       [ -9.54350657],
       [ -9.80951906],
       [ -9.23856501],
       [-10.35364582],
       [ -8.902741  ],
       [ -9.92690101],
       [ -8.84607935],
       [ -8.75900971],
       [ -8.95352141],
       [ -9.72267683],
       [-10.09884692]])
<<<<<<<<<<< STEP 3 >>>>>>>>>>>> + array([[-0.53364193],
       [-0.45485179],
       [-0.52033053],
       [-0.62687091],
       [-0.53883456],
       [-0.50770628],
       [-0.50664285],
       [-0.58773077],
       [-0.52146273],
       [-0.07947306],
       [-0.52079843],
       [-0.75668995],
       [-0.50364166],
       [-0.50198887],
       [-0.52407277],
       [-0.52473648],
       [-0.50215937],
       [-0.5059428 ],
       [-0.5022607 ],
       [-0.5225448 ],
       [-0.51758164],
       [-0.50005424],
       [-0.49984819],
       [-0.50581386],
       [-0.51963185],
       [-0.52755708],
       [-0.52807401],
       [-0.50136409],
       [-0.5213297 ],
       [-0.50672425],
       [-0.51891168],
       [-0.50370115],
       [-0.50333538],
       [-0.5374033 ],
       [-0.5200281 ],
       [-0.50645295],
       [-0.53291633],
       [-0.53120291],
       [-0.52876551],
       [-0.5204508 ]])
array([[ -8.5354918 ],
       [ -7.28375363],
       [-10.51600471],
       [ -7.62525692],
       [ -8.9086504 ],
       [ -9.22911868],
       [ -9.89293887],
       [ -8.60324914],
       [-10.56561793],
       [ -1.48760325],
       [-10.64343083],
       [ -4.54679587],
       [ -9.79644919],
       [ -9.34611022],
       [ -8.3160515 ],
       [-10.146614  ],
       [ -9.35556606],
       [ -9.86427163],
       [ -9.67026166],
       [ -8.18865144],
       [-10.43092827],
       [ -9.73438149],
       [ -9.55925845],
       [ -9.9582451 ],
       [-10.46072956],
       [ -9.74697022],
       [-10.2455916 ],
       [ -9.21793322],
       [-10.56095828],
       [-10.05023082],
       [-10.32843075],
       [ -9.74226616],
       [-10.8569812 ],
       [ -9.4401443 ],
       [-10.44692911],
       [ -9.3525323 ],
       [ -9.29192604],
       [ -9.48472433],
       [-10.25144233],
       [-10.61929772]])
<<<<<<<<<<< STEP 4 >>>>>>>>>>>> + array([[-0.52152089],
       [-0.47494298],
       [-0.51303909],
       [-0.57820154],
       [-0.52490876],
       [-0.50516766],
       [-0.50385212],
       [-0.56145373],
       [-0.51351257],
       [-0.06157698],
       [-0.51330964],
       [-0.70346467],
       [-0.5014655 ],
       [-0.5000737 ],
       [-0.5147754 ],
       [-0.51593618],
       [-0.50098425],
       [-0.50344547],
       [-0.50104026],
       [-0.51389127],
       [-0.51089512],
       [-0.49933388],
       [-0.49998832],
       [-0.50330424],
       [-0.51242063],
       [-0.5173975 ],
       [-0.51779112],
       [-0.49989315],
       [-0.51346276],
       [-0.5041749 ],
       [-0.51233428],
       [-0.50223976],
       [-0.50140065],
       [-0.52411924],
       [-0.51233376],
       [-0.50414056],
       [-0.52015475],
       [-0.51896926],
       [-0.518224  ],
       [-0.51283292]])
array([[ -9.05701269],
       [ -7.75869661],
       [-11.02904379],
       [ -8.20345846],
       [ -9.43355915],
       [ -9.73428634],
       [-10.396791  ],
       [ -9.16470286],
       [-11.07913049],
       [ -1.54918023],
       [-11.15674048],
       [ -5.25026054],
       [-10.29791469],
       [ -9.84618392],
       [ -8.83082691],
       [-10.66255019],
       [ -9.85655031],
       [-10.3677171 ],
       [-10.17130191],
       [ -8.70254272],
       [-10.94182338],
       [-10.23371538],
       [-10.05924677],
       [-10.46154934],
       [-10.97315019],
       [-10.26436772],
       [-10.76338271],
       [ -9.71782636],
       [-11.07442104],
       [-10.55440572],
       [-10.84076502],
       [-10.24450592],
       [-11.35838185],
       [ -9.96426354],
       [-10.95926287],
       [ -9.85667286],
       [ -9.81208079],
       [-10.00369358],
       [-10.76966633],
       [-11.13213064]])
<<<<<<<<<<< STEP 5 >>>>>>>>>>>> + array([[-0.51344878],
       [-0.48721962],
       [-0.50837054],
       [-0.54880673],
       [-0.51614168],
       [-0.50337678],
       [-0.50231349],
       [-0.54117424],
       [-0.50864675],
       [-0.04592327],
       [-0.5085805 ],
       [-0.63832371],
       [-0.50059416],
       [-0.49945898],
       [-0.50894851],
       [-0.51031806],
       [-0.50040683],
       [-0.50203869],
       [-0.50039439],
       [-0.50858692],
       [-0.50689976],
       [-0.49925731],
       [-0.50002582],
       [-0.50189022],
       [-0.50790431],
       [-0.5111058 ],
       [-0.51137387],
       [-0.49944509],
       [-0.50860012],
       [-0.50259365],
       [-0.50807107],
       [-0.50129077],
       [-0.50054375],
       [-0.51561257],
       [-0.50779239],
       [-0.50262356],
       [-0.51260162],
       [-0.51178668],
       [-0.51158614],
       [-0.5081458 ]])
array([[ -9.57046148],
       [ -8.24591622],
       [-11.53741433],
       [ -8.75226519],
       [ -9.94970083],
       [-10.23766312],
       [-10.89910449],
       [ -9.7058771 ],
       [-11.58777724],
       [ -1.5951035 ],
       [-11.66532098],
       [ -5.88858424],
       [-10.79850885],
       [-10.3456429 ],
       [ -9.33977542],
       [-11.17286825],
       [-10.35695714],
       [-10.86975578],
       [-10.67169631],
       [ -9.21112963],
       [-11.44872314],
       [-10.73297269],
       [-10.55927259],
       [-10.96343956],
       [-11.4810545 ],
       [-10.77547352],
       [-11.27475658],
       [-10.21727146],
       [-11.58302116],
       [-11.05699937],
       [-11.34883609],
       [-10.74579669],
       [-11.8589256 ],
       [-10.47987611],
       [-11.46705525],
       [-10.35929642],
       [-10.32468241],
       [-10.51548026],
       [-11.28125247],
       [-11.64027644]])
<<<<<<<<<<< STEP 6 >>>>>>>>>>>> + array([[-0.50827908],
       [-0.49429466],
       [-0.50539884],
       [-0.53083354],
       [-0.51060117],
       [-0.50214961],
       [-0.50145028],
       [-0.52678439],
       [-0.50564235],
       [-0.03272043],
       [-0.50559133],
       [-0.58747898],
       [-0.50028403],
       [-0.49937642],
       [-0.50534569],
       [-0.50674367],
       [-0.50012859],
       [-0.50123921],
       [-0.50006422],
       [-0.50533423],
       [-0.50448313],
       [-0.4993976 ],
       [-0.50001521],
       [-0.501092  ],
       [-0.50507774],
       [-0.50718866],
       [-0.50735827],
       [-0.49941205],
       [-0.50558042],
       [-0.50161305],
       [-0.50531781],
       [-0.50069305],
       [-0.50018693],
       [-0.51016853],
       [-0.50506721],
       [-0.50165153],
       [-0.50807127],
       [-0.50750923],
       [-0.50741687],
       [-0.50524942]])
array([[-10.07874056],
       [ -8.74021088],
       [-12.04281317],
       [ -9.28309873],
       [-10.460302  ],
       [-10.73981273],
       [-11.40055477],
       [-10.23266149],
       [-12.0934196 ],
       [ -1.62782392],
       [-12.17091231],
       [ -6.47606322],
       [-11.29879288],
       [-10.84501932],
       [ -9.84512112],
       [-11.67961192],
       [-10.85708573],
       [-11.370995  ],
       [-11.17176053],
       [ -9.71646386],
       [-11.95320628],
       [-11.23237029],
       [-11.0592878 ],
       [-11.46453156],
       [-11.98613224],
       [-11.28266218],
       [-11.78211485],
       [-10.71668351],
       [-12.08860158],
       [-11.55861242],
       [-11.8541539 ],
       [-11.24648974],
       [-12.35911252],
       [-10.99004464],
       [-11.97212246],
       [-10.86094795],
       [-10.83275368],
       [-11.02298949],
       [-11.78866935],
       [-12.14552587]])
<<<<<<<<<<< STEP 7 >>>>>>>>>>>> + array([[-0.50505408],
       [-0.49817247],
       [-0.50351059],
       [-0.51973085],
       [-0.5070623 ],
       [-0.50134944],
       [-0.50094028],
       [-0.5172471 ],
       [-0.50374823],
       [-0.02187647],
       [-0.50368868],
       [-0.55388471],
       [-0.50016997],
       [-0.49945297],
       [-0.50315353],
       [-0.50445921],
       [-0.49999748],
       [-0.50076972],
       [-0.49990684],
       [-0.50333375],
       [-0.50297681],
       [-0.49955862],
       [-0.49999865],
       [-0.50063297],
       [-0.5032982 ],
       [-0.50471964],
       [-0.50482233],
       [-0.49949749],
       [-0.50367711],
       [-0.50100637],
       [-0.50353956],
       [-0.50033677],
       [-0.50003807],
       [-0.50668626],
       [-0.50337396],
       [-0.50103862],
       [-0.50527719],
       [-0.50488612],
       [-0.50479236],
       [-0.50343359]])
array([[-10.58379464],
       [ -9.23838335],
       [-12.54632376],
       [ -9.80282958],
       [-10.9673643 ],
       [-11.24116217],
       [-11.90149505],
       [-10.7499086 ],
       [-12.59716783],
       [ -1.6497004 ],
       [-12.67460099],
       [ -7.02994793],
       [-11.79896285],
       [-11.34447229],
       [-10.34827465],
       [-12.18407113],
       [-11.35708322],
       [-11.87176472],
       [-11.67166736],
       [-10.21979761],
       [-12.45618308],
       [-11.7319289 ],
       [-11.55928645],
       [-11.96516453],
       [-12.48943044],
       [-11.78738182],
       [-12.28693719],
       [-11.216181  ],
       [-12.59227869],
       [-12.0596188 ],
       [-12.35769346],
       [-11.74682651],
       [-12.85915059],
       [-11.4967309 ],
       [-12.47549641],
       [-11.36198657],
       [-11.33803087],
       [-11.52787561],
       [-12.2934617 ],
       [-12.64895946]])
<<<<<<<<<<< STEP 8 >>>>>>>>>>>> + array([[-0.50307129],
       [-0.50016652],
       [-0.50230732],
       [-0.51279923],
       [-0.50477424],
       [-0.50084293],
       [-0.50062506],
       [-0.51112105],
       [-0.50253108],
       [-0.01314326],
       [-0.50246633],
       [-0.53293755],
       [-0.50012003],
       [-0.49955775],
       [-0.50183598],
       [-0.50298751],
       [-0.49994002],
       [-0.50048613],
       [-0.49984266],
       [-0.50209848],
       [-0.50201317],
       [-0.49968737],
       [-0.49998772],
       [-0.50036546],
       [-0.50216882],
       [-0.50314349],
       [-0.50320383],
       [-0.49959875],
       [-0.50245961],
       [-0.50063109],
       [-0.5023853 ],
       [-0.50013507],
       [-0.49997662],
       [-0.50444968],
       [-0.50229044],
       [-0.50065514],
       [-0.50351226],
       [-0.50323701],
       [-0.50313143],
       [-0.50227889]])
array([[-11.08686593],
       [ -9.73854987],
       [-13.04863107],
       [-10.31562881],
       [-11.47213854],
       [-11.7420051 ],
       [-12.40212011],
       [-11.26102965],
       [-13.09969891],
       [ -1.66284365],
       [-13.17706732],
       [ -7.56288548],
       [-12.29908287],
       [-11.84403003],
       [-10.85011062],
       [-12.68705863],
       [-11.85702323],
       [-12.37225086],
       [-12.17151002],
       [-10.72189609],
       [-12.95819625],
       [-12.23161627],
       [-12.05927417],
       [-12.46552999],
       [-12.99159926],
       [-12.2905253 ],
       [-12.79014102],
       [-11.71577975],
       [-13.0947383 ],
       [-12.56024989],
       [-12.86007876],
       [-12.24696158],
       [-13.35912721],
       [-12.00118058],
       [-12.97778686],
       [-11.86264171],
       [-11.84154313],
       [-12.03111262],
       [-12.79659313],
       [-13.15123835]])
<<<<<<<<<<< STEP 9 >>>>>>>>>>>> + array([[-0.50186126],
       [-0.50108803],
       [-0.50153551],
       [-0.50842213],
       [-0.50327563],
       [-0.50052665],
       [-0.50042394],
       [-0.50722368],
       [-0.50173597],
       [-0.00621451],
       [-0.50167251],
       [-0.52011311],
       [-0.50009199],
       [-0.49965307],
       [-0.50105172],
       [-0.50202971],
       [-0.49991976],
       [-0.50031146],
       [-0.49982717],
       [-0.50133203],
       [-0.50138408],
       [-0.49978024],
       [-0.49998266],
       [-0.50020879],
       [-0.50144531],
       [-0.50212458],
       [-0.50215911],
       [-0.49968752],
       [-0.50167   ],
       [-0.50039845],
       [-0.50162948],
       [-0.500027  ],
       [-0.49995379],
       [-0.50300152],
       [-0.50158144],
       [-0.50041567],
       [-0.50237625],
       [-0.50218012],
       [-0.50207217],
       [-0.50153489]])
array([[-11.58872719],
       [-10.2396379 ],
       [-13.55016659],
       [-10.82405094],
       [-11.97541417],
       [-12.24253175],
       [-12.90254404],
       [-11.76825333],
       [-13.60143488],
       [ -1.66905816],
       [-13.67873983],
       [ -8.08299859],
       [-12.79917486],
       [-12.3436831 ],
       [-11.35116235],
       [-13.18908834],
       [-12.35694299],
       [-12.87256232],
       [-12.67133719],
       [-11.22322812],
       [-13.45958033],
       [-12.73139652],
       [-12.55925683],
       [-12.96573878],
       [-13.49304458],
       [-12.79264989],
       [-13.29230013],
       [-12.21546727],
       [-13.5964083 ],
       [-13.06064834],
       [-13.36170823],
       [-12.74698858],
       [-13.859081  ],
       [-12.5041821 ],
       [-13.47936829],
       [-12.36305738],
       [-12.34391938],
       [-12.53329274],
       [-13.2986653 ],
       [-13.65277324]])
