<<<<<<<<<<< STEP 0 >>>>>>>>>>>> + array([[ -4.99999990e-01],
       [ -5.00000271e-01],
       [ -4.99999807e-01],
       [ -5.00000116e-01],
       [ -4.99999808e-01],
       [  7.95523564e-04],
       [ -5.00000201e-01],
       [ -5.00001291e-01],
       [ -2.02678182e-04],
       [ -5.00000336e-01],
       [ -5.00000109e-01],
       [ -5.00000221e-01],
       [ -5.00000713e-01],
       [  1.92704316e-03],
       [ -5.00000168e-01],
       [ -5.00000594e-01],
       [  1.73522208e-03],
       [ -5.00000246e-01],
       [ -5.00000676e-01],
       [ -5.00000291e-01],
       [ -4.99999922e-01],
       [ -5.00001645e-01],
       [ -5.00000295e-01],
       [ -5.00000607e-01],
       [ -5.00000181e-01],
       [ -7.57354642e-03],
       [ -5.00000053e-01],
       [ -5.00000357e-01],
       [ -5.04319063e-04],
       [ -5.00000627e-01],
       [ -5.00000634e-01],
       [ -5.00000280e-01],
       [ -4.99999941e-01],
       [ -5.00000278e-01],
       [ -1.39178707e-03],
       [ -5.00000330e-01],
       [ -5.00000219e-01],
       [ -5.00000184e-01],
       [ -4.99999988e-01],
       [  1.33933243e-03]])
array([[-27.81123574],
       [-29.31405387],
       [-28.21149144],
       [-29.58089669],
       [-28.17311438],
       [ -0.15942515],
       [-29.36040641],
       [-27.40922799],
       [ -0.74264609],
       [-28.64751993],
       [-29.57447518],
       [-29.56337181],
       [-29.11513745],
       [  0.08655922],
       [-28.15481359],
       [-29.10600772],
       [ -0.37501737],
       [-28.26331876],
       [-29.12590487],
       [-29.69077544],
       [-27.73216414],
       [-26.78515538],
       [-29.65500713],
       [-29.12419901],
       [-28.33358162],
       [ -0.83891727],
       [-27.5914494 ],
       [-29.48161368],
       [  0.24451656],
       [-29.11536021],
       [-29.08839333],
       [-27.96320194],
       [-28.97621151],
       [-29.5418694 ],
       [ -0.43232027],
       [-29.59157119],
       [-29.37461231],
       [-28.39887355],
       [-28.11462559],
       [ -0.25120334]])
<<<<<<<<<<< STEP 1 >>>>>>>>>>>> + array([[ -4.99999992e-01],
       [ -5.00000211e-01],
       [ -4.99999850e-01],
       [ -5.00000091e-01],
       [ -4.99999850e-01],
       [  8.00675514e-04],
       [ -5.00000157e-01],
       [ -5.00001006e-01],
       [ -2.09458674e-04],
       [ -5.00000262e-01],
       [ -5.00000085e-01],
       [ -5.00000172e-01],
       [ -5.00000557e-01],
       [  1.91990892e-03],
       [ -5.00000131e-01],
       [ -5.00000463e-01],
       [  1.73016349e-03],
       [ -5.00000192e-01],
       [ -5.00000527e-01],
       [ -5.00000227e-01],
       [ -4.99999939e-01],
       [ -5.00001282e-01],
       [ -5.00000230e-01],
       [ -5.00000473e-01],
       [ -5.00000141e-01],
       [ -7.59617970e-03],
       [ -5.00000041e-01],
       [ -5.00000278e-01],
       [ -5.07020638e-04],
       [ -5.00000488e-01],
       [ -5.00000494e-01],
       [ -5.00000219e-01],
       [ -4.99999954e-01],
       [ -5.00000217e-01],
       [ -1.40883892e-03],
       [ -5.00000258e-01],
       [ -5.00000171e-01],
       [ -5.00000144e-01],
       [ -4.99999990e-01],
       [  1.33033885e-03]])
array([[-28.31123573],
       [-29.81405408],
       [-28.71149129],
       [-30.08089678],
       [-28.67311423],
       [ -0.15862448],
       [-29.86040657],
       [-27.909229  ],
       [ -0.74285555],
       [-29.1475202 ],
       [-30.07447527],
       [-30.06337198],
       [-29.61513801],
       [  0.08847912],
       [-28.65481372],
       [-29.60600818],
       [ -0.37328721],
       [-28.76331895],
       [-29.6259054 ],
       [-30.19077566],
       [-28.23216408],
       [-27.28515666],
       [-30.15500736],
       [-29.62419948],
       [-28.83358176],
       [ -0.84651345],
       [-28.09144944],
       [-29.98161395],
       [  0.24400954],
       [-29.6153607 ],
       [-29.58839382],
       [-28.46320216],
       [-29.47621147],
       [-30.04186961],
       [ -0.43372911],
       [-30.09157145],
       [-29.87461248],
       [-28.8988737 ],
       [-28.61462558],
       [ -0.249873  ]])
<<<<<<<<<<< STEP 2 >>>>>>>>>>>> + array([[ -4.99999994e-01],
       [ -5.00000165e-01],
       [ -4.99999883e-01],
       [ -5.00000071e-01],
       [ -4.99999884e-01],
       [  8.05843177e-04],
       [ -5.00000122e-01],
       [ -5.00000783e-01],
       [ -2.16471639e-04],
       [ -5.00000204e-01],
       [ -5.00000066e-01],
       [ -5.00000134e-01],
       [ -5.00000435e-01],
       [  1.91277308e-03],
       [ -5.00000102e-01],
       [ -5.00000361e-01],
       [  1.72504387e-03],
       [ -5.00000150e-01],
       [ -5.00000410e-01],
       [ -5.00000177e-01],
       [ -4.99999952e-01],
       [ -5.00000999e-01],
       [ -5.00000179e-01],
       [ -5.00000368e-01],
       [ -5.00000110e-01],
       [ -7.61915713e-03],
       [ -5.00000032e-01],
       [ -5.00000217e-01],
       [ -5.09734909e-04],
       [ -5.00000380e-01],
       [ -5.00000385e-01],
       [ -5.00000170e-01],
       [ -4.99999964e-01],
       [ -5.00000169e-01],
       [ -1.42607155e-03],
       [ -5.00000201e-01],
       [ -5.00000133e-01],
       [ -5.00000112e-01],
       [ -4.99999992e-01],
       [  1.32129201e-03]])
array([[-28.81123572],
       [-30.31405425],
       [-29.21149117],
       [-30.58089685],
       [-29.17311411],
       [ -0.15781863],
       [-30.36040669],
       [-28.40922978],
       [ -0.74307202],
       [-29.6475204 ],
       [-30.57447533],
       [-30.56337211],
       [-30.11513844],
       [  0.0903919 ],
       [-29.15481382],
       [-30.10600854],
       [ -0.37156217],
       [-29.2633191 ],
       [-30.12590581],
       [-30.69077584],
       [-28.73216403],
       [-27.78515766],
       [-30.65500754],
       [-30.12419985],
       [-29.33358187],
       [ -0.85413261],
       [-28.59144947],
       [-30.48161417],
       [  0.24349981],
       [-30.11536108],
       [-30.08839421],
       [-28.96320233],
       [-29.97621143],
       [-30.54186978],
       [ -0.43515518],
       [-30.59157165],
       [-30.37461262],
       [-29.39887381],
       [-29.11462557],
       [ -0.2485517 ]])
<<<<<<<<<<< STEP 3 >>>>>>>>>>>> + array([[ -4.99999995e-01],
       [ -5.00000128e-01],
       [ -4.99999909e-01],
       [ -5.00000055e-01],
       [ -4.99999909e-01],
       [  8.11027571e-04],
       [ -5.00000095e-01],
       [ -5.00000610e-01],
       [ -2.23678748e-04],
       [ -5.00000159e-01],
       [ -5.00000052e-01],
       [ -5.00000104e-01],
       [ -5.00000339e-01],
       [  1.90563781e-03],
       [ -5.00000080e-01],
       [ -5.00000281e-01],
       [  1.71988002e-03],
       [ -5.00000117e-01],
       [ -5.00000320e-01],
       [ -5.00000138e-01],
       [ -4.99999962e-01],
       [ -5.00000779e-01],
       [ -5.00000140e-01],
       [ -5.00000287e-01],
       [ -5.00000085e-01],
       [ -7.64245697e-03],
       [ -5.00000025e-01],
       [ -5.00000169e-01],
       [ -5.12460912e-04],
       [ -5.00000296e-01],
       [ -5.00000300e-01],
       [ -5.00000133e-01],
       [ -4.99999971e-01],
       [ -5.00000132e-01],
       [ -1.44347043e-03],
       [ -5.00000157e-01],
       [ -5.00000104e-01],
       [ -5.00000087e-01],
       [ -4.99999994e-01],
       [  1.31220039e-03]])
array([[-29.31123572],
       [-30.81405438],
       [-29.71149108],
       [-31.0808969 ],
       [-29.67311402],
       [ -0.1570076 ],
       [-30.86040678],
       [-28.90923039],
       [ -0.7432957 ],
       [-30.14752056],
       [-31.07447538],
       [-31.06337222],
       [-30.61513878],
       [  0.09229753],
       [-29.6548139 ],
       [-30.60600882],
       [ -0.36984229],
       [-29.76331922],
       [-30.62590613],
       [-31.19077598],
       [-29.23216399],
       [-28.28515844],
       [-31.15500768],
       [-30.62420013],
       [-29.83358196],
       [ -0.86177507],
       [-29.0914495 ],
       [-30.98161434],
       [  0.24298735],
       [-30.61536138],
       [-30.58839451],
       [-29.46320246],
       [-30.4762114 ],
       [-31.04186991],
       [ -0.43659865],
       [-31.09157181],
       [-30.87461272],
       [-29.8988739 ],
       [-29.61462556],
       [ -0.2472395 ]])
<<<<<<<<<<< STEP 4 >>>>>>>>>>>> + array([[ -4.99999996e-01],
       [ -5.00000100e-01],
       [ -4.99999929e-01],
       [ -5.00000043e-01],
       [ -4.99999930e-01],
       [  8.16229547e-04],
       [ -5.00000074e-01],
       [ -5.00000475e-01],
       [ -2.31050277e-04],
       [ -5.00000124e-01],
       [ -5.00000040e-01],
       [ -5.00000081e-01],
       [ -5.00000265e-01],
       [  1.89850475e-03],
       [ -5.00000062e-01],
       [ -5.00000219e-01],
       [  1.71468499e-03],
       [ -5.00000091e-01],
       [ -5.00000249e-01],
       [ -5.00000108e-01],
       [ -4.99999970e-01],
       [ -5.00000607e-01],
       [ -5.00000109e-01],
       [ -5.00000223e-01],
       [ -5.00000067e-01],
       [ -7.66606314e-03],
       [ -5.00000019e-01],
       [ -5.00000132e-01],
       [ -5.15197937e-04],
       [ -5.00000231e-01],
       [ -5.00000234e-01],
       [ -5.00000104e-01],
       [ -4.99999977e-01],
       [ -5.00000103e-01],
       [ -1.46102463e-03],
       [ -5.00000122e-01],
       [ -5.00000081e-01],
       [ -5.00000068e-01],
       [ -4.99999995e-01],
       [  1.30307045e-03]])
array([[-29.81123572],
       [-31.31405448],
       [-30.21149101],
       [-31.58089695],
       [-30.17311395],
       [ -0.15619137],
       [-31.36040686],
       [-29.40923086],
       [ -0.74352675],
       [-30.64752068],
       [-31.57447543],
       [-31.5633723 ],
       [-31.11513905],
       [  0.09419604],
       [-30.15481396],
       [-31.10600904],
       [ -0.3681276 ],
       [-30.26331931],
       [-31.12590638],
       [-31.69077609],
       [-29.73216396],
       [-28.78515904],
       [-31.65500779],
       [-31.12420036],
       [-30.33358203],
       [ -0.86944113],
       [-29.59144952],
       [-31.48161447],
       [  0.24247215],
       [-31.11536161],
       [-31.08839474],
       [-29.96320256],
       [-30.97621138],
       [-31.54187002],
       [ -0.43805968],
       [-31.59157193],
       [-31.3746128 ],
       [-30.39887396],
       [-30.11462556],
       [ -0.24593643]])
<<<<<<<<<<< STEP 5 >>>>>>>>>>>> + array([[ -4.99999997e-01],
       [ -5.00000078e-01],
       [ -4.99999945e-01],
       [ -5.00000034e-01],
       [ -4.99999945e-01],
       [  8.21449831e-04],
       [ -5.00000058e-01],
       [ -5.00000370e-01],
       [ -2.38563200e-04],
       [ -5.00000097e-01],
       [ -5.00000032e-01],
       [ -5.00000063e-01],
       [ -5.00000207e-01],
       [  1.89137512e-03],
       [ -5.00000048e-01],
       [ -5.00000171e-01],
       [  1.70946889e-03],
       [ -5.00000071e-01],
       [ -5.00000194e-01],
       [ -5.00000084e-01],
       [ -4.99999977e-01],
       [ -5.00000473e-01],
       [ -5.00000085e-01],
       [ -5.00000174e-01],
       [ -5.00000052e-01],
       [ -7.68996395e-03],
       [ -5.00000015e-01],
       [ -5.00000103e-01],
       [ -5.17945471e-04],
       [ -5.00000180e-01],
       [ -5.00000182e-01],
       [ -5.00000081e-01],
       [ -4.99999982e-01],
       [ -5.00000080e-01],
       [ -1.47872596e-03],
       [ -5.00000095e-01],
       [ -5.00000063e-01],
       [ -5.00000053e-01],
       [ -4.99999996e-01],
       [  1.29390713e-03]])
array([[-30.31123571],
       [-31.81405456],
       [-30.71149096],
       [-32.08089698],
       [-30.67311389],
       [ -0.15536993],
       [-31.86040692],
       [-29.90923123],
       [ -0.74376531],
       [-31.14752078],
       [-32.07447546],
       [-32.06337236],
       [-31.61513925],
       [  0.09608741],
       [-30.65481401],
       [-31.60600921],
       [ -0.36641813],
       [-30.76331938],
       [-31.62590657],
       [-32.19077617],
       [-30.23216394],
       [-29.28515952],
       [-32.15500788],
       [-31.62420053],
       [-30.83358208],
       [ -0.8771311 ],
       [-30.09144953],
       [-31.98161458],
       [  0.2419542 ],
       [-31.61536179],
       [-31.58839492],
       [-30.46320264],
       [-31.47621136],
       [-32.0418701 ],
       [ -0.4395384 ],
       [-32.09157202],
       [-31.87461286],
       [-30.89887402],
       [-30.61462555],
       [ -0.24464253]])
<<<<<<<<<<< STEP 6 >>>>>>>>>>>> + array([[ -4.99999998e-01],
       [ -5.00000061e-01],
       [ -4.99999957e-01],
       [ -5.00000026e-01],
       [ -4.99999957e-01],
       [  8.26689049e-04],
       [ -5.00000045e-01],
       [ -5.00000288e-01],
       [ -2.46199716e-04],
       [ -5.00000075e-01],
       [ -5.00000025e-01],
       [ -5.00000049e-01],
       [ -5.00000162e-01],
       [  1.88424982e-03],
       [ -5.00000038e-01],
       [ -5.00000133e-01],
       [  1.70423953e-03],
       [ -5.00000055e-01],
       [ -5.00000151e-01],
       [ -5.00000065e-01],
       [ -4.99999982e-01],
       [ -5.00000369e-01],
       [ -5.00000066e-01],
       [ -5.00000136e-01],
       [ -5.00000040e-01],
       [ -7.71415119e-03],
       [ -5.00000012e-01],
       [ -5.00000080e-01],
       [ -5.20703158e-04],
       [ -5.00000140e-01],
       [ -5.00000142e-01],
       [ -5.00000063e-01],
       [ -4.99999986e-01],
       [ -5.00000062e-01],
       [ -1.49656844e-03],
       [ -5.00000074e-01],
       [ -5.00000049e-01],
       [ -5.00000041e-01],
       [ -4.99999997e-01],
       [  1.28471418e-03]])
array([[-30.81123571],
       [-32.31405462],
       [-31.21149091],
       [-32.58089701],
       [-31.17311385],
       [ -0.15454324],
       [-32.36040696],
       [-30.40923152],
       [ -0.74401151],
       [-31.64752086],
       [-32.57447548],
       [-32.56337241],
       [-32.11513942],
       [  0.09797166],
       [-31.15481405],
       [-32.10600935],
       [ -0.36471389],
       [-31.26331944],
       [-32.12590672],
       [-32.69077623],
       [-30.73216392],
       [-29.78515989],
       [-32.65500794],
       [-32.12420067],
       [-31.33358212],
       [ -0.88484525],
       [-30.59144954],
       [-32.48161466],
       [  0.2414335 ],
       [-32.11536193],
       [-32.08839506],
       [-30.96320271],
       [-31.97621135],
       [-32.54187016],
       [ -0.44103497],
       [-32.5915721 ],
       [-32.37461291],
       [-31.39887406],
       [-31.11462555],
       [ -0.24335781]])
<<<<<<<<<<< STEP 7 >>>>>>>>>>>> + array([[ -4.99999998e-01],
       [ -5.00000047e-01],
       [ -4.99999967e-01],
       [ -5.00000021e-01],
       [ -4.99999967e-01],
       [  8.31947752e-04],
       [ -5.00000035e-01],
       [ -5.00000224e-01],
       [ -2.53946093e-04],
       [ -5.00000059e-01],
       [ -5.00000019e-01],
       [ -5.00000038e-01],
       [ -5.00000126e-01],
       [  1.87712948e-03],
       [ -5.00000029e-01],
       [ -5.00000103e-01],
       [  1.69900296e-03],
       [ -5.00000043e-01],
       [ -5.00000118e-01],
       [ -5.00000051e-01],
       [ -4.99999986e-01],
       [ -5.00000287e-01],
       [ -5.00000052e-01],
       [ -5.00000106e-01],
       [ -5.00000031e-01],
       [ -7.73861940e-03],
       [ -5.00000009e-01],
       [ -5.00000063e-01],
       [ -5.23470760e-04],
       [ -5.00000109e-01],
       [ -5.00000111e-01],
       [ -5.00000049e-01],
       [ -4.99999989e-01],
       [ -5.00000049e-01],
       [ -1.51454777e-03],
       [ -5.00000058e-01],
       [ -5.00000038e-01],
       [ -5.00000032e-01],
       [ -4.99999997e-01],
       [  1.27549438e-03]])
array([[-31.31123571],
       [-32.81405466],
       [-31.71149088],
       [-33.08089703],
       [-31.67311382],
       [ -0.15371129],
       [-32.860407  ],
       [-30.90923175],
       [ -0.74426546],
       [-32.14752091],
       [-33.0744755 ],
       [-33.06337245],
       [-32.61513954],
       [  0.09984879],
       [-31.65481408],
       [-32.60600945],
       [ -0.36301489],
       [-31.76331948],
       [-32.62590684],
       [-33.19077629],
       [-31.23216391],
       [-30.28516017],
       [-33.15500799],
       [-32.62420077],
       [-31.83358215],
       [ -0.89258387],
       [-31.09144955],
       [-32.98161472],
       [  0.24091003],
       [-32.61536204],
       [-32.58839518],
       [-31.46320276],
       [-32.47621134],
       [-33.04187021],
       [ -0.44254952],
       [-33.09157215],
       [-32.87461295],
       [-31.89887409],
       [-31.61462555],
       [ -0.24208232]])
<<<<<<<<<<< STEP 8 >>>>>>>>>>>> + array([[ -4.99999999e-01],
       [ -5.00000037e-01],
       [ -4.99999974e-01],
       [ -5.00000016e-01],
       [ -4.99999974e-01],
       [  8.37226430e-04],
       [ -5.00000027e-01],
       [ -5.00000175e-01],
       [ -2.61791770e-04],
       [ -5.00000046e-01],
       [ -5.00000015e-01],
       [ -5.00000030e-01],
       [ -5.00000099e-01],
       [  1.87001455e-03],
       [ -5.00000023e-01],
       [ -5.00000081e-01],
       [  1.69376385e-03],
       [ -5.00000034e-01],
       [ -5.00000092e-01],
       [ -5.00000040e-01],
       [ -4.99999989e-01],
       [ -5.00000224e-01],
       [ -5.00000040e-01],
       [ -5.00000082e-01],
       [ -5.00000025e-01],
       [ -7.76336529e-03],
       [ -5.00000007e-01],
       [ -5.00000049e-01],
       [ -5.26248137e-04],
       [ -5.00000085e-01],
       [ -5.00000086e-01],
       [ -5.00000038e-01],
       [ -4.99999991e-01],
       [ -5.00000038e-01],
       [ -1.53266098e-03],
       [ -5.00000045e-01],
       [ -5.00000030e-01],
       [ -5.00000025e-01],
       [ -4.99999998e-01],
       [  1.26624981e-03]])
array([[-31.81123571],
       [-33.3140547 ],
       [-32.21149085],
       [-33.58089704],
       [-32.17311379],
       [ -0.15287406],
       [-33.36040702],
       [-31.40923192],
       [ -0.74452725],
       [-32.64752096],
       [-33.57447552],
       [-33.56337248],
       [-33.11513964],
       [  0.10171881],
       [-32.1548141 ],
       [-33.10600953],
       [ -0.36132112],
       [-32.26331951],
       [-33.12590693],
       [-33.69077633],
       [-31.7321639 ],
       [-30.7851604 ],
       [-33.65500803],
       [-33.12420085],
       [-32.33358217],
       [ -0.90034723],
       [-31.59144956],
       [-33.48161477],
       [  0.24038378],
       [-33.11536212],
       [-33.08839526],
       [-31.96320279],
       [-32.97621133],
       [-33.54187024],
       [ -0.44408218],
       [-33.5915722 ],
       [-33.37461298],
       [-32.39887412],
       [-32.11462555],
       [ -0.24081607]])
<<<<<<<<<<< STEP 9 >>>>>>>>>>>> + array([[ -4.99999999e-01],
       [ -5.00000029e-01],
       [ -4.99999980e-01],
       [ -5.00000013e-01],
       [ -4.99999980e-01],
       [  8.42525531e-04],
       [ -5.00000021e-01],
       [ -5.00000136e-01],
       [ -2.69728660e-04],
       [ -5.00000036e-01],
       [ -5.00000012e-01],
       [ -5.00000023e-01],
       [ -5.00000077e-01],
       [  1.86290532e-03],
       [ -5.00000018e-01],
       [ -5.00000063e-01],
       [  1.68852578e-03],
       [ -5.00000026e-01],
       [ -5.00000072e-01],
       [ -5.00000031e-01],
       [ -4.99999991e-01],
       [ -5.00000175e-01],
       [ -5.00000031e-01],
       [ -5.00000064e-01],
       [ -5.00000019e-01],
       [ -7.78838725e-03],
       [ -5.00000005e-01],
       [ -5.00000038e-01],
       [ -5.29035220e-04],
       [ -5.00000066e-01],
       [ -5.00000067e-01],
       [ -5.00000030e-01],
       [ -4.99999993e-01],
       [ -5.00000030e-01],
       [ -1.55090615e-03],
       [ -5.00000035e-01],
       [ -5.00000023e-01],
       [ -5.00000020e-01],
       [ -4.99999998e-01],
       [  1.25698196e-03]])
array([[-32.31123571],
       [-33.81405473],
       [-32.71149083],
       [-34.08089706],
       [-32.67311377],
       [ -0.15203154],
       [-33.86040705],
       [-31.90923206],
       [ -0.74479698],
       [-33.147521  ],
       [-34.07447553],
       [-34.0633725 ],
       [-33.61513972],
       [  0.10358171],
       [-32.65481412],
       [-33.60600959],
       [ -0.3596326 ],
       [-32.76331954],
       [-33.62590701],
       [-34.19077636],
       [-32.23216389],
       [-31.28516057],
       [-34.15500807],
       [-33.62420092],
       [-32.83358219],
       [ -0.90813562],
       [-32.09144957],
       [-33.9816148 ],
       [  0.23985475],
       [-33.61536219],
       [-33.58839533],
       [-32.46320282],
       [-33.47621132],
       [-34.04187027],
       [ -0.44563309],
       [-34.09157224],
       [-33.874613  ],
       [-32.89887413],
       [-32.61462554],
       [ -0.23955909]])
<<<<<<<<<<< STEP 10 >>>>>>>>>>>> + array([[ -4.99999999e-01],
       [ -5.00000022e-01],
       [ -4.99999984e-01],
       [ -5.00000010e-01],
       [ -4.99999984e-01],
       [  8.47845468e-04],
       [ -5.00000017e-01],
       [ -5.00000106e-01],
       [ -2.77750602e-04],
       [ -5.00000028e-01],
       [ -5.00000009e-01],
       [ -5.00000018e-01],
       [ -5.00000060e-01],
       [  1.85580195e-03],
       [ -5.00000014e-01],
       [ -5.00000049e-01],
       [  1.68329151e-03],
       [ -5.00000021e-01],
       [ -5.00000056e-01],
       [ -5.00000024e-01],
       [ -4.99999993e-01],
       [ -5.00000136e-01],
       [ -5.00000024e-01],
       [ -5.00000050e-01],
       [ -5.00000015e-01],
       [ -7.81368507e-03],
       [ -5.00000004e-01],
       [ -5.00000030e-01],
       [ -5.31832002e-04],
       [ -5.00000052e-01],
       [ -5.00000053e-01],
       [ -5.00000023e-01],
       [ -4.99999995e-01],
       [ -5.00000023e-01],
       [ -1.56928216e-03],
       [ -5.00000028e-01],
       [ -5.00000018e-01],
       [ -5.00000015e-01],
       [ -4.99999999e-01],
       [  1.24769189e-03]])
array([[-32.81123571],
       [-34.31405475],
       [-33.21149082],
       [-34.58089707],
       [-33.17311376],
       [ -0.15118369],
       [-34.36040706],
       [-32.40923216],
       [ -0.74507473],
       [-33.64752102],
       [-34.57447554],
       [-34.56337252],
       [-34.11513978],
       [  0.10543752],
       [-33.15481413],
       [-34.10600964],
       [ -0.35794931],
       [-33.26331956],
       [-34.12590706],
       [-34.69077638],
       [-32.73216388],
       [-31.78516071],
       [-34.65500809],
       [-34.12420097],
       [-33.33358221],
       [ -0.9159493 ],
       [-32.59144957],
       [-34.48161483],
       [  0.23932291],
       [-34.11536224],
       [-34.08839538],
       [-32.96320285],
       [-33.97621132],
       [-34.5418703 ],
       [ -0.44720237],
       [-34.59157226],
       [-34.37461302],
       [-33.39887415],
       [-33.11462554],
       [ -0.23831139]])
<<<<<<<<<<< STEP 11 >>>>>>>>>>>> + array([[ -4.99999999e-01],
       [ -5.00000018e-01],
       [ -4.99999988e-01],
       [ -5.00000008e-01],
       [ -4.99999988e-01],
       [  8.53186628e-04],
       [ -5.00000013e-01],
       [ -5.00000083e-01],
       [ -2.85852940e-04],
       [ -5.00000022e-01],
       [ -5.00000007e-01],
       [ -5.00000014e-01],
       [ -5.00000047e-01],
       [  1.84870452e-03],
       [ -5.00000011e-01],
       [ -5.00000038e-01],
       [  1.67806313e-03],
       [ -5.00000016e-01],
       [ -5.00000043e-01],
       [ -5.00000019e-01],
       [ -4.99999995e-01],
       [ -5.00000106e-01],
       [ -5.00000019e-01],
       [ -5.00000039e-01],
       [ -5.00000012e-01],
       [ -7.83925960e-03],
       [ -5.00000003e-01],
       [ -5.00000023e-01],
       [ -5.34638520e-04],
       [ -5.00000040e-01],
       [ -5.00000041e-01],
       [ -5.00000018e-01],
       [ -4.99999996e-01],
       [ -5.00000018e-01],
       [ -1.58778856e-03],
       [ -5.00000021e-01],
       [ -5.00000014e-01],
       [ -5.00000012e-01],
       [ -4.99999999e-01],
       [  1.23838030e-03]])
array([[-33.31123571],
       [-34.81405477],
       [-33.71149081],
       [-35.08089707],
       [-33.67311375],
       [ -0.1503305 ],
       [-34.86040707],
       [-32.90923225],
       [ -0.74536058],
       [-34.14752105],
       [-35.07447554],
       [-35.06337254],
       [-34.61513982],
       [  0.10728622],
       [-33.65481415],
       [-34.60600968],
       [ -0.35627124],
       [-33.76331958],
       [-34.62590711],
       [-35.1907764 ],
       [-33.23216388],
       [-32.28516081],
       [-35.15500811],
       [-34.62420101],
       [-33.83358222],
       [ -0.92378856],
       [-33.09144957],
       [-34.98161486],
       [  0.23878828],
       [-34.61536228],
       [-34.58839542],
       [-33.46320287],
       [-34.47621131],
       [-35.04187032],
       [ -0.44879016],
       [-35.09157228],
       [-34.87461304],
       [-33.89887416],
       [-33.61462554],
       [ -0.23707301]])
<<<<<<<<<<< STEP 12 >>>>>>>>>>>> + array([[ -5.00000000e-01],
       [ -5.00000014e-01],
       [ -4.99999990e-01],
       [ -5.00000006e-01],
       [ -4.99999991e-01],
       [  8.58549379e-04],
       [ -5.00000010e-01],
       [ -5.00000064e-01],
       [ -2.94032192e-04],
       [ -5.00000017e-01],
       [ -5.00000006e-01],
       [ -5.00000011e-01],
       [ -5.00000037e-01],
       [  1.84161304e-03],
       [ -5.00000008e-01],
       [ -5.00000030e-01],
       [  1.67284223e-03],
       [ -5.00000013e-01],
       [ -5.00000034e-01],
       [ -5.00000015e-01],
       [ -4.99999996e-01],
       [ -5.00000083e-01],
       [ -5.00000015e-01],
       [ -5.00000030e-01],
       [ -5.00000009e-01],
       [ -7.86511258e-03],
       [ -5.00000003e-01],
       [ -5.00000018e-01],
       [ -5.37454849e-04],
       [ -5.00000031e-01],
       [ -5.00000032e-01],
       [ -5.00000014e-01],
       [ -4.99999997e-01],
       [ -5.00000014e-01],
       [ -1.60642540e-03],
       [ -5.00000017e-01],
       [ -5.00000011e-01],
       [ -5.00000009e-01],
       [ -4.99999999e-01],
       [  1.22904763e-03]])
array([[-33.81123571],
       [-35.31405478],
       [-34.2114908 ],
       [-35.58089708],
       [-34.17311374],
       [ -0.14947195],
       [-35.36040709],
       [-33.40923231],
       [ -0.74565462],
       [-34.64752106],
       [-35.57447555],
       [-35.56337255],
       [-35.11513986],
       [  0.10912783],
       [-34.15481415],
       [-35.10600971],
       [ -0.3545984 ],
       [-34.26331959],
       [-35.12590714],
       [-35.69077641],
       [-33.73216387],
       [-32.7851609 ],
       [-35.65500812],
       [-35.12420104],
       [-34.33358223],
       [ -0.93165368],
       [-33.59144958],
       [-35.48161488],
       [  0.23825082],
       [-35.11536231],
       [-35.08839546],
       [-33.96320288],
       [-34.97621131],
       [-35.54187033],
       [ -0.45039658],
       [-35.5915723 ],
       [-35.37461305],
       [-34.39887417],
       [-34.11462554],
       [ -0.23584397]])
<<<<<<<<<<< STEP 13 >>>>>>>>>>>> + array([[ -5.00000000e-01],
       [ -5.00000011e-01],
       [ -4.99999993e-01],
       [ -5.00000005e-01],
       [ -4.99999993e-01],
       [  8.63934073e-04],
       [ -5.00000008e-01],
       [ -5.00000050e-01],
       [ -3.02285792e-04],
       [ -5.00000013e-01],
       [ -5.00000004e-01],
       [ -5.00000009e-01],
       [ -5.00000029e-01],
       [  1.83452745e-03],
       [ -5.00000007e-01],
       [ -5.00000023e-01],
       [  1.66763000e-03],
       [ -5.00000010e-01],
       [ -5.00000026e-01],
       [ -5.00000011e-01],
       [ -4.99999997e-01],
       [ -5.00000064e-01],
       [ -5.00000012e-01],
       [ -5.00000024e-01],
       [ -5.00000007e-01],
       [ -7.89124645e-03],
       [ -5.00000002e-01],
       [ -5.00000014e-01],
       [ -5.40281091e-04],
       [ -5.00000024e-01],
       [ -5.00000025e-01],
       [ -5.00000011e-01],
       [ -4.99999997e-01],
       [ -5.00000011e-01],
       [ -1.62519312e-03],
       [ -5.00000013e-01],
       [ -5.00000009e-01],
       [ -5.00000007e-01],
       [ -4.99999999e-01],
       [  1.21969410e-03]])
array([[-34.3112357 ],
       [-35.81405479],
       [-34.71149079],
       [-36.08089709],
       [-34.67311373],
       [ -0.14860802],
       [-35.86040709],
       [-33.90923236],
       [ -0.7459569 ],
       [-35.14752108],
       [-36.07447555],
       [-36.06337256],
       [-35.61513989],
       [  0.11096236],
       [-34.65481416],
       [-35.60600973],
       [ -0.35293077],
       [-34.7633196 ],
       [-35.62590717],
       [-36.19077643],
       [-34.23216387],
       [-33.28516096],
       [-36.15500814],
       [-35.62420106],
       [-34.83358224],
       [ -0.93954492],
       [-34.09144958],
       [-35.98161489],
       [  0.23771054],
       [-35.61536234],
       [-35.58839548],
       [-34.46320289],
       [-35.47621131],
       [-36.04187034],
       [ -0.45202177],
       [-36.09157231],
       [-35.87461306],
       [-34.89887418],
       [-34.61462554],
       [ -0.23462427]])
<<<<<<<<<<< STEP 14 >>>>>>>>>>>> + array([[ -5.00000000e-01],
       [ -5.00000008e-01],
       [ -4.99999994e-01],
       [ -5.00000004e-01],
       [ -4.99999994e-01],
       [  8.69341055e-04],
       [ -5.00000006e-01],
       [ -5.00000039e-01],
       [ -3.10611892e-04],
       [ -5.00000010e-01],
       [ -5.00000003e-01],
       [ -5.00000007e-01],
       [ -5.00000022e-01],
       [  1.82744765e-03],
       [ -5.00000005e-01],
       [ -5.00000018e-01],
       [  1.66242735e-03],
       [ -5.00000008e-01],
       [ -5.00000021e-01],
       [ -5.00000009e-01],
       [ -4.99999997e-01],
       [ -5.00000050e-01],
       [ -5.00000009e-01],
       [ -5.00000018e-01],
       [ -5.00000005e-01],
       [ -7.91766426e-03],
       [ -5.00000002e-01],
       [ -5.00000011e-01],
       [ -5.43117374e-04],
       [ -5.00000019e-01],
       [ -5.00000019e-01],
       [ -5.00000009e-01],
       [ -4.99999998e-01],
       [ -5.00000009e-01],
       [ -1.64409249e-03],
       [ -5.00000010e-01],
       [ -5.00000007e-01],
       [ -5.00000006e-01],
       [ -4.99999999e-01],
       [  1.21031976e-03]])
array([[-34.8112357 ],
       [-36.3140548 ],
       [-35.21149078],
       [-36.58089709],
       [-35.17311372],
       [ -0.14773868],
       [-36.3604071 ],
       [-34.4092324 ],
       [ -0.74626751],
       [-35.64752109],
       [-36.57447556],
       [-36.56337256],
       [-36.11513991],
       [  0.11278981],
       [-35.15481417],
       [-36.10600975],
       [ -0.35126834],
       [-35.26331961],
       [-36.12590719],
       [-36.69077643],
       [-34.73216387],
       [-33.78516101],
       [-36.65500815],
       [-36.12420108],
       [-35.33358224],
       [ -0.94746259],
       [-34.59144958],
       [-36.4816149 ],
       [  0.23716742],
       [-36.11536236],
       [-36.0883955 ],
       [-34.9632029 ],
       [-35.9762113 ],
       [-36.54187035],
       [ -0.45366587],
       [-36.59157232],
       [-36.37461306],
       [-35.39887418],
       [-35.11462554],
       [ -0.23341395]])
<<<<<<<<<<< STEP 15 >>>>>>>>>>>> + array([[ -5.00000000e-01],
       [ -5.00000006e-01],
       [ -4.99999996e-01],
       [ -5.00000003e-01],
       [ -4.99999996e-01],
       [  8.74770661e-04],
       [ -5.00000005e-01],
       [ -5.00000030e-01],
       [ -3.19009202e-04],
       [ -5.00000008e-01],
       [ -5.00000003e-01],
       [ -5.00000005e-01],
       [ -5.00000017e-01],
       [  1.82037349e-03],
       [ -5.00000004e-01],
       [ -5.00000014e-01],
       [  1.65723490e-03],
       [ -5.00000006e-01],
       [ -5.00000016e-01],
       [ -5.00000007e-01],
       [ -4.99999998e-01],
       [ -5.00000039e-01],
       [ -5.00000007e-01],
       [ -5.00000014e-01],
       [ -5.00000004e-01],
       [ -7.94436950e-03],
       [ -5.00000001e-01],
       [ -5.00000009e-01],
       [ -5.45963843e-04],
       [ -5.00000015e-01],
       [ -5.00000015e-01],
       [ -5.00000007e-01],
       [ -4.99999998e-01],
       [ -5.00000007e-01],
       [ -1.66312454e-03],
       [ -5.00000008e-01],
       [ -5.00000005e-01],
       [ -5.00000004e-01],
       [ -5.00000000e-01],
       [  1.20092454e-03]])
array([[-35.3112357 ],
       [-36.81405481],
       [-35.71149078],
       [-37.08089709],
       [-35.67311372],
       [ -0.14686391],
       [-36.8604071 ],
       [-34.90923243],
       [ -0.74658652],
       [-36.14752109],
       [-37.07447556],
       [-37.06337257],
       [-36.61513993],
       [  0.11461018],
       [-35.65481417],
       [-36.60600976],
       [ -0.34961111],
       [-35.76331961],
       [-36.6259072 ],
       [-37.19077644],
       [-35.23216386],
       [-34.28516105],
       [-37.15500815],
       [-36.62420109],
       [-35.83358225],
       [ -0.95540696],
       [-35.09144958],
       [-36.98161491],
       [  0.23662146],
       [-36.61536237],
       [-36.58839551],
       [-35.46320291],
       [-36.4762113 ],
       [-37.04187036],
       [ -0.45532899],
       [-37.09157233],
       [-36.87461307],
       [-35.89887419],
       [-35.61462554],
       [ -0.23221303]])
<<<<<<<<<<< STEP 16 >>>>>>>>>>>> + array([[ -5.00000000e-01],
       [ -5.00000005e-01],
       [ -4.99999997e-01],
       [ -5.00000002e-01],
       [ -4.99999997e-01],
       [  8.80223222e-04],
       [ -5.00000004e-01],
       [ -5.00000024e-01],
       [ -3.27476874e-04],
       [ -5.00000006e-01],
       [ -5.00000002e-01],
       [ -5.00000004e-01],
       [ -5.00000014e-01],
       [  1.81330483e-03],
       [ -5.00000003e-01],
       [ -5.00000011e-01],
       [  1.65205313e-03],
       [ -5.00000005e-01],
       [ -5.00000012e-01],
       [ -5.00000005e-01],
       [ -4.99999998e-01],
       [ -5.00000031e-01],
       [ -5.00000006e-01],
       [ -5.00000011e-01],
       [ -5.00000003e-01],
       [ -7.97136611e-03],
       [ -5.00000001e-01],
       [ -5.00000007e-01],
       [ -5.48820657e-04],
       [ -5.00000012e-01],
       [ -5.00000012e-01],
       [ -5.00000005e-01],
       [ -4.99999999e-01],
       [ -5.00000005e-01],
       [ -1.68229050e-03],
       [ -5.00000006e-01],
       [ -5.00000004e-01],
       [ -5.00000003e-01],
       [ -5.00000000e-01],
       [  1.19150826e-03]])
array([[-35.8112357 ],
       [-37.31405481],
       [-36.21149078],
       [-37.58089709],
       [-36.17311371],
       [ -0.14598369],
       [-37.36040711],
       [-35.40923245],
       [ -0.746914  ],
       [-36.6475211 ],
       [-37.57447556],
       [-37.56337257],
       [-37.11513994],
       [  0.11642349],
       [-36.15481417],
       [-37.10600978],
       [ -0.34795906],
       [-36.26331962],
       [-37.12590722],
       [-37.69077645],
       [-35.73216386],
       [-34.78516108],
       [-37.65500816],
       [-37.1242011 ],
       [-36.33358225],
       [ -0.96337832],
       [-35.59144958],
       [-37.48161492],
       [  0.23607264],
       [-37.11536238],
       [-37.08839553],
       [-35.96320291],
       [-36.9762113 ],
       [-37.54187036],
       [ -0.45701128],
       [-37.59157234],
       [-37.37461307],
       [-36.39887419],
       [-36.11462554],
       [ -0.23102152]])
<<<<<<<<<<< STEP 17 >>>>>>>>>>>> + array([[ -5.00000000e-01],
       [ -5.00000004e-01],
       [ -4.99999997e-01],
       [ -5.00000002e-01],
       [ -4.99999997e-01],
       [  8.85699068e-04],
       [ -5.00000003e-01],
       [ -5.00000018e-01],
       [ -3.36014404e-04],
       [ -5.00000005e-01],
       [ -5.00000002e-01],
       [ -5.00000003e-01],
       [ -5.00000011e-01],
       [  1.80624148e-03],
       [ -5.00000002e-01],
       [ -5.00000009e-01],
       [  1.64688235e-03],
       [ -5.00000004e-01],
       [ -5.00000010e-01],
       [ -5.00000004e-01],
       [ -4.99999999e-01],
       [ -5.00000024e-01],
       [ -5.00000004e-01],
       [ -5.00000009e-01],
       [ -5.00000003e-01],
       [ -7.99865833e-03],
       [ -5.00000001e-01],
       [ -5.00000005e-01],
       [ -5.51687992e-04],
       [ -5.00000009e-01],
       [ -5.00000009e-01],
       [ -5.00000004e-01],
       [ -4.99999999e-01],
       [ -5.00000004e-01],
       [ -1.70159178e-03],
       [ -5.00000005e-01],
       [ -5.00000003e-01],
       [ -5.00000003e-01],
       [ -5.00000000e-01],
       [  1.18207065e-03]])
array([[-36.3112357 ],
       [-37.81405482],
       [-36.71149077],
       [-38.0808971 ],
       [-36.67311371],
       [ -0.14509799],
       [-37.86040711],
       [-35.90923247],
       [ -0.74725002],
       [-37.14752111],
       [-38.07447556],
       [-38.06337257],
       [-37.61513995],
       [  0.11822973],
       [-36.65481418],
       [-37.60600978],
       [ -0.34631217],
       [-36.76331962],
       [-37.62590722],
       [-38.19077645],
       [-36.23216386],
       [-35.2851611 ],
       [-38.15500816],
       [-37.62420111],
       [-36.83358225],
       [ -0.97137698],
       [-36.09144958],
       [-37.98161492],
       [  0.23552095],
       [-37.61536239],
       [-37.58839554],
       [-36.46320292],
       [-37.4762113 ],
       [-38.04187036],
       [ -0.45871287],
       [-38.09157234],
       [-37.87461308],
       [-36.89887419],
       [-36.61462554],
       [ -0.22983945]])
<<<<<<<<<<< STEP 18 >>>>>>>>>>>> + array([[ -5.00000000e-01],
       [ -5.00000003e-01],
       [ -4.99999998e-01],
       [ -5.00000001e-01],
       [ -4.99999998e-01],
       [  8.91198525e-04],
       [ -5.00000002e-01],
       [ -5.00000014e-01],
       [ -3.44621557e-04],
       [ -5.00000004e-01],
       [ -5.00000001e-01],
       [ -5.00000002e-01],
       [ -5.00000008e-01],
       [  1.79918322e-03],
       [ -5.00000002e-01],
       [ -5.00000007e-01],
       [  1.64172277e-03],
       [ -5.00000003e-01],
       [ -5.00000008e-01],
       [ -5.00000003e-01],
       [ -4.99999999e-01],
       [ -5.00000019e-01],
       [ -5.00000003e-01],
       [ -5.00000007e-01],
       [ -5.00000002e-01],
       [ -8.02625075e-03],
       [ -5.00000001e-01],
       [ -5.00000004e-01],
       [ -5.54566029e-04],
       [ -5.00000007e-01],
       [ -5.00000007e-01],
       [ -5.00000003e-01],
       [ -4.99999999e-01],
       [ -5.00000003e-01],
       [ -1.72102991e-03],
       [ -5.00000004e-01],
       [ -5.00000002e-01],
       [ -5.00000002e-01],
       [ -5.00000000e-01],
       [  1.17261138e-03]])
array([[-36.8112357 ],
       [-38.31405482],
       [-37.21149077],
       [-38.5808971 ],
       [-37.17311371],
       [ -0.14420679],
       [-38.36040711],
       [-36.40923249],
       [ -0.74759464],
       [-37.64752111],
       [-38.57447557],
       [-38.56337258],
       [-38.11513996],
       [  0.12002891],
       [-37.15481418],
       [-38.10600979],
       [ -0.34467045],
       [-37.26331962],
       [-38.12590723],
       [-38.69077645],
       [-36.73216386],
       [-35.78516112],
       [-38.65500817],
       [-38.12420112],
       [-37.33358225],
       [ -0.97940323],
       [-36.59144958],
       [-38.48161492],
       [  0.23496638],
       [-38.1153624 ],
       [-38.08839554],
       [-36.96320292],
       [-37.9762113 ],
       [-38.54187037],
       [ -0.4604339 ],
       [-38.59157235],
       [-38.37461308],
       [-37.3988742 ],
       [-37.11462554],
       [ -0.22866684]])
<<<<<<<<<<< STEP 19 >>>>>>>>>>>> + array([[ -5.00000000e-01],
       [ -5.00000002e-01],
       [ -4.99999998e-01],
       [ -5.00000001e-01],
       [ -4.99999998e-01],
       [  8.96721921e-04],
       [ -5.00000002e-01],
       [ -5.00000011e-01],
       [ -3.53298316e-04],
       [ -5.00000003e-01],
       [ -5.00000001e-01],
       [ -5.00000002e-01],
       [ -5.00000006e-01],
       [  1.79212986e-03],
       [ -5.00000001e-01],
       [ -5.00000005e-01],
       [  1.63657450e-03],
       [ -5.00000002e-01],
       [ -5.00000006e-01],
       [ -5.00000003e-01],
       [ -4.99999999e-01],
       [ -5.00000014e-01],
       [ -5.00000003e-01],
       [ -5.00000005e-01],
       [ -5.00000002e-01],
       [ -8.05414819e-03],
       [ -5.00000000e-01],
       [ -5.00000003e-01],
       [ -5.57454963e-04],
       [ -5.00000005e-01],
       [ -5.00000006e-01],
       [ -5.00000002e-01],
       [ -4.99999999e-01],
       [ -5.00000002e-01],
       [ -1.74060657e-03],
       [ -5.00000003e-01],
       [ -5.00000002e-01],
       [ -5.00000002e-01],
       [ -5.00000000e-01],
       [  1.16313008e-03]])
array([[-37.3112357 ],
       [-38.81405482],
       [-37.71149077],
       [-39.0808971 ],
       [-37.67311371],
       [ -0.14331007],
       [-38.86040711],
       [-36.9092325 ],
       [ -0.74794793],
       [-38.14752111],
       [-39.07447557],
       [-39.06337258],
       [-38.61513997],
       [  0.12182104],
       [-37.65481418],
       [-38.6060098 ],
       [ -0.34303388],
       [-37.76331963],
       [-38.62590724],
       [-39.19077646],
       [-37.23216386],
       [-36.28516114],
       [-39.15500817],
       [-38.62420112],
       [-37.83358225],
       [ -0.98745738],
       [-37.09144958],
       [-38.98161493],
       [  0.23440893],
       [-38.6153624 ],
       [-38.58839555],
       [-37.46320292],
       [-38.4762113 ],
       [-39.04187037],
       [ -0.46217451],
       [-39.09157235],
       [-38.87461308],
       [-37.8988742 ],
       [-37.61462554],
       [ -0.22750371]])
<<<<<<<<<<< STEP 20 >>>>>>>>>>>> + array([[ -5.00000000e-01],
       [ -5.00000002e-01],
       [ -4.99999999e-01],
       [ -5.00000001e-01],
       [ -4.99999999e-01],
       [  9.02269586e-04],
       [ -5.00000001e-01],
       [ -5.00000009e-01],
       [ -3.62044832e-04],
       [ -5.00000002e-01],
       [ -5.00000001e-01],
       [ -5.00000001e-01],
       [ -5.00000005e-01],
       [  1.78508115e-03],
       [ -5.00000001e-01],
       [ -5.00000004e-01],
       [  1.63143759e-03],
       [ -5.00000002e-01],
       [ -5.00000005e-01],
       [ -5.00000002e-01],
       [ -4.99999999e-01],
       [ -5.00000011e-01],
       [ -5.00000002e-01],
       [ -5.00000004e-01],
       [ -5.00000001e-01],
       [ -8.08235573e-03],
       [ -5.00000000e-01],
       [ -5.00000002e-01],
       [ -5.60354992e-04],
       [ -5.00000004e-01],
       [ -5.00000004e-01],
       [ -5.00000002e-01],
       [ -5.00000000e-01],
       [ -5.00000002e-01],
       [ -1.76032350e-03],
       [ -5.00000002e-01],
       [ -5.00000002e-01],
       [ -5.00000001e-01],
       [ -5.00000000e-01],
       [  1.15362632e-03]])
array([[-37.8112357 ],
       [-39.31405483],
       [-38.21149077],
       [-39.5808971 ],
       [-38.17311371],
       [ -0.1424078 ],
       [-39.36040712],
       [-37.40923251],
       [ -0.74830998],
       [-38.64752111],
       [-39.57447557],
       [-39.56337258],
       [-39.11513997],
       [  0.12360612],
       [-38.15481418],
       [-39.1060098 ],
       [ -0.34140244],
       [-38.26331963],
       [-39.12590724],
       [-39.69077646],
       [-37.73216386],
       [-36.78516115],
       [-39.65500817],
       [-39.12420113],
       [-38.33358226],
       [ -0.99553973],
       [-37.59144958],
       [-39.48161493],
       [  0.23384857],
       [-39.11536241],
       [-39.08839555],
       [-37.96320292],
       [-38.9762113 ],
       [-39.54187037],
       [ -0.46393483],
       [-39.59157235],
       [-39.37461308],
       [-38.3988742 ],
       [-38.11462554],
       [ -0.22635008]])
<<<<<<<<<<< STEP 21 >>>>>>>>>>>> + array([[ -5.00000000e-01],
       [ -5.00000001e-01],
       [ -4.99999999e-01],
       [ -5.00000001e-01],
       [ -4.99999999e-01],
       [  9.07841848e-04],
       [ -5.00000001e-01],
       [ -5.00000007e-01],
       [ -3.70861390e-04],
       [ -5.00000002e-01],
       [ -5.00000001e-01],
       [ -5.00000001e-01],
       [ -5.00000004e-01],
       [  1.77803686e-03],
       [ -5.00000001e-01],
       [ -5.00000003e-01],
       [  1.62631203e-03],
       [ -5.00000001e-01],
       [ -5.00000004e-01],
       [ -5.00000002e-01],
       [ -5.00000000e-01],
       [ -5.00000009e-01],
       [ -5.00000002e-01],
       [ -5.00000003e-01],
       [ -5.00000001e-01],
       [ -8.11087866e-03],
       [ -5.00000000e-01],
       [ -5.00000002e-01],
       [ -5.63266323e-04],
       [ -5.00000003e-01],
       [ -5.00000003e-01],
       [ -5.00000002e-01],
       [ -5.00000000e-01],
       [ -5.00000001e-01],
       [ -1.78018254e-03],
       [ -5.00000002e-01],
       [ -5.00000001e-01],
       [ -5.00000001e-01],
       [ -5.00000000e-01],
       [  1.14409964e-03]])
array([[-38.3112357 ],
       [-39.81405483],
       [-38.71149077],
       [-40.0808971 ],
       [-38.67311371],
       [ -0.14149995],
       [-39.86040712],
       [-37.90923251],
       [ -0.74868084],
       [-39.14752112],
       [-40.07447557],
       [-40.06337258],
       [-39.61513998],
       [  0.12538416],
       [-38.65481418],
       [-39.6060098 ],
       [ -0.33977613],
       [-38.76331963],
       [-39.62590725],
       [-40.19077646],
       [-38.23216386],
       [-37.28516116],
       [-40.15500817],
       [-39.62420113],
       [-38.83358226],
       [ -1.00365061],
       [-38.09144958],
       [-39.98161493],
       [  0.23328531],
       [-39.61536241],
       [-39.58839556],
       [-38.46320292],
       [-39.4762113 ],
       [-40.04187037],
       [ -0.46571502],
       [-40.09157235],
       [-39.87461308],
       [-38.8988742 ],
       [-38.61462554],
       [ -0.22520598]])
<<<<<<<<<<< STEP 22 >>>>>>>>>>>> + array([[ -5.00000000e-01],
       [ -5.00000001e-01],
       [ -4.99999999e-01],
       [ -5.00000001e-01],
       [ -4.99999999e-01],
       [  9.13439041e-04],
       [ -5.00000001e-01],
       [ -5.00000005e-01],
       [ -3.79748384e-04],
       [ -5.00000001e-01],
       [ -5.00000000e-01],
       [ -5.00000001e-01],
       [ -5.00000003e-01],
       [  1.77099674e-03],
       [ -5.00000001e-01],
       [ -5.00000002e-01],
       [  1.62119777e-03],
       [ -5.00000001e-01],
       [ -5.00000003e-01],
       [ -5.00000001e-01],
       [ -5.00000000e-01],
       [ -5.00000007e-01],
       [ -5.00000001e-01],
       [ -5.00000002e-01],
       [ -5.00000001e-01],
       [ -8.13972248e-03],
       [ -5.00000000e-01],
       [ -5.00000002e-01],
       [ -5.66189169e-04],
       [ -5.00000003e-01],
       [ -5.00000003e-01],
       [ -5.00000001e-01],
       [ -5.00000000e-01],
       [ -5.00000001e-01],
       [ -1.80018562e-03],
       [ -5.00000001e-01],
       [ -5.00000001e-01],
       [ -5.00000001e-01],
       [ -5.00000000e-01],
       [  1.13454955e-03]])
array([[-38.8112357 ],
       [-40.31405483],
       [-39.21149077],
       [-40.5808971 ],
       [-39.17311371],
       [ -0.14058652],
       [-40.36040712],
       [-38.40923252],
       [ -0.74906059],
       [-39.64752112],
       [-40.57447557],
       [-40.56337258],
       [-40.11513998],
       [  0.12715516],
       [-39.15481418],
       [-40.10600981],
       [ -0.33815493],
       [-39.26331963],
       [-40.12590725],
       [-40.69077646],
       [-38.73216386],
       [-37.78516116],
       [-40.65500817],
       [-40.12420113],
       [-39.33358226],
       [ -1.01179034],
       [-38.59144958],
       [-40.48161493],
       [  0.23271912],
       [-40.11536241],
       [-40.08839556],
       [-38.96320293],
       [-39.9762113 ],
       [-40.54187038],
       [ -0.4675152 ],
       [-40.59157236],
       [-40.37461308],
       [-39.3988742 ],
       [-39.11462554],
       [ -0.22407143]])
<<<<<<<<<<< STEP 23 >>>>>>>>>>>> + array([[ -5.00000000e-01],
       [ -5.00000001e-01],
       [ -4.99999999e-01],
       [ -5.00000000e-01],
       [ -4.99999999e-01],
       [  9.19061499e-04],
       [ -5.00000001e-01],
       [ -5.00000004e-01],
       [ -3.88706295e-04],
       [ -5.00000001e-01],
       [ -5.00000000e-01],
       [ -5.00000001e-01],
       [ -5.00000002e-01],
       [  1.76396055e-03],
       [ -5.00000001e-01],
       [ -5.00000002e-01],
       [  1.61609473e-03],
       [ -5.00000001e-01],
       [ -5.00000002e-01],
       [ -5.00000001e-01],
       [ -5.00000000e-01],
       [ -5.00000005e-01],
       [ -5.00000001e-01],
       [ -5.00000002e-01],
       [ -5.00000001e-01],
       [ -8.16889290e-03],
       [ -5.00000000e-01],
       [ -5.00000001e-01],
       [ -5.69123749e-04],
       [ -5.00000002e-01],
       [ -5.00000002e-01],
       [ -5.00000001e-01],
       [ -5.00000000e-01],
       [ -5.00000001e-01],
       [ -1.82033471e-03],
       [ -5.00000001e-01],
       [ -5.00000001e-01],
       [ -5.00000001e-01],
       [ -5.00000000e-01],
       [  1.12497555e-03]])
array([[-39.3112357 ],
       [-40.81405483],
       [-39.71149077],
       [-41.0808971 ],
       [-39.6731137 ],
       [ -0.13966745],
       [-40.86040712],
       [-38.90923252],
       [ -0.7494493 ],
       [-40.14752112],
       [-41.07447557],
       [-41.06337258],
       [-40.61513998],
       [  0.12891912],
       [-39.65481418],
       [-40.60600981],
       [ -0.33653884],
       [-39.76331963],
       [-40.62590725],
       [-41.19077646],
       [-39.23216386],
       [-38.28516117],
       [-41.15500817],
       [-40.62420114],
       [-39.83358226],
       [ -1.01995923],
       [-39.09144958],
       [-40.98161494],
       [  0.23215   ],
       [-40.61536242],
       [-40.58839556],
       [-39.46320293],
       [-40.4762113 ],
       [-41.04187038],
       [ -0.46933554],
       [-41.09157236],
       [-40.87461309],
       [-39.8988742 ],
       [-39.61462554],
       [ -0.22294646]])
<<<<<<<<<<< STEP 24 >>>>>>>>>>>> + array([[ -5.00000000e-01],
       [ -5.00000001e-01],
       [ -5.00000000e-01],
       [ -5.00000000e-01],
       [ -5.00000000e-01],
       [  9.24709562e-04],
       [ -5.00000001e-01],
       [ -5.00000003e-01],
       [ -3.97735677e-04],
       [ -5.00000001e-01],
       [ -5.00000000e-01],
       [ -5.00000001e-01],
       [ -5.00000002e-01],
       [  1.75692803e-03],
       [ -5.00000000e-01],
       [ -5.00000001e-01],
       [  1.61100280e-03],
       [ -5.00000001e-01],
       [ -5.00000002e-01],
       [ -5.00000001e-01],
       [ -5.00000000e-01],
       [ -5.00000004e-01],
       [ -5.00000001e-01],
       [ -5.00000002e-01],
       [ -5.00000000e-01],
       [ -8.19839581e-03],
       [ -5.00000000e-01],
       [ -5.00000001e-01],
       [ -5.72070284e-04],
       [ -5.00000002e-01],
       [ -5.00000002e-01],
       [ -5.00000001e-01],
       [ -5.00000000e-01],
       [ -5.00000001e-01],
       [ -1.84063186e-03],
       [ -5.00000001e-01],
       [ -5.00000001e-01],
       [ -5.00000000e-01],
       [ -5.00000000e-01],
       [  1.11537709e-03]])
array([[-39.8112357 ],
       [-41.31405483],
       [-40.21149076],
       [-41.5808971 ],
       [-40.1731137 ],
       [ -0.13874274],
       [-41.36040712],
       [-39.40923253],
       [ -0.74984703],
       [-40.64752112],
       [-41.57447557],
       [-41.56337258],
       [-41.11513998],
       [  0.13067604],
       [-40.15481418],
       [-41.10600981],
       [ -0.33492783],
       [-40.26331963],
       [-41.12590725],
       [-41.69077646],
       [-39.73216386],
       [-38.78516117],
       [-41.65500817],
       [-41.12420114],
       [-40.33358226],
       [ -1.02815762],
       [-39.59144958],
       [-41.48161494],
       [  0.23157793],
       [-41.11536242],
       [-41.08839556],
       [-39.96320293],
       [-40.9762113 ],
       [-41.54187038],
       [ -0.47117617],
       [-41.59157236],
       [-41.37461309],
       [-40.3988742 ],
       [-40.11462554],
       [ -0.22183108]])
<<<<<<<<<<< STEP 25 >>>>>>>>>>>> + array([[ -5.00000000e-01],
       [ -5.00000001e-01],
       [ -5.00000000e-01],
       [ -5.00000000e-01],
       [ -5.00000000e-01],
       [  9.30383571e-04],
       [ -5.00000000e-01],
       [ -5.00000003e-01],
       [ -4.06837139e-04],
       [ -5.00000001e-01],
       [ -5.00000000e-01],
       [ -5.00000000e-01],
       [ -5.00000001e-01],
       [  1.74989891e-03],
       [ -5.00000000e-01],
       [ -5.00000001e-01],
       [  1.60592185e-03],
       [ -5.00000000e-01],
       [ -5.00000001e-01],
       [ -5.00000001e-01],
       [ -5.00000000e-01],
       [ -5.00000003e-01],
       [ -5.00000001e-01],
       [ -5.00000001e-01],
       [ -5.00000000e-01],
       [ -8.22823728e-03],
       [ -5.00000000e-01],
       [ -5.00000001e-01],
       [ -5.75029004e-04],
       [ -5.00000001e-01],
       [ -5.00000001e-01],
       [ -5.00000001e-01],
       [ -5.00000000e-01],
       [ -5.00000001e-01],
       [ -1.86107916e-03],
       [ -5.00000001e-01],
       [ -5.00000000e-01],
       [ -5.00000000e-01],
       [ -5.00000000e-01],
       [  1.10575363e-03]])
array([[-40.3112357 ],
       [-41.81405483],
       [-40.71149076],
       [-42.0808971 ],
       [-40.6731137 ],
       [ -0.13781236],
       [-41.86040712],
       [-39.90923253],
       [ -0.75025387],
       [-41.14752112],
       [-42.07447557],
       [-42.06337258],
       [-41.61513999],
       [  0.13242594],
       [-40.65481418],
       [-41.60600981],
       [ -0.33332191],
       [-40.76331963],
       [-41.62590725],
       [-42.19077646],
       [-40.23216386],
       [-39.28516118],
       [-42.15500818],
       [-41.62420114],
       [-40.83358226],
       [ -1.03638586],
       [-40.09144958],
       [-41.98161494],
       [  0.2310029 ],
       [-41.61536242],
       [-41.58839556],
       [-40.46320293],
       [-41.4762113 ],
       [-42.04187038],
       [ -0.47303725],
       [-42.09157236],
       [-41.87461309],
       [-40.8988742 ],
       [-40.61462554],
       [ -0.22072533]])
<<<<<<<<<<< STEP 26 >>>>>>>>>>>> + array([[ -5.00000000e-01],
       [ -5.00000000e-01],
       [ -5.00000000e-01],
       [ -5.00000000e-01],
       [ -5.00000000e-01],
       [  9.36083873e-04],
       [ -5.00000000e-01],
       [ -5.00000002e-01],
       [ -4.16011343e-04],
       [ -5.00000001e-01],
       [ -5.00000000e-01],
       [ -5.00000000e-01],
       [ -5.00000001e-01],
       [  1.74287294e-03],
       [ -5.00000000e-01],
       [ -5.00000001e-01],
       [  1.60085173e-03],
       [ -5.00000000e-01],
       [ -5.00000001e-01],
       [ -5.00000000e-01],
       [ -5.00000000e-01],
       [ -5.00000003e-01],
       [ -5.00000000e-01],
       [ -5.00000001e-01],
       [ -5.00000000e-01],
       [ -8.25842359e-03],
       [ -5.00000000e-01],
       [ -5.00000001e-01],
       [ -5.78000138e-04],
       [ -5.00000001e-01],
       [ -5.00000001e-01],
       [ -5.00000000e-01],
       [ -5.00000000e-01],
       [ -5.00000000e-01],
       [ -1.88167876e-03],
       [ -5.00000001e-01],
       [ -5.00000000e-01],
       [ -5.00000000e-01],
       [ -5.00000000e-01],
       [  1.09610460e-03]])
array([[-40.8112357 ],
       [-42.31405483],
       [-41.21149076],
       [-42.5808971 ],
       [-41.1731137 ],
       [ -0.13687628],
       [-42.36040712],
       [-40.40923253],
       [ -0.75066988],
       [-41.64752112],
       [-42.57447557],
       [-42.56337258],
       [-42.11513999],
       [  0.13416882],
       [-41.15481418],
       [-42.10600981],
       [ -0.33172106],
       [-41.26331963],
       [-42.12590726],
       [-42.69077646],
       [-40.73216386],
       [-39.78516118],
       [-42.65500818],
       [-42.12420114],
       [-41.33358226],
       [ -1.04464429],
       [-40.59144958],
       [-42.48161494],
       [  0.2304249 ],
       [-42.11536242],
       [-42.08839556],
       [-40.96320293],
       [-41.9762113 ],
       [-42.54187038],
       [ -0.47491893],
       [-42.59157236],
       [-42.37461309],
       [-41.3988742 ],
       [-41.11462554],
       [ -0.21962922]])
<<<<<<<<<<< STEP 27 >>>>>>>>>>>> + array([[ -5.00000000e-01],
       [ -5.00000000e-01],
       [ -5.00000000e-01],
       [ -5.00000000e-01],
       [ -5.00000000e-01],
       [  9.41810817e-04],
       [ -5.00000000e-01],
       [ -5.00000002e-01],
       [ -4.25258990e-04],
       [ -5.00000000e-01],
       [ -5.00000000e-01],
       [ -5.00000000e-01],
       [ -5.00000001e-01],
       [  1.73584983e-03],
       [ -5.00000000e-01],
       [ -5.00000001e-01],
       [  1.59579230e-03],
       [ -5.00000000e-01],
       [ -5.00000001e-01],
       [ -5.00000000e-01],
       [ -5.00000000e-01],
       [ -5.00000002e-01],
       [ -5.00000000e-01],
       [ -5.00000001e-01],
       [ -5.00000000e-01],
       [ -8.28896118e-03],
       [ -5.00000000e-01],
       [ -5.00000000e-01],
       [ -5.80983926e-04],
       [ -5.00000001e-01],
       [ -5.00000001e-01],
       [ -5.00000000e-01],
       [ -5.00000000e-01],
       [ -5.00000000e-01],
       [ -1.90243287e-03],
       [ -5.00000000e-01],
       [ -5.00000000e-01],
       [ -5.00000000e-01],
       [ -5.00000000e-01],
       [  1.08642943e-03]])
array([[-41.3112357 ],
       [-42.81405483],
       [-41.71149076],
       [-43.0808971 ],
       [-41.6731137 ],
       [ -0.13593447],
       [-42.86040712],
       [-40.90923253],
       [ -0.75109514],
       [-42.14752112],
       [-43.07447557],
       [-43.06337259],
       [-42.61513999],
       [  0.13590467],
       [-41.65481418],
       [-42.60600981],
       [ -0.33012527],
       [-41.76331963],
       [-42.62590726],
       [-43.19077646],
       [-41.23216386],
       [-40.28516118],
       [-43.15500818],
       [-42.62420114],
       [-41.83358226],
       [ -1.05293325],
       [-41.09144959],
       [-42.98161494],
       [  0.22984391],
       [-42.61536242],
       [-42.58839557],
       [-41.46320293],
       [-42.4762113 ],
       [-43.04187038],
       [ -0.47682136],
       [-43.09157236],
       [-42.87461309],
       [-41.8988742 ],
       [-41.61462554],
       [ -0.21854279]])
<<<<<<<<<<< STEP 28 >>>>>>>>>>>> + array([[ -5.00000000e-01],
       [ -5.00000000e-01],
       [ -5.00000000e-01],
       [ -5.00000000e-01],
       [ -5.00000000e-01],
       [  9.47564758e-04],
       [ -5.00000000e-01],
       [ -5.00000001e-01],
       [ -4.34580816e-04],
       [ -5.00000000e-01],
       [ -5.00000000e-01],
       [ -5.00000000e-01],
       [ -5.00000001e-01],
       [  1.72882932e-03],
       [ -5.00000000e-01],
       [ -5.00000001e-01],
       [  1.59074337e-03],
       [ -5.00000000e-01],
       [ -5.00000001e-01],
       [ -5.00000000e-01],
       [ -5.00000000e-01],
       [ -5.00000002e-01],
       [ -5.00000000e-01],
       [ -5.00000001e-01],
       [ -5.00000000e-01],
       [ -8.31985668e-03],
       [ -5.00000000e-01],
       [ -5.00000000e-01],
       [ -5.83980606e-04],
       [ -5.00000001e-01],
       [ -5.00000001e-01],
       [ -5.00000000e-01],
       [ -5.00000000e-01],
       [ -5.00000000e-01],
       [ -1.92334373e-03],
       [ -5.00000000e-01],
       [ -5.00000000e-01],
       [ -5.00000000e-01],
       [ -5.00000000e-01],
       [  1.07672751e-03]])
array([[-41.8112357 ],
       [-43.31405483],
       [-42.21149076],
       [-43.5808971 ],
       [-42.1731137 ],
       [ -0.1349869 ],
       [-43.36040712],
       [-41.40923253],
       [ -0.75152972],
       [-42.64752112],
       [-43.57447557],
       [-43.56337259],
       [-43.11513999],
       [  0.1376335 ],
       [-42.15481418],
       [-43.10600981],
       [ -0.32853452],
       [-42.26331963],
       [-43.12590726],
       [-43.69077646],
       [-41.73216386],
       [-40.78516118],
       [-43.65500818],
       [-43.12420114],
       [-42.33358226],
       [ -1.0612531 ],
       [-41.59144959],
       [-43.48161494],
       [  0.22925993],
       [-43.11536242],
       [-43.08839557],
       [-41.96320293],
       [-42.9762113 ],
       [-43.54187038],
       [ -0.4787447 ],
       [-43.59157236],
       [-43.37461309],
       [-42.3988742 ],
       [-42.11462554],
       [ -0.21746606]])
<<<<<<<<<<< STEP 29 >>>>>>>>>>>> + array([[ -5.00000000e-01],
       [ -5.00000000e-01],
       [ -5.00000000e-01],
       [ -5.00000000e-01],
       [ -5.00000000e-01],
       [  9.53346055e-04],
       [ -5.00000000e-01],
       [ -5.00000001e-01],
       [ -4.43977591e-04],
       [ -5.00000000e-01],
       [ -5.00000000e-01],
       [ -5.00000000e-01],
       [ -5.00000001e-01],
       [  1.72181113e-03],
       [ -5.00000000e-01],
       [ -5.00000000e-01],
       [  1.58570478e-03],
       [ -5.00000000e-01],
       [ -5.00000000e-01],
       [ -5.00000000e-01],
       [ -5.00000000e-01],
       [ -5.00000001e-01],
       [ -5.00000000e-01],
       [ -5.00000000e-01],
       [ -5.00000000e-01],
       [ -8.35111693e-03],
       [ -5.00000000e-01],
       [ -5.00000000e-01],
       [ -5.86990423e-04],
       [ -5.00000000e-01],
       [ -5.00000000e-01],
       [ -5.00000000e-01],
       [ -5.00000000e-01],
       [ -5.00000000e-01],
       [ -1.94441364e-03],
       [ -5.00000000e-01],
       [ -5.00000000e-01],
       [ -5.00000000e-01],
       [ -5.00000000e-01],
       [  1.06699824e-03]])
array([[-42.3112357 ],
       [-43.81405483],
       [-42.71149076],
       [-44.0808971 ],
       [-42.6731137 ],
       [ -0.13403356],
       [-43.86040712],
       [-41.90923253],
       [ -0.7519737 ],
       [-43.14752112],
       [-44.07447557],
       [-44.06337259],
       [-43.61513999],
       [  0.13935531],
       [-42.65481418],
       [-43.60600981],
       [ -0.32694882],
       [-42.76331963],
       [-43.62590726],
       [-44.19077646],
       [-42.23216386],
       [-41.28516118],
       [-44.15500818],
       [-43.62420114],
       [-42.83358226],
       [ -1.06960422],
       [-42.09144959],
       [-43.98161494],
       [  0.22867294],
       [-43.61536242],
       [-43.58839557],
       [-42.46320293],
       [-43.4762113 ],
       [-44.04187038],
       [ -0.48068912],
       [-44.09157236],
       [-43.87461309],
       [-42.8988742 ],
       [-42.61462554],
       [ -0.21639907]])
<<<<<<<<<<< STEP 30 >>>>>>>>>>>> + array([[ -5.00000000e-01],
       [ -5.00000000e-01],
       [ -5.00000000e-01],
       [ -5.00000000e-01],
       [ -5.00000000e-01],
       [  9.59155073e-04],
       [ -5.00000000e-01],
       [ -5.00000001e-01],
       [ -4.53450110e-04],
       [ -5.00000000e-01],
       [ -5.00000000e-01],
       [ -5.00000000e-01],
       [ -5.00000000e-01],
       [  1.71479499e-03],
       [ -5.00000000e-01],
       [ -5.00000000e-01],
       [  1.58067633e-03],
       [ -5.00000000e-01],
       [ -5.00000000e-01],
       [ -5.00000000e-01],
       [ -5.00000000e-01],
       [ -5.00000001e-01],
       [ -5.00000000e-01],
       [ -5.00000000e-01],
       [ -5.00000000e-01],
       [ -8.38274893e-03],
       [ -5.00000000e-01],
       [ -5.00000000e-01],
       [ -5.90013628e-04],
       [ -5.00000000e-01],
       [ -5.00000000e-01],
       [ -5.00000000e-01],
       [ -5.00000000e-01],
       [ -5.00000000e-01],
       [ -1.96564495e-03],
       [ -5.00000000e-01],
       [ -5.00000000e-01],
       [ -5.00000000e-01],
       [ -5.00000000e-01],
       [  1.05724100e-03]])
array([[-42.8112357 ],
       [-44.31405483],
       [-43.21149076],
       [-44.5808971 ],
       [-43.1731137 ],
       [ -0.1330744 ],
       [-44.36040712],
       [-42.40923253],
       [ -0.75242715],
       [-43.64752112],
       [-44.57447557],
       [-44.56337259],
       [-44.11513999],
       [  0.1410701 ],
       [-43.15481418],
       [-44.10600981],
       [ -0.32536814],
       [-43.26331963],
       [-44.12590726],
       [-44.69077647],
       [-42.73216386],
       [-41.78516119],
       [-44.65500818],
       [-44.12420114],
       [-43.33358226],
       [ -1.07798697],
       [-42.59144959],
       [-44.48161494],
       [  0.22808293],
       [-44.11536242],
       [-44.08839557],
       [-42.96320293],
       [-43.9762113 ],
       [-44.54187038],
       [ -0.48265476],
       [-44.59157236],
       [-44.37461309],
       [-43.3988742 ],
       [-43.11462554],
       [ -0.21534182]])
<<<<<<<<<<< STEP 31 >>>>>>>>>>>> + array([[ -5.00000000e-01],
       [ -5.00000000e-01],
       [ -5.00000000e-01],
       [ -5.00000000e-01],
       [ -5.00000000e-01],
       [  9.64992178e-04],
       [ -5.00000000e-01],
       [ -5.00000001e-01],
       [ -4.62999195e-04],
       [ -5.00000000e-01],
       [ -5.00000000e-01],
       [ -5.00000000e-01],
       [ -5.00000000e-01],
       [  1.70778060e-03],
       [ -5.00000000e-01],
       [ -5.00000000e-01],
       [  1.57565784e-03],
       [ -5.00000000e-01],
       [ -5.00000000e-01],
       [ -5.00000000e-01],
       [ -5.00000000e-01],
       [ -5.00000001e-01],
       [ -5.00000000e-01],
       [ -5.00000000e-01],
       [ -5.00000000e-01],
       [ -8.41475992e-03],
       [ -5.00000000e-01],
       [ -5.00000000e-01],
       [ -5.93050472e-04],
       [ -5.00000000e-01],
       [ -5.00000000e-01],
       [ -5.00000000e-01],
       [ -5.00000000e-01],
       [ -5.00000000e-01],
       [ -1.98704004e-03],
       [ -5.00000000e-01],
       [ -5.00000000e-01],
       [ -5.00000000e-01],
       [ -5.00000000e-01],
       [  1.04745516e-03]])
array([[-43.3112357 ],
       [-44.81405483],
       [-43.71149076],
       [-45.0808971 ],
       [-43.6731137 ],
       [ -0.13210941],
       [-44.86040712],
       [-42.90923254],
       [ -0.75289015],
       [-44.14752112],
       [-45.07447557],
       [-45.06337259],
       [-44.61513999],
       [  0.14277788],
       [-43.65481418],
       [-44.60600981],
       [ -0.32379248],
       [-43.76331963],
       [-44.62590726],
       [-45.19077647],
       [-43.23216386],
       [-42.28516119],
       [-45.15500818],
       [-44.62420114],
       [-43.83358226],
       [ -1.08640173],
       [-43.09144959],
       [-44.98161494],
       [  0.22748988],
       [-44.61536242],
       [-44.58839557],
       [-43.46320293],
       [-44.4762113 ],
       [-45.04187038],
       [ -0.4846418 ],
       [-45.09157236],
       [-44.87461309],
       [-43.8988742 ],
       [-43.61462554],
       [ -0.21429437]])
<<<<<<<<<<< STEP 32 >>>>>>>>>>>> + array([[ -5.00000000e-01],
       [ -5.00000000e-01],
       [ -5.00000000e-01],
       [ -5.00000000e-01],
       [ -5.00000000e-01],
       [  9.70857747e-04],
       [ -5.00000000e-01],
       [ -5.00000000e-01],
       [ -4.72625692e-04],
       [ -5.00000000e-01],
       [ -5.00000000e-01],
       [ -5.00000000e-01],
       [ -5.00000000e-01],
       [  1.70076769e-03],
       [ -5.00000000e-01],
       [ -5.00000000e-01],
       [  1.57064912e-03],
       [ -5.00000000e-01],
       [ -5.00000000e-01],
       [ -5.00000000e-01],
       [ -5.00000000e-01],
       [ -5.00000001e-01],
       [ -5.00000000e-01],
       [ -5.00000000e-01],
       [ -5.00000000e-01],
       [ -8.44715729e-03],
       [ -5.00000000e-01],
       [ -5.00000000e-01],
       [ -5.96101213e-04],
       [ -5.00000000e-01],
       [ -5.00000000e-01],
       [ -5.00000000e-01],
       [ -5.00000000e-01],
       [ -5.00000000e-01],
       [ -2.00860136e-03],
       [ -5.00000000e-01],
       [ -5.00000000e-01],
       [ -5.00000000e-01],
       [ -5.00000000e-01],
       [  1.03764009e-03]])
array([[-43.8112357 ],
       [-45.31405483],
       [-44.21149076],
       [-45.5808971 ],
       [-44.1731137 ],
       [ -0.13113855],
       [-45.36040712],
       [-43.40923254],
       [ -0.75336277],
       [-44.64752112],
       [-45.57447557],
       [-45.56337259],
       [-45.11513999],
       [  0.14447865],
       [-44.15481418],
       [-45.10600981],
       [ -0.32222183],
       [-44.26331963],
       [-45.12590726],
       [-45.69077647],
       [-43.73216386],
       [-42.78516119],
       [-45.65500818],
       [-45.12420114],
       [-44.33358226],
       [ -1.09484889],
       [-43.59144959],
       [-45.48161494],
       [  0.22689378],
       [-45.11536242],
       [-45.08839557],
       [-43.96320293],
       [-44.9762113 ],
       [-45.54187038],
       [ -0.4866504 ],
       [-45.59157236],
       [-45.37461309],
       [-44.3988742 ],
       [-44.11462554],
       [ -0.21325673]])
<<<<<<<<<<< STEP 33 >>>>>>>>>>>> + array([[ -5.00000000e-01],
       [ -5.00000000e-01],
       [ -5.00000000e-01],
       [ -5.00000000e-01],
       [ -5.00000000e-01],
       [  9.76752157e-04],
       [ -5.00000000e-01],
       [ -5.00000000e-01],
       [ -4.82330467e-04],
       [ -5.00000000e-01],
       [ -5.00000000e-01],
       [ -5.00000000e-01],
       [ -5.00000000e-01],
       [  1.69375596e-03],
       [ -5.00000000e-01],
       [ -5.00000000e-01],
       [  1.56564997e-03],
       [ -5.00000000e-01],
       [ -5.00000000e-01],
       [ -5.00000000e-01],
       [ -5.00000000e-01],
       [ -5.00000000e-01],
       [ -5.00000000e-01],
       [ -5.00000000e-01],
       [ -5.00000000e-01],
       [ -8.47994867e-03],
       [ -5.00000000e-01],
       [ -5.00000000e-01],
       [ -5.99166113e-04],
       [ -5.00000000e-01],
       [ -5.00000000e-01],
       [ -5.00000000e-01],
       [ -5.00000000e-01],
       [ -5.00000000e-01],
       [ -2.03033138e-03],
       [ -5.00000000e-01],
       [ -5.00000000e-01],
       [ -5.00000000e-01],
       [ -5.00000000e-01],
       [  1.02779512e-03]])
array([[-44.3112357 ],
       [-45.81405483],
       [-44.71149076],
       [-46.0808971 ],
       [-44.6731137 ],
       [ -0.1301618 ],
       [-45.86040712],
       [-43.90923254],
       [ -0.7538451 ],
       [-45.14752112],
       [-46.07447557],
       [-46.06337259],
       [-45.61513999],
       [  0.14617241],
       [-44.65481418],
       [-45.60600981],
       [ -0.32065618],
       [-44.76331963],
       [-45.62590726],
       [-46.19077647],
       [-44.23216386],
       [-43.28516119],
       [-46.15500818],
       [-45.62420114],
       [-44.83358226],
       [ -1.10332884],
       [-44.09144959],
       [-45.98161494],
       [  0.22629461],
       [-45.61536242],
       [-45.58839557],
       [-44.46320293],
       [-45.4762113 ],
       [-46.04187038],
       [ -0.48868073],
       [-46.09157236],
       [-45.87461309],
       [-44.8988742 ],
       [-44.61462554],
       [ -0.21222893]])
<<<<<<<<<<< STEP 34 >>>>>>>>>>>> + array([[ -5.00000000e-01],
       [ -5.00000000e-01],
       [ -5.00000000e-01],
       [ -5.00000000e-01],
       [ -5.00000000e-01],
       [  9.82675793e-04],
       [ -5.00000000e-01],
       [ -5.00000000e-01],
       [ -4.92114410e-04],
       [ -5.00000000e-01],
       [ -5.00000000e-01],
       [ -5.00000000e-01],
       [ -5.00000000e-01],
       [  1.68674512e-03],
       [ -5.00000000e-01],
       [ -5.00000000e-01],
       [  1.56066018e-03],
       [ -5.00000000e-01],
       [ -5.00000000e-01],
       [ -5.00000000e-01],
       [ -5.00000000e-01],
       [ -5.00000000e-01],
       [ -5.00000000e-01],
       [ -5.00000000e-01],
       [ -5.00000000e-01],
       [ -8.51314189e-03],
       [ -5.00000000e-01],
       [ -5.00000000e-01],
       [ -6.02245437e-04],
       [ -5.00000000e-01],
       [ -5.00000000e-01],
       [ -5.00000000e-01],
       [ -5.00000000e-01],
       [ -5.00000000e-01],
       [ -2.05223264e-03],
       [ -5.00000000e-01],
       [ -5.00000000e-01],
       [ -5.00000000e-01],
       [ -5.00000000e-01],
       [  1.01791960e-03]])
array([[-44.8112357 ],
       [-46.31405483],
       [-45.21149076],
       [-46.5808971 ],
       [-45.1731137 ],
       [ -0.12917912],
       [-46.36040712],
       [-44.40923254],
       [ -0.75433722],
       [-45.64752112],
       [-46.57447557],
       [-46.56337259],
       [-46.11513999],
       [  0.14785915],
       [-45.15481418],
       [-46.10600981],
       [ -0.31909552],
       [-45.26331963],
       [-46.12590726],
       [-46.69077647],
       [-44.73216386],
       [-43.78516119],
       [-46.65500818],
       [-46.12420114],
       [-45.33358226],
       [ -1.11184198],
       [-44.59144959],
       [-46.48161494],
       [  0.22569236],
       [-46.11536242],
       [-46.08839557],
       [-44.96320293],
       [-45.9762113 ],
       [-46.54187038],
       [ -0.49073297],
       [-46.59157236],
       [-46.37461309],
       [-45.3988742 ],
       [-45.11462554],
       [ -0.21121101]])
<<<<<<<<<<< STEP 35 >>>>>>>>>>>> + array([[-0.5       ],
       [-0.5       ],
       [-0.5       ],
       [-0.5       ],
       [-0.5       ],
       [ 0.00098863],
       [-0.5       ],
       [-0.5       ],
       [-0.00050198],
       [-0.5       ],
       [-0.5       ],
       [-0.5       ],
       [-0.5       ],
       [ 0.00167973],
       [-0.5       ],
       [-0.5       ],
       [ 0.00155568],
       [-0.5       ],
       [-0.5       ],
       [-0.5       ],
       [-0.5       ],
       [-0.5       ],
       [-0.5       ],
       [-0.5       ],
       [-0.5       ],
       [-0.00854675],
       [-0.5       ],
       [-0.5       ],
       [-0.00060534],
       [-0.5       ],
       [-0.5       ],
       [-0.5       ],
       [-0.5       ],
       [-0.5       ],
       [-0.00207431],
       [-0.5       ],
       [-0.5       ],
       [-0.5       ],
       [-0.5       ],
       [ 0.00100801]])
array([[-45.3112357 ],
       [-46.81405483],
       [-45.71149076],
       [-47.0808971 ],
       [-45.6731137 ],
       [ -0.12819049],
       [-46.86040712],
       [-44.90923254],
       [ -0.7548392 ],
       [-46.14752112],
       [-47.07447557],
       [-47.06337259],
       [-46.61513999],
       [  0.14953889],
       [-45.65481418],
       [-46.60600981],
       [ -0.31753985],
       [-45.76331963],
       [-46.62590726],
       [-47.19077647],
       [-45.23216386],
       [-44.28516119],
       [-47.15500818],
       [-46.62420114],
       [-45.83358226],
       [ -1.12038872],
       [-45.09144959],
       [-46.98161494],
       [  0.22508702],
       [-46.61536242],
       [-46.58839557],
       [-45.46320293],
       [-46.4762113 ],
       [-47.04187038],
       [ -0.49280727],
       [-47.09157236],
       [-46.87461309],
       [-45.8988742 ],
       [-45.61462554],
       [ -0.210203  ]])
<<<<<<<<<<< STEP 36 >>>>>>>>>>>> + array([[-0.5       ],
       [-0.5       ],
       [-0.5       ],
       [-0.5       ],
       [-0.5       ],
       [ 0.00099461],
       [-0.5       ],
       [-0.5       ],
       [-0.00051192],
       [-0.5       ],
       [-0.5       ],
       [-0.5       ],
       [-0.5       ],
       [ 0.00167272],
       [-0.5       ],
       [-0.5       ],
       [ 0.00155071],
       [-0.5       ],
       [-0.5       ],
       [-0.5       ],
       [-0.5       ],
       [-0.5       ],
       [-0.5       ],
       [-0.5       ],
       [-0.5       ],
       [-0.00858077],
       [-0.5       ],
       [-0.5       ],
       [-0.00060845],
       [-0.5       ],
       [-0.5       ],
       [-0.5       ],
       [-0.5       ],
       [-0.5       ],
       [-0.00209656],
       [-0.5       ],
       [-0.5       ],
       [-0.5       ],
       [-0.5       ],
       [ 0.00099807]])
array([[-45.8112357 ],
       [-47.31405483],
       [-46.21149076],
       [-47.5808971 ],
       [-46.1731137 ],
       [ -0.12719588],
       [-47.36040712],
       [-45.40923254],
       [ -0.75535112],
       [-46.64752112],
       [-47.57447557],
       [-47.56337259],
       [-47.11513999],
       [  0.15121161],
       [-46.15481418],
       [-47.10600981],
       [ -0.31598914],
       [-46.26331963],
       [-47.12590726],
       [-47.69077647],
       [-45.73216386],
       [-44.78516119],
       [-47.65500818],
       [-47.12420114],
       [-46.33358226],
       [ -1.12896949],
       [-45.59144959],
       [-47.48161494],
       [  0.22447858],
       [-47.11536242],
       [-47.08839557],
       [-45.96320293],
       [-46.9762113 ],
       [-47.54187038],
       [ -0.49490383],
       [-47.59157236],
       [-47.37461309],
       [-46.3988742 ],
       [-46.11462554],
       [ -0.20920493]])
<<<<<<<<<<< STEP 37 >>>>>>>>>>>> + array([[-0.5       ],
       [-0.5       ],
       [-0.5       ],
       [-0.5       ],
       [-0.5       ],
       [ 0.00100063],
       [-0.5       ],
       [-0.5       ],
       [-0.00052195],
       [-0.5       ],
       [-0.5       ],
       [-0.5       ],
       [-0.5       ],
       [ 0.00166571],
       [-0.5       ],
       [-0.5       ],
       [ 0.00154574],
       [-0.5       ],
       [-0.5       ],
       [-0.5       ],
       [-0.5       ],
       [-0.5       ],
       [-0.5       ],
       [-0.5       ],
       [-0.5       ],
       [-0.00861521],
       [-0.5       ],
       [-0.5       ],
       [-0.00061157],
       [-0.5       ],
       [-0.5       ],
       [-0.5       ],
       [-0.5       ],
       [-0.5       ],
       [-0.00211899],
       [-0.5       ],
       [-0.5       ],
       [-0.5       ],
       [-0.5       ],
       [ 0.0009881 ]])
array([[-46.3112357 ],
       [-47.81405483],
       [-46.71149076],
       [-48.0808971 ],
       [-46.6731137 ],
       [ -0.12619526],
       [-47.86040712],
       [-45.90923254],
       [ -0.75587307],
       [-47.14752112],
       [-48.07447557],
       [-48.06337259],
       [-47.61513999],
       [  0.15287733],
       [-46.65481418],
       [-47.60600981],
       [ -0.31444339],
       [-46.76331963],
       [-47.62590726],
       [-48.19077647],
       [-46.23216386],
       [-45.28516119],
       [-48.15500818],
       [-47.62420114],
       [-46.83358226],
       [ -1.1375847 ],
       [-46.09144959],
       [-47.98161494],
       [  0.223867  ],
       [-47.61536242],
       [-47.58839557],
       [-46.46320293],
       [-47.4762113 ],
       [-48.04187038],
       [ -0.49702282],
       [-48.09157236],
       [-47.87461309],
       [-46.8988742 ],
       [-46.61462554],
       [ -0.20821682]])
<<<<<<<<<<< STEP 38 >>>>>>>>>>>> + array([[-0.5       ],
       [-0.5       ],
       [-0.5       ],
       [-0.5       ],
       [-0.5       ],
       [ 0.00100667],
       [-0.5       ],
       [-0.5       ],
       [-0.00053206],
       [-0.5       ],
       [-0.5       ],
       [-0.5       ],
       [-0.5       ],
       [ 0.0016587 ],
       [-0.5       ],
       [-0.5       ],
       [ 0.00154079],
       [-0.5       ],
       [-0.5       ],
       [-0.5       ],
       [-0.5       ],
       [-0.5       ],
       [-0.5       ],
       [-0.5       ],
       [-0.5       ],
       [-0.0086501 ],
       [-0.5       ],
       [-0.5       ],
       [-0.00061471],
       [-0.5       ],
       [-0.5       ],
       [-0.5       ],
       [-0.5       ],
       [-0.5       ],
       [-0.0021416 ],
       [-0.5       ],
       [-0.5       ],
       [-0.5       ],
       [-0.5       ],
       [ 0.0009781 ]])
array([[-46.8112357 ],
       [-48.31405483],
       [-47.21149076],
       [-48.5808971 ],
       [-47.1731137 ],
       [ -0.12518858],
       [-48.36040712],
       [-46.40923254],
       [ -0.75640513],
       [-47.64752112],
       [-48.57447557],
       [-48.56337259],
       [-48.11513999],
       [  0.15453603],
       [-47.15481418],
       [-48.10600981],
       [ -0.3129026 ],
       [-47.26331963],
       [-48.12590726],
       [-48.69077647],
       [-46.73216386],
       [-45.78516119],
       [-48.65500818],
       [-48.12420114],
       [-47.33358226],
       [ -1.1462348 ],
       [-46.59144959],
       [-48.48161494],
       [  0.22325229],
       [-48.11536242],
       [-48.08839557],
       [-46.96320293],
       [-47.9762113 ],
       [-48.54187038],
       [ -0.49916443],
       [-48.59157236],
       [-48.37461309],
       [-47.3988742 ],
       [-47.11462554],
       [ -0.20723873]])
<<<<<<<<<<< STEP 39 >>>>>>>>>>>> + array([[-0.5       ],
       [-0.5       ],
       [-0.5       ],
       [-0.5       ],
       [-0.5       ],
       [ 0.00101275],
       [-0.5       ],
       [-0.5       ],
       [-0.00054225],
       [-0.5       ],
       [-0.5       ],
       [-0.5       ],
       [-0.5       ],
       [ 0.00165169],
       [-0.5       ],
       [-0.5       ],
       [ 0.00153584],
       [-0.5       ],
       [-0.5       ],
       [-0.5       ],
       [-0.5       ],
       [-0.5       ],
       [-0.5       ],
       [-0.5       ],
       [-0.5       ],
       [-0.00868543],
       [-0.5       ],
       [-0.5       ],
       [-0.00061787],
       [-0.5       ],
       [-0.5       ],
       [-0.5       ],
       [-0.5       ],
       [-0.5       ],
       [-0.0021644 ],
       [-0.5       ],
       [-0.5       ],
       [-0.5       ],
       [-0.5       ],
       [ 0.00096806]])
array([[-47.3112357 ],
       [-48.81405483],
       [-47.71149076],
       [-49.0808971 ],
       [-47.6731137 ],
       [ -0.12417584],
       [-48.86040712],
       [-46.90923254],
       [ -0.75694738],
       [-48.14752112],
       [-49.07447557],
       [-49.06337259],
       [-48.61513999],
       [  0.15618772],
       [-47.65481418],
       [-48.60600981],
       [ -0.31136676],
       [-47.76331963],
       [-48.62590726],
       [-49.19077647],
       [-47.23216386],
       [-46.28516119],
       [-49.15500818],
       [-48.62420114],
       [-47.83358226],
       [ -1.15492023],
       [-47.09144959],
       [-48.98161494],
       [  0.22263442],
       [-48.61536242],
       [-48.58839557],
       [-47.46320293],
       [-48.4762113 ],
       [-49.04187038],
       [ -0.50132883],
       [-49.09157236],
       [-48.87461309],
       [-47.8988742 ],
       [-47.61462554],
       [ -0.20627067]])
<<<<<<<<<<< STEP 40 >>>>>>>>>>>> + array([[-0.5       ],
       [-0.5       ],
       [-0.5       ],
       [-0.5       ],
       [-0.5       ],
       [ 0.00101885],
       [-0.5       ],
       [-0.5       ],
       [-0.00055253],
       [-0.5       ],
       [-0.5       ],
       [-0.5       ],
       [-0.5       ],
       [ 0.00164468],
       [-0.5       ],
       [-0.5       ],
       [ 0.00153091],
       [-0.5       ],
       [-0.5       ],
       [-0.5       ],
       [-0.5       ],
       [-0.5       ],
       [-0.5       ],
       [-0.5       ],
       [-0.5       ],
       [-0.00872121],
       [-0.5       ],
       [-0.5       ],
       [-0.00062104],
       [-0.5       ],
       [-0.5       ],
       [-0.5       ],
       [-0.5       ],
       [-0.5       ],
       [-0.00218738],
       [-0.5       ],
       [-0.5       ],
       [-0.5       ],
       [-0.5       ],
       [ 0.00095799]])
array([[-47.8112357 ],
       [-49.31405483],
       [-48.21149076],
       [-49.5808971 ],
       [-48.1731137 ],
       [ -0.12315699],
       [-49.36040712],
       [-47.40923254],
       [ -0.75749992],
       [-48.64752112],
       [-49.57447557],
       [-49.56337259],
       [-49.11513999],
       [  0.15783241],
       [-48.15481418],
       [-49.10600981],
       [ -0.30983585],
       [-48.26331963],
       [-49.12590726],
       [-49.69077647],
       [-47.73216386],
       [-46.78516119],
       [-49.65500818],
       [-49.12420114],
       [-48.33358226],
       [ -1.16364143],
       [-47.59144959],
       [-49.48161494],
       [  0.22201338],
       [-49.11536242],
       [-49.08839557],
       [-47.96320293],
       [-48.9762113 ],
       [-49.54187038],
       [ -0.50351621],
       [-49.59157236],
       [-49.37461309],
       [-48.3988742 ],
       [-48.11462554],
       [ -0.20531268]])
<<<<<<<<<<< STEP 41 >>>>>>>>>>>> + array([[-0.5       ],
       [-0.5       ],
       [-0.5       ],
       [-0.5       ],
       [-0.5       ],
       [ 0.00102499],
       [-0.5       ],
       [-0.5       ],
       [-0.0005629 ],
       [-0.5       ],
       [-0.5       ],
       [-0.5       ],
       [-0.5       ],
       [ 0.00163767],
       [-0.5       ],
       [-0.5       ],
       [ 0.00152598],
       [-0.5       ],
       [-0.5       ],
       [-0.5       ],
       [-0.5       ],
       [-0.5       ],
       [-0.5       ],
       [-0.5       ],
       [-0.5       ],
       [-0.00875745],
       [-0.5       ],
       [-0.5       ],
       [-0.00062423],
       [-0.5       ],
       [-0.5       ],
       [-0.5       ],
       [-0.5       ],
       [-0.5       ],
       [-0.00221056],
       [-0.5       ],
       [-0.5       ],
       [-0.5       ],
       [-0.5       ],
       [ 0.00094788]])
array([[-48.3112357 ],
       [-49.81405483],
       [-48.71149076],
       [-50.0808971 ],
       [-48.6731137 ],
       [ -0.12213199],
       [-49.86040712],
       [-47.90923254],
       [ -0.75806281],
       [-49.14752112],
       [-50.07447557],
       [-50.06337259],
       [-49.61513999],
       [  0.15947008],
       [-48.65481418],
       [-49.60600981],
       [ -0.30830987],
       [-48.76331963],
       [-49.62590726],
       [-50.19077647],
       [-48.23216386],
       [-47.28516119],
       [-50.15500818],
       [-49.62420114],
       [-48.83358226],
       [ -1.17239888],
       [-48.09144959],
       [-49.98161494],
       [  0.22138916],
       [-49.61536242],
       [-49.58839557],
       [-48.46320293],
       [-49.4762113 ],
       [-50.04187038],
       [ -0.50572677],
       [-50.09157236],
       [-49.87461309],
       [-48.8988742 ],
       [-48.61462554],
       [ -0.2043648 ]])
<<<<<<<<<<< STEP 42 >>>>>>>>>>>> + array([[-0.5       ],
       [-0.5       ],
       [-0.5       ],
       [-0.5       ],
       [-0.5       ],
       [ 0.00103117],
       [-0.5       ],
       [-0.5       ],
       [-0.00057335],
       [-0.5       ],
       [-0.5       ],
       [-0.5       ],
       [-0.5       ],
       [ 0.00163065],
       [-0.5       ],
       [-0.5       ],
       [ 0.00152105],
       [-0.5       ],
       [-0.5       ],
       [-0.5       ],
       [-0.5       ],
       [-0.5       ],
       [-0.5       ],
       [-0.5       ],
       [-0.5       ],
       [-0.00879417],
       [-0.5       ],
       [-0.5       ],
       [-0.00062743],
       [-0.5       ],
       [-0.5       ],
       [-0.5       ],
       [-0.5       ],
       [-0.5       ],
       [-0.00223393],
       [-0.5       ],
       [-0.5       ],
       [-0.5       ],
       [-0.5       ],
       [ 0.00093773]])
array([[-48.8112357 ],
       [-50.31405483],
       [-49.21149076],
       [-50.5808971 ],
       [-49.1731137 ],
       [ -0.12110083],
       [-50.36040712],
       [-48.40923254],
       [ -0.75863616],
       [-49.64752112],
       [-50.57447557],
       [-50.56337259],
       [-50.11513999],
       [  0.16110073],
       [-49.15481418],
       [-50.10600981],
       [ -0.30678882],
       [-49.26331963],
       [-50.12590726],
       [-50.69077647],
       [-48.73216386],
       [-47.78516119],
       [-50.65500818],
       [-50.12420114],
       [-49.33358226],
       [ -1.18119305],
       [-48.59144959],
       [-50.48161494],
       [  0.22076172],
       [-50.11536242],
       [-50.08839557],
       [-48.96320293],
       [-49.9762113 ],
       [-50.54187038],
       [ -0.5079607 ],
       [-50.59157236],
       [-50.37461309],
       [-49.3988742 ],
       [-49.11462554],
       [ -0.20342707]])
<<<<<<<<<<< STEP 43 >>>>>>>>>>>> + array([[-0.5       ],
       [-0.5       ],
       [-0.5       ],
       [-0.5       ],
       [-0.5       ],
       [ 0.00103737],
       [-0.5       ],
       [-0.5       ],
       [-0.00058389],
       [-0.5       ],
       [-0.5       ],
       [-0.5       ],
       [-0.5       ],
       [ 0.00162364],
       [-0.5       ],
       [-0.5       ],
       [ 0.00151614],
       [-0.5       ],
       [-0.5       ],
       [-0.5       ],
       [-0.5       ],
       [-0.5       ],
       [-0.5       ],
       [-0.5       ],
       [-0.5       ],
       [-0.00883137],
       [-0.5       ],
       [-0.5       ],
       [-0.00063065],
       [-0.5       ],
       [-0.5       ],
       [-0.5       ],
       [-0.5       ],
       [-0.5       ],
       [-0.00225749],
       [-0.5       ],
       [-0.5       ],
       [-0.5       ],
       [-0.5       ],
       [ 0.00092755]])
array([[-49.3112357 ],
       [-50.81405483],
       [-49.71149076],
       [-51.0808971 ],
       [-49.6731137 ],
       [ -0.12006346],
       [-50.86040712],
       [-48.90923254],
       [ -0.75922005],
       [-50.14752112],
       [-51.07447557],
       [-51.06337259],
       [-50.61513999],
       [  0.16272437],
       [-49.65481418],
       [-50.60600981],
       [ -0.30527268],
       [-49.76331963],
       [-50.62590726],
       [-51.19077647],
       [-49.23216386],
       [-48.28516119],
       [-51.15500818],
       [-50.62420114],
       [-49.83358226],
       [ -1.19002442],
       [-49.09144959],
       [-50.98161494],
       [  0.22013107],
       [-50.61536242],
       [-50.58839557],
       [-49.46320293],
       [-50.4762113 ],
       [-51.04187038],
       [ -0.51021819],
       [-51.09157236],
       [-50.87461309],
       [-49.8988742 ],
       [-49.61462554],
       [ -0.20249952]])
<<<<<<<<<<< STEP 44 >>>>>>>>>>>> + array([[-0.5       ],
       [-0.5       ],
       [-0.5       ],
       [-0.5       ],
       [-0.5       ],
       [ 0.00104361],
       [-0.5       ],
       [-0.5       ],
       [-0.00059452],
       [-0.5       ],
       [-0.5       ],
       [-0.5       ],
       [-0.5       ],
       [ 0.00161662],
       [-0.5       ],
       [-0.5       ],
       [ 0.00151123],
       [-0.5       ],
       [-0.5       ],
       [-0.5       ],
       [-0.5       ],
       [-0.5       ],
       [-0.5       ],
       [-0.5       ],
       [-0.5       ],
       [-0.00886906],
       [-0.5       ],
       [-0.5       ],
       [-0.00063389],
       [-0.5       ],
       [-0.5       ],
       [-0.5       ],
       [-0.5       ],
       [-0.5       ],
       [-0.00228126],
       [-0.5       ],
       [-0.5       ],
       [-0.5       ],
       [-0.5       ],
       [ 0.00091733]])
array([[-49.8112357 ],
       [-51.31405483],
       [-50.21149076],
       [-51.5808971 ],
       [-50.1731137 ],
       [ -0.11901985],
       [-51.36040712],
       [-49.40923254],
       [ -0.75981457],
       [-50.64752112],
       [-51.57447557],
       [-51.56337259],
       [-51.11513999],
       [  0.16434099],
       [-50.15481418],
       [-51.10600981],
       [ -0.30376145],
       [-50.26331963],
       [-51.12590726],
       [-51.69077647],
       [-49.73216386],
       [-48.78516119],
       [-51.65500818],
       [-51.12420114],
       [-50.33358226],
       [ -1.19889349],
       [-49.59144959],
       [-51.48161494],
       [  0.21949717],
       [-51.11536242],
       [-51.08839557],
       [-49.96320293],
       [-50.9762113 ],
       [-51.54187038],
       [ -0.51249945],
       [-51.59157236],
       [-51.37461309],
       [-50.3988742 ],
       [-50.11462554],
       [ -0.20158219]])
<<<<<<<<<<< STEP 45 >>>>>>>>>>>> + array([[-0.5       ],
       [-0.5       ],
       [-0.5       ],
       [-0.5       ],
       [-0.5       ],
       [ 0.00104988],
       [-0.5       ],
       [-0.5       ],
       [-0.00060524],
       [-0.5       ],
       [-0.5       ],
       [-0.5       ],
       [-0.5       ],
       [ 0.0016096 ],
       [-0.5       ],
       [-0.5       ],
       [ 0.00150633],
       [-0.5       ],
       [-0.5       ],
       [-0.5       ],
       [-0.5       ],
       [-0.5       ],
       [-0.5       ],
       [-0.5       ],
       [-0.5       ],
       [-0.00890726],
       [-0.5       ],
       [-0.5       ],
       [-0.00063715],
       [-0.5       ],
       [-0.5       ],
       [-0.5       ],
       [-0.5       ],
       [-0.5       ],
       [-0.00230522],
       [-0.5       ],
       [-0.5       ],
       [-0.5       ],
       [-0.5       ],
       [ 0.00090707]])
array([[-50.3112357 ],
       [-51.81405483],
       [-50.71149076],
       [-52.0808971 ],
       [-50.6731137 ],
       [ -0.11796997],
       [-51.86040712],
       [-49.90923254],
       [ -0.76041981],
       [-51.14752112],
       [-52.07447557],
       [-52.06337259],
       [-51.61513999],
       [  0.16595059],
       [-50.65481418],
       [-51.60600981],
       [ -0.30225512],
       [-50.76331963],
       [-51.62590726],
       [-52.19077647],
       [-50.23216386],
       [-49.28516119],
       [-52.15500818],
       [-51.62420114],
       [-50.83358226],
       [ -1.20780075],
       [-50.09144959],
       [-51.98161494],
       [  0.21886002],
       [-51.61536242],
       [-51.58839557],
       [-50.46320293],
       [-51.4762113 ],
       [-52.04187038],
       [ -0.51480467],
       [-52.09157236],
       [-51.87461309],
       [-50.8988742 ],
       [-50.61462554],
       [ -0.20067512]])
<<<<<<<<<<< STEP 46 >>>>>>>>>>>> + array([[-0.5       ],
       [-0.5       ],
       [-0.5       ],
       [-0.5       ],
       [-0.5       ],
       [ 0.00105619],
       [-0.5       ],
       [-0.5       ],
       [-0.00061605],
       [-0.5       ],
       [-0.5       ],
       [-0.5       ],
       [-0.5       ],
       [ 0.00160257],
       [-0.5       ],
       [-0.5       ],
       [ 0.00150144],
       [-0.5       ],
       [-0.5       ],
       [-0.5       ],
       [-0.5       ],
       [-0.5       ],
       [-0.5       ],
       [-0.5       ],
       [-0.5       ],
       [-0.00894598],
       [-0.5       ],
       [-0.5       ],
       [-0.00064043],
       [-0.5       ],
       [-0.5       ],
       [-0.5       ],
       [-0.5       ],
       [-0.5       ],
       [-0.0023294 ],
       [-0.5       ],
       [-0.5       ],
       [-0.5       ],
       [-0.5       ],
       [ 0.00089677]])
array([[-50.8112357 ],
       [-52.31405483],
       [-51.21149076],
       [-52.5808971 ],
       [-51.1731137 ],
       [ -0.11691378],
       [-52.36040712],
       [-50.40923254],
       [ -0.76103586],
       [-51.64752112],
       [-52.57447557],
       [-52.56337259],
       [-52.11513999],
       [  0.16755316],
       [-51.15481418],
       [-52.10600981],
       [ -0.30075368],
       [-51.26331963],
       [-52.12590726],
       [-52.69077647],
       [-50.73216386],
       [-49.78516119],
       [-52.65500818],
       [-52.12420114],
       [-51.33358226],
       [ -1.21674673],
       [-50.59144959],
       [-52.48161494],
       [  0.2182196 ],
       [-52.11536242],
       [-52.08839557],
       [-50.96320293],
       [-51.9762113 ],
       [-52.54187038],
       [ -0.51713407],
       [-52.59157236],
       [-52.37461309],
       [-51.3988742 ],
       [-51.11462554],
       [ -0.19977834]])
<<<<<<<<<<< STEP 47 >>>>>>>>>>>> + array([[-0.5       ],
       [-0.5       ],
       [-0.5       ],
       [-0.5       ],
       [-0.5       ],
       [ 0.00106253],
       [-0.5       ],
       [-0.5       ],
       [-0.00062695],
       [-0.5       ],
       [-0.5       ],
       [-0.5       ],
       [-0.5       ],
       [ 0.00159555],
       [-0.5       ],
       [-0.5       ],
       [ 0.00149655],
       [-0.5       ],
       [-0.5       ],
       [-0.5       ],
       [-0.5       ],
       [-0.5       ],
       [-0.5       ],
       [-0.5       ],
       [-0.5       ],
       [-0.00898522],
       [-0.5       ],
       [-0.5       ],
       [-0.00064372],
       [-0.5       ],
       [-0.5       ],
       [-0.5       ],
       [-0.5       ],
       [-0.5       ],
       [-0.00235378],
       [-0.5       ],
       [-0.5       ],
       [-0.5       ],
       [-0.5       ],
       [ 0.00088644]])
array([[-51.3112357 ],
       [-52.81405483],
       [-51.71149076],
       [-53.0808971 ],
       [-51.6731137 ],
       [ -0.11585125],
       [-52.86040712],
       [-50.90923254],
       [ -0.76166281],
       [-52.14752112],
       [-53.07447557],
       [-53.06337259],
       [-52.61513999],
       [  0.16914871],
       [-51.65481418],
       [-52.60600981],
       [ -0.29925714],
       [-51.76331963],
       [-52.62590726],
       [-53.19077647],
       [-51.23216386],
       [-50.28516119],
       [-53.15500818],
       [-52.62420114],
       [-51.83358226],
       [ -1.22573195],
       [-51.09144959],
       [-52.98161494],
       [  0.21757588],
       [-52.61536242],
       [-52.58839557],
       [-51.46320293],
       [-52.4762113 ],
       [-53.04187038],
       [ -0.51948784],
       [-53.09157236],
       [-52.87461309],
       [-51.8988742 ],
       [-51.61462554],
       [ -0.19889191]])
<<<<<<<<<<< STEP 48 >>>>>>>>>>>> + array([[-0.5       ],
       [-0.5       ],
       [-0.5       ],
       [-0.5       ],
       [-0.5       ],
       [ 0.00106891],
       [-0.5       ],
       [-0.5       ],
       [-0.00063795],
       [-0.5       ],
       [-0.5       ],
       [-0.5       ],
       [-0.5       ],
       [ 0.00158852],
       [-0.5       ],
       [-0.5       ],
       [ 0.00149167],
       [-0.5       ],
       [-0.5       ],
       [-0.5       ],
       [-0.5       ],
       [-0.5       ],
       [-0.5       ],
       [-0.5       ],
       [-0.5       ],
       [-0.009025  ],
       [-0.5       ],
       [-0.5       ],
       [-0.00064703],
       [-0.5       ],
       [-0.5       ],
       [-0.5       ],
       [-0.5       ],
       [-0.5       ],
       [-0.00237837],
       [-0.5       ],
       [-0.5       ],
       [-0.5       ],
       [-0.5       ],
       [ 0.00087606]])
array([[-51.8112357 ],
       [-53.31405483],
       [-52.21149076],
       [-53.5808971 ],
       [-52.1731137 ],
       [ -0.11478235],
       [-53.36040712],
       [-51.40923254],
       [ -0.76230075],
       [-52.64752112],
       [-53.57447557],
       [-53.56337259],
       [-53.11513999],
       [  0.17073722],
       [-52.15481418],
       [-53.10600981],
       [ -0.29776547],
       [-52.26331963],
       [-53.12590726],
       [-53.69077647],
       [-51.73216386],
       [-50.78516119],
       [-53.65500818],
       [-53.12420114],
       [-52.33358226],
       [ -1.23475694],
       [-51.59144959],
       [-53.48161494],
       [  0.21692885],
       [-53.11536242],
       [-53.08839557],
       [-51.96320293],
       [-52.9762113 ],
       [-53.54187038],
       [ -0.52186621],
       [-53.59157236],
       [-53.37461309],
       [-52.3988742 ],
       [-52.11462554],
       [ -0.19801585]])
<<<<<<<<<<< STEP 49 >>>>>>>>>>>> + array([[-0.5       ],
       [-0.5       ],
       [-0.5       ],
       [-0.5       ],
       [-0.5       ],
       [ 0.00107532],
       [-0.5       ],
       [-0.5       ],
       [-0.00064904],
       [-0.5       ],
       [-0.5       ],
       [-0.5       ],
       [-0.5       ],
       [ 0.00158148],
       [-0.5       ],
       [-0.5       ],
       [ 0.00148679],
       [-0.5       ],
       [-0.5       ],
       [-0.5       ],
       [-0.5       ],
       [-0.5       ],
       [-0.5       ],
       [-0.5       ],
       [-0.5       ],
       [-0.00906532],
       [-0.5       ],
       [-0.5       ],
       [-0.00065036],
       [-0.5       ],
       [-0.5       ],
       [-0.5       ],
       [-0.5       ],
       [-0.5       ],
       [-0.00240318],
       [-0.5       ],
       [-0.5       ],
       [-0.5       ],
       [-0.5       ],
       [ 0.00086564]])
array([[-52.3112357 ],
       [-53.81405483],
       [-52.71149076],
       [-54.0808971 ],
       [-52.6731137 ],
       [ -0.11370703],
       [-53.86040712],
       [-51.90923254],
       [ -0.76294979],
       [-53.14752112],
       [-54.07447557],
       [-54.06337259],
       [-53.61513999],
       [  0.1723187 ],
       [-52.65481418],
       [-53.60600981],
       [ -0.29627868],
       [-52.76331963],
       [-53.62590726],
       [-54.19077647],
       [-52.23216386],
       [-51.28516119],
       [-54.15500818],
       [-53.62420114],
       [-52.83358226],
       [ -1.24382227],
       [-52.09144959],
       [-53.98161494],
       [  0.21627849],
       [-53.61536242],
       [-53.58839557],
       [-52.46320293],
       [-53.4762113 ],
       [-54.04187038],
       [ -0.52426939],
       [-54.09157236],
       [-53.87461309],
       [-52.8988742 ],
       [-52.61462554],
       [ -0.19715022]])
