<<<<<<<<<<< STEP 0 >>>>>>>>>>>> + array([[-0.03087186],
       [-0.02956336],
       [-0.97056819],
       [-1.02046427],
       [-0.95576382],
       [-1.02410163],
       [-0.04081063],
       [-0.96064601],
       [ 0.00665834],
       [-1.02925625],
       [-1.02250317],
       [-0.58550893],
       [-1.0417557 ],
       [-0.04453921],
       [-0.96228039],
       [-1.0217069 ],
       [-1.02688415],
       [-0.86630192],
       [-0.95873402],
       [-0.96936114],
       [-0.96864417],
       [-0.95897302],
       [-0.0395056 ],
       [-1.03676196],
       [-0.03452237],
       [-0.96070776],
       [-0.94933833],
       [-0.95775055],
       [ 0.12548776],
       [-1.16723224],
       [ 0.02021709],
       [-1.02584329],
       [-0.96781558],
       [-1.01714891],
       [-0.96817456],
       [-0.96206443],
       [-0.96918991],
       [-0.06926631],
       [-0.95832215],
       [-0.96127221]])
array([[-0.03087186],
       [-0.02956336],
       [-0.97056819],
       [-1.02046427],
       [-0.95576382],
       [-1.02410163],
       [-0.04081063],
       [-0.96064601],
       [ 0.00665834],
       [-1.02925625],
       [-1.02250317],
       [-0.58550893],
       [-1.0417557 ],
       [-0.04453921],
       [-0.96228039],
       [-1.0217069 ],
       [-1.02688415],
       [-0.86630192],
       [-0.95873402],
       [-0.96936114],
       [-0.96864417],
       [-0.95897302],
       [-0.0395056 ],
       [-1.03676196],
       [-0.03452237],
       [-0.96070776],
       [-0.94933833],
       [-0.95775055],
       [ 0.12548776],
       [-1.16723224],
       [ 0.02021709],
       [-1.02584329],
       [-0.96781558],
       [-1.01714891],
       [-0.96817456],
       [-0.96206443],
       [-0.96918991],
       [-0.06926631],
       [-0.95832215],
       [-0.96127221]])
<<<<<<<<<<< STEP 1 >>>>>>>>>>>> + array([[-0.08493222],
       [-0.08094216],
       [-0.98253255],
       [-0.99376942],
       [-0.84698177],
       [-0.99929446],
       [-0.09459369],
       [-0.9699413 ],
       [-0.00803504],
       [-1.0036058 ],
       [-0.99501905],
       [-0.55723943],
       [-1.01688801],
       [-0.09575018],
       [-0.96805019],
       [-0.99998707],
       [-1.00027323],
       [-0.93135215],
       [-0.85131647],
       [-0.97846603],
       [-0.8553212 ],
       [-0.85766649],
       [-0.08448377],
       [-1.01563769],
       [-0.08959586],
       [-0.9771058 ],
       [-0.96443745],
       [-0.84506148],
       [-0.01089401],
       [-1.13530634],
       [-0.06198272],
       [-0.9961822 ],
       [-0.95328399],
       [-0.88121987],
       [-0.86129227],
       [-0.96448901],
       [-0.86474527],
       [-0.06089102],
       [-0.96917788],
       [-0.97211009]])
array([[ -1.15804079e-01],
       [ -1.10505511e-01],
       [ -1.95310075e+00],
       [ -2.01423368e+00],
       [ -1.80274559e+00],
       [ -2.02339610e+00],
       [ -1.35404314e-01],
       [ -1.93058731e+00],
       [ -1.37669740e-03],
       [ -2.03286205e+00],
       [ -2.01752222e+00],
       [ -1.14274835e+00],
       [ -2.05864371e+00],
       [ -1.40289392e-01],
       [ -1.93033058e+00],
       [ -2.02169397e+00],
       [ -2.02715738e+00],
       [ -1.79765407e+00],
       [ -1.81005050e+00],
       [ -1.94782717e+00],
       [ -1.82396537e+00],
       [ -1.81663951e+00],
       [ -1.23989374e-01],
       [ -2.05239965e+00],
       [ -1.24118231e-01],
       [ -1.93781356e+00],
       [ -1.91377578e+00],
       [ -1.80281203e+00],
       [  1.14593747e-01],
       [ -2.30253858e+00],
       [ -4.17656296e-02],
       [ -2.02202549e+00],
       [ -1.92109958e+00],
       [ -1.89836879e+00],
       [ -1.82946683e+00],
       [ -1.92655344e+00],
       [ -1.83393517e+00],
       [ -1.30157336e-01],
       [ -1.92750002e+00],
       [ -1.93338230e+00]])
<<<<<<<<<<< STEP 2 >>>>>>>>>>>> + array([[-0.09628745],
       [-0.09721492],
       [-0.97313028],
       [-0.96875779],
       [-0.74320233],
       [-0.96371836],
       [-0.10723037],
       [-0.96140358],
       [-0.01505323],
       [-0.97356693],
       [-0.96210482],
       [-0.54201476],
       [-0.98484056],
       [-0.10936103],
       [-0.95680031],
       [-0.96590133],
       [-0.96824957],
       [-0.98005557],
       [-0.7502702 ],
       [-0.96787753],
       [-0.75395954],
       [-0.75859517],
       [-0.0948746 ],
       [-0.9902509 ],
       [-0.10637973],
       [-0.96783073],
       [-0.96441067],
       [-0.74382487],
       [-0.07005674],
       [-1.0601783 ],
       [-0.0843957 ],
       [-0.96678645],
       [-0.97018243],
       [-0.76154386],
       [-0.75815774],
       [-0.95012705],
       [-0.75971967],
       [-0.05814759],
       [-0.9695181 ],
       [-0.96172288]])
array([[-0.21209153],
       [-0.20772043],
       [-2.92623103],
       [-2.98299147],
       [-2.54594793],
       [-2.98711446],
       [-0.24263469],
       [-2.89199089],
       [-0.01642993],
       [-3.00642898],
       [-2.97962704],
       [-1.68476311],
       [-3.04348428],
       [-0.24965042],
       [-2.88713089],
       [-2.9875953 ],
       [-2.99540695],
       [-2.77770964],
       [-2.5603207 ],
       [-2.91570471],
       [-2.57792491],
       [-2.57523468],
       [-0.21886397],
       [-3.04265055],
       [-0.23049796],
       [-2.90564429],
       [-2.87818645],
       [-2.5466369 ],
       [ 0.04453701],
       [-3.36271688],
       [-0.12616133],
       [-2.98881194],
       [-2.891282  ],
       [-2.65991265],
       [-2.58762457],
       [-2.8766805 ],
       [-2.59365484],
       [-0.18830493],
       [-2.89701812],
       [-2.89510518]])
<<<<<<<<<<< STEP 3 >>>>>>>>>>>> + array([[-0.09026579],
       [-0.09517919],
       [-0.92667504],
       [-0.93534449],
       [-0.65876592],
       [-0.91172328],
       [-0.10311566],
       [-0.92074732],
       [-0.00650692],
       [-0.92702548],
       [-0.91565659],
       [-0.54828536],
       [-0.94228714],
       [-0.10542032],
       [-0.90773538],
       [-0.91341338],
       [-0.92483908],
       [-0.99233809],
       [-0.68591761],
       [-0.93058498],
       [-0.67290829],
       [-0.67668169],
       [-0.08780055],
       [-0.95901397],
       [-0.10485288],
       [-0.9219121 ],
       [-0.9308385 ],
       [-0.66263381],
       [-0.07795122],
       [-0.99197177],
       [-0.07853408],
       [-0.92367782],
       [-0.985311  ],
       [-0.68865425],
       [-0.67467721],
       [-0.90004138],
       [-0.67493069],
       [-0.07148179],
       [-0.94573627],
       [-0.9166685 ]])
array([[-0.30235732],
       [-0.30289962],
       [-3.85290607],
       [-3.91833596],
       [-3.20471385],
       [-3.89883774],
       [-0.34575034],
       [-3.81273821],
       [-0.02293684],
       [-3.93345445],
       [-3.89528363],
       [-2.23304848],
       [-3.98577141],
       [-0.35507074],
       [-3.79486627],
       [-3.90100867],
       [-3.92024603],
       [-3.77004773],
       [-3.24623831],
       [-3.84628968],
       [-3.25083321],
       [-3.25191637],
       [-0.30666452],
       [-4.00166451],
       [-0.33535084],
       [-3.82755639],
       [-3.80902494],
       [-3.20927071],
       [-0.03341421],
       [-4.35468865],
       [-0.2046954 ],
       [-3.91248976],
       [-3.87659301],
       [-3.34856689],
       [-3.26230178],
       [-3.77672188],
       [-3.26858553],
       [-0.25978672],
       [-3.84275439],
       [-3.81177368]])
<<<<<<<<<<< STEP 4 >>>>>>>>>>>> + array([[-0.07877755],
       [-0.08757624],
       [-0.84234734],
       [-0.87820959],
       [-0.59487329],
       [-0.83135367],
       [-0.09439137],
       [-0.84696366],
       [ 0.01793884],
       [-0.84891647],
       [-0.8419145 ],
       [-0.56847846],
       [-0.87244049],
       [-0.09589048],
       [-0.81962371],
       [-0.83308553],
       [-0.85739898],
       [-0.96332072],
       [-0.65041719],
       [-0.86449959],
       [-0.60907987],
       [-0.61164424],
       [-0.07551299],
       [-0.90437871],
       [-0.09714704],
       [-0.8390109 ],
       [-0.85777193],
       [-0.59892458],
       [-0.06942911],
       [-0.92775765],
       [-0.06429704],
       [-0.85068494],
       [-0.9679971 ],
       [-0.6492016 ],
       [-0.60942721],
       [-0.81421005],
       [-0.60958999],
       [-0.10378277],
       [-0.88953258],
       [-0.83317609]])
array([[ -3.81134872e-01],
       [ -3.90475867e-01],
       [ -4.69525341e+00],
       [ -4.79654555e+00],
       [ -3.79958713e+00],
       [ -4.73019141e+00],
       [ -4.40141714e-01],
       [ -4.65970186e+00],
       [ -4.99800845e-03],
       [ -4.78237092e+00],
       [ -4.73719813e+00],
       [ -2.80152694e+00],
       [ -4.85821191e+00],
       [ -4.50961219e-01],
       [ -4.61448998e+00],
       [ -4.73409421e+00],
       [ -4.77764502e+00],
       [ -4.73336845e+00],
       [ -3.89665550e+00],
       [ -4.71078927e+00],
       [ -3.85991307e+00],
       [ -3.86356060e+00],
       [ -3.82177513e-01],
       [ -4.90604322e+00],
       [ -4.32497883e-01],
       [ -4.66656729e+00],
       [ -4.66679688e+00],
       [ -3.80819529e+00],
       [ -1.02843328e-01],
       [ -5.28244630e+00],
       [ -2.68992445e-01],
       [ -4.76317470e+00],
       [ -4.84459011e+00],
       [ -3.99776849e+00],
       [ -3.87172899e+00],
       [ -4.59093193e+00],
       [ -3.87817551e+00],
       [ -3.63569490e-01],
       [ -4.73228697e+00],
       [ -4.64494977e+00]])
<<<<<<<<<<< STEP 5 >>>>>>>>>>>> + array([[-0.06576328],
       [-0.07812951],
       [-0.74277349],
       [-0.79520624],
       [-0.55342652],
       [-0.73662843],
       [-0.08419279],
       [-0.75637189],
       [ 0.0420563 ],
       [-0.75041126],
       [-0.75083118],
       [-0.58197273],
       [-0.77711321],
       [-0.08484519],
       [-0.71912615],
       [-0.73960793],
       [-0.77098839],
       [-0.88101516],
       [-0.62567592],
       [-0.77750046],
       [-0.56442286],
       [-0.56569812],
       [-0.06317244],
       [-0.81725039],
       [-0.08679233],
       [-0.74031994],
       [-0.75945074],
       [-0.55527153],
       [-0.06070557],
       [-0.84309013],
       [-0.04981323],
       [-0.75768603],
       [-0.89150316],
       [-0.62307196],
       [-0.56422472],
       [-0.71786513],
       [-0.56470182],
       [-0.14034915],
       [-0.80182908],
       [-0.73168782]])
array([[-0.44689815],
       [-0.46860538],
       [-5.4380269 ],
       [-5.5917518 ],
       [-4.35301366],
       [-5.46681983],
       [-0.5243345 ],
       [-5.41607375],
       [ 0.03705829],
       [-5.53278219],
       [-5.48802931],
       [-3.38349967],
       [-5.63532512],
       [-0.53580641],
       [-5.33361613],
       [-5.47370213],
       [-5.54863341],
       [-5.61438361],
       [-4.52233142],
       [-5.48828973],
       [-4.42433593],
       [-4.42925872],
       [-0.44534996],
       [-5.72329361],
       [-0.51929022],
       [-5.40688723],
       [-5.42624762],
       [-4.36346682],
       [-0.16354889],
       [-6.12553643],
       [-0.31880567],
       [-5.52086073],
       [-5.73609327],
       [-4.62084045],
       [-4.43595372],
       [-5.30879706],
       [-4.44287734],
       [-0.50391864],
       [-5.53411605],
       [-5.37663759]])
<<<<<<<<<<< STEP 6 >>>>>>>>>>>> + array([[-0.05374211],
       [-0.06784847],
       [-0.6574794 ],
       [-0.70594617],
       [-0.53090225],
       [-0.65635159],
       [-0.07319485],
       [-0.67217886],
       [ 0.05048724],
       [-0.66410275],
       [-0.66909571],
       [-0.57974506],
       [-0.68576235],
       [-0.07335867],
       [-0.63802308],
       [-0.65894801],
       [-0.68712852],
       [-0.76595728],
       [-0.60255966],
       [-0.68921594],
       [-0.53762638],
       [-0.53812765],
       [-0.05274051],
       [-0.72020897],
       [-0.07554516],
       [-0.65523776],
       [-0.66851621],
       [-0.53083058],
       [-0.05311005],
       [-0.74117814],
       [-0.03785664],
       [-0.67298414],
       [-0.77691351],
       [-0.59986137],
       [-0.53775878],
       [-0.63841866],
       [-0.53821023],
       [-0.1643801 ],
       [-0.70622513],
       [-0.64588882]])
array([[-0.50064027],
       [-0.53645385],
       [-6.0955063 ],
       [-6.29769797],
       [-4.88391591],
       [-6.12317143],
       [-0.59752936],
       [-6.08825261],
       [ 0.08754552],
       [-6.19688494],
       [-6.15712503],
       [-3.96324473],
       [-6.32108746],
       [-0.60916508],
       [-5.97163921],
       [-6.13265014],
       [-6.23576193],
       [-6.38034089],
       [-5.12489109],
       [-6.17750567],
       [-4.96196232],
       [-4.96738638],
       [-0.49809046],
       [-6.44350258],
       [-0.59483538],
       [-6.06212498],
       [-6.09476383],
       [-4.89429739],
       [-0.21665894],
       [-6.86671457],
       [-0.35666231],
       [-6.19384487],
       [-6.51300678],
       [-5.22070182],
       [-4.97371249],
       [-5.94721572],
       [-4.98108757],
       [-0.66829874],
       [-6.24034118],
       [-6.02252642]])
<<<<<<<<<<< STEP 7 >>>>>>>>>>>> + array([[-0.04403717],
       [-0.05782304],
       [-0.59770828],
       [-0.6336818 ],
       [-0.51933797],
       [-0.60085597],
       [-0.06252093],
       [-0.60862857],
       [ 0.04472607],
       [-0.60451702],
       [-0.6099374 ],
       [-0.56882675],
       [-0.61900041],
       [-0.06238113],
       [-0.58420372],
       [-0.60147701],
       [-0.62235887],
       [-0.6668937 ],
       [-0.58151682],
       [-0.61931175],
       [-0.5225    ],
       [-0.52274352],
       [-0.04460603],
       [-0.64225877],
       [-0.06495477],
       [-0.59552091],
       [-0.60378779],
       [-0.51841147],
       [-0.04486378],
       [-0.65462062],
       [-0.02874674],
       [-0.61143868],
       [-0.67693668],
       [-0.5791456 ],
       [-0.52327463],
       [-0.58366022],
       [-0.52341406],
       [-0.17349382],
       [-0.63004624],
       [-0.58830405]])
array([[-0.54467744],
       [-0.59427689],
       [-6.69321458],
       [-6.93137977],
       [-5.40325388],
       [-6.7240274 ],
       [-0.66005029],
       [-6.69688118],
       [ 0.13227159],
       [-6.80140196],
       [-6.76706243],
       [-4.53207148],
       [-6.94008788],
       [-0.67154621],
       [-6.55584293],
       [-6.73412716],
       [-6.85812079],
       [-7.04723459],
       [-5.7064079 ],
       [-6.79681742],
       [-5.48446231],
       [-5.4901299 ],
       [-0.54269649],
       [-7.08576135],
       [-0.65979014],
       [-6.65764589],
       [-6.69855163],
       [-5.41270887],
       [-0.26152272],
       [-7.52133519],
       [-0.38540906],
       [-6.80528355],
       [-7.18994346],
       [-5.79984742],
       [-5.49698713],
       [-6.53087594],
       [-5.50450163],
       [-0.84179257],
       [-6.87038742],
       [-6.61083047]])
<<<<<<<<<<< STEP 8 >>>>>>>>>>>> + array([[-0.03652666],
       [-0.04896487],
       [-0.55976677],
       [-0.58481754],
       [-0.51276606],
       [-0.565545  ],
       [-0.05316565],
       [-0.56674172],
       [ 0.03312422],
       [-0.56701248],
       [-0.57138668],
       [-0.55669779],
       [-0.57602421],
       [-0.05280972],
       [-0.55108361],
       [-0.56441783],
       [-0.57895834],
       [-0.60095541],
       [-0.56413603],
       [-0.57261312],
       [-0.51360388],
       [-0.51379412],
       [-0.03840202],
       [-0.59008382],
       [-0.05582064],
       [-0.55775402],
       [-0.56298903],
       [-0.51158235],
       [-0.03665204],
       [-0.59624205],
       [-0.02179583],
       [-0.57152439],
       [-0.60996872],
       [-0.56216873],
       [-0.51482745],
       [-0.54927717],
       [-0.51467688],
       [-0.17407265],
       [-0.57941952],
       [-0.552994  ]])
array([[-0.58120409],
       [-0.64324176],
       [-7.25298134],
       [-7.51619731],
       [-5.91601994],
       [-7.28957239],
       [-0.71321594],
       [-7.2636229 ],
       [ 0.16539582],
       [-7.36841444],
       [-7.33844911],
       [-5.08876927],
       [-7.51611209],
       [-0.72435593],
       [-7.10692654],
       [-7.29854499],
       [-7.43707913],
       [-7.64819   ],
       [-6.27054393],
       [-7.36943054],
       [-5.9980662 ],
       [-6.00392403],
       [-0.58109851],
       [-7.67584517],
       [-0.71561078],
       [-7.21539991],
       [-7.26154066],
       [-5.92429122],
       [-0.29817476],
       [-8.11757724],
       [-0.40720489],
       [-7.37680794],
       [-7.79991218],
       [-6.36201615],
       [-6.01181458],
       [-7.08015312],
       [-6.0191785 ],
       [-1.01586521],
       [-7.44980694],
       [-7.16382447]])
<<<<<<<<<<< STEP 9 >>>>>>>>>>>> + array([[-0.030738  ],
       [-0.04161027],
       [-0.53653671],
       [-0.55411942],
       [-0.50848198],
       [-0.5434784 ],
       [-0.04543709],
       [-0.54079355],
       [ 0.02092017],
       [-0.54384049],
       [-0.5470959 ],
       [-0.54612048],
       [-0.54936727],
       [-0.04491937],
       [-0.53108008],
       [-0.54141203],
       [-0.55151655],
       [-0.56076169],
       [-0.55045943],
       [-0.54371162],
       [-0.5080353 ],
       [-0.50823475],
       [-0.03368449],
       [-0.5574302 ],
       [-0.04832407],
       [-0.53478556],
       [-0.53826057],
       [-0.50730425],
       [-0.02935234],
       [-0.55998977],
       [-0.01638383],
       [-0.54659488],
       [-0.56878243],
       [-0.54886038],
       [-0.50944312],
       [-0.52857256],
       [-0.50912012],
       [-0.1718153 ],
       [-0.54811319],
       [-0.53182635]])
array([[-0.6119421 ],
       [-0.68485204],
       [-7.78951806],
       [-8.07031674],
       [-6.42450193],
       [-7.83305079],
       [-0.75865304],
       [-7.80441645],
       [ 0.18631599],
       [-7.91225493],
       [-7.88554502],
       [-5.63488976],
       [-8.06547936],
       [-0.76927529],
       [-7.63800662],
       [-7.83995702],
       [-7.98859568],
       [-8.20895169],
       [-6.82100336],
       [-7.91314215],
       [-6.50610149],
       [-6.51215878],
       [-0.614783  ],
       [-8.23327537],
       [-0.76393485],
       [-7.75018547],
       [-7.79980123],
       [-6.43159547],
       [-0.3275271 ],
       [-8.67756701],
       [-0.42358872],
       [-7.92340283],
       [-8.36869461],
       [-6.91087654],
       [-6.5212577 ],
       [-7.60872567],
       [-6.52829863],
       [-1.18768051],
       [-7.99792013],
       [-7.69565082]])
