<<<<<<<<<<< STEP 0 >>>>>>>>>>>> + array([[-0.08761843],
       [-0.52191858],
       [-0.54035147],
       [-0.50498925],
       [-0.00379453],
       [-0.04921547],
       [-0.01164244],
       [-0.49007844],
       [-0.53857503],
       [-0.5436887 ],
       [-0.51163663],
       [-0.53686214],
       [-0.50983729],
       [-0.52303615],
       [-0.53413388],
       [-0.17097125],
       [-0.52722303],
       [-0.52603996],
       [-0.54777666],
       [-0.14989484],
       [-0.54784721],
       [-0.60154658],
       [-0.5441506 ],
       [-0.50516813],
       [-0.52476226],
       [-0.49017992],
       [-0.55239274],
       [-0.60989187],
       [-0.51512833],
       [-0.51845609],
       [-0.52894244],
       [-0.54881261],
       [-0.51448101],
       [-0.50693294],
       [-0.5347296 ],
       [-0.51436468],
       [-0.22537848],
       [-0.00355442],
       [-0.53450571],
       [-0.53463481]])
array([[ -1.55503171e+00],
       [ -7.91379993e+00],
       [ -8.53280925e+00],
       [ -7.70043680e+00],
       [ -1.49372389e-01],
       [ -1.39330517e+00],
       [ -2.63734686e-01],
       [ -6.31838837e+00],
       [ -8.29974750e+00],
       [ -8.57407210e+00],
       [ -7.69659509e+00],
       [ -8.26036819e+00],
       [ -7.53887721e+00],
       [ -8.01016657e+00],
       [ -8.34334675e+00],
       [ -2.04057017e+00],
       [ -7.94314914e+00],
       [ -7.96237838e+00],
       [ -7.79265091e+00],
       [ -1.40084927e+00],
       [ -7.81784365e+00],
       [ -6.06111053e+00],
       [ -8.50236708e+00],
       [ -6.52009698e+00],
       [ -7.98192647e+00],
       [ -7.36732160e+00],
       [ -6.99928547e+00],
       [ -5.90300020e+00],
       [ -7.46560444e+00],
       [ -6.27145639e+00],
       [ -8.39251950e+00],
       [ -7.82261605e+00],
       [ -7.59376666e+00],
       [ -7.23672122e+00],
       [ -8.19995683e+00],
       [ -7.91844988e+00],
       [ -2.34600995e+00],
       [ -7.97094761e-03],
       [ -8.62267176e+00],
       [ -8.16544260e+00]])
<<<<<<<<<<< STEP 1 >>>>>>>>>>>> + array([[-0.07608558],
       [-0.51549305],
       [-0.52939491],
       [-0.50143212],
       [-0.0047892 ],
       [-0.03445717],
       [-0.00789915],
       [-0.49530918],
       [-0.52711534],
       [-0.53150287],
       [-0.50783654],
       [-0.52656212],
       [-0.5045748 ],
       [-0.51585033],
       [-0.52482608],
       [-0.15515653],
       [-0.52076206],
       [-0.51815544],
       [-0.53591453],
       [-0.14429196],
       [-0.53580802],
       [-0.57998261],
       [-0.5308076 ],
       [-0.50635041],
       [-0.51588952],
       [-0.49047509],
       [-0.53888645],
       [-0.58854808],
       [-0.50877194],
       [-0.52084815],
       [-0.51998486],
       [-0.53656513],
       [-0.50949672],
       [-0.50553154],
       [-0.52388866],
       [-0.50748925],
       [-0.21903462],
       [-0.00145033],
       [-0.52339058],
       [-0.5259377 ]])
array([[-1.63111729],
       [-8.42929298],
       [-9.06220416],
       [-8.20186892],
       [-0.15416159],
       [-1.42776234],
       [-0.27163384],
       [-6.81369755],
       [-8.82686283],
       [-9.10557498],
       [-8.20443163],
       [-8.78693031],
       [-8.04345202],
       [-8.5260169 ],
       [-8.86817283],
       [-2.19572669],
       [-8.4639112 ],
       [-8.48053382],
       [-8.32856543],
       [-1.54514123],
       [-8.35365167],
       [-6.64109314],
       [-9.03317468],
       [-7.02644739],
       [-8.49781599],
       [-7.85779669],
       [-7.53817192],
       [-6.49154828],
       [-7.97437638],
       [-6.79230454],
       [-8.91250435],
       [-8.35918118],
       [-8.10326338],
       [-7.74225276],
       [-8.72384549],
       [-8.42593913],
       [-2.56504457],
       [-0.00942128],
       [-9.14606234],
       [-8.6913803 ]])
<<<<<<<<<<< STEP 2 >>>>>>>>>>>> + array([[ -6.73506409e-02],
       [ -5.11160875e-01],
       [ -5.21750190e-01],
       [ -4.99641433e-01],
       [ -5.55932855e-03],
       [ -2.26494325e-02],
       [ -5.04316178e-03],
       [ -4.98579991e-01],
       [ -5.19381546e-01],
       [ -5.23069880e-01],
       [ -5.05373909e-01],
       [ -5.19462524e-01],
       [ -5.01602685e-01],
       [ -5.11157132e-01],
       [ -5.18331746e-01],
       [ -1.42459409e-01],
       [ -5.15904238e-01],
       [ -5.12854725e-01],
       [ -5.27248769e-01],
       [ -1.40174701e-01],
       [ -5.27067250e-01],
       [ -5.62640312e-01],
       [ -5.21872377e-01],
       [ -5.06304482e-01],
       [ -5.10281725e-01],
       [ -4.91472642e-01],
       [ -5.29217030e-01],
       [ -5.70518852e-01],
       [ -5.04938201e-01],
       [ -5.20597843e-01],
       [ -5.14088511e-01],
       [ -5.27659021e-01],
       [ -5.06336382e-01],
       [ -5.04434519e-01],
       [ -5.16710689e-01],
       [ -5.03530281e-01],
       [ -2.15934931e-01],
       [  3.07606254e-04],
       [ -5.16139869e-01],
       [ -5.19637711e-01]])
array([[ -1.69846793e+00],
       [ -8.94045386e+00],
       [ -9.58395435e+00],
       [ -8.70151036e+00],
       [ -1.59720920e-01],
       [ -1.45041177e+00],
       [ -2.76677002e-01],
       [ -7.31227754e+00],
       [ -9.34624438e+00],
       [ -9.62864486e+00],
       [ -8.70980554e+00],
       [ -9.30639284e+00],
       [ -8.54505470e+00],
       [ -9.03717403e+00],
       [ -9.38650458e+00],
       [ -2.33818610e+00],
       [ -8.97981544e+00],
       [ -8.99338855e+00],
       [ -8.85581420e+00],
       [ -1.68531593e+00],
       [ -8.88071892e+00],
       [ -7.20373345e+00],
       [ -9.55504706e+00],
       [ -7.53275188e+00],
       [ -9.00809771e+00],
       [ -8.34926933e+00],
       [ -8.06738895e+00],
       [ -7.06206713e+00],
       [ -8.47931458e+00],
       [ -7.31290238e+00],
       [ -9.42659286e+00],
       [ -8.88684020e+00],
       [ -8.60959976e+00],
       [ -8.24668727e+00],
       [ -9.24055618e+00],
       [ -8.92946941e+00],
       [ -2.78097950e+00],
       [ -9.11367197e-03],
       [ -9.66220221e+00],
       [ -9.21101801e+00]])
<<<<<<<<<<< STEP 3 >>>>>>>>>>>> + array([[-0.06109076],
       [-0.50817431],
       [-0.51633057],
       [-0.49882782],
       [-0.00609348],
       [-0.01332211],
       [-0.00285934],
       [-0.50047744],
       [-0.51411173],
       [-0.51715392],
       [-0.50373794],
       [-0.51449864],
       [-0.50000784],
       [-0.50804006],
       [-0.51373329],
       [-0.13311602],
       [-0.51222392],
       [-0.50924238],
       [-0.52087043],
       [-0.13785099],
       [-0.52066634],
       [-0.5490161 ],
       [-0.51582006],
       [-0.5056425 ],
       [-0.50673378],
       [-0.49267255],
       [-0.52223512],
       [-0.55589461],
       [-0.50267351],
       [-0.51893181],
       [-0.51015028],
       [-0.5211287 ],
       [-0.50430615],
       [-0.50353152],
       [-0.51191727],
       [-0.50132259],
       [-0.21674554],
       [ 0.00176649],
       [-0.51136406],
       [-0.51501847]])
array([[ -1.75955870e+00],
       [ -9.44862817e+00],
       [ -1.01002849e+01],
       [ -9.20033818e+00],
       [ -1.65814397e-01],
       [ -1.46373388e+00],
       [ -2.79536341e-01],
       [ -7.81275498e+00],
       [ -9.86035611e+00],
       [ -1.01457988e+01],
       [ -9.21354348e+00],
       [ -9.82089147e+00],
       [ -9.04506254e+00],
       [ -9.54521410e+00],
       [ -9.90023787e+00],
       [ -2.47130212e+00],
       [ -9.49203936e+00],
       [ -9.50263093e+00],
       [ -9.37668464e+00],
       [ -1.82316692e+00],
       [ -9.40138526e+00],
       [ -7.75274955e+00],
       [ -1.00708671e+01],
       [ -8.03839438e+00],
       [ -9.51483149e+00],
       [ -8.84194189e+00],
       [ -8.58962406e+00],
       [ -7.61796174e+00],
       [ -8.98198810e+00],
       [ -7.83183419e+00],
       [ -9.93674314e+00],
       [ -9.40796890e+00],
       [ -9.11390591e+00],
       [ -8.75021880e+00],
       [ -9.75247344e+00],
       [ -9.43079200e+00],
       [ -2.99772503e+00],
       [ -7.34717993e-03],
       [ -1.01735663e+01],
       [ -9.72603649e+00]])
<<<<<<<<<<< STEP 4 >>>>>>>>>>>> + array([[-0.05682808],
       [-0.5060722 ],
       [-0.51242114],
       [-0.4985427 ],
       [-0.00641543],
       [-0.00596938],
       [-0.00118175],
       [-0.50149019],
       [-0.51046306],
       [-0.51293638],
       [-0.50263261],
       [-0.51096623],
       [-0.49922047],
       [-0.50592805],
       [-0.51042553],
       [-0.12699329],
       [-0.5094195 ],
       [-0.50674416],
       [-0.51612386],
       [-0.13731992],
       [-0.51592347],
       [-0.5384089 ],
       [-0.51165184],
       [-0.50475998],
       [-0.50447513],
       [-0.49385254],
       [-0.51712406],
       [-0.54425278],
       [-0.50136127],
       [-0.51666221],
       [-0.50747067],
       [-0.51628504],
       [-0.50298148],
       [-0.50278728],
       [-0.50866964],
       [-0.50014672],
       [-0.22188762],
       [ 0.0029863 ],
       [-0.50817103],
       [-0.51158914]])
array([[ -1.81638677e+00],
       [ -9.95470037e+00],
       [ -1.06127061e+01],
       [ -9.69888088e+00],
       [ -1.72229825e-01],
       [ -1.46970327e+00],
       [ -2.80718093e-01],
       [ -8.31424517e+00],
       [ -1.03708192e+01],
       [ -1.06587352e+01],
       [ -9.71617608e+00],
       [ -1.03318577e+01],
       [ -9.54428301e+00],
       [ -1.00511421e+01],
       [ -1.04106634e+01],
       [ -2.59829542e+00],
       [ -1.00014589e+01],
       [ -1.00093751e+01],
       [ -9.89280849e+00],
       [ -1.96048684e+00],
       [ -9.91730873e+00],
       [ -8.29115844e+00],
       [ -1.05825190e+01],
       [ -8.54315436e+00],
       [ -1.00193066e+01],
       [ -9.33579443e+00],
       [ -9.10674812e+00],
       [ -8.16221452e+00],
       [ -9.48334936e+00],
       [ -8.34849641e+00],
       [ -1.04442138e+01],
       [ -9.92425394e+00],
       [ -9.61688739e+00],
       [ -9.25300607e+00],
       [ -1.02611431e+01],
       [ -9.93093872e+00],
       [ -3.21961265e+00],
       [ -4.36087860e-03],
       [ -1.06817373e+01],
       [ -1.02376256e+01]])
<<<<<<<<<<< STEP 5 >>>>>>>>>>>> + array([[ -5.41193268e-02],
       [ -5.04563609e-01],
       [ -5.09551652e-01],
       [ -4.98531753e-01],
       [ -6.55824354e-03],
       [ -1.62644540e-04],
       [  1.20275747e-04],
       [ -5.01962600e-01],
       [ -5.07887591e-01],
       [ -5.09878422e-01],
       [ -5.01875992e-01],
       [ -5.08403969e-01],
       [ -4.98893693e-01],
       [ -5.04464414e-01],
       [ -5.08007533e-01],
       [ -1.23791492e-01],
       [ -5.07272936e-01],
       [ -5.04989788e-01],
       [ -5.12549666e-01],
       [ -1.38420847e-01],
       [ -5.12365168e-01],
       [ -5.30165718e-01],
       [ -5.08725200e-01],
       [ -5.03871168e-01],
       [ -5.03022690e-01],
       [ -4.94920523e-01],
       [ -5.13324269e-01],
       [ -5.35055230e-01],
       [ -5.00617435e-01],
       [ -5.14258271e-01],
       [ -5.05608433e-01],
       [ -5.12648479e-01],
       [ -5.02100785e-01],
       [ -5.02181337e-01],
       [ -5.06429096e-01],
       [ -4.99567555e-01],
       [ -2.31699295e-01],
       [  4.02462813e-03],
       [ -5.05996717e-01],
       [ -5.09011649e-01]])
array([[ -1.87050610e+00],
       [ -1.04592640e+01],
       [ -1.11222577e+01],
       [ -1.01974126e+01],
       [ -1.78788069e-01],
       [ -1.46986591e+00],
       [ -2.80597817e-01],
       [ -8.81620777e+00],
       [ -1.08787068e+01],
       [ -1.11686136e+01],
       [ -1.02180521e+01],
       [ -1.08402617e+01],
       [ -1.00431767e+01],
       [ -1.05556066e+01],
       [ -1.09186709e+01],
       [ -2.72208691e+00],
       [ -1.05087318e+01],
       [ -1.05143649e+01],
       [ -1.04053582e+01],
       [ -2.09890769e+00],
       [ -1.04296739e+01],
       [ -8.82132416e+00],
       [ -1.10912442e+01],
       [ -9.04702553e+00],
       [ -1.05223293e+01],
       [ -9.83071495e+00],
       [ -9.62007239e+00],
       [ -8.69726975e+00],
       [ -9.98396680e+00],
       [ -8.86275468e+00],
       [ -1.09498222e+01],
       [ -1.04369024e+01],
       [ -1.01189882e+01],
       [ -9.75518741e+00],
       [ -1.07675722e+01],
       [ -1.04305063e+01],
       [ -3.45131195e+00],
       [ -3.36250469e-04],
       [ -1.11877340e+01],
       [ -1.07466373e+01]])
<<<<<<<<<<< STEP 6 >>>>>>>>>>>> + array([[-0.05259914],
       [-0.50346113],
       [-0.50740982],
       [-0.49865242],
       [-0.00655602],
       [ 0.00442331],
       [ 0.00115283],
       [-0.5021192 ],
       [-0.5060312 ],
       [-0.50762359],
       [-0.50135206],
       [-0.50650847],
       [-0.49882046],
       [-0.50342481],
       [-0.50621121],
       [-0.12314466],
       [-0.50562415],
       [-0.50373856],
       [-0.50982701],
       [-0.14088765],
       [-0.50966295],
       [-0.52374795],
       [-0.5066274 ],
       [-0.5030748 ],
       [-0.50207594],
       [-0.49584644],
       [-0.51045466],
       [-0.52780092],
       [-0.50020797],
       [-0.51196168],
       [-0.50428427],
       [-0.50988565],
       [-0.50150166],
       [-0.50169464],
       [-0.50485143],
       [-0.49932587],
       [-0.24650821],
       [ 0.00493043],
       [-0.50448525],
       [-0.50705106]])
array([[ -1.92310524e+00],
       [ -1.09627251e+01],
       [ -1.16296675e+01],
       [ -1.06960651e+01],
       [ -1.85344086e-01],
       [ -1.46544261e+00],
       [ -2.79444987e-01],
       [ -9.31832697e+00],
       [ -1.13847380e+01],
       [ -1.16762372e+01],
       [ -1.07194041e+01],
       [ -1.13467701e+01],
       [ -1.05419972e+01],
       [ -1.10590314e+01],
       [ -1.14248821e+01],
       [ -2.84523157e+00],
       [ -1.10143559e+01],
       [ -1.10181034e+01],
       [ -1.09151852e+01],
       [ -2.23979534e+00],
       [ -1.09393369e+01],
       [ -9.34507211e+00],
       [ -1.15978716e+01],
       [ -9.55010033e+00],
       [ -1.10244053e+01],
       [ -1.03265614e+01],
       [ -1.01305271e+01],
       [ -9.22507067e+00],
       [ -1.04841748e+01],
       [ -9.37471636e+00],
       [ -1.14541065e+01],
       [ -1.09467881e+01],
       [ -1.06204898e+01],
       [ -1.02568821e+01],
       [ -1.12724236e+01],
       [ -1.09298321e+01],
       [ -3.69782016e+00],
       [  4.59417809e-03],
       [ -1.16922193e+01],
       [ -1.12536883e+01]])
<<<<<<<<<<< STEP 7 >>>>>>>>>>>> + array([[-0.05197259],
       [-0.5026417 ],
       [-0.50578534],
       [-0.49882653],
       [-0.00644314],
       [ 0.00801368],
       [ 0.00200534],
       [-0.50209968],
       [-0.50466396],
       [-0.50593347],
       [-0.50098516],
       [-0.5050783 ],
       [-0.49887954],
       [-0.50266673],
       [-0.5048552 ],
       [-0.1246606 ],
       [-0.50435423],
       [-0.50283242],
       [-0.50773004],
       [-0.14435363],
       [-0.5075869 ],
       [-0.51873228],
       [-0.50509146],
       [-0.50240522],
       [-0.50144821],
       [-0.49662954],
       [-0.50825396],
       [-0.52207007],
       [-0.49999224],
       [-0.50987917],
       [-0.50331993],
       [-0.50776281],
       [-0.5010827 ],
       [-0.50130837],
       [-0.50371595],
       [-0.49926912],
       [-0.2666221 ],
       [ 0.00574188],
       [-0.503411  ],
       [-0.50554235]])
array([[ -1.97507783e+00],
       [ -1.14653668e+01],
       [ -1.21354529e+01],
       [ -1.11948916e+01],
       [ -1.91787226e-01],
       [ -1.45742893e+00],
       [ -2.77439650e-01],
       [ -9.82042665e+00],
       [ -1.18894019e+01],
       [ -1.21821706e+01],
       [ -1.12203893e+01],
       [ -1.18518484e+01],
       [ -1.10408767e+01],
       [ -1.15616981e+01],
       [ -1.19297373e+01],
       [ -2.96989217e+00],
       [ -1.15187102e+01],
       [ -1.15209358e+01],
       [ -1.14229152e+01],
       [ -2.38414897e+00],
       [ -1.14469238e+01],
       [ -9.86380440e+00],
       [ -1.21029630e+01],
       [ -1.00525055e+01],
       [ -1.15258535e+01],
       [ -1.08231909e+01],
       [ -1.06387810e+01],
       [ -9.74714074e+00],
       [ -1.09841670e+01],
       [ -9.88459552e+00],
       [ -1.19574264e+01],
       [ -1.14545509e+01],
       [ -1.11215725e+01],
       [ -1.07581904e+01],
       [ -1.17761396e+01],
       [ -1.14291013e+01],
       [ -3.96444226e+00],
       [  1.03360564e-02],
       [ -1.21956303e+01],
       [ -1.17592307e+01]])
<<<<<<<<<<< STEP 8 >>>>>>>>>>>> + array([[-0.05199578],
       [-0.50202313],
       [-0.50453451],
       [-0.49901271],
       [-0.00625637],
       [ 0.0107458 ],
       [ 0.00275572],
       [-0.50198763],
       [-0.50363514],
       [-0.50464645],
       [-0.50072529],
       [-0.50397824],
       [-0.49900132],
       [-0.50209869],
       [-0.50381531],
       [-0.12793306],
       [-0.50337399],
       [-0.50216636],
       [-0.50609799],
       [-0.14834026],
       [-0.50597419],
       [-0.51479286],
       [-0.50394287],
       [-0.50186416],
       [-0.50102341],
       [-0.49728205],
       [-0.50654098],
       [-0.51752678],
       [-0.49988672],
       [-0.50804412],
       [-0.5026004 ],
       [-0.5061141 ],
       [-0.50078041],
       [-0.50100497],
       [-0.50288002],
       [-0.49930868],
       [-0.292216  ],
       [ 0.00648543],
       [-0.50262958],
       [-0.50436832]])
array([[ -2.0270736 ],
       [-11.96738994],
       [-12.63998738],
       [-11.69390429],
       [ -0.19804359],
       [ -1.44668312],
       [ -0.27468393],
       [-10.32241428],
       [-12.39303707],
       [-12.68681709],
       [-11.72111458],
       [-12.35582669],
       [-11.53987802],
       [-12.06379678],
       [-12.43355265],
       [ -3.09782523],
       [-12.02208416],
       [-12.0231022 ],
       [-11.9290132 ],
       [ -2.53248923],
       [-11.95289794],
       [-10.37859726],
       [-12.60690589],
       [-10.55436971],
       [-12.02687687],
       [-11.32047297],
       [-11.14532199],
       [-10.26466752],
       [-11.48405373],
       [-10.39263964],
       [-12.46002685],
       [-11.96066498],
       [-11.62235295],
       [-11.25919539],
       [-12.27901958],
       [-11.92840994],
       [ -4.25665825],
       [  0.01682148],
       [-12.69825986],
       [-12.26359902]])
<<<<<<<<<<< STEP 9 >>>>>>>>>>>> + array([[-0.05245989],
       [-0.50154977],
       [-0.50355792],
       [-0.49919026],
       [-0.00603716],
       [ 0.01268558],
       [ 0.00347199],
       [-0.50183093],
       [-0.50284492],
       [-0.50365159],
       [-0.50053904],
       [-0.50311675],
       [-0.49914672],
       [-0.50166142],
       [-0.50300566],
       [-0.1325556 ],
       [-0.50261606],
       [-0.5016697 ],
       [-0.50481521],
       [-0.15226426],
       [-0.50470831],
       [-0.51168137],
       [-0.50306637],
       [-0.50143861],
       [-0.50072923],
       [-0.49782085],
       [-0.50518882],
       [-0.51390853],
       [-0.49984241],
       [-0.50645436],
       [-0.50205061],
       [-0.5048206 ],
       [-0.50055529],
       [-0.50076893],
       [-0.5022505 ],
       [-0.49939364],
       [-0.32308012],
       [ 0.00717477],
       [-0.50204761],
       [-0.50344504]])
array([[ -2.07953349],
       [-12.46893971],
       [-13.1435453 ],
       [-12.19309454],
       [ -0.20408076],
       [ -1.43399754],
       [ -0.27121194],
       [-10.82424521],
       [-12.89588198],
       [-13.19046868],
       [-12.22165362],
       [-12.85894344],
       [-12.03902475],
       [-12.5654582 ],
       [-12.93655831],
       [ -3.23038083],
       [-12.52470022],
       [-12.5247719 ],
       [-12.4338284 ],
       [ -2.68475349],
       [-12.45760625],
       [-10.89027863],
       [-13.10997225],
       [-11.05580832],
       [-12.5276061 ],
       [-11.81829382],
       [-11.65051081],
       [-10.77857605],
       [-11.98389614],
       [-10.899094  ],
       [-12.96207746],
       [-12.46548558],
       [-12.12290824],
       [-11.75996432],
       [-12.78127008],
       [-12.42780358],
       [ -4.57973837],
       [  0.02399625],
       [-13.20030747],
       [-12.76704406]])
