<<<<<<<<<<< STEP 0 >>>>>>>>>>>> + array([[-0.88478744],
       [-0.21909462],
       [ 0.07179263],
       [-0.89195762],
       [-0.94794857],
       [-1.12289361],
       [-1.09909002],
       [-1.07872475],
       [-0.14341335],
       [-0.31607412],
       [-0.98680832],
       [-0.07272499],
       [-0.96923032],
       [-1.00861713],
       [-0.76294376],
       [-0.96544047],
       [-0.21741499],
       [-0.89912472],
       [-0.98730305],
       [-0.41790422],
       [-0.96762205],
       [-0.33416857],
       [-1.01855138],
       [-0.94390893],
       [-0.87425749],
       [-0.95796714],
       [-0.95840304],
       [-1.05811245],
       [-0.82539414],
       [-0.28538383],
       [-0.10929123]])
array([[-0.88478744],
       [-0.21909462],
       [ 0.07179263],
       [-0.89195762],
       [-0.94794857],
       [-1.12289361],
       [-1.09909002],
       [-1.07872475],
       [-0.14341335],
       [-0.31607412],
       [-0.98680832],
       [-0.07272499],
       [-0.96923032],
       [-1.00861713],
       [-0.76294376],
       [-0.96544047],
       [-0.21741499],
       [-0.89912472],
       [-0.98730305],
       [-0.41790422],
       [-0.96762205],
       [-0.33416857],
       [-1.01855138],
       [-0.94390893],
       [-0.87425749],
       [-0.95796714],
       [-0.95840304],
       [-1.05811245],
       [-0.82539414],
       [-0.28538383],
       [-0.10929123]])
<<<<<<<<<<< STEP 1 >>>>>>>>>>>> + array([[-0.83439798],
       [-0.21833732],
       [-0.11059364],
       [-0.83800974],
       [-0.91469508],
       [-1.04745906],
       [-1.02377117],
       [-1.02857306],
       [-0.24431643],
       [-0.44009085],
       [-0.94201676],
       [-0.10680941],
       [-0.94073122],
       [-0.95004866],
       [-0.68886704],
       [-0.88760218],
       [-0.34673566],
       [-0.8437711 ],
       [-0.88086226],
       [-0.50558961],
       [-0.91874982],
       [-0.34228222],
       [-0.9661506 ],
       [-0.90091875],
       [-0.81542561],
       [-0.90914412],
       [-0.91015255],
       [-1.02410008],
       [-0.76413991],
       [-0.35845205],
       [-0.1186493 ]])
array([[-1.71918542],
       [-0.43743194],
       [-0.03880101],
       [-1.72996736],
       [-1.86264365],
       [-2.17035267],
       [-2.12286119],
       [-2.10729781],
       [-0.38772978],
       [-0.75616497],
       [-1.92882507],
       [-0.1795344 ],
       [-1.90996154],
       [-1.9586658 ],
       [-1.4518108 ],
       [-1.85304265],
       [-0.56415065],
       [-1.74289582],
       [-1.86816531],
       [-0.92349384],
       [-1.88637187],
       [-0.67645079],
       [-1.98470198],
       [-1.84482768],
       [-1.68968309],
       [-1.86711126],
       [-1.86855559],
       [-2.08221253],
       [-1.58953404],
       [-0.64383588],
       [-0.22794053]])
<<<<<<<<<<< STEP 2 >>>>>>>>>>>> + array([[-0.77384691],
       [-0.20615036],
       [-0.22574225],
       [-0.77550501],
       [-0.84515754],
       [-0.93100828],
       [-0.91509472],
       [-0.9216642 ],
       [-0.32360207],
       [-0.53269673],
       [-0.85876156],
       [-0.13157253],
       [-0.86112133],
       [-0.86248089],
       [-0.64310047],
       [-0.81106172],
       [-0.45439237],
       [-0.78225624],
       [-0.77722482],
       [-0.58672264],
       [-0.83815278],
       [-0.34988376],
       [-0.87269068],
       [-0.82622926],
       [-0.75429957],
       [-0.83411717],
       [-0.83939118],
       [-0.9203147 ],
       [-0.70221411],
       [-0.4167067 ],
       [-0.13005304]])
array([[-2.49303233],
       [-0.6435823 ],
       [-0.26454326],
       [-2.50547237],
       [-2.70780118],
       [-3.10136096],
       [-3.03795591],
       [-3.028962  ],
       [-0.71133185],
       [-1.2888617 ],
       [-2.78758663],
       [-0.31110693],
       [-2.77108287],
       [-2.82114668],
       [-2.09491127],
       [-2.66410437],
       [-1.01854302],
       [-2.52515207],
       [-2.64539012],
       [-1.51021648],
       [-2.72452465],
       [-1.02633455],
       [-2.85739266],
       [-2.67105695],
       [-2.44398267],
       [-2.70122842],
       [-2.70794676],
       [-3.00252722],
       [-2.29174815],
       [-1.06054259],
       [-0.35799357]])
<<<<<<<<<<< STEP 3 >>>>>>>>>>>> + array([[-0.71141777],
       [-0.18409427],
       [-0.24153971],
       [-0.71141003],
       [-0.7609752 ],
       [-0.81831832],
       [-0.80866656],
       [-0.80995635],
       [-0.36385994],
       [-0.56567106],
       [-0.76372831],
       [-0.14505624],
       [-0.76654082],
       [-0.76655775],
       [-0.61443645],
       [-0.74370324],
       [-0.53875063],
       [-0.72138379],
       [-0.70352979],
       [-0.64089101],
       [-0.74842675],
       [-0.35868018],
       [-0.7716843 ],
       [-0.7403147 ],
       [-0.6891444 ],
       [-0.7547888 ],
       [-0.76138308],
       [-0.80562736],
       [-0.65130624],
       [-0.43757489],
       [-0.14341299]])
array([[-3.2044501 ],
       [-0.82767658],
       [-0.50608297],
       [-3.2168824 ],
       [-3.46877638],
       [-3.91967927],
       [-3.84662247],
       [-3.83891835],
       [-1.07519179],
       [-1.85453275],
       [-3.55131494],
       [-0.45616316],
       [-3.53762368],
       [-3.58770444],
       [-2.70934772],
       [-3.40780762],
       [-1.55729365],
       [-3.24653586],
       [-3.34891991],
       [-2.15110749],
       [-3.4729514 ],
       [-1.38501473],
       [-3.62907696],
       [-3.41137165],
       [-3.13312706],
       [-3.45601723],
       [-3.46932984],
       [-3.80815458],
       [-2.94305439],
       [-1.49811747],
       [-0.50140655]])
<<<<<<<<<<< STEP 4 >>>>>>>>>>>> + array([[-0.6554565 ],
       [-0.15171299],
       [-0.19266865],
       [-0.65450855],
       [-0.68716026],
       [-0.72688998],
       [-0.72129319],
       [-0.71905171],
       [-0.36789673],
       [-0.55639761],
       [-0.68471865],
       [-0.1442065 ],
       [-0.6874154 ],
       [-0.68683013],
       [-0.59130901],
       [-0.68461169],
       [-0.59707392],
       [-0.66733414],
       [-0.65094593],
       [-0.65480375],
       [-0.6729711 ],
       [-0.37403328],
       [-0.68869225],
       [-0.66720039],
       [-0.63315562],
       [-0.68567209],
       [-0.69171612],
       [-0.71294605],
       [-0.61149913],
       [-0.42924133],
       [-0.15760095]])
array([[-3.8599066 ],
       [-0.97938956],
       [-0.69875162],
       [-3.87139095],
       [-4.15593664],
       [-4.64656925],
       [-4.56791566],
       [-4.55797006],
       [-1.44308852],
       [-2.41093036],
       [-4.23603359],
       [-0.60036966],
       [-4.22503908],
       [-4.27453457],
       [-3.30065673],
       [-4.09241931],
       [-2.15436757],
       [-3.91387   ],
       [-3.99986584],
       [-2.80591125],
       [-4.1459225 ],
       [-1.75904801],
       [-4.3177692 ],
       [-4.07857204],
       [-3.76628268],
       [-4.14168931],
       [-4.16104596],
       [-4.52110062],
       [-3.55455352],
       [-1.9273588 ],
       [-0.6590075 ]])
<<<<<<<<<<< STEP 5 >>>>>>>>>>>> + array([[-0.61060079],
       [-0.11083858],
       [-0.12222656],
       [-0.60940696],
       [-0.62955638],
       [-0.65686027],
       [-0.65394387],
       [-0.65092849],
       [-0.34403559],
       [-0.53058612],
       [-0.62660961],
       [-0.12825127],
       [-0.62886842],
       [-0.62803759],
       [-0.56933776],
       [-0.6334588 ],
       [-0.62196909],
       [-0.62112319],
       [-0.60949065],
       [-0.63544688],
       [-0.61759132],
       [-0.39927042],
       [-0.62817451],
       [-0.61348233],
       [-0.59031062],
       [-0.62992195],
       [-0.63479123],
       [-0.64451335],
       [-0.57951646],
       [-0.41043787],
       [-0.1729752 ]])
array([[-4.47050739],
       [-1.09022814],
       [-0.82097818],
       [-4.48079791],
       [-4.78549303],
       [-5.30342952],
       [-5.22185953],
       [-5.20889856],
       [-1.78712411],
       [-2.94151648],
       [-4.8626432 ],
       [-0.72862093],
       [-4.8539075 ],
       [-4.90257216],
       [-3.86999449],
       [-4.7258781 ],
       [-2.77633667],
       [-4.53499318],
       [-4.6093565 ],
       [-3.44135812],
       [-4.76351382],
       [-2.15831843],
       [-4.94594372],
       [-4.69205437],
       [-4.3565933 ],
       [-4.77161126],
       [-4.7958372 ],
       [-5.16561397],
       [-4.13406998],
       [-2.33779667],
       [-0.8319827 ]])
<<<<<<<<<<< STEP 6 >>>>>>>>>>>> + array([[-0.57749901],
       [-0.06512499],
       [-0.05530377],
       [-0.57638622],
       [-0.58683393],
       [-0.60538122],
       [-0.60427435],
       [-0.60195921],
       [-0.30553912],
       [-0.50495156],
       [-0.58572254],
       [-0.10231348],
       [-0.58742871],
       [-0.58672432],
       [-0.54954354],
       [-0.59221717],
       [-0.61600438],
       [-0.58403169],
       [-0.57643904],
       [-0.6018515 ],
       [-0.57945365],
       [-0.43177746],
       [-0.5863812 ],
       [-0.57657285],
       [-0.55907131],
       [-0.58752476],
       [-0.59120939],
       [-0.5958743 ],
       [-0.5541326 ],
       [-0.39479069],
       [-0.19099567]])
array([[-5.04800641],
       [-1.15535313],
       [-0.87628195],
       [-5.05718413],
       [-5.37232695],
       [-5.90881074],
       [-5.82613388],
       [-5.81085777],
       [-2.09266324],
       [-3.44646805],
       [-5.44836574],
       [-0.83093441],
       [-5.44133621],
       [-5.48929648],
       [-4.41953803],
       [-5.31809528],
       [-3.39234104],
       [-5.11902488],
       [-5.18579554],
       [-4.04320963],
       [-5.34296747],
       [-2.59009589],
       [-5.53232492],
       [-5.26862722],
       [-4.91566461],
       [-5.35913602],
       [-5.38704659],
       [-5.76148827],
       [-4.68820258],
       [-2.73258736],
       [-1.02297837]])
<<<<<<<<<<< STEP 7 >>>>>>>>>>>> + array([[-0.55430095],
       [-0.01861724],
       [-0.00181501],
       [-0.55335009],
       [-0.55668986],
       [-0.56934984],
       [-0.56942204],
       [-0.56810493],
       [-0.26682776],
       [-0.48728157],
       [-0.55782564],
       [-0.07401149],
       [-0.55903256],
       [-0.55859494],
       [-0.53388348],
       [-0.5617926 ],
       [-0.59416228],
       [-0.55670926],
       [-0.55172666],
       [-0.56999844],
       [-0.55395556],
       [-0.46517835],
       [-0.55833812],
       [-0.55194554],
       [-0.53725318],
       [-0.5572356 ],
       [-0.56000705],
       [-0.56255982],
       [-0.53515172],
       [-0.38884006],
       [-0.21272502]])
array([[-5.60230736],
       [-1.17397037],
       [-0.87809696],
       [-5.61053422],
       [-5.92901681],
       [-6.47816058],
       [-6.39555591],
       [-6.37896269],
       [-2.35949099],
       [-3.93374962],
       [-6.00619138],
       [-0.90494589],
       [-6.00036877],
       [-6.04789142],
       [-4.95342151],
       [-5.87988787],
       [-3.98650332],
       [-5.67573414],
       [-5.7375222 ],
       [-4.61320807],
       [-5.89692303],
       [-3.05527424],
       [-6.09066304],
       [-5.82057276],
       [-5.45291778],
       [-5.91637162],
       [-5.94705364],
       [-6.32404809],
       [-5.2233543 ],
       [-3.12142743],
       [-1.23570339]])
<<<<<<<<<<< STEP 8 >>>>>>>>>>>> + array([[-0.53841136],
       [ 0.02423207],
       [ 0.03675746],
       [-0.53761475],
       [-0.53635603],
       [-0.54514938],
       [-0.54592386],
       [-0.54540002],
       [-0.23691961],
       [-0.47870733],
       [-0.53920464],
       [-0.04853898],
       [-0.54002603],
       [-0.53982485],
       [-0.52270102],
       [-0.54079236],
       [-0.57019952],
       [-0.53788447],
       [-0.53444275],
       [-0.54608527],
       [-0.53706101],
       [-0.49308757],
       [-0.53975216],
       [-0.53564379],
       [-0.52266281],
       [-0.53666971],
       [-0.53881461],
       [-0.54045682],
       [-0.52187778],
       [-0.39334113],
       [-0.23847558]])
array([[-6.14071872],
       [-1.14973829],
       [-0.8413395 ],
       [-6.14814897],
       [-6.46537284],
       [-7.02330996],
       [-6.94147977],
       [-6.92436271],
       [-2.5964106 ],
       [-4.41245694],
       [-6.54539602],
       [-0.95348487],
       [-6.5403948 ],
       [-6.58771627],
       [-5.47612253],
       [-6.42068023],
       [-4.55670284],
       [-6.21361861],
       [-6.27196496],
       [-5.15929334],
       [-6.43398404],
       [-3.54836181],
       [-6.6304152 ],
       [-6.35621655],
       [-5.97558059],
       [-6.45304133],
       [-6.48586825],
       [-6.86450491],
       [-5.74523208],
       [-3.51476856],
       [-1.47417897]])
<<<<<<<<<<< STEP 9 >>>>>>>>>>>> + array([[-0.52753506],
       [ 0.05953096],
       [ 0.06256552],
       [-0.52687028],
       [-0.52304836],
       [-0.52928515],
       [-0.53041721],
       [-0.53039997],
       [-0.21910749],
       [-0.47691573],
       [-0.52686902],
       [-0.02800742],
       [-0.52741447],
       [-0.52737215],
       [-0.51515366],
       [-0.52681409],
       [-0.55022788],
       [-0.52535898],
       [-0.52283493],
       [-0.52993679],
       [-0.525816  ],
       [-0.51176383],
       [-0.52742492],
       [-0.52479926],
       [-0.51325831],
       [-0.5231535 ],
       [-0.52486896],
       [-0.52607529],
       [-0.51306709],
       [-0.40552355],
       [-0.26806121]])
array([[-6.66825378],
       [-1.09020733],
       [-0.77877399],
       [-6.67501925],
       [-6.9884212 ],
       [-7.55259511],
       [-7.47189698],
       [-7.45476268],
       [-2.81551809],
       [-4.88937267],
       [-7.07226504],
       [-0.98149229],
       [-7.06780926],
       [-7.11508842],
       [-5.99127618],
       [-6.94749432],
       [-5.10693072],
       [-6.73897759],
       [-6.79479988],
       [-5.68923013],
       [-6.95980005],
       [-4.06012564],
       [-7.15784012],
       [-6.88101581],
       [-6.4888389 ],
       [-6.97619483],
       [-7.01073721],
       [-7.39058019],
       [-6.25829916],
       [-3.9202921 ],
       [-1.74224018]])
