<<<<<<<<<<< STEP 0 >>>>>>>>>>>> + array([[-0.05716463],
       [ 0.0160721 ],
       [-0.95075238],
       [-1.04214329],
       [-0.97090671],
       [-1.03672083],
       [ 0.05937466],
       [-1.04680906],
       [-1.01450236],
       [-0.94594697],
       [-0.97361774],
       [-0.94646537],
       [-0.84043389],
       [-1.03444678],
       [-0.96004193],
       [ 0.01633689],
       [-0.04104453],
       [-0.94193805],
       [-0.95651958],
       [-0.96233583],
       [-1.03437701],
       [-0.95323019],
       [ 0.04128668],
       [-0.04979676],
       [-0.95123962],
       [-1.03154313],
       [-0.04620072],
       [-0.200872  ],
       [-0.95868831],
       [-0.94983598],
       [-1.02891751],
       [-0.94399774],
       [-0.58400836],
       [-1.00766606],
       [-0.03942957],
       [-0.95486385],
       [-1.02720814],
       [-0.96582653],
       [-1.03507701],
       [-1.02112325]])
array([[-0.05716463],
       [ 0.0160721 ],
       [-0.95075238],
       [-1.04214329],
       [-0.97090671],
       [-1.03672083],
       [ 0.05937466],
       [-1.04680906],
       [-1.01450236],
       [-0.94594697],
       [-0.97361774],
       [-0.94646537],
       [-0.84043389],
       [-1.03444678],
       [-0.96004193],
       [ 0.01633689],
       [-0.04104453],
       [-0.94193805],
       [-0.95651958],
       [-0.96233583],
       [-1.03437701],
       [-0.95323019],
       [ 0.04128668],
       [-0.04979676],
       [-0.95123962],
       [-1.03154313],
       [-0.04620072],
       [-0.200872  ],
       [-0.95868831],
       [-0.94983598],
       [-1.02891751],
       [-0.94399774],
       [-0.58400836],
       [-1.00766606],
       [-0.03942957],
       [-0.95486385],
       [-1.02720814],
       [-0.96582653],
       [-1.03507701],
       [-1.02112325]])
<<<<<<<<<<< STEP 1 >>>>>>>>>>>> + array([[-0.1261065 ],
       [ 0.00358606],
       [-0.9412231 ],
       [-0.91691702],
       [-0.96349925],
       [-1.01319617],
       [ 0.0771302 ],
       [-1.02459489],
       [-0.98468053],
       [-0.94378236],
       [-0.84506236],
       [-0.80429572],
       [-0.79062837],
       [-1.01120503],
       [-0.83207789],
       [-0.0736968 ],
       [-0.10529186],
       [-0.80238949],
       [-0.95682123],
       [-0.96006691],
       [-1.00790295],
       [-0.82080256],
       [-0.04569928],
       [-0.12345934],
       [-0.95307335],
       [-1.00674117],
       [-0.10661294],
       [-0.22901861],
       [-0.96185945],
       [-0.94936141],
       [-0.90010305],
       [-0.9467022 ],
       [-0.59122769],
       [-0.98805596],
       [-0.11869927],
       [-0.88278729],
       [-1.0111365 ],
       [-0.96316102],
       [-1.01445282],
       [-1.00769241]])
array([[-0.18327113],
       [ 0.01965816],
       [-1.89197548],
       [-1.95906031],
       [-1.93440595],
       [-2.049917  ],
       [ 0.13650485],
       [-2.07140395],
       [-1.9991829 ],
       [-1.88972933],
       [-1.81868011],
       [-1.75076109],
       [-1.63106226],
       [-2.04565182],
       [-1.79211982],
       [-0.05735992],
       [-0.14633639],
       [-1.74432754],
       [-1.91334081],
       [-1.92240273],
       [-2.04227996],
       [-1.77403275],
       [-0.00441261],
       [-0.1732561 ],
       [-1.90431297],
       [-2.03828431],
       [-0.15281365],
       [-0.4298906 ],
       [-1.92054776],
       [-1.89919739],
       [-1.92902055],
       [-1.89069994],
       [-1.17523605],
       [-1.99572203],
       [-0.15812884],
       [-1.83765114],
       [-2.03834464],
       [-1.92898755],
       [-2.04952984],
       [-2.02881566]])
<<<<<<<<<<< STEP 2 >>>>>>>>>>>> + array([[-0.14971536],
       [-0.03453557],
       [-0.89926748],
       [-0.81258464],
       [-0.92373558],
       [-0.9710634 ],
       [ 0.09858836],
       [-0.98823481],
       [-0.93335266],
       [-0.92039561],
       [-0.73560954],
       [-0.68991254],
       [-0.7360107 ],
       [-0.9743463 ],
       [-0.7205507 ],
       [-0.10311153],
       [-0.11823995],
       [-0.68495389],
       [-0.9378186 ],
       [-0.94245884],
       [-0.96735899],
       [-0.71148262],
       [-0.07074267],
       [-0.14285329],
       [-0.93128278],
       [-0.97080443],
       [-0.1142365 ],
       [-0.23786502],
       [-0.95126024],
       [-0.92252487],
       [-0.80151232],
       [-0.92946041],
       [-0.60819811],
       [-0.95256257],
       [-0.1533192 ],
       [-0.81585304],
       [-0.98025836],
       [-0.94031106],
       [-0.99224438],
       [-0.97728674]])
array([[-0.3329865 ],
       [-0.0148774 ],
       [-2.79124295],
       [-2.77164495],
       [-2.85814153],
       [-3.0209804 ],
       [ 0.23509321],
       [-3.05963876],
       [-2.93253555],
       [-2.81012494],
       [-2.55428965],
       [-2.44067364],
       [-2.36707296],
       [-3.01999811],
       [-2.51267052],
       [-0.16047145],
       [-0.26457634],
       [-2.42928143],
       [-2.8511594 ],
       [-2.86486157],
       [-3.00963895],
       [-2.48551537],
       [-0.07515527],
       [-0.31610939],
       [-2.83559575],
       [-3.00908874],
       [-0.26705015],
       [-0.66775563],
       [-2.871808  ],
       [-2.82172226],
       [-2.73053288],
       [-2.82016035],
       [-1.78343416],
       [-2.9482846 ],
       [-0.31144804],
       [-2.65350418],
       [-3.018603  ],
       [-2.86929861],
       [-3.04177421],
       [-3.00610241]])
<<<<<<<<<<< STEP 3 >>>>>>>>>>>> + array([[-0.15530078],
       [-0.09262392],
       [-0.8188224 ],
       [-0.74158048],
       [-0.84920997],
       [-0.90096101],
       [ 0.12363495],
       [-0.92323137],
       [-0.8501049 ],
       [-0.86184246],
       [-0.65822372],
       [-0.61017889],
       [-0.6898907 ],
       [-0.91068023],
       [-0.63887425],
       [-0.11299428],
       [-0.10918368],
       [-0.60093396],
       [-0.88315036],
       [-0.89351728],
       [-0.8972029 ],
       [-0.63425025],
       [-0.07179205],
       [-0.142328  ],
       [-0.87759996],
       [-0.9094748 ],
       [-0.10003718],
       [-0.23213854],
       [-0.92107682],
       [-0.85979295],
       [-0.73689268],
       [-0.87788414],
       [-0.62320564],
       [-0.8816333 ],
       [-0.1714245 ],
       [-0.76219569],
       [-0.92253356],
       [-0.88307326],
       [-0.952163  ],
       [-0.91467844]])
array([[-0.48828728],
       [-0.10750132],
       [-3.61006536],
       [-3.51322543],
       [-3.7073515 ],
       [-3.92194141],
       [ 0.35872816],
       [-3.98287013],
       [-3.78264045],
       [-3.6719674 ],
       [-3.21251337],
       [-3.05085252],
       [-3.05696366],
       [-3.93067834],
       [-3.15154477],
       [-0.27346573],
       [-0.37376001],
       [-3.03021539],
       [-3.73430976],
       [-3.75837886],
       [-3.90684185],
       [-3.11976562],
       [-0.14694732],
       [-0.45843739],
       [-3.71319571],
       [-3.91856353],
       [-0.36708733],
       [-0.89989416],
       [-3.79288482],
       [-3.6815152 ],
       [-3.46742556],
       [-3.6980445 ],
       [-2.4066398 ],
       [-3.8299179 ],
       [-0.48287254],
       [-3.41569987],
       [-3.94113656],
       [-3.75237187],
       [-3.99393721],
       [-3.92078085]])
<<<<<<<<<<< STEP 4 >>>>>>>>>>>> + array([[-0.15131089],
       [-0.1524502 ],
       [-0.72028789],
       [-0.68763156],
       [-0.75415988],
       [-0.80500607],
       [ 0.13717402],
       [-0.82644813],
       [-0.75086975],
       [-0.77275136],
       [-0.60692766],
       [-0.56109262],
       [-0.65338791],
       [-0.81574282],
       [-0.58363526],
       [-0.11468476],
       [-0.09444926],
       [-0.54832632],
       [-0.79197156],
       [-0.8094883 ],
       [-0.80136419],
       [-0.58387503],
       [-0.06490141],
       [-0.13417067],
       [-0.79387443],
       [-0.82064734],
       [-0.08156581],
       [-0.21921725],
       [-0.85578441],
       [-0.76905563],
       [-0.68837123],
       [-0.79088872],
       [-0.6245466 ],
       [-0.78605727],
       [-0.18004179],
       [-0.71505878],
       [-0.83312392],
       [-0.79114087],
       [-0.87756762],
       [-0.8183852 ]])
array([[-0.63959817],
       [-0.25995152],
       [-4.33035325],
       [-4.20085699],
       [-4.46151137],
       [-4.72694748],
       [ 0.49590218],
       [-4.80931825],
       [-4.5335102 ],
       [-4.44471876],
       [-3.81944103],
       [-3.61194514],
       [-3.71035157],
       [-4.74642116],
       [-3.73518002],
       [-0.38815049],
       [-0.46820928],
       [-3.57854171],
       [-4.52628132],
       [-4.56786716],
       [-4.70820604],
       [-3.70364065],
       [-0.21184873],
       [-0.59260806],
       [-4.50707014],
       [-4.73921088],
       [-0.44865314],
       [-1.11911141],
       [-4.64866923],
       [-4.45057084],
       [-4.15579679],
       [-4.48893322],
       [-3.0311864 ],
       [-4.61597517],
       [-0.66291432],
       [-4.13075865],
       [-4.77426048],
       [-4.54351274],
       [-4.87150483],
       [-4.73916604]])
<<<<<<<<<<< STEP 5 >>>>>>>>>>>> + array([[-0.13990577],
       [-0.19434496],
       [-0.63726363],
       [-0.64368426],
       [-0.6688516 ],
       [-0.70935522],
       [ 0.12520374],
       [-0.72601312],
       [-0.66681284],
       [-0.6816578 ],
       [-0.57424118],
       [-0.53526196],
       [-0.62264257],
       [-0.71724787],
       [-0.54932619],
       [-0.1072609 ],
       [-0.08067067],
       [-0.52112365],
       [-0.6951589 ],
       [-0.71384851],
       [-0.70989709],
       [-0.55363983],
       [-0.05462083],
       [-0.12207729],
       [-0.70250783],
       [-0.72585589],
       [-0.06693919],
       [-0.20056106],
       [-0.75974601],
       [-0.68209872],
       [-0.64789879],
       [-0.69736799],
       [-0.61170698],
       [-0.6976253 ],
       [-0.1772095 ],
       [-0.67084513],
       [-0.73450616],
       [-0.69442925],
       [-0.7763238 ],
       [-0.71860163]])
array([[-0.77950393],
       [-0.45429648],
       [-4.96761688],
       [-4.84454125],
       [-5.13036297],
       [-5.4363027 ],
       [ 0.62110592],
       [-5.53533137],
       [-5.20032303],
       [-5.12637657],
       [-4.39368221],
       [-4.14720709],
       [-4.33299414],
       [-5.46366903],
       [-4.28450622],
       [-0.4954114 ],
       [-0.54887995],
       [-4.09966536],
       [-5.22144023],
       [-5.28171567],
       [-5.41810313],
       [-4.25728048],
       [-0.26646956],
       [-0.71468535],
       [-5.20957797],
       [-5.46506677],
       [-0.51559233],
       [-1.31967248],
       [-5.40841524],
       [-5.13266955],
       [-4.80369557],
       [-5.18630121],
       [-3.64289339],
       [-5.31360047],
       [-0.84012382],
       [-4.80160378],
       [-5.50876664],
       [-5.23794198],
       [-5.64782863],
       [-5.45776768]])
<<<<<<<<<<< STEP 6 >>>>>>>>>>>> + array([[-0.12531061],
       [-0.21573419],
       [-0.58160986],
       [-0.60962988],
       [-0.60768008],
       [-0.63677786],
       [ 0.09636277],
       [-0.64960843],
       [-0.60944532],
       [-0.61244785],
       [-0.55278636],
       [-0.52202367],
       [-0.59649003],
       [-0.64291897],
       [-0.52860106],
       [-0.09335245],
       [-0.06969437],
       [-0.50846526],
       [-0.62215912],
       [-0.63518783],
       [-0.64284775],
       [-0.53552116],
       [-0.04380656],
       [-0.10921759],
       [-0.62837639],
       [-0.64948511],
       [-0.05734501],
       [-0.17739205],
       [-0.66876502],
       [-0.61909019],
       [-0.61519002],
       [-0.62585616],
       [-0.59371538],
       [-0.63284809],
       [-0.1656306 ],
       [-0.63278913],
       [-0.65416765],
       [-0.62123778],
       [-0.68372317],
       [-0.64322147]])
array([[-0.90481454],
       [-0.67003068],
       [-5.54922674],
       [-5.45417112],
       [-5.73804305],
       [-6.07308056],
       [ 0.71746869],
       [-6.1849398 ],
       [-5.80976835],
       [-5.73882441],
       [-4.94646857],
       [-4.66923076],
       [-4.92948417],
       [-6.106588  ],
       [-4.81310728],
       [-0.58876385],
       [-0.61857432],
       [-4.60813062],
       [-5.84359934],
       [-5.9169035 ],
       [-6.06095088],
       [-4.79280165],
       [-0.31027613],
       [-0.82390294],
       [-5.83795436],
       [-6.11455188],
       [-0.57293735],
       [-1.49706453],
       [-6.07718025],
       [-5.75175974],
       [-5.41888559],
       [-5.81215737],
       [-4.23660876],
       [-5.94644856],
       [-1.00575443],
       [-5.43439291],
       [-6.16293429],
       [-5.85917976],
       [-6.3315518 ],
       [-6.10098914]])
<<<<<<<<<<< STEP 7 >>>>>>>>>>>> + array([[-0.1111767 ],
       [-0.22568577],
       [-0.54768305],
       [-0.58432618],
       [-0.56807995],
       [-0.58912861],
       [ 0.06502299],
       [-0.59954325],
       [-0.57332327],
       [-0.56753476],
       [-0.53774724],
       [-0.51414786],
       [-0.57502196],
       [-0.59471144],
       [-0.51570158],
       [-0.07755395],
       [-0.06128909],
       [-0.50206976],
       [-0.57549593],
       [-0.58184538],
       [-0.59862377],
       [-0.52375677],
       [-0.03404218],
       [-0.09773744],
       [-0.57836629],
       [-0.59765858],
       [-0.05131014],
       [-0.15302369],
       [-0.60422656],
       [-0.57825545],
       [-0.58987934],
       [-0.57940999],
       [-0.57694461],
       [-0.5900444 ],
       [-0.15074156],
       [-0.6026803 ],
       [-0.59949287],
       [-0.57408683],
       [-0.61853419],
       [-0.59413057]])
array([[-1.01599124],
       [-0.89571645],
       [-6.09690978],
       [-6.0384973 ],
       [-6.306123  ],
       [-6.66220917],
       [ 0.78249167],
       [-6.78448305],
       [-6.38309162],
       [-6.30635918],
       [-5.4842158 ],
       [-5.18337861],
       [-5.50450613],
       [-6.70129944],
       [-5.32880886],
       [-0.6663178 ],
       [-0.67986342],
       [-5.11020038],
       [-6.41909527],
       [-6.49874888],
       [-6.65957466],
       [-5.31655842],
       [-0.34431831],
       [-0.92164038],
       [-6.41632064],
       [-6.71221046],
       [-0.62424748],
       [-1.65008822],
       [-6.68140682],
       [-6.3300152 ],
       [-6.00876493],
       [-6.39156736],
       [-4.81355337],
       [-6.53649295],
       [-1.15649599],
       [-6.03707321],
       [-6.76242716],
       [-6.43326659],
       [-6.95008598],
       [-6.69511972]])
<<<<<<<<<<< STEP 8 >>>>>>>>>>>> + array([[-0.09912256],
       [-0.23209374],
       [-0.52759761],
       [-0.56558876],
       [-0.54330565],
       [-0.55926706],
       [ 0.0375789 ],
       [-0.56788344],
       [-0.55074597],
       [-0.54011538],
       [-0.52682782],
       [-0.50876969],
       [-0.55789101],
       [-0.56452215],
       [-0.50747364],
       [-0.06260946],
       [-0.05484156],
       [-0.49836151],
       [-0.54709237],
       [-0.54862557],
       [-0.56980886],
       [-0.51563364],
       [-0.02581588],
       [-0.08840774],
       [-0.5472782 ],
       [-0.56476984],
       [-0.04754614],
       [-0.13022861],
       [-0.56365397],
       [-0.55227458],
       [-0.57053024],
       [-0.55061093],
       [-0.56301594],
       [-0.56249158],
       [-0.13619227],
       [-0.57959966],
       [-0.56486107],
       [-0.54520014],
       [-0.57717028],
       [-0.56329693]])
array([[-1.1151138 ],
       [-1.12781019],
       [-6.62450739],
       [-6.60408606],
       [-6.84942864],
       [-7.22147623],
       [ 0.82007057],
       [-7.35236649],
       [-6.93383759],
       [-6.84647456],
       [-6.01104362],
       [-5.69214831],
       [-6.06239713],
       [-7.26582159],
       [-5.8362825 ],
       [-0.72892726],
       [-0.73470497],
       [-5.60856189],
       [-6.96618765],
       [-7.04737444],
       [-7.22938352],
       [-5.83219206],
       [-0.37013419],
       [-1.01004812],
       [-6.96359885],
       [-7.2769803 ],
       [-0.67179362],
       [-1.78031683],
       [-7.24506078],
       [-6.88228977],
       [-6.57929517],
       [-6.94217829],
       [-5.37656931],
       [-7.09898454],
       [-1.29268826],
       [-6.61667287],
       [-7.32728823],
       [-6.97846673],
       [-7.52725627],
       [-7.25841665]])
<<<<<<<<<<< STEP 9 >>>>>>>>>>>> + array([[-0.08959885],
       [-0.23915547],
       [-0.51580378],
       [-0.55152887],
       [-0.52786135],
       [-0.54055497],
       [ 0.01497893],
       [-0.54765539],
       [-0.5363382 ],
       [-0.5236912 ],
       [-0.51885643],
       [-0.50493097],
       [-0.54447015],
       [-0.54539545],
       [-0.50223   ],
       [-0.0495728 ],
       [-0.04991171],
       [-0.49609098],
       [-0.52987852],
       [-0.52853653],
       [-0.55065018],
       [-0.509928  ],
       [-0.01913043],
       [-0.08131444],
       [-0.52847246],
       [-0.54410526],
       [-0.04532674],
       [-0.1103944 ],
       [-0.53901821],
       [-0.53554684],
       [-0.55568098],
       [-0.53278665],
       [-0.55173246],
       [-0.54457589],
       [-0.12363042],
       [-0.56199629],
       [-0.5432216 ],
       [-0.52764787],
       [-0.55146185],
       [-0.5437705 ]])
array([[-1.20471265],
       [-1.36696566],
       [-7.14031117],
       [-7.15561493],
       [-7.37728999],
       [-7.7620312 ],
       [ 0.8350495 ],
       [-7.90002188],
       [-7.47017579],
       [-7.37016576],
       [-6.52990005],
       [-6.19707928],
       [-6.60686728],
       [-7.81121704],
       [-6.33851249],
       [-0.77850006],
       [-0.78461668],
       [-6.10465287],
       [-7.49606617],
       [-7.57591098],
       [-7.78003369],
       [-6.34212006],
       [-0.38926461],
       [-1.09136256],
       [-7.4920713 ],
       [-7.82108557],
       [-0.71712036],
       [-1.89071122],
       [-7.784079  ],
       [-7.41783662],
       [-7.13497615],
       [-7.47496494],
       [-5.92830177],
       [-7.64356042],
       [-1.41631867],
       [-7.17866916],
       [-7.87050982],
       [-7.50611459],
       [-8.07871812],
       [-7.80218715]])
