<<<<<<<<<<< STEP 0 >>>>>>>>>>>> + array([[-0.50189438],
       [-0.02689668],
       [-0.02142376],
       [-0.50529234],
       [-0.50176449],
       [-0.50050883],
       [-0.50041956],
       [-0.50154493],
       [-0.49987641],
       [-0.50178574],
       [-0.49892448],
       [-0.49985535],
       [-0.0281464 ],
       [-0.50034343],
       [-0.50132234],
       [-0.49928254],
       [-0.00136299],
       [-0.49912534],
       [-0.01958413],
       [-0.50493354],
       [-0.50177687],
       [-0.52672994],
       [-0.49977133],
       [-0.50190973],
       [-0.50406786],
       [-0.50037867],
       [-0.04829413],
       [-0.50031071],
       [-0.49872882],
       [-0.50152754],
       [-0.50209015],
       [-0.50139123],
       [-0.5002325 ],
       [-0.50023168],
       [-0.50007714],
       [-0.50180385],
       [-0.02091034],
       [-0.01539089],
       [-0.49905401],
       [-0.49990996]])
array([[-13.77957623],
       [ -1.09650476],
       [ -1.01369465],
       [-11.29906953],
       [-13.70238613],
       [-13.43802741],
       [-13.58535388],
       [-13.58372298],
       [-13.57948349],
       [-13.84287893],
       [-12.00704636],
       [-13.35236292],
       [ -1.24244812],
       [-13.66005957],
       [-13.76527714],
       [-11.85861012],
       [ -0.53435842],
       [-12.03577157],
       [ -2.13363814],
       [ -6.40052204],
       [-13.85775642],
       [ -9.14094569],
       [-13.59922783],
       [-13.59812454],
       [-12.71163016],
       [-13.67645493],
       [ -1.51639868],
       [-13.55994254],
       [-11.92768284],
       [-13.88680578],
       [-13.64040083],
       [-13.8153238 ],
       [-13.47424578],
       [-13.36097725],
       [-13.65939452],
       [-13.75510905],
       [ -1.20137771],
       [ -0.87097656],
       [-11.87610417],
       [-13.8140696 ]])
<<<<<<<<<<< STEP 1 >>>>>>>>>>>> + array([[-0.5013637 ],
       [-0.02451113],
       [-0.02013664],
       [-0.50383371],
       [-0.50125191],
       [-0.50038024],
       [-0.50029114],
       [-0.50110777],
       [-0.49990859],
       [-0.50128576],
       [-0.49937638],
       [-0.49987932],
       [-0.02547386],
       [-0.50023865],
       [-0.50093106],
       [-0.49965889],
       [-0.00093542],
       [-0.49953036],
       [-0.01574712],
       [-0.51708113],
       [-0.50127577],
       [-0.5209328 ],
       [-0.49980192],
       [-0.50136152],
       [-0.50302054],
       [-0.50026129],
       [-0.03958439],
       [-0.50018764],
       [-0.49921696],
       [-0.50108486],
       [-0.50152691],
       [-0.50100766],
       [-0.50013632],
       [-0.50014103],
       [-0.50003051],
       [-0.50127235],
       [-0.01913439],
       [-0.01394031],
       [-0.49948842],
       [-0.49998213]])
array([[-14.28093993],
       [ -1.12101589],
       [ -1.03383129],
       [-11.80290325],
       [-14.20363804],
       [-13.93840765],
       [-14.08564502],
       [-14.08483075],
       [-14.07939208],
       [-14.34416469],
       [-12.50642274],
       [-13.85224224],
       [ -1.26792198],
       [-14.16029822],
       [-14.2662082 ],
       [-12.35826901],
       [ -0.53529385],
       [-12.53530194],
       [ -2.14938526],
       [ -6.91760317],
       [-14.35903219],
       [ -9.66187848],
       [-14.09902975],
       [-14.09948605],
       [-13.2146507 ],
       [-14.17671622],
       [ -1.55598307],
       [-14.06013018],
       [-12.4268998 ],
       [-14.38789064],
       [-14.14192773],
       [-14.31633145],
       [-13.9743821 ],
       [-13.86111828],
       [-14.15942503],
       [-14.2563814 ],
       [ -1.2205121 ],
       [ -0.88491687],
       [-12.37559259],
       [-14.31405172]])
<<<<<<<<<<< STEP 2 >>>>>>>>>>>> + array([[-0.500987  ],
       [-0.02243698],
       [-0.0190493 ],
       [-0.50278784],
       [-0.50089288],
       [-0.50028669],
       [-0.5002045 ],
       [-0.50079874],
       [-0.49993536],
       [-0.50093107],
       [-0.49966435],
       [-0.4999028 ],
       [-0.0231748 ],
       [-0.50016849],
       [-0.50065958],
       [-0.49988625],
       [-0.00059027],
       [-0.49978196],
       [-0.01283086],
       [-0.52238692],
       [-0.50092152],
       [-0.51634525],
       [-0.49983512],
       [-0.50097587],
       [-0.50225107],
       [-0.50018319],
       [-0.03175704],
       [-0.50011106],
       [-0.49953444],
       [-0.50077544],
       [-0.50112085],
       [-0.5007351 ],
       [-0.50007793],
       [-0.50008541],
       [-0.50000664],
       [-0.5009016 ],
       [-0.01763781],
       [-0.01269029],
       [-0.49975866],
       [-0.50002498]])
array([[-14.78192692],
       [ -1.14345286],
       [ -1.05288059],
       [-12.30569109],
       [-14.70453092],
       [-14.43869434],
       [-14.58584953],
       [-14.5856295 ],
       [-14.57932744],
       [-14.84509576],
       [-13.00608709],
       [-14.35214504],
       [ -1.29109678],
       [-14.66046671],
       [-14.76686778],
       [-12.85815526],
       [ -0.53588411],
       [-13.03508389],
       [ -2.16221612],
       [ -7.43999009],
       [-14.85995371],
       [-10.17822373],
       [-14.59886487],
       [-14.60046192],
       [-13.71690177],
       [-14.67689941],
       [ -1.58774011],
       [-14.56024123],
       [-12.92643424],
       [-14.88866608],
       [-14.64304858],
       [-14.81706655],
       [-14.47446003],
       [-14.3612037 ],
       [-14.65943167],
       [-14.757283  ],
       [ -1.23814991],
       [ -0.89760716],
       [-12.87535125],
       [-14.8140767 ]])
<<<<<<<<<<< STEP 3 >>>>>>>>>>>> + array([[ -5.00720380e-01],
       [ -2.07175031e-02],
       [ -1.81714688e-02],
       [ -5.02042482e-01],
       [ -5.00642550e-01],
       [ -5.00217610e-01],
       [ -5.00145532e-01],
       [ -5.00581012e-01],
       [ -4.99955172e-01],
       [ -5.00680010e-01],
       [ -4.99838386e-01],
       [ -4.99923058e-01],
       [ -2.12797011e-02],
       [ -5.00120748e-01],
       [ -5.00471850e-01],
       [ -5.00012235e-01],
       [ -3.14765661e-04],
       [ -4.99928171e-01],
       [ -1.06061039e-02],
       [ -5.23205362e-01],
       [ -5.00671557e-01],
       [ -5.12747052e-01],
       [ -4.99865788e-01],
       [ -5.00705706e-01],
       [ -5.01687181e-01],
       [ -5.00130451e-01],
       [ -2.51777797e-02],
       [ -5.00064286e-01],
       [ -4.99732572e-01],
       [ -5.00559633e-01],
       [ -5.00828762e-01],
       [ -5.00541124e-01],
       [ -5.00043104e-01],
       [ -5.00051565e-01],
       [ -4.99995186e-01],
       [ -5.00644498e-01],
       [ -1.64231061e-02],
       [ -1.16596549e-02],
       [ -4.99916091e-01],
       [ -5.00046261e-01]])
array([[-15.2826473 ],
       [ -1.16417037],
       [ -1.07105206],
       [-12.80773357],
       [-15.20517347],
       [-14.93891195],
       [-15.08599506],
       [-15.08621051],
       [-15.07928261],
       [-15.34577577],
       [-13.50592547],
       [-14.8520681 ],
       [ -1.31237648],
       [-15.16058746],
       [-15.26733963],
       [-13.3581675 ],
       [ -0.53619888],
       [-13.53501206],
       [ -2.17282223],
       [ -7.96319545],
       [-15.36062527],
       [-10.69097078],
       [-15.09873066],
       [-15.10116762],
       [-14.21858895],
       [-15.17702986],
       [ -1.61291789],
       [-15.06030552],
       [-13.42616681],
       [-15.38922571],
       [-15.14387734],
       [-15.31760768],
       [-14.97450313],
       [-14.86125526],
       [-15.15942686],
       [-15.2579275 ],
       [ -1.25457302],
       [ -0.90926681],
       [-13.37526734],
       [-15.31412296]])
<<<<<<<<<<< STEP 4 >>>>>>>>>>>> + array([[ -5.00530943e-01],
       [ -1.93416745e-02],
       [ -1.74896877e-02],
       [ -5.01510188e-01],
       [ -5.00467465e-01],
       [ -5.00166032e-01],
       [ -5.00104934e-01],
       [ -5.00427005e-01],
       [ -4.99969035e-01],
       [ -5.00501546e-01],
       [ -4.99938305e-01],
       [ -4.99939595e-01],
       [ -1.97676006e-02],
       [ -5.00087743e-01],
       [ -5.00341546e-01],
       [ -5.00074319e-01],
       [ -9.66307138e-05],
       [ -5.00006942e-01],
       [ -8.90256113e-03],
       [ -5.21580841e-01],
       [ -5.00494374e-01],
       [ -5.09937424e-01],
       [ -4.99892187e-01],
       [ -5.00515813e-01],
       [ -5.01272664e-01],
       [ -5.00094264e-01],
       [ -1.98639386e-02],
       [ -5.00036203e-01],
       [ -4.99852187e-01],
       [ -5.00408435e-01],
       [ -5.00617852e-01],
       [ -5.00402166e-01],
       [ -5.00022724e-01],
       [ -5.00031083e-01],
       [ -4.99990390e-01],
       [ -5.00465838e-01],
       [ -1.54663707e-02],
       [ -1.08374355e-02],
       [ -5.00001259e-01],
       [ -5.00053676e-01]])
array([[-15.78317825],
       [ -1.18351204],
       [ -1.08854175],
       [-13.30924376],
       [-15.70564094],
       [-15.43907798],
       [-15.58609999],
       [-15.58663751],
       [-15.57925164],
       [-15.84627732],
       [-14.00586378],
       [-15.3520077 ],
       [ -1.33214408],
       [-15.6606752 ],
       [-15.76768117],
       [-13.85824181],
       [ -0.53629551],
       [-14.03501901],
       [ -2.18172479],
       [ -8.48477629],
       [-15.86111965],
       [-11.20090821],
       [-15.59862285],
       [-15.60168344],
       [-14.71986161],
       [-15.67712413],
       [ -1.63278183],
       [-15.56034172],
       [-13.92601899],
       [-15.88963415],
       [-15.64449519],
       [-15.81800984],
       [-15.47452586],
       [-15.36128634],
       [-15.65941725],
       [-15.75839334],
       [ -1.27003939],
       [ -0.92010425],
       [-13.8752686 ],
       [-15.81417664]])
<<<<<<<<<<< STEP 5 >>>>>>>>>>>> + array([[ -5.00395191e-01],
       [ -1.82702822e-02],
       [ -1.69789343e-02],
       [ -5.01127187e-01],
       [ -5.00343961e-01],
       [ -5.00127195e-01],
       [ -5.00076616e-01],
       [ -5.00317111e-01],
       [ -4.99978500e-01],
       [ -5.00373576e-01],
       [ -4.99992391e-01],
       [ -4.99952754e-01],
       [ -1.85914381e-02],
       [ -5.00064561e-01],
       [ -5.00250269e-01],
       [ -5.00098732e-01],
       [  7.52279340e-05],
       [ -5.00044971e-01],
       [ -7.59439904e-03],
       [ -5.18896608e-01],
       [ -5.00367649e-01],
       [ -5.07747712e-01],
       [ -4.99914114e-01],
       [ -5.00381177e-01],
       [ -5.00965973e-01],
       [ -5.00069035e-01],
       [ -1.56674919e-02],
       [ -5.00019615e-01],
       [ -4.99922363e-01],
       [ -5.00301502e-01],
       [ -5.00464374e-01],
       [ -5.00301650e-01],
       [ -5.00011046e-01],
       [ -5.00018735e-01],
       [ -4.99989063e-01],
       [ -5.00340691e-01],
       [ -1.47315372e-02],
       [ -1.01976858e-02],
       [ -5.00042736e-01],
       [ -5.00053126e-01]])
array([[-16.28357344],
       [ -1.20178232],
       [ -1.10552068],
       [-13.81037095],
       [-16.2059849 ],
       [-15.93920518],
       [-16.08617661],
       [-16.08695462],
       [-16.07923014],
       [-16.34665089],
       [-14.50585617],
       [-15.85196045],
       [ -1.35073552],
       [-16.16073976],
       [-16.26793144],
       [-14.35834055],
       [ -0.53622028],
       [-14.53506398],
       [ -2.18931919],
       [ -9.0036729 ],
       [-16.3614873 ],
       [-11.70865592],
       [-16.09853696],
       [-16.10206461],
       [-15.22082759],
       [-16.17719316],
       [ -1.64844932],
       [-16.06036134],
       [-14.42594136],
       [-16.38993565],
       [-16.14495957],
       [-16.31831149],
       [-15.9745369 ],
       [-15.86130508],
       [-16.15940631],
       [-16.25873403],
       [ -1.28477093],
       [ -0.93030193],
       [-14.37531134],
       [-16.31422976]])
<<<<<<<<<<< STEP 6 >>>>>>>>>>>> + array([[ -5.00296846e-01],
       [ -1.74552637e-02],
       [ -1.66113325e-02],
       [ -5.00848753e-01],
       [ -5.00255825e-01],
       [ -5.00097759e-01],
       [ -5.00056583e-01],
       [ -5.00237798e-01],
       [ -4.99984917e-01],
       [ -5.00280801e-01],
       [ -5.00019281e-01],
       [ -4.99963105e-01],
       [ -1.76968745e-02],
       [ -5.00048031e-01],
       [ -5.00185542e-01],
       [ -5.00102400e-01],
       [  2.10293702e-04],
       [ -5.00059649e-01],
       [ -6.58807675e-03],
       [ -5.15953385e-01],
       [ -5.00275988e-01],
       [ -5.06042088e-01],
       [ -4.99931960e-01],
       [ -5.00284611e-01],
       [ -5.00737283e-01],
       [ -5.00051166e-01],
       [ -1.23929362e-02],
       [ -5.00009989e-01],
       [ -4.99962385e-01],
       [ -5.00224956e-01],
       [ -5.00351616e-01],
       [ -5.00228131e-01],
       [ -5.00004535e-01],
       [ -5.00011309e-01],
       [ -4.99989447e-01],
       [ -5.00252016e-01],
       [ -1.41805852e-02],
       [ -9.71034096e-03],
       [ -5.00059142e-01],
       [ -5.00048549e-01]])
array([[-16.78387028],
       [ -1.21923759],
       [ -1.12213201],
       [-14.3112197 ],
       [-16.70624072],
       [-16.43930294],
       [-16.58623319],
       [-16.58719242],
       [-16.57921506],
       [-16.84693169],
       [-15.00587545],
       [-16.35192356],
       [ -1.36843239],
       [-16.66078779],
       [-16.76811698],
       [-14.85844295],
       [ -0.53600999],
       [-15.03512363],
       [ -2.19590726],
       [ -9.51962629],
       [-16.86176328],
       [-12.214698  ],
       [-16.59846892],
       [-16.60234923],
       [-15.72156487],
       [-16.67724433],
       [ -1.66084226],
       [-16.56037133],
       [-14.92590374],
       [-16.8901606 ],
       [-16.64531118],
       [-16.81853962],
       [-16.47454144],
       [-16.36131639],
       [-16.65939576],
       [-16.75898604],
       [ -1.29895151],
       [ -0.94001227],
       [-14.87537048],
       [-16.81427831]])
<<<<<<<<<<< STEP 7 >>>>>>>>>>>> + array([[ -5.00224774e-01],
       [ -1.68500882e-02],
       [ -1.63607929e-02],
       [ -5.00644073e-01],
       [ -5.00192121e-01],
       [ -5.00075330e-01],
       [ -5.00042213e-01],
       [ -5.00179859e-01],
       [ -4.99989284e-01],
       [ -5.00212762e-01],
       [ -5.00030653e-01],
       [ -4.99971204e-01],
       [ -1.70323386e-02],
       [ -5.00036074e-01],
       [ -5.00139015e-01],
       [ -5.00095614e-01],
       [  3.16374774e-04],
       [ -5.00061708e-01],
       [ -5.81340917e-03],
       [ -5.13158340e-01],
       [ -5.00208899e-01],
       [ -5.04713431e-01],
       [ -4.99946306e-01],
       [ -5.00214477e-01],
       [ -5.00565415e-01],
       [ -5.00038318e-01],
       [ -9.85315144e-03],
       [ -5.00004528e-01],
       [ -4.99984464e-01],
       [ -5.00169449e-01],
       [ -5.00267954e-01],
       [ -5.00173763e-01],
       [ -5.00001046e-01],
       [ -5.00006849e-01],
       [ -4.99990586e-01],
       [ -5.00188363e-01],
       [ -1.37787831e-02],
       [ -9.34693534e-03],
       [ -5.00061969e-01],
       [ -5.00042335e-01]])
array([[-17.28409506],
       [ -1.23608768],
       [ -1.13849281],
       [-14.81186377],
       [-17.20643284],
       [-16.93937827],
       [-17.0862754 ],
       [-17.08737228],
       [-17.07920434],
       [-17.34714445],
       [-15.5059061 ],
       [-16.85189476],
       [ -1.38546473],
       [-17.16082387],
       [-17.268256  ],
       [-15.35853856],
       [ -0.53569361],
       [-15.53518534],
       [ -2.20172067],
       [-10.03278463],
       [-17.36197218],
       [-12.71941144],
       [-17.09841523],
       [-17.1025637 ],
       [-16.22213028],
       [-17.17728265],
       [ -1.67069541],
       [-17.06037586],
       [-15.42588821],
       [-17.39033005],
       [-17.14557914],
       [-17.31871339],
       [-16.97454248],
       [-16.86132324],
       [-17.15938634],
       [-17.25917441],
       [ -1.3127303 ],
       [ -0.94935921],
       [-15.37543245],
       [-17.31432065]])
<<<<<<<<<<< STEP 8 >>>>>>>>>>>> + array([[ -5.00171369e-01],
       [ -1.64140278e-02],
       [ -1.62048274e-02],
       [ -5.00491985e-01],
       [ -5.00145491e-01],
       [ -5.00058167e-01],
       [ -5.00031767e-01],
       [ -5.00137037e-01],
       [ -4.99992284e-01],
       [ -5.00162309e-01],
       [ -5.00033564e-01],
       [ -4.99977527e-01],
       [ -1.65530590e-02],
       [ -5.00027313e-01],
       [ -5.00105116e-01],
       [ -5.00084337e-01],
       [  3.99750848e-04],
       [ -5.00057497e-01],
       [ -5.21726812e-03],
       [ -5.10686493e-01],
       [ -5.00159235e-01],
       [ -5.03678078e-01],
       [ -4.99957745e-01],
       [ -5.00162910e-01],
       [ -5.00435323e-01],
       [ -5.00028952e-01],
       [ -7.88895291e-03],
       [ -5.00001525e-01],
       [ -4.99996095e-01],
       [ -5.00128686e-01],
       [ -5.00205305e-01],
       [ -5.00133142e-01],
       [ -4.99999294e-01],
       [ -5.00004171e-01],
       [ -4.99991971e-01],
       [ -5.00142067e-01],
       [ -1.34965713e-02],
       [ -9.08285458e-03],
       [ -5.00058017e-01],
       [ -5.00035829e-01]])
array([[-17.78426643],
       [ -1.2525017 ],
       [ -1.15469763],
       [-15.31235576],
       [-17.70657833],
       [-17.43943643],
       [-17.58630717],
       [-17.58750932],
       [-17.57919663],
       [-17.84730676],
       [-16.00593967],
       [-17.35187229],
       [ -1.40201779],
       [-17.66085118],
       [-17.76836112],
       [-15.8586229 ],
       [ -0.53529386],
       [-16.03524283],
       [ -2.20693794],
       [-10.54347112],
       [-17.86213142],
       [-13.22308951],
       [-17.59837297],
       [-17.60272661],
       [-16.72256561],
       [-17.6773116 ],
       [ -1.67858436],
       [-17.56037738],
       [-15.9258843 ],
       [-17.89045874],
       [-17.64578444],
       [-17.81884653],
       [-17.47454178],
       [-17.36132741],
       [-17.65937831],
       [-17.75931647],
       [ -1.32622687],
       [ -0.95844206],
       [-15.87549047],
       [-17.81435648]])
<<<<<<<<<<< STEP 9 >>>>>>>>>>>> + array([[ -5.00131397e-01],
       [ -1.61131976e-02],
       [ -1.61248753e-02],
       [ -5.00377872e-01],
       [ -5.00110958e-01],
       [ -5.00044988e-01],
       [ -5.00024081e-01],
       [ -5.00105049e-01],
       [ -4.99994371e-01],
       [ -5.00124521e-01],
       [ -5.00032159e-01],
       [ -4.99982461e-01],
       [ -1.62219200e-02],
       [ -5.00020819e-01],
       [ -5.00080104e-01],
       [ -5.00071846e-01],
       [  4.65402347e-04],
       [ -5.00050631e-01],
       [ -4.75914801e-03],
       [ -5.08587800e-01],
       [ -5.00122090e-01],
       [ -5.02870948e-01],
       [ -4.99966815e-01],
       [ -5.00124565e-01],
       [ -5.00336240e-01],
       [ -5.00022037e-01],
       [ -6.37196405e-03],
       [ -4.99999953e-01],
       [ -5.00001787e-01],
       [ -5.00098401e-01],
       [ -5.00158005e-01],
       [ -5.00102518e-01],
       [ -4.99998519e-01],
       [ -5.00002563e-01],
       [ -4.99993344e-01],
       [ -5.00107978e-01],
       [ -1.33097285e-02],
       [ -8.89778107e-03],
       [ -5.00051161e-01],
       [ -5.00029719e-01]])
array([[-18.28439782],
       [ -1.2686149 ],
       [ -1.17082251],
       [-15.81273363],
       [-18.20668929],
       [-17.93948142],
       [-18.08633125],
       [-18.08761437],
       [-18.079191  ],
       [-18.34743128],
       [-16.50597183],
       [-17.85185475],
       [ -1.41823971],
       [-18.160872  ],
       [-18.26844122],
       [-16.35869474],
       [ -0.53482846],
       [-16.53529346],
       [ -2.21169709],
       [-11.05205892],
       [-18.36225351],
       [-13.72596046],
       [-18.09833979],
       [-18.10285118],
       [-17.22290185],
       [-18.17733364],
       [ -1.68495633],
       [-18.06037733],
       [-16.42588609],
       [-18.39055714],
       [-18.14594245],
       [-18.31894905],
       [-17.9745403 ],
       [-17.86132997],
       [-18.15937166],
       [-18.25942445],
       [ -1.3395366 ],
       [ -0.96733984],
       [-16.37554163],
       [-18.3143862 ]])
<<<<<<<<<<< STEP 10 >>>>>>>>>>>> + array([[-0.50010122],
       [-0.01592017],
       [-0.01610598],
       [-0.50029152],
       [-0.50008511],
       [-0.50003484],
       [-0.50001837],
       [-0.50008093],
       [-0.49999584],
       [-0.50009597],
       [-0.5000288 ],
       [-0.49998631],
       [-0.01600892],
       [-0.50001596],
       [-0.50006144],
       [-0.50005983],
       [ 0.00051725],
       [-0.50004307],
       [-0.004408  ],
       [-0.50685046],
       [-0.50009406],
       [-0.50224148],
       [-0.49997398],
       [-0.50009577],
       [-0.50026038],
       [-0.50001688],
       [-0.00520127],
       [-0.4999992 ],
       [-0.5000042 ],
       [-0.50007567],
       [-0.50012204],
       [-0.50007925],
       [-0.49999827],
       [-0.5000016 ],
       [-0.49999459],
       [-0.5000826 ],
       [-0.01319882],
       [-0.00877536],
       [-0.50004351],
       [-0.50002431]])
array([[-18.78449904],
       [ -1.28453507],
       [ -1.18692849],
       [-16.31302515],
       [-18.70677441],
       [-18.43951626],
       [-18.58634962],
       [-18.5876953 ],
       [-18.57918684],
       [-18.84752726],
       [-17.00600063],
       [-18.35184106],
       [ -1.43424863],
       [-18.66088795],
       [-18.76850266],
       [-16.85875457],
       [ -0.53431121],
       [-17.03533654],
       [ -2.21610509],
       [-11.55890938],
       [-18.86234757],
       [-14.22820194],
       [-18.59831377],
       [-18.60294694],
       [-17.72316223],
       [-18.67735051],
       [ -1.69015759],
       [-18.56037653],
       [-16.92589029],
       [-18.89063281],
       [-18.64606449],
       [-18.8190283 ],
       [-18.47453857],
       [-18.36133157],
       [-18.65936625],
       [-18.75950705],
       [ -1.35273542],
       [ -0.97611521],
       [-16.87558514],
       [-18.8144105 ]])
<<<<<<<<<<< STEP 11 >>>>>>>>>>>> + array([[-0.50007826],
       [-0.01581308],
       [-0.01613627],
       [-0.50022572],
       [-0.5000656 ],
       [-0.50002701],
       [-0.50001408],
       [-0.5000626 ],
       [-0.4999969 ],
       [-0.50007425],
       [-0.50002479],
       [-0.49998931],
       [-0.01589017],
       [-0.50001228],
       [-0.50004737],
       [-0.50004905],
       [ 0.00055835],
       [-0.50003583],
       [-0.00413992],
       [-0.50543587],
       [-0.50007275],
       [-0.50175039],
       [-0.49997962],
       [-0.50007395],
       [-0.50020205],
       [-0.50001299],
       [-0.00429847],
       [-0.4999989 ],
       [-0.50000487],
       [-0.50005846],
       [-0.50009454],
       [-0.50006146],
       [-0.4999983 ],
       [-0.50000101],
       [-0.49999566],
       [-0.50006351],
       [-0.01314845],
       [-0.00870262],
       [-0.50003614],
       [-0.50001969]])
array([[-19.28457731],
       [ -1.30034815],
       [ -1.20306476],
       [-16.81325087],
       [-19.20684001],
       [-18.93954327],
       [-19.0863637 ],
       [-19.0877579 ],
       [-19.07918374],
       [-19.34760151],
       [-17.50602542],
       [-18.85183037],
       [ -1.4501388 ],
       [-19.16090024],
       [-19.26855003],
       [-17.35880362],
       [ -0.53375286],
       [-17.53537236],
       [ -2.22024501],
       [-12.06434525],
       [-19.36242031],
       [-14.72995233],
       [-19.09829339],
       [-19.1030209 ],
       [-18.22336428],
       [-19.1773635 ],
       [ -1.69445606],
       [-19.06037543],
       [-17.42589516],
       [-19.39069127],
       [-19.14615903],
       [-19.31908976],
       [-18.97453688],
       [-18.86133258],
       [-19.15936191],
       [-19.25957056],
       [ -1.36588387],
       [ -0.98481783],
       [-17.37562127],
       [-19.31443019]])
<<<<<<<<<<< STEP 12 >>>>>>>>>>>> + array([[-0.5000607 ],
       [-0.01577467],
       [-0.01620639],
       [-0.50017527],
       [-0.50005075],
       [-0.50002096],
       [-0.50001083],
       [-0.50004858],
       [-0.49999766],
       [-0.50005761],
       [-0.5000208 ],
       [-0.49999165],
       [-0.0158468 ],
       [-0.50000949],
       [-0.50003668],
       [-0.50003977],
       [ 0.00059112],
       [-0.50002934],
       [-0.00393646],
       [-0.50429698],
       [-0.50005644],
       [-0.50136714],
       [-0.49998405],
       [-0.50005731],
       [-0.50015705],
       [-0.50001004],
       [-0.003603  ],
       [-0.49999885],
       [-0.50000468],
       [-0.50004533],
       [-0.5000734 ],
       [-0.50004779],
       [-0.49999846],
       [-0.50000066],
       [-0.49999655],
       [-0.50004904],
       [-0.01314651],
       [-0.00866935],
       [-0.50002953],
       [-0.50001583]])
array([[-19.78463801],
       [ -1.31612282],
       [ -1.21927115],
       [-17.31342615],
       [-19.70689076],
       [-19.43956423],
       [-19.58637453],
       [-19.58780648],
       [-19.57918141],
       [-19.84765912],
       [-18.00604622],
       [-19.35182202],
       [ -1.4659856 ],
       [-19.66090973],
       [-19.76858671],
       [-17.85884338],
       [ -0.53316174],
       [-18.03540171],
       [ -2.22418147],
       [-12.56864223],
       [-19.86247675],
       [-15.23131947],
       [-19.59827744],
       [-19.60307821],
       [-18.72352133],
       [-19.67737354],
       [ -1.69805906],
       [-19.56037428],
       [-17.92589984],
       [-19.89073659],
       [-19.64623243],
       [-19.81913755],
       [-19.47453534],
       [-19.36133324],
       [-19.65935846],
       [-19.7596196 ],
       [ -1.37903038],
       [ -0.99348718],
       [-17.8756508 ],
       [-19.81444602]])
<<<<<<<<<<< STEP 13 >>>>>>>>>>>> + array([[-0.50004719],
       [-0.01579138],
       [-0.01630901],
       [-0.50013642],
       [-0.50003939],
       [-0.50001627],
       [-0.50000836],
       [-0.5000378 ],
       [-0.49999823],
       [-0.50004481],
       [-0.50001716],
       [-0.49999348],
       [-0.01586399],
       [-0.50000736],
       [-0.5000285 ],
       [-0.50003199],
       [ 0.00061741],
       [-0.50002377],
       [-0.00378334],
       [-0.50338723],
       [-0.50004389],
       [-0.50106796],
       [-0.49998753],
       [-0.50004454],
       [-0.50012223],
       [-0.50000778],
       [-0.00306812],
       [-0.49999891],
       [-0.50000412],
       [-0.50003525],
       [-0.5000571 ],
       [-0.50003723],
       [-0.49999866],
       [-0.50000044],
       [-0.49999728],
       [-0.500038  ],
       [-0.0131835 ],
       [-0.00866755],
       [-0.50002385],
       [-0.50001266]])
array([[-20.2846852 ],
       [ -1.3319142 ],
       [ -1.23558016],
       [-17.81356257],
       [-20.20693015],
       [-19.9395805 ],
       [-20.08638289],
       [-20.08784428],
       [-20.07917964],
       [-20.34770393],
       [-18.50606337],
       [-19.85181551],
       [ -1.48184959],
       [-20.16091709],
       [-20.2686152 ],
       [-18.35887537],
       [ -0.53254433],
       [-18.53542548],
       [ -2.22796481],
       [-13.07202946],
       [-20.36252064],
       [-15.73238743],
       [-20.09826497],
       [-20.10312275],
       [-19.22364355],
       [-20.17738132],
       [ -1.70112718],
       [-20.06037319],
       [-18.42590396],
       [-20.39077184],
       [-20.14628953],
       [-20.31917478],
       [-19.974534  ],
       [-19.86133368],
       [-20.15935574],
       [-20.25965761],
       [ -1.39221388],
       [ -1.00215472],
       [-18.37567465],
       [-20.31445868]])
<<<<<<<<<<< STEP 14 >>>>>>>>>>>> + array([[-0.50003676],
       [-0.0158526 ],
       [-0.01643843],
       [-0.50010637],
       [-0.50003064],
       [-0.50001264],
       [-0.50000647],
       [-0.50002947],
       [-0.49999865],
       [-0.50003492],
       [-0.50001398],
       [-0.49999491],
       [-0.01593015],
       [-0.50000571],
       [-0.5000222 ],
       [-0.50002558],
       [ 0.00063869],
       [-0.5000191 ],
       [-0.0036695 ],
       [-0.50266459],
       [-0.5000342 ],
       [-0.50083436],
       [-0.49999025],
       [-0.5000347 ],
       [-0.50009523],
       [-0.50000605],
       [-0.00265776],
       [-0.49999903],
       [-0.50000345],
       [-0.50002748],
       [-0.50004448],
       [-0.50002905],
       [-0.49999887],
       [-0.50000031],
       [-0.49999787],
       [-0.50002953],
       [-0.01325202],
       [-0.00869098],
       [-0.50001911],
       [-0.50001008]])
array([[-20.78472195],
       [ -1.3477668 ],
       [ -1.25201859],
       [-18.31366893],
       [-20.70696079],
       [-20.43959314],
       [-20.58638937],
       [-20.58787375],
       [-20.57917828],
       [-20.84773885],
       [-19.00607735],
       [-20.35181041],
       [ -1.49777974],
       [-20.6609228 ],
       [-20.76863741],
       [-18.85890096],
       [ -0.53190564],
       [-19.03544458],
       [ -2.23163431],
       [-13.57469405],
       [-20.86255485],
       [-16.23322179],
       [-20.59825522],
       [-20.60315745],
       [-19.72373878],
       [-20.67738737],
       [ -1.70378494],
       [-20.56037223],
       [-18.92590741],
       [-20.89079932],
       [-20.64633402],
       [-20.81920383],
       [-20.47453288],
       [-20.36133399],
       [-20.65935361],
       [-20.75968713],
       [ -1.4054659 ],
       [ -1.0108457 ],
       [-18.87569376],
       [-20.81446876]])
<<<<<<<<<<< STEP 15 >>>>>>>>>>>> + array([[-0.50002868],
       [-0.01595008],
       [-0.01659023],
       [-0.50008306],
       [-0.50002389],
       [-0.50000982],
       [-0.50000502],
       [-0.50002301],
       [-0.49999896],
       [-0.50002725],
       [-0.5000113 ],
       [-0.49999602],
       [-0.01603627],
       [-0.50000445],
       [-0.50001734],
       [-0.50002037],
       [ 0.00065609],
       [-0.50001527],
       [-0.00358636],
       [-0.50209291],
       [-0.5000267 ],
       [-0.50065193],
       [-0.49999238],
       [-0.50002708],
       [-0.50007425],
       [-0.50000471],
       [-0.00234409],
       [-0.49999917],
       [-0.50000278],
       [-0.50002146],
       [-0.50003469],
       [-0.5000227 ],
       [-0.49999907],
       [-0.50000022],
       [-0.49999834],
       [-0.50002299],
       [-0.01334633],
       [-0.00873479],
       [-0.50001522],
       [-0.50000801]])
array([[-21.28475063],
       [ -1.36371688],
       [ -1.26860882],
       [-18.81375199],
       [-21.20698468],
       [-20.93960296],
       [-21.08639439],
       [-21.08789676],
       [-21.07917724],
       [-21.3477661 ],
       [-19.50608865],
       [-20.85180644],
       [ -1.51381601],
       [-21.16092724],
       [-21.26865474],
       [-19.35892133],
       [ -0.53124954],
       [-19.53545985],
       [ -2.23522068],
       [-14.07678696],
       [-21.36258154],
       [-16.73387372],
       [-21.0982476 ],
       [-21.10318453],
       [-20.22381303],
       [-21.17739208],
       [ -1.70612903],
       [-21.06037139],
       [-19.42591019],
       [-21.39082078],
       [-21.14636871],
       [-21.31922653],
       [-20.97453194],
       [-20.86133421],
       [-21.15935195],
       [-21.25971013],
       [ -1.41881223],
       [ -1.01958049],
       [-19.37570898],
       [-21.31447677]])
<<<<<<<<<<< STEP 16 >>>>>>>>>>>> + array([[-0.5000224 ],
       [-0.01607739],
       [-0.016761  ],
       [-0.50006493],
       [-0.50001865],
       [-0.50000763],
       [-0.5000039 ],
       [-0.500018  ],
       [-0.4999992 ],
       [-0.5000213 ],
       [-0.50000907],
       [-0.49999689],
       [-0.01617532],
       [-0.50000346],
       [-0.50001356],
       [-0.50001617],
       [ 0.0006705 ],
       [-0.50001215],
       [-0.00352725],
       [-0.501642  ],
       [-0.50002086],
       [-0.50050945],
       [-0.49999405],
       [-0.50002116],
       [-0.50005793],
       [-0.50000367],
       [-0.00210557],
       [-0.4999993 ],
       [-0.5000022 ],
       [-0.50001678],
       [-0.50002708],
       [-0.50001775],
       [-0.49999924],
       [-0.50000017],
       [-0.49999871],
       [-0.50001793],
       [-0.01346196],
       [-0.00879521],
       [-0.50001206],
       [-0.50000635]])
array([[-21.78477303],
       [ -1.37979428],
       [ -1.28536982],
       [-19.31381693],
       [-21.70700333],
       [-21.43961059],
       [-21.58639829],
       [-21.58791476],
       [-21.57917644],
       [-21.8477874 ],
       [-20.00609772],
       [-21.35180333],
       [ -1.52999133],
       [-21.66093071],
       [-21.7686683 ],
       [-19.8589375 ],
       [ -0.53057905],
       [-20.03547199],
       [ -2.23874793],
       [-14.57842896],
       [-21.86260241],
       [-17.23438317],
       [-21.59824166],
       [-21.60320569],
       [-20.72387096],
       [-21.67739575],
       [ -1.7082346 ],
       [-21.5603707 ],
       [-19.92591239],
       [-21.89083756],
       [-21.6463958 ],
       [-21.81924428],
       [-21.47453119],
       [-21.36133438],
       [-21.65935066],
       [-21.75972806],
       [ -1.43227419],
       [ -1.0283757 ],
       [-19.87572104],
       [-21.81448311]])
<<<<<<<<<<< STEP 17 >>>>>>>>>>>> + array([[-0.50001751],
       [-0.01622957],
       [-0.01694812],
       [-0.50005081],
       [-0.50001458],
       [-0.50000593],
       [-0.50000303],
       [-0.50001409],
       [-0.49999938],
       [-0.50001666],
       [-0.50000725],
       [-0.49999757],
       [-0.01634188],
       [-0.5000027 ],
       [-0.50001062],
       [-0.50001281],
       [ 0.0006826 ],
       [-0.50000963],
       [-0.00348699],
       [-0.50128715],
       [-0.50001632],
       [-0.50039814],
       [-0.49999536],
       [-0.50001656],
       [-0.50004523],
       [-0.50000287],
       [-0.00192553],
       [-0.49999942],
       [-0.5000017 ],
       [-0.50001314],
       [-0.50002116],
       [-0.5000139 ],
       [-0.49999939],
       [-0.50000013],
       [-0.499999  ],
       [-0.50001401],
       [-0.01359546],
       [-0.00886932],
       [-0.50000953],
       [-0.50000502]])
array([[-22.28479054],
       [ -1.39602384],
       [ -1.30231793],
       [-19.81386774],
       [-22.2070179 ],
       [-21.93961652],
       [-22.08640132],
       [-22.08792884],
       [-22.07917582],
       [-22.34780405],
       [-20.50610497],
       [-21.8518009 ],
       [ -1.54633321],
       [-22.16093341],
       [-22.26867892],
       [-20.35895031],
       [ -0.52989645],
       [-20.53548163],
       [ -2.24223491],
       [-15.07971611],
       [-22.36261873],
       [-17.73478131],
       [-22.09823701],
       [-22.10322224],
       [-21.22391619],
       [-22.17739862],
       [ -1.71016013],
       [-22.06037012],
       [-20.42591409],
       [-22.3908507 ],
       [-22.14641696],
       [-22.31925818],
       [-21.97453057],
       [-21.86133451],
       [-22.15934966],
       [-22.25974207],
       [ -1.44586965],
       [ -1.03724502],
       [-20.37573056],
       [-22.31448814]])
<<<<<<<<<<< STEP 18 >>>>>>>>>>>> + array([[-0.5000137 ],
       [-0.01640277],
       [-0.01714961],
       [-0.50003979],
       [-0.5000114 ],
       [-0.50000461],
       [-0.50000236],
       [-0.50001104],
       [-0.49999952],
       [-0.50001304],
       [-0.50000577],
       [-0.4999981 ],
       [-0.01653178],
       [-0.50000211],
       [-0.50000833],
       [-0.50001012],
       [ 0.00069293],
       [-0.50000762],
       [-0.00346155],
       [-0.50100834],
       [-0.50001278],
       [-0.50031118],
       [-0.49999637],
       [-0.50001296],
       [-0.50003532],
       [-0.50000224],
       [-0.00179106],
       [-0.49999953],
       [-0.5000013 ],
       [-0.5000103 ],
       [-0.50001654],
       [-0.50001089],
       [-0.49999951],
       [-0.5000001 ],
       [-0.49999923],
       [-0.50001095],
       [-0.0137442 ],
       [-0.00895488],
       [-0.5000075 ],
       [-0.50000397]])
array([[-22.78480424],
       [ -1.41242661],
       [ -1.31946754],
       [-20.31390753],
       [-22.70702931],
       [-22.43962114],
       [-22.58640369],
       [-22.58793988],
       [-22.57917534],
       [-22.84781709],
       [-21.00611074],
       [-22.35179901],
       [ -1.56286499],
       [-22.66093552],
       [-22.76868724],
       [-20.85896044],
       [ -0.52920352],
       [-21.03548925],
       [ -2.24569646],
       [-15.58072445],
       [-22.8626315 ],
       [-18.23509248],
       [-22.59823339],
       [-22.60323521],
       [-21.72395151],
       [-22.67740087],
       [ -1.71195119],
       [-22.56036964],
       [-20.92591539],
       [-22.890861  ],
       [-22.6464335 ],
       [-22.81926906],
       [-22.47453008],
       [-22.36133461],
       [-22.65934888],
       [-22.75975302],
       [ -1.45961385],
       [ -1.0461999 ],
       [-20.87573807],
       [-22.81449211]])
<<<<<<<<<<< STEP 19 >>>>>>>>>>>> + array([[-0.50001073],
       [-0.01659407],
       [-0.01736398],
       [-0.50003118],
       [-0.50000893],
       [-0.50000359],
       [-0.50000184],
       [-0.50000865],
       [-0.49999962],
       [-0.50001021],
       [-0.50000459],
       [-0.49999852],
       [-0.01674184],
       [-0.50000165],
       [-0.50000653],
       [-0.50000799],
       [ 0.00070192],
       [-0.50000602],
       [-0.00344781],
       [-0.50078955],
       [-0.50001001],
       [-0.50024323],
       [-0.49999717],
       [-0.50001016],
       [-0.5000276 ],
       [-0.50000176],
       [-0.00169214],
       [-0.49999962],
       [-0.50000098],
       [-0.50000808],
       [-0.50001294],
       [-0.50000853],
       [-0.49999961],
       [-0.50000008],
       [-0.4999994 ],
       [-0.50000857],
       [-0.01390615],
       [-0.00905015],
       [-0.5000059 ],
       [-0.50000313]])
array([[-23.28481497],
       [ -1.42902069],
       [ -1.33683152],
       [-20.81393871],
       [-23.20703824],
       [-22.93962472],
       [-23.08640553],
       [-23.08794853],
       [-23.07917496],
       [-23.34782731],
       [-21.50611533],
       [-22.85179753],
       [ -1.57960683],
       [-23.16093717],
       [-23.26869378],
       [-21.35896843],
       [ -0.5285016 ],
       [-21.53549527],
       [ -2.24914427],
       [-16.081514  ],
       [-23.36264151],
       [-18.73533571],
       [-23.09823055],
       [-23.10324537],
       [-22.22397911],
       [-23.17740262],
       [ -1.71364333],
       [-23.06036926],
       [-21.42591636],
       [-23.39086908],
       [-23.14644643],
       [-23.31927759],
       [-22.97452968],
       [-22.86133469],
       [-23.15934829],
       [-23.2597616 ],
       [ -1.47352001],
       [ -1.05525004],
       [-21.37574397],
       [-23.31449524]])
<<<<<<<<<<< STEP 20 >>>>>>>>>>>> + array([[-0.5000084 ],
       [-0.01680126],
       [-0.01759013],
       [-0.50002444],
       [-0.500007  ],
       [-0.50000279],
       [-0.50000144],
       [-0.50000679],
       [-0.49999971],
       [-0.500008  ],
       [-0.50000364],
       [-0.49999884],
       [-0.01696964],
       [-0.50000129],
       [-0.50000513],
       [-0.5000063 ],
       [ 0.00070989],
       [-0.50000475],
       [-0.00344333],
       [-0.50061802],
       [-0.50000785],
       [-0.50019013],
       [-0.49999779],
       [-0.50000797],
       [-0.50002157],
       [-0.50000138],
       [-0.001621  ],
       [-0.49999969],
       [-0.50000073],
       [-0.50000634],
       [-0.50001012],
       [-0.50000669],
       [-0.49999969],
       [-0.50000007],
       [-0.49999954],
       [-0.50000671],
       [-0.0140798 ],
       [-0.00915382],
       [-0.50000463],
       [-0.50000247]])
array([[-23.78482337],
       [ -1.44582194],
       [ -1.35442165],
       [-21.31396315],
       [-23.70704524],
       [-23.43962751],
       [-23.58640696],
       [-23.58795532],
       [-23.57917467],
       [-23.84783531],
       [-22.00611897],
       [-23.35179637],
       [ -1.59657646],
       [-23.66093846],
       [-23.76869891],
       [-21.85897473],
       [ -0.52779171],
       [-22.03550002],
       [ -2.25258759],
       [-16.58213202],
       [-23.86264936],
       [-19.23552584],
       [-23.59822835],
       [-23.60325333],
       [-22.72400068],
       [-23.677404  ],
       [ -1.71526433],
       [-23.56036895],
       [-21.92591709],
       [-23.89087542],
       [-23.64645656],
       [-23.81928428],
       [-23.47452937],
       [-23.36133476],
       [-23.65934783],
       [-23.75976831],
       [ -1.48759981],
       [ -1.06440386],
       [-21.8757486 ],
       [-23.81449771]])
<<<<<<<<<<< STEP 21 >>>>>>>>>>>> + array([[-0.50000659],
       [-0.01702265],
       [-0.01782729],
       [-0.50001917],
       [-0.50000549],
       [-0.50000217],
       [-0.50000112],
       [-0.50000533],
       [-0.49999977],
       [-0.50000627],
       [-0.50000288],
       [-0.49999909],
       [-0.01721338],
       [-0.50000101],
       [-0.50000403],
       [-0.50000497],
       [ 0.0007171 ],
       [-0.50000374],
       [-0.00344622],
       [-0.50048364],
       [-0.50000615],
       [-0.50014864],
       [-0.49999828],
       [-0.50000625],
       [-0.50001686],
       [-0.50000108],
       [-0.00157162],
       [-0.49999975],
       [-0.50000053],
       [-0.50000498],
       [-0.50000792],
       [-0.50000525],
       [-0.49999975],
       [-0.50000006],
       [-0.49999965],
       [-0.50000526],
       [-0.01426402],
       [-0.0092649 ],
       [-0.50000363],
       [-0.50000195]])
array([[-24.28482995],
       [ -1.46284459],
       [ -1.37224894],
       [-21.81398232],
       [-24.20705072],
       [-23.93962968],
       [-24.08640809],
       [-24.08796064],
       [-24.07917444],
       [-24.34784158],
       [-22.50612185],
       [-23.85179546],
       [ -1.61378984],
       [-24.16093947],
       [-24.26870294],
       [-22.3589797 ],
       [ -0.52707461],
       [-22.53550376],
       [ -2.25603382],
       [-17.08261566],
       [-24.36265551],
       [-19.73567448],
       [-24.09822662],
       [-24.10325958],
       [-23.22401753],
       [-24.17740508],
       [ -1.71683595],
       [-24.0603687 ],
       [-22.42591762],
       [-24.3908804 ],
       [-24.14646448],
       [-24.31928953],
       [-23.97452912],
       [-23.86133481],
       [-24.15934747],
       [-24.25977357],
       [ -1.50186384],
       [ -1.07366876],
       [-22.37575223],
       [-24.31449967]])
<<<<<<<<<<< STEP 22 >>>>>>>>>>>> + array([[-0.50000516],
       [-0.01725704],
       [-0.01807492],
       [-0.50001504],
       [-0.5000043 ],
       [-0.50000169],
       [-0.50000087],
       [-0.50000418],
       [-0.49999982],
       [-0.50000492],
       [-0.50000228],
       [-0.49999929],
       [-0.01747176],
       [-0.50000079],
       [-0.50000317],
       [-0.50000392],
       [ 0.00072375],
       [-0.50000295],
       [-0.00345503],
       [-0.50037841],
       [-0.50000483],
       [-0.50011621],
       [-0.49999865],
       [-0.50000491],
       [-0.50001318],
       [-0.50000084],
       [-0.00153929],
       [-0.4999998 ],
       [-0.50000039],
       [-0.50000391],
       [-0.5000062 ],
       [-0.50000412],
       [-0.4999998 ],
       [-0.50000005],
       [-0.49999973],
       [-0.50000413],
       [-0.01445799],
       [-0.00938264],
       [-0.50000284],
       [-0.50000154]])
array([[-24.78483512],
       [ -1.48010163],
       [ -1.39032386],
       [-22.31399736],
       [-24.70705502],
       [-24.43963137],
       [-24.58640896],
       [-24.58796482],
       [-24.57917426],
       [-24.8478465 ],
       [-23.00612413],
       [-24.35179475],
       [ -1.6312616 ],
       [-24.66094026],
       [-24.76870611],
       [-22.85898362],
       [ -0.52635085],
       [-23.03550671],
       [ -2.25948885],
       [-17.58299407],
       [-24.86266034],
       [-20.23579069],
       [-24.59822527],
       [-24.60326449],
       [-23.72403072],
       [-24.67740592],
       [ -1.71837524],
       [-24.5603685 ],
       [-22.92591801],
       [-24.89088432],
       [-24.64647068],
       [-24.81929365],
       [-24.47452893],
       [-24.36133486],
       [-24.6593472 ],
       [-24.7597777 ],
       [ -1.51632183],
       [ -1.0830514 ],
       [-22.87575508],
       [-24.8145012 ]])
<<<<<<<<<<< STEP 23 >>>>>>>>>>>> + array([[-0.50000405],
       [-0.01750355],
       [-0.0183327 ],
       [-0.5000118 ],
       [-0.50000338],
       [-0.50000131],
       [-0.50000068],
       [-0.50000328],
       [-0.49999986],
       [-0.50000386],
       [-0.5000018 ],
       [-0.49999945],
       [-0.01774386],
       [-0.50000062],
       [-0.50000249],
       [-0.50000308],
       [ 0.00073   ],
       [-0.50000232],
       [-0.00346861],
       [-0.50029604],
       [-0.50000379],
       [-0.50009086],
       [-0.49999895],
       [-0.50000385],
       [-0.50001031],
       [-0.50000066],
       [-0.00152039],
       [-0.49999984],
       [-0.50000028],
       [-0.50000308],
       [-0.50000486],
       [-0.50000323],
       [-0.49999984],
       [-0.50000004],
       [-0.49999979],
       [-0.50000324],
       [-0.01466113],
       [-0.00950652],
       [-0.50000223],
       [-0.50000121]])
array([[-25.28483917],
       [ -1.49760518],
       [ -1.40865657],
       [-22.81400916],
       [-25.2070584 ],
       [-24.93963269],
       [-25.08640964],
       [-25.08796811],
       [-25.07917412],
       [-25.34785036],
       [-23.50612593],
       [-24.8517942 ],
       [ -1.64900546],
       [-25.16094088],
       [-25.2687086 ],
       [-23.3589867 ],
       [ -0.52562085],
       [-23.53550903],
       [ -2.26295746],
       [-18.08329011],
       [-25.36266412],
       [-20.73588154],
       [-25.09822422],
       [-25.10326834],
       [-24.22404102],
       [-25.17740658],
       [ -1.71989563],
       [-25.06036833],
       [-23.42591829],
       [-25.39088739],
       [-25.14647554],
       [-25.31929688],
       [-24.97452877],
       [-24.8613349 ],
       [-25.15934699],
       [-25.25978093],
       [ -1.53098296],
       [ -1.09255792],
       [-23.3757573 ],
       [-25.31450242]])
<<<<<<<<<<< STEP 24 >>>>>>>>>>>> + array([[-0.50000318],
       [-0.01776159],
       [-0.01860045],
       [-0.50000927],
       [-0.50000265],
       [-0.50000102],
       [-0.50000053],
       [-0.50000258],
       [-0.49999989],
       [-0.50000303],
       [-0.50000142],
       [-0.49999957],
       [-0.01802906],
       [-0.50000048],
       [-0.50000196],
       [-0.50000243],
       [ 0.00073597],
       [-0.50000182],
       [-0.00348609],
       [-0.50023159],
       [-0.50000297],
       [-0.50007104],
       [-0.49999918],
       [-0.50000303],
       [-0.50000806],
       [-0.50000052],
       [-0.00151208],
       [-0.49999987],
       [-0.5000002 ],
       [-0.50000242],
       [-0.5000038 ],
       [-0.50000254],
       [-0.49999988],
       [-0.50000003],
       [-0.49999984],
       [-0.50000254],
       [-0.01487307],
       [-0.00963614],
       [-0.50000174],
       [-0.50000096]])
array([[-25.78484234],
       [ -1.51536677],
       [ -1.42725702],
       [-23.31401843],
       [-25.70706105],
       [-25.43963371],
       [-25.58641018],
       [-25.58797068],
       [-25.57917401],
       [-25.84785339],
       [-24.00612736],
       [-25.35179377],
       [ -1.66703451],
       [-25.66094136],
       [-25.76871057],
       [-23.85898913],
       [ -0.52488488],
       [-24.03551085],
       [ -2.26644355],
       [-18.5835217 ],
       [-25.8626671 ],
       [-21.23595259],
       [-25.5982234 ],
       [-25.60327137],
       [-24.72404909],
       [-25.6774071 ],
       [ -1.72140771],
       [-25.56036821],
       [-23.92591848],
       [-25.89088981],
       [-25.64647934],
       [-25.81929941],
       [-25.47452865],
       [-25.36133493],
       [-25.65934683],
       [-25.75978347],
       [ -1.54585603],
       [ -1.10219406],
       [-23.87575905],
       [-25.81450337]])
<<<<<<<<<<< STEP 25 >>>>>>>>>>>> + array([[-0.50000249],
       [-0.01803081],
       [-0.01887815],
       [-0.50000728],
       [-0.50000208],
       [-0.50000079],
       [-0.50000042],
       [-0.50000203],
       [-0.49999991],
       [-0.50000238],
       [-0.50000112],
       [-0.49999966],
       [-0.018327  ],
       [-0.50000038],
       [-0.50000154],
       [-0.50000191],
       [ 0.00074176],
       [-0.50000143],
       [-0.00350679],
       [-0.50018116],
       [-0.50000233],
       [-0.50005556],
       [-0.49999936],
       [-0.50000238],
       [-0.50000631],
       [-0.50000041],
       [-0.00151217],
       [-0.4999999 ],
       [-0.50000014],
       [-0.5000019 ],
       [-0.50000298],
       [-0.50000199],
       [-0.4999999 ],
       [-0.50000003],
       [-0.49999988],
       [-0.50000199],
       [-0.01509359],
       [-0.00977126],
       [-0.50000136],
       [-0.50000075]])
array([[-26.28484483],
       [ -1.53339759],
       [ -1.44613517],
       [-23.8140257 ],
       [-26.20706313],
       [-25.9396345 ],
       [-26.08641059],
       [-26.08797271],
       [-26.07917393],
       [-26.34785577],
       [-24.50612848],
       [-25.85179343],
       [ -1.68536152],
       [-26.16094174],
       [-26.26871211],
       [-24.35899104],
       [ -0.52414312],
       [-24.53551229],
       [ -2.26995034],
       [-19.08370286],
       [-26.36266943],
       [-21.73600815],
       [-26.09822276],
       [-26.10327374],
       [-25.22405539],
       [-26.17740751],
       [ -1.72291988],
       [-26.0603681 ],
       [-24.42591862],
       [-26.39089171],
       [-26.14648232],
       [-26.3193014 ],
       [-25.97452855],
       [-25.86133496],
       [-26.15934671],
       [-26.25978546],
       [ -1.56094962],
       [ -1.11196532],
       [-24.37576041],
       [-26.31450413]])
<<<<<<<<<<< STEP 26 >>>>>>>>>>>> + array([[-0.50000196],
       [-0.01831102],
       [-0.01916586],
       [-0.50000571],
       [-0.50000163],
       [-0.50000062],
       [-0.50000033],
       [-0.50000159],
       [-0.49999993],
       [-0.50000187],
       [-0.50000089],
       [-0.49999974],
       [-0.01863754],
       [-0.5000003 ],
       [-0.50000122],
       [-0.5000015 ],
       [ 0.00074746],
       [-0.50000113],
       [-0.00353018],
       [-0.50014171],
       [-0.50000183],
       [-0.50004345],
       [-0.4999995 ],
       [-0.50000187],
       [-0.50000493],
       [-0.50000032],
       [-0.00151896],
       [-0.49999992],
       [-0.50000009],
       [-0.5000015 ],
       [-0.50000234],
       [-0.50000156],
       [-0.49999992],
       [-0.50000002],
       [-0.49999991],
       [-0.50000156],
       [-0.0153226 ],
       [-0.00991172],
       [-0.50000107],
       [-0.50000059]])
array([[-26.78484679],
       [ -1.55170861],
       [ -1.46530102],
       [-24.31403142],
       [-26.70706476],
       [-26.43963512],
       [-26.58641092],
       [-26.5879743 ],
       [-26.57917386],
       [-26.84785764],
       [-25.00612937],
       [-26.35179316],
       [ -1.70399905],
       [-26.66094204],
       [-26.76871332],
       [-24.85899255],
       [ -0.52339566],
       [-25.03551342],
       [ -2.27348052],
       [-19.58384458],
       [-26.86267126],
       [-22.23605159],
       [-26.59822227],
       [-26.60327561],
       [-25.72406033],
       [-26.67740783],
       [ -1.72443884],
       [-26.56036802],
       [-24.92591871],
       [-26.89089321],
       [-26.64648466],
       [-26.81930297],
       [-26.47452847],
       [-26.36133498],
       [-26.65934661],
       [-26.75978703],
       [ -1.57627222],
       [ -1.12187704],
       [-24.87576147],
       [-26.81450472]])
<<<<<<<<<<< STEP 27 >>>>>>>>>>>> + array([[-0.50000153],
       [-0.01860221],
       [-0.01946375],
       [-0.50000449],
       [-0.50000128],
       [-0.50000048],
       [-0.50000025],
       [-0.50000125],
       [-0.49999995],
       [-0.50000147],
       [-0.5000007 ],
       [-0.49999979],
       [-0.01896067],
       [-0.50000023],
       [-0.50000096],
       [-0.50000118],
       [ 0.00075311],
       [-0.50000089],
       [-0.00355588],
       [-0.50011086],
       [-0.50000144],
       [-0.50003398],
       [-0.49999961],
       [-0.50000147],
       [-0.50000386],
       [-0.50000025],
       [-0.00153114],
       [-0.49999993],
       [-0.50000006],
       [-0.50000118],
       [-0.50000183],
       [-0.50000123],
       [-0.49999994],
       [-0.50000002],
       [-0.49999993],
       [-0.50000123],
       [-0.01556013],
       [-0.01005746],
       [-0.50000083],
       [-0.50000047]])
array([[-27.28484832],
       [ -1.57031082],
       [ -1.48476477],
       [-24.81403591],
       [-27.20706605],
       [-26.9396356 ],
       [-27.08641117],
       [-27.08797555],
       [-27.07917381],
       [-27.3478591 ],
       [-25.50613007],
       [-26.85179296],
       [ -1.72295973],
       [-27.16094227],
       [-27.26871428],
       [-25.35899373],
       [ -0.52264255],
       [-25.5355143 ],
       [ -2.2770364 ],
       [-20.08395544],
       [-27.3626727 ],
       [-22.73608557],
       [-27.09822188],
       [-27.10327708],
       [-26.22406419],
       [-27.17740808],
       [ -1.72596998],
       [-27.06036796],
       [-25.42591877],
       [-27.39089438],
       [-27.14648649],
       [-27.3193042 ],
       [-26.97452841],
       [-26.861335  ],
       [-27.15934654],
       [-27.25978826],
       [ -1.59183235],
       [ -1.1319345 ],
       [-25.37576231],
       [-27.31450519]])
<<<<<<<<<<< STEP 28 >>>>>>>>>>>> + array([[-0.5000012 ],
       [-0.01890445],
       [-0.01977209],
       [-0.50000353],
       [-0.50000101],
       [-0.50000037],
       [-0.5000002 ],
       [-0.50000098],
       [-0.49999996],
       [-0.50000115],
       [-0.50000055],
       [-0.49999984],
       [-0.01929657],
       [-0.50000018],
       [-0.50000075],
       [-0.50000093],
       [ 0.00075877],
       [-0.5000007 ],
       [-0.00358357],
       [-0.50008672],
       [-0.50000113],
       [-0.50002658],
       [-0.4999997 ],
       [-0.50000115],
       [-0.50000302],
       [-0.5000002 ],
       [-0.00154767],
       [-0.49999995],
       [-0.50000004],
       [-0.50000093],
       [-0.50000143],
       [-0.50000097],
       [-0.49999995],
       [-0.50000002],
       [-0.49999995],
       [-0.50000096],
       [-0.01580626],
       [-0.01020847],
       [-0.50000065],
       [-0.50000037]])
array([[-27.78484953],
       [ -1.58921527],
       [ -1.50453686],
       [-25.31403943],
       [-27.70706706],
       [-27.43963597],
       [-27.58641137],
       [-27.58797654],
       [-27.57917376],
       [-27.84786026],
       [-26.00613062],
       [-27.35179279],
       [ -1.7422563 ],
       [-27.66094245],
       [-27.76871503],
       [-25.85899466],
       [ -0.52188378],
       [-26.035515  ],
       [ -2.28061996],
       [-20.58404216],
       [-27.86267383],
       [-23.23611215],
       [-27.59822157],
       [-27.60327823],
       [-26.72406721],
       [-27.67740828],
       [ -1.72751765],
       [-27.5603679 ],
       [-25.92591881],
       [-27.89089531],
       [-27.64648792],
       [-27.81930516],
       [-27.47452836],
       [-27.36133501],
       [-27.65934649],
       [-27.75978922],
       [ -1.60763861],
       [ -1.14214297],
       [-25.87576296],
       [-27.81450556]])
<<<<<<<<<<< STEP 29 >>>>>>>>>>>> + array([[-0.50000095],
       [-0.01921798],
       [-0.02009118],
       [-0.50000277],
       [-0.50000079],
       [-0.50000029],
       [-0.50000016],
       [-0.50000077],
       [-0.49999997],
       [-0.5000009 ],
       [-0.50000044],
       [-0.49999987],
       [-0.0196455 ],
       [-0.50000014],
       [-0.50000059],
       [-0.50000073],
       [ 0.00076449],
       [-0.50000055],
       [-0.00361303],
       [-0.50006784],
       [-0.50000089],
       [-0.50002079],
       [-0.49999976],
       [-0.50000091],
       [-0.50000236],
       [-0.50000015],
       [-0.00156778],
       [-0.49999996],
       [-0.50000002],
       [-0.50000073],
       [-0.50000112],
       [-0.50000076],
       [-0.49999996],
       [-0.50000001],
       [-0.49999996],
       [-0.50000076],
       [-0.0160612 ],
       [-0.01036481],
       [-0.50000051],
       [-0.50000029]])
array([[-28.28485047],
       [ -1.60843325],
       [ -1.52462804],
       [-25.8140422 ],
       [-28.20706785],
       [-27.93963626],
       [-28.08641153],
       [-28.08797731],
       [-28.07917373],
       [-28.34786116],
       [-26.50613106],
       [-27.85179267],
       [ -1.7619018 ],
       [-28.1609426 ],
       [-28.26871563],
       [-26.3589954 ],
       [ -0.52111929],
       [-26.53551555],
       [ -2.28423299],
       [-21.08411   ],
       [-28.36267472],
       [-23.73613294],
       [-28.09822133],
       [-28.10327914],
       [-27.22406958],
       [-28.17740843],
       [ -1.72908542],
       [-28.06036786],
       [-26.42591883],
       [-28.39089604],
       [-28.14648905],
       [-28.31930592],
       [-27.97452833],
       [-27.86133503],
       [-28.15934644],
       [-28.25978998],
       [ -1.62369982],
       [ -1.15250777],
       [-26.37576346],
       [-28.31450585]])
