<<<<<<<<<<< STEP 0 >>>>>>>>>>>> + array([[ -5.03386928e-01],
       [ -4.34373167e-01],
       [ -5.03760871e-01],
       [ -5.00354652e-01],
       [ -5.03032538e-01],
       [ -4.98433855e-01],
       [ -5.03260405e-01],
       [ -5.18932990e-01],
       [ -5.00427521e-01],
       [ -5.06293306e-01],
       [ -5.02926709e-01],
       [ -5.03755449e-01],
       [ -5.03488968e-01],
       [ -9.23763953e-03],
       [ -5.05185094e-01],
       [ -5.00293483e-01],
       [  2.61132191e-02],
       [ -4.99994308e-01],
       [ -9.15123715e-05],
       [ -2.06614507e-01],
       [ -5.03697079e-01],
       [ -4.99530290e-01],
       [ -5.03033371e-01],
       [ -5.18998758e-01],
       [ -1.84617200e-01],
       [ -5.12718490e-01],
       [ -5.01757369e-01],
       [ -5.01054091e-01],
       [ -4.99628975e-01],
       [ -5.00387240e-01],
       [ -9.44635061e-02],
       [ -5.00228316e-01],
       [ -5.02950801e-01],
       [ -5.03048495e-01],
       [ -5.00477729e-01],
       [ -5.05698213e-01],
       [ -4.98431592e-01],
       [ -4.99652769e-01],
       [ -4.99961842e-01],
       [ -4.99978697e-01]])
array([[-13.23682658],
       [ -5.30677013],
       [-13.1869521 ],
       [-12.02487445],
       [-13.45487879],
       [-11.01069296],
       [-13.50463973],
       [ -7.15112843],
       [-12.4098708 ],
       [-12.01056881],
       [-12.97383822],
       [-13.23747776],
       [-13.32550314],
       [ -0.74397356],
       [-12.96843828],
       [-12.57846285],
       [ -0.69317336],
       [-12.48311848],
       [ -1.9769628 ],
       [ -3.55122654],
       [-13.06338214],
       [-12.57929882],
       [-13.30713387],
       [-10.56621954],
       [ -2.5393711 ],
       [-11.10077828],
       [-11.57066747],
       [-11.62940477],
       [-12.6759074 ],
       [-12.97856357],
       [ -1.71811017],
       [-13.45023272],
       [-13.32954362],
       [-13.32277917],
       [-12.41867413],
       [-13.15468713],
       [-12.11803699],
       [-12.67404929],
       [-12.78468153],
       [-12.1996268 ]])
<<<<<<<<<<< STEP 1 >>>>>>>>>>>> + array([[ -5.02564161e-01],
       [ -4.63097655e-01],
       [ -5.02895049e-01],
       [ -5.00074214e-01],
       [ -5.02298205e-01],
       [ -4.99337938e-01],
       [ -5.02479517e-01],
       [ -5.20435810e-01],
       [ -5.00270176e-01],
       [ -5.04847579e-01],
       [ -5.02259473e-01],
       [ -5.02855040e-01],
       [ -5.02603844e-01],
       [ -9.33639646e-03],
       [ -5.04001462e-01],
       [ -5.00105427e-01],
       [  2.49506129e-02],
       [ -4.99923844e-01],
       [  4.18429905e-04],
       [ -2.16806614e-01],
       [ -5.02890357e-01],
       [ -4.99610310e-01],
       [ -5.02325598e-01],
       [ -5.14746139e-01],
       [ -1.98488168e-01],
       [ -5.09832640e-01],
       [ -5.01193640e-01],
       [ -5.01120206e-01],
       [ -4.99631317e-01],
       [ -5.00259863e-01],
       [ -9.76491456e-02],
       [ -5.00099091e-01],
       [ -5.02215922e-01],
       [ -5.02353703e-01],
       [ -5.00368843e-01],
       [ -5.04457727e-01],
       [ -4.98798173e-01],
       [ -4.99729145e-01],
       [ -4.99915628e-01],
       [ -5.00044911e-01]])
array([[-13.73939074],
       [ -5.76986779],
       [-13.68984715],
       [-12.52494866],
       [-13.957177  ],
       [-11.5100309 ],
       [-14.00711924],
       [ -7.67156423],
       [-12.91014097],
       [-12.51541639],
       [-13.47609769],
       [-13.7403328 ],
       [-13.82810698],
       [ -0.75330995],
       [-13.47243974],
       [-13.07856827],
       [ -0.66822275],
       [-12.98304232],
       [ -1.97654437],
       [ -3.76803316],
       [-13.56627249],
       [-13.07890913],
       [-13.80945947],
       [-11.08096568],
       [ -2.73785927],
       [-11.61061092],
       [-12.07186111],
       [-12.13052498],
       [-13.17553871],
       [-13.47882343],
       [ -1.81575932],
       [-13.95033181],
       [-13.83175954],
       [-13.82513288],
       [-12.91904298],
       [-13.65914486],
       [-12.61683516],
       [-13.17377843],
       [-13.28459716],
       [-12.69967171]])
<<<<<<<<<<< STEP 2 >>>>>>>>>>>> + array([[ -5.01930793e-01],
       [ -4.86174842e-01],
       [ -5.02222245e-01],
       [ -4.99925922e-01],
       [ -5.01738089e-01],
       [ -4.99959886e-01],
       [ -5.01883857e-01],
       [ -5.19383443e-01],
       [ -5.00165839e-01],
       [ -5.03723540e-01],
       [ -5.01744357e-01],
       [ -5.02166054e-01],
       [ -5.01937276e-01],
       [ -9.64974920e-03],
       [ -5.03081852e-01],
       [ -4.99990812e-01],
       [  2.37759819e-02],
       [ -4.99880170e-01],
       [  4.00473799e-04],
       [ -2.30333787e-01],
       [ -5.02254557e-01],
       [ -4.99679932e-01],
       [ -5.01777531e-01],
       [ -5.11427664e-01],
       [ -2.13829393e-01],
       [ -5.07584723e-01],
       [ -5.00760457e-01],
       [ -5.01095207e-01],
       [ -4.99649513e-01],
       [ -5.00176276e-01],
       [ -1.01137945e-01],
       [ -5.00015750e-01],
       [ -5.01654468e-01],
       [ -5.01815648e-01],
       [ -5.00284651e-01],
       [ -5.03482996e-01],
       [ -4.99091558e-01],
       [ -4.99794243e-01],
       [ -4.99895407e-01],
       [ -5.00084802e-01]])
array([[-14.24132153],
       [ -6.25604263],
       [-14.19206939],
       [-13.02487458],
       [-14.45891509],
       [-12.00999078],
       [-14.5090031 ],
       [ -8.19094768],
       [-13.41030681],
       [-13.01913993],
       [-13.97784205],
       [-14.24249885],
       [-14.33004426],
       [ -0.7629597 ],
       [-13.97552159],
       [-13.57855909],
       [ -0.64444677],
       [-13.48292249],
       [ -1.9761439 ],
       [ -3.99836694],
       [-14.06852705],
       [-13.57858906],
       [-14.311237  ],
       [-11.59239334],
       [ -2.95168866],
       [-12.11819564],
       [-12.57262157],
       [-12.63162019],
       [-13.67518823],
       [-13.97899971],
       [ -1.91689726],
       [-14.45034756],
       [-14.33341401],
       [-14.32694853],
       [-13.41932763],
       [-14.16262786],
       [-13.11592672],
       [-13.67357268],
       [-13.78449257],
       [-13.19975652]])
<<<<<<<<<<< STEP 3 >>>>>>>>>>>> + array([[ -5.01450990e-01],
       [ -5.02060492e-01],
       [ -5.01704900e-01],
       [ -4.99859557e-01],
       [ -5.01315127e-01],
       [ -5.00350268e-01],
       [ -5.01433703e-01],
       [ -5.17191423e-01],
       [ -5.00097816e-01],
       [ -5.02859695e-01],
       [ -5.01348959e-01],
       [ -5.01644161e-01],
       [ -5.01442012e-01],
       [ -1.01091883e-02],
       [ -5.02373761e-01],
       [ -4.99927415e-01],
       [  2.26821928e-02],
       [ -4.99858029e-01],
       [ -3.50098651e-05],
       [ -2.48598583e-01],
       [ -5.01758452e-01],
       [ -4.99738567e-01],
       [ -5.01358004e-01],
       [ -5.08857128e-01],
       [ -2.31010932e-01],
       [ -5.05849288e-01],
       [ -5.00452557e-01],
       [ -5.01008160e-01],
       [ -4.99678502e-01],
       [ -5.00121781e-01],
       [ -1.05029105e-01],
       [ -4.99965508e-01],
       [ -5.01232926e-01],
       [ -5.01402506e-01],
       [ -5.00219075e-01],
       [ -5.02723016e-01],
       [ -4.99318640e-01],
       [ -4.99846912e-01],
       [ -4.99890576e-01],
       [ -5.00104933e-01]])
array([[-14.74277252],
       [ -6.75810312],
       [-14.69377429],
       [-13.52473414],
       [-14.96023021],
       [-12.51034105],
       [-15.0104368 ],
       [ -8.7081391 ],
       [-13.91040463],
       [-13.52199963],
       [-14.479191  ],
       [-14.74414301],
       [-14.83148627],
       [ -0.77306889],
       [-14.47789535],
       [-14.0784865 ],
       [ -0.62176458],
       [-13.98278052],
       [ -1.97617891],
       [ -4.24696553],
       [-14.5702855 ],
       [-14.07832763],
       [-14.812595  ],
       [-12.10125047],
       [ -3.18269959],
       [-12.62404493],
       [-13.07307413],
       [-13.13262835],
       [-14.17486673],
       [-14.47912149],
       [ -2.02192637],
       [-14.95031307],
       [-14.83464694],
       [-14.82835103],
       [-13.9195467 ],
       [-14.66535087],
       [-13.61524536],
       [-14.17341959],
       [-14.28438314],
       [-13.69986145]])
<<<<<<<<<<< STEP 4 >>>>>>>>>>>> + array([[-0.50109108],
       [-0.51120101],
       [-0.50130924],
       [-0.49984089],
       [-0.50099713],
       [-0.50056373],
       [-0.50109495],
       [-0.51466843],
       [-0.50005441],
       [-0.50219947],
       [-0.50104564],
       [-0.50125076],
       [-0.50107686],
       [-0.01065203],
       [-0.50183085],
       [-0.49989821],
       [ 0.02171226],
       [-0.49985196],
       [-0.00075563],
       [-0.27253151],
       [-0.5013728 ],
       [-0.49978747],
       [-0.50103897],
       [-0.50687177],
       [-0.25046754],
       [-0.504515  ],
       [-0.50024894],
       [-0.50088574],
       [-0.49971387],
       [-0.50008653],
       [-0.10930293],
       [-0.49993846],
       [-0.50091994],
       [-0.50108597],
       [-0.50016795],
       [-0.50213229],
       [-0.49949042],
       [-0.49988778],
       [-0.49989436],
       [-0.50011096]])
array([[-15.2438636 ],
       [ -7.26930413],
       [-15.19508353],
       [-14.02457503],
       [-15.46122735],
       [-13.01090478],
       [-15.51153176],
       [ -9.22280753],
       [-14.41045904],
       [-14.02419909],
       [-14.98023665],
       [-15.24539377],
       [-15.33256313],
       [ -0.78372092],
       [-14.9797262 ],
       [-14.57838472],
       [ -0.60005232],
       [-14.48263248],
       [ -1.97693454],
       [ -4.51949704],
       [-15.0716583 ],
       [-14.5781151 ],
       [-15.31363397],
       [-12.60812224],
       [ -3.43316713],
       [-13.12855993],
       [-13.57332307],
       [-13.63351409],
       [-14.6745806 ],
       [-14.97920802],
       [ -2.1312293 ],
       [-15.45025153],
       [-15.33556688],
       [-15.329437  ],
       [-14.41971465],
       [-15.16748316],
       [-14.11473578],
       [-14.67330737],
       [-14.7842775 ],
       [-14.19997241]])
<<<<<<<<<<< STEP 5 >>>>>>>>>>>> + array([[-0.50082123],
       [-0.51521189],
       [-0.50100607],
       [-0.49984823],
       [-0.50075713],
       [-0.50065167],
       [-0.50083924],
       [-0.51220612],
       [-0.50002753],
       [-0.50169337],
       [-0.50081145],
       [-0.50095335],
       [-0.50080741],
       [-0.0112308 ],
       [-0.50141364],
       [-0.49989075],
       [ 0.0208654 ],
       [-0.49985684],
       [-0.00160714],
       [-0.3022405 ],
       [-0.50107162],
       [-0.49982859],
       [-0.50079613],
       [-0.50533431],
       [-0.27258321],
       [-0.50348676],
       [-0.50012314],
       [-0.50074896],
       [-0.49975204],
       [-0.50006408],
       [-0.11373108],
       [-0.49992702],
       [-0.5006879 ],
       [-0.50084189],
       [-0.5001283 ],
       [-0.50167159],
       [-0.4996191 ],
       [-0.49991842],
       [-0.4999026 ],
       [-0.50010743]])
array([[-15.74468483],
       [ -7.78451602],
       [-15.6960896 ],
       [-14.52442325],
       [-15.96198447],
       [-13.51155645],
       [-16.012371  ],
       [ -9.73501365],
       [-14.91048657],
       [-14.52589247],
       [-15.4810481 ],
       [-15.74634712],
       [-15.83337054],
       [ -0.79495172],
       [-15.48113984],
       [-15.07827546],
       [ -0.57918691],
       [-14.98248932],
       [ -1.97854168],
       [ -4.82173754],
       [-15.57272992],
       [-15.07794369],
       [-15.8144301 ],
       [-13.11345655],
       [ -3.70575034],
       [-13.63204669],
       [-14.0734462 ],
       [-14.13426304],
       [-15.17433264],
       [-15.4792721 ],
       [ -2.24496038],
       [-15.95017855],
       [-15.83625478],
       [-15.83027889],
       [-14.91984295],
       [-15.66915475],
       [-14.61435488],
       [-15.17322578],
       [-15.2841801 ],
       [-14.70007984]])
<<<<<<<<<<< STEP 6 >>>>>>>>>>>> + array([[-0.50061723],
       [-0.51588959],
       [-0.50077187],
       [-0.49986848],
       [-0.50057392],
       [-0.50065649],
       [-0.50064431],
       [-0.50996228],
       [-0.5000116 ],
       [-0.50130142],
       [-0.50062836],
       [-0.50072625],
       [-0.50060677],
       [-0.01181272],
       [-0.50109052],
       [-0.49989631],
       [ 0.02010792],
       [-0.49986848],
       [-0.00241068],
       [-0.33673814],
       [-0.50083366],
       [-0.49986377],
       [-0.50060983],
       [-0.50413507],
       [-0.2975895 ],
       [-0.50268823],
       [-0.50005075],
       [-0.50061222],
       [-0.49979038],
       [-0.50005018],
       [-0.11783438],
       [-0.49992561],
       [-0.5005145 ],
       [-0.50065109],
       [-0.50009786],
       [-0.50130913],
       [-0.49971566],
       [-0.49994068],
       [-0.49991285],
       [-0.50009774]])
array([[-16.24530207],
       [ -8.30040561],
       [-16.19686147],
       [-15.02429173],
       [-16.46255839],
       [-14.01221294],
       [-16.51301531],
       [-10.24497594],
       [-15.41049817],
       [-15.02719389],
       [-15.98167646],
       [-16.24707337],
       [-16.33397731],
       [ -0.80676444],
       [-15.98223037],
       [-15.57817177],
       [ -0.55907899],
       [-15.4823578 ],
       [ -1.98095237],
       [ -5.15847568],
       [-16.07356358],
       [-15.57780746],
       [-16.31503992],
       [-13.61759162],
       [ -4.00333984],
       [-14.13473492],
       [-14.57349696],
       [-14.63487527],
       [-15.67412302],
       [-15.97932228],
       [ -2.36279476],
       [-16.45010416],
       [-16.33676927],
       [-16.33092998],
       [-15.41994082],
       [-16.17046388],
       [-15.11407054],
       [-15.67316646],
       [-15.78409295],
       [-15.20017758]])
<<<<<<<<<<< STEP 7 >>>>>>>>>>>> + array([[-0.50046108],
       [-0.51467988],
       [-0.50058899],
       [-0.49989388],
       [-0.50043206],
       [-0.50060993],
       [-0.50049372],
       [-0.50798426],
       [-0.50000286],
       [-0.50099387],
       [-0.50048318],
       [-0.50055054],
       [-0.5004553 ],
       [-0.01237251],
       [-0.50083776],
       [-0.49990903],
       [ 0.01938828],
       [-0.49988381],
       [-0.00296203],
       [-0.37375225],
       [-0.5006431 ],
       [-0.49989429],
       [-0.50046531],
       [-0.50319138],
       [-0.32547813],
       [-0.50206202],
       [-0.50001274],
       [-0.5004845 ],
       [-0.49982713],
       [-0.50004193],
       [-0.12093036],
       [-0.49993033],
       [-0.50038323],
       [-0.50049957],
       [-0.50007479],
       [-0.5010208 ],
       [-0.49978875],
       [-0.49995639],
       [-0.49992374],
       [-0.50008442]])
array([[-16.74576315],
       [ -8.81508549],
       [-16.69745046],
       [-15.52418561],
       [-16.96299045],
       [-14.51282287],
       [-17.01350903],
       [-10.75296019],
       [-15.91050103],
       [-15.52818776],
       [-16.48215964],
       [-16.74762391],
       [-16.83443261],
       [ -0.81913695],
       [-16.48306812],
       [-16.0780808 ],
       [ -0.53969071],
       [-15.98224162],
       [ -1.9839144 ],
       [ -5.53222793],
       [-16.57420668],
       [-16.07770175],
       [-16.81550524],
       [-14.12078299],
       [ -4.32881797],
       [-14.63679694],
       [-15.0735097 ],
       [-15.13535977],
       [-16.17395014],
       [-16.4793642 ],
       [ -2.48372512],
       [-16.95003449],
       [-16.8371525 ],
       [-16.83142955],
       [-15.92001561],
       [-16.67148468],
       [-15.61385929],
       [-16.17312285],
       [-16.28401669],
       [-15.700262  ]])
<<<<<<<<<<< STEP 8 >>>>>>>>>>>> + array([[-0.5003404 ],
       [-0.51257736],
       [-0.50044508],
       [-0.49991973],
       [-0.50032109],
       [-0.50053462],
       [-0.50037605],
       [-0.50627725],
       [-0.49999871],
       [-0.50075023],
       [-0.50036698],
       [-0.50041321],
       [-0.5003395 ],
       [-0.01288473],
       [-0.50063854],
       [-0.49992494],
       [ 0.0186544 ],
       [-0.49990072],
       [-0.00304642],
       [-0.40988801],
       [-0.50048916],
       [-0.49992078],
       [-0.50035221],
       [-0.50244414],
       [-0.35586607],
       [-0.50156759],
       [-0.49999558],
       [-0.50037112],
       [-0.49986109],
       [-0.50003714],
       [-0.1223104 ],
       [-0.4999385 ],
       [-0.50028274],
       [-0.50037797],
       [-0.50005753],
       [-0.50078948],
       [-0.49984452],
       [-0.49996715],
       [-0.49993453],
       [-0.5000694 ]])
array([[-17.24610356],
       [ -9.32766285],
       [-17.19789554],
       [-16.02410534],
       [-17.46331154],
       [-15.01335749],
       [-17.51388508],
       [-11.25923745],
       [-16.41049975],
       [-16.02893799],
       [-16.98252662],
       [-17.24803712],
       [-17.33477212],
       [ -0.83202168],
       [-16.98370666],
       [-16.57800574],
       [ -0.52103632],
       [-16.48214234],
       [ -1.98696082],
       [ -5.94211594],
       [-17.07469584],
       [-16.57762253],
       [-17.31585745],
       [-14.62322713],
       [ -4.68468403],
       [-15.13836453],
       [-15.57350528],
       [-15.63573089],
       [-16.67381123],
       [-16.97940134],
       [ -2.60603552],
       [-17.449973  ],
       [-17.33743524],
       [-17.33180752],
       [-16.42007313],
       [-17.17227417],
       [-16.1137038 ],
       [-16.67309   ],
       [-16.78395122],
       [-16.20033141]])
<<<<<<<<<<< STEP 9 >>>>>>>>>>>> + array([[-0.50024713],
       [-0.51021211],
       [-0.50033188],
       [-0.49994317],
       [-0.5002343 ],
       [-0.50044681],
       [-0.50028371],
       [-0.50483529],
       [-0.49999735],
       [-0.50055728],
       [-0.50027404],
       [-0.50030575],
       [-0.50025053],
       [-0.01332153],
       [-0.50048149],
       [-0.49994133],
       [ 0.01787091],
       [-0.49991773],
       [-0.00248367],
       [-0.44148819],
       [-0.5003651 ],
       [-0.49994333],
       [-0.50026357],
       [-0.50185266],
       [-0.38775007],
       [-0.50117743],
       [-0.49999013],
       [-0.50027509],
       [-0.49989137],
       [-0.50003415],
       [-0.12154085],
       [-0.49994824],
       [-0.50020562],
       [-0.50028046],
       [-0.50004472],
       [-0.50060368],
       [-0.49988712],
       [-0.49997438],
       [-0.49994484],
       [-0.50005428]])
array([[-17.74635069],
       [ -9.83787496],
       [-17.69822742],
       [-16.52404851],
       [-17.96354584],
       [-15.5138043 ],
       [-18.01416879],
       [-11.76407274],
       [-16.9104971 ],
       [-16.52949527],
       [-17.48280066],
       [-17.74834287],
       [-17.83502264],
       [ -0.84534321],
       [-17.48418816],
       [-17.07794707],
       [ -0.50316541],
       [-16.98206007],
       [ -1.98944449],
       [ -6.38360414],
       [-17.57506094],
       [-17.07756586],
       [-17.81612102],
       [-15.12507979],
       [ -5.0724341 ],
       [-15.63954196],
       [-16.07349541],
       [-16.13600598],
       [-17.1737026 ],
       [-17.47943549],
       [ -2.72757638],
       [-17.94992123],
       [-17.83764085],
       [-17.83208798],
       [-16.92011785],
       [-17.67287784],
       [-16.61359092],
       [-17.17306438],
       [-17.28389606],
       [-16.70038569]])
<<<<<<<<<<< STEP 10 >>>>>>>>>>>> + array([[-0.50017596],
       [-0.50795824],
       [-0.50024384],
       [-0.49996257],
       [-0.50016738],
       [-0.50035836],
       [-0.50021164],
       [-0.50364943],
       [-0.49999749],
       [-0.50040643],
       [-0.50020076],
       [-0.50022255],
       [-0.50018255],
       [-0.01365889],
       [-0.5003588 ],
       [-0.49995638],
       [ 0.01703101],
       [-0.49993375],
       [-0.00119978],
       [-0.46599078],
       [-0.50026671],
       [-0.49996174],
       [-0.50019471],
       [-0.50138864],
       [-0.41926288],
       [-0.50087273],
       [-0.49999049],
       [-0.50019761],
       [-0.49991732],
       [-0.50003174],
       [-0.11876047],
       [-0.49995817],
       [-0.500147  ],
       [-0.50020349],
       [-0.50003521],
       [-0.50045571],
       [-0.49991935],
       [-0.49997926],
       [-0.49995439],
       [-0.50004036]])
array([[-18.24652665],
       [-10.3458332 ],
       [-18.19847126],
       [-17.02401108],
       [-18.46371322],
       [-16.01416266],
       [-18.51438042],
       [-12.26772217],
       [-17.41049459],
       [-17.0299017 ],
       [-17.98300142],
       [-18.24856543],
       [-18.33520519],
       [ -0.8590021 ],
       [-17.98454696],
       [-17.57790345],
       [ -0.48613439],
       [-17.48199382],
       [ -1.99064427],
       [ -6.84959491],
       [-18.07532766],
       [-17.57752761],
       [-18.31631573],
       [-15.62646843],
       [ -5.49169699],
       [-16.14041469],
       [-16.5734859 ],
       [-16.63620359],
       [-17.67361992],
       [-17.97946723],
       [ -2.84633685],
       [-18.4498794 ],
       [-18.33778786],
       [-18.33229147],
       [-17.42015306],
       [-18.17333355],
       [-17.11351027],
       [-17.67304364],
       [-17.78385046],
       [-17.20042605]])
<<<<<<<<<<< STEP 11 >>>>>>>>>>>> + array([[-0.50012292],
       [-0.50601165],
       [-0.50017674],
       [-0.49997734],
       [-0.50011708],
       [-0.50027764],
       [-0.5001562 ],
       [-0.50270502],
       [-0.49999825],
       [-0.50029125],
       [-0.5001444 ],
       [-0.50015948],
       [-0.50013141],
       [-0.01388806],
       [-0.50026459],
       [-0.499969  ],
       [ 0.01615711],
       [-0.49994798],
       [ 0.00071634],
       [-0.48282922],
       [-0.50019081],
       [-0.49997594],
       [-0.50014214],
       [-0.5010305 ],
       [-0.44783921],
       [-0.50063919],
       [-0.49999304],
       [-0.5001381 ],
       [-0.49993859],
       [-0.5000292 ],
       [-0.1147588 ],
       [-0.49996733],
       [-0.50010336],
       [-0.50014439],
       [-0.50002805],
       [-0.5003399 ],
       [-0.49994325],
       [-0.49998273],
       [-0.49996297],
       [-0.50002854]])
array([[-18.74664957],
       [-10.85184485],
       [-18.698648  ],
       [-17.52398842],
       [-18.9638303 ],
       [-16.5144403 ],
       [-19.01453663],
       [-12.7704272 ],
       [-17.91049284],
       [-17.53019294],
       [-18.48314583],
       [-18.74872491],
       [-18.8353366 ],
       [ -0.87289016],
       [-18.48481155],
       [-18.07787244],
       [ -0.46997728],
       [-17.98194181],
       [ -1.98992793],
       [ -7.33242413],
       [-18.57551847],
       [-18.07750355],
       [-18.81645787],
       [-16.12749893],
       [ -5.9395362 ],
       [-16.64105388],
       [-17.07347894],
       [-17.13634169],
       [-18.17355851],
       [-18.47949643],
       [ -2.96109565],
       [-18.94984672],
       [-18.83789122],
       [-18.83243586],
       [-17.92018111],
       [-18.67367345],
       [-17.61345353],
       [-18.17302638],
       [-18.28381342],
       [-17.70045458]])
<<<<<<<<<<< STEP 12 >>>>>>>>>>>> + array([[-0.50008456],
       [-0.50444314],
       [-0.50012685],
       [-0.4999877 ],
       [-0.50008047],
       [-0.50020946],
       [-0.5001144 ],
       [-0.50197789],
       [-0.49999908],
       [-0.50020584],
       [-0.50010237],
       [-0.5001129 ],
       [-0.50009374],
       [-0.01402185],
       [-0.50019374],
       [-0.4999788 ],
       [ 0.0152897 ],
       [-0.49995997],
       [ 0.0030272 ],
       [-0.49316251],
       [-0.5001342 ],
       [-0.49998615],
       [-0.50010287],
       [-0.50075953],
       [-0.47107769],
       [-0.5004642 ],
       [-0.49999585],
       [-0.50009445],
       [-0.49995526],
       [-0.50002625],
       [-0.11073046],
       [-0.49997513],
       [-0.50007173],
       [-0.50010058],
       [-0.50002251],
       [-0.50025124],
       [-0.49996055],
       [-0.49998543],
       [-0.4999704 ],
       [-0.50001925]])
array([[-19.24673413],
       [-11.35628799],
       [-19.19877485],
       [-18.02397612],
       [-19.46391076],
       [-17.01464976],
       [-19.51465103],
       [-13.27240509],
       [-18.41049193],
       [-18.03039878],
       [-18.9832482 ],
       [-19.24883781],
       [-19.33543034],
       [ -0.88691201],
       [-18.98500529],
       [-18.57785124],
       [ -0.45468758],
       [-18.48190177],
       [ -1.98690073],
       [ -7.82558664],
       [-19.07565267],
       [-18.5774897 ],
       [-19.31656075],
       [-16.62825846],
       [ -6.41061389],
       [-17.14151808],
       [-17.57347479],
       [-17.63643614],
       [-18.67351377],
       [-18.97952268],
       [ -3.07182611],
       [-19.44982185],
       [-19.33796295],
       [-19.33253644],
       [-18.42020362],
       [-19.17392469],
       [-18.11341407],
       [-18.67301181],
       [-18.78378382],
       [-18.20047383]])
<<<<<<<<<<< STEP 13 >>>>>>>>>>>> + array([[-0.5000576 ],
       [-0.50324163],
       [-0.50009061],
       [-0.4999944 ],
       [-0.50005465],
       [-0.50015533],
       [-0.50008349],
       [-0.50143484],
       [-0.49999973],
       [-0.50014429],
       [-0.50007194],
       [-0.50007938],
       [-0.50006657],
       [-0.01408872],
       [-0.5001415 ],
       [-0.49998592],
       [ 0.01447089],
       [-0.49996961],
       [ 0.00543956],
       [-0.4988624 ],
       [-0.50009333],
       [-0.49999297],
       [-0.50007415],
       [-0.50055827],
       [-0.48779552],
       [-0.50033586],
       [-0.49999808],
       [-0.50006368],
       [-0.4999678 ],
       [-0.50002299],
       [-0.10785643],
       [-0.49998139],
       [-0.50004939],
       [-0.50006919],
       [-0.50001811],
       [-0.5001848 ],
       [-0.49997274],
       [-0.49998773],
       [-0.49997663],
       [-0.50001243]])
array([[-19.74679173],
       [-11.85952961],
       [-19.69886546],
       [-18.52397052],
       [-19.96396542],
       [-17.51480509],
       [-20.01473451],
       [-13.77383993],
       [-18.91049165],
       [-18.53054307],
       [-19.48332013],
       [-19.74891719],
       [-19.83549691],
       [ -0.90100074],
       [-19.48514678],
       [-19.07783716],
       [ -0.4402167 ],
       [-18.98187138],
       [ -1.98146117],
       [ -8.32444904],
       [-19.575746  ],
       [-19.07748267],
       [-19.81663489],
       [-17.12881673],
       [ -6.89840941],
       [-17.64185394],
       [-18.07347287],
       [-18.13649982],
       [-19.17348157],
       [-19.47954567],
       [ -3.17968254],
       [-19.94980324],
       [-19.83801234],
       [-19.83260563],
       [-18.92022173],
       [-19.67410948],
       [-18.61338681],
       [-19.17299954],
       [-19.28376045],
       [-18.70048626]])
<<<<<<<<<<< STEP 14 >>>>>>>>>>>> + array([[-0.50003911],
       [-0.50235246],
       [-0.50006475],
       [-0.49999838],
       [-0.50003693],
       [-0.50011423],
       [-0.50006095],
       [-0.50103845],
       [-0.50000012],
       [-0.50010094],
       [-0.50005042],
       [-0.50005573],
       [-0.50004729],
       [-0.01411972],
       [-0.50010352],
       [-0.49999084],
       [ 0.01373094],
       [-0.49997711],
       [ 0.00771147],
       [-0.50165525],
       [-0.50006461],
       [-0.49999718],
       [-0.50005346],
       [-0.50041078],
       [-0.49836052],
       [-0.50024322],
       [-0.49999954],
       [-0.50004263],
       [-0.49997695],
       [-0.50001961],
       [-0.10699383],
       [-0.49998618],
       [-0.50003395],
       [-0.50004734],
       [-0.50001456],
       [-0.50013582],
       [-0.49998118],
       [-0.49998977],
       [-0.49998171],
       [-0.50000772]])
array([[-20.24683084],
       [-12.36188208],
       [-20.19893021],
       [-19.0239689 ],
       [-20.46400234],
       [-18.01491932],
       [-20.51479547],
       [-14.27487837],
       [-19.41049177],
       [-19.03064401],
       [-19.98337056],
       [-20.24897292],
       [-20.33554421],
       [ -0.91512046],
       [-19.9852503 ],
       [-19.577828  ],
       [ -0.42648575],
       [-19.48184849],
       [ -1.9737497 ],
       [ -8.82610429],
       [-20.07581061],
       [-19.57747985],
       [-20.31668836],
       [-17.6292275 ],
       [ -7.39676993],
       [-18.14209716],
       [-18.57347242],
       [-18.63654245],
       [-19.67345852],
       [-19.97956528],
       [ -3.28667637],
       [-20.44978941],
       [-20.33804628],
       [-20.33265297],
       [-19.42023629],
       [-20.17424531],
       [-19.11336799],
       [-19.67298932],
       [-19.78374217],
       [-19.20049398]])
<<<<<<<<<<< STEP 15 >>>>>>>>>>>> + array([[-0.50002661],
       [-0.50170753],
       [-0.50004648],
       [-0.50000052],
       [-0.50002497],
       [-0.50008388],
       [-0.50004465],
       [-0.50075297],
       [-0.5000003 ],
       [-0.50007083],
       [-0.50003544],
       [-0.50003925],
       [-0.50003374],
       [-0.01413863],
       [-0.5000761 ],
       [-0.4999941 ],
       [ 0.01308331],
       [-0.49998281],
       [ 0.00970548],
       [-0.50278448],
       [-0.50004478],
       [-0.49999956],
       [-0.50003869],
       [-0.5003034 ],
       [-0.50413764],
       [-0.5001769 ],
       [-0.50000036],
       [-0.5000285 ],
       [-0.49998349],
       [-0.50001637],
       [-0.1086207 ],
       [-0.49998974],
       [-0.50002341],
       [-0.50003242],
       [-0.50001166],
       [-0.50010004],
       [-0.49998695],
       [-0.49999159],
       [-0.49998578],
       [-0.5000046 ]])
array([[-20.74685746],
       [-12.86358961],
       [-20.6989767 ],
       [-19.52396942],
       [-20.96402731],
       [-18.5150032 ],
       [-21.01484012],
       [-14.77563134],
       [-19.91049207],
       [-19.53071484],
       [-20.48340599],
       [-20.74901217],
       [-20.83557794],
       [ -0.92925909],
       [-20.4853264 ],
       [-20.0778221 ],
       [ -0.41340244],
       [-19.9818313 ],
       [ -1.96404422],
       [ -9.32888878],
       [-20.57585539],
       [-20.07747941],
       [-20.81672704],
       [-18.1295309 ],
       [ -7.90090757],
       [-18.64227405],
       [-19.07347278],
       [-19.13657096],
       [-20.17344201],
       [-20.47958165],
       [ -3.39529706],
       [-20.94977916],
       [-20.83806969],
       [-20.83268539],
       [-19.92024794],
       [-20.67434535],
       [-19.61335494],
       [-20.17298091],
       [-20.28372794],
       [-19.70049858]])
<<<<<<<<<<< STEP 16 >>>>>>>>>>>> + array([[-0.50001823],
       [-0.50124358],
       [-0.5000336 ],
       [-0.50000151],
       [-0.50001697],
       [-0.50006178],
       [-0.50003288],
       [-0.50054828],
       [-0.50000034],
       [-0.50005002],
       [-0.50002505],
       [-0.5000278 ],
       [-0.50002422],
       [-0.01415933],
       [-0.50005629],
       [-0.49999621],
       [ 0.01252715],
       [-0.49998709],
       [ 0.01138044],
       [-0.50303092],
       [-0.50003119],
       [-0.50000077],
       [-0.50002814],
       [-0.50022524],
       [-0.50670076],
       [-0.50012947],
       [-0.50000073],
       [-0.50001912],
       [-0.49998813],
       [-0.50001341],
       [-0.11296251],
       [-0.49999237],
       [-0.50001626],
       [-0.50002233],
       [-0.50000929],
       [-0.50007397],
       [-0.49999087],
       [-0.49999319],
       [-0.49998898],
       [-0.50000262]])
array([[-21.24687568],
       [-13.36483319],
       [-21.19901029],
       [-20.02397094],
       [-21.46404429],
       [-19.01506498],
       [-21.514873  ],
       [-15.27617963],
       [-20.41049241],
       [-20.03076486],
       [-20.98343105],
       [-21.24903997],
       [-21.33560216],
       [ -0.94341842],
       [-20.98538269],
       [-20.57781831],
       [ -0.4008753 ],
       [-20.48181839],
       [ -1.95266377],
       [ -9.8319197 ],
       [-21.07588658],
       [-20.57748019],
       [-21.31675519],
       [-18.62975614],
       [ -8.40760833],
       [-19.14240352],
       [-19.57347351],
       [-19.63659008],
       [-20.67343014],
       [-20.97959506],
       [ -3.50825957],
       [-21.44977153],
       [-21.33808595],
       [-21.33270772],
       [-20.42025724],
       [-21.17441932],
       [-20.11334581],
       [-20.6729741 ],
       [-20.78371693],
       [-20.2005012 ]])
<<<<<<<<<<< STEP 17 >>>>>>>>>>>> + array([[-0.5000126 ],
       [-0.50090973],
       [-0.50002447],
       [-0.50000184],
       [-0.50001163],
       [-0.50004572],
       [-0.50002433],
       [-0.50040118],
       [-0.5000003 ],
       [-0.5000356 ],
       [-0.50001784],
       [-0.50001983],
       [-0.5000175 ],
       [-0.014188  ],
       [-0.50004192],
       [-0.49999755],
       [ 0.012053  ],
       [-0.4999903 ],
       [ 0.01275636],
       [-0.5028471 ],
       [-0.50002188],
       [-0.50000128],
       [-0.50002059],
       [-0.50016813],
       [-0.50734973],
       [-0.50009539],
       [-0.50000082],
       [-0.50001289],
       [-0.49999141],
       [-0.50001083],
       [-0.12015438],
       [-0.49999429],
       [-0.50001139],
       [-0.5000155 ],
       [-0.50000738],
       [-0.5000549 ],
       [-0.49999355],
       [-0.49999455],
       [-0.4999915 ],
       [-0.50000138]])
array([[-21.74688828],
       [-13.86574292],
       [-21.69903476],
       [-20.52397277],
       [-21.96405592],
       [-19.5151107 ],
       [-22.01489733],
       [-15.7765808 ],
       [-20.91049271],
       [-20.53080047],
       [-21.48344889],
       [-21.7490598 ],
       [-21.83561966],
       [ -0.95760642],
       [-21.48542462],
       [-21.07781586],
       [ -0.3888223 ],
       [-20.9818087 ],
       [ -1.93990741],
       [-10.3347668 ],
       [-21.57590846],
       [-21.07748146],
       [-21.81677577],
       [-19.12992427],
       [ -8.91495806],
       [-19.64249891],
       [-20.07347434],
       [-20.13660297],
       [-21.17342155],
       [-21.47960589],
       [ -3.62841396],
       [-21.94976582],
       [-21.83809734],
       [-21.83272322],
       [-20.92026461],
       [-21.67447422],
       [-20.61333936],
       [-21.17296865],
       [-21.28370842],
       [-20.70050258]])
<<<<<<<<<<< STEP 18 >>>>>>>>>>>> + array([[-0.50000879],
       [-0.50066814],
       [-0.50001794],
       [-0.5000018 ],
       [-0.50000804],
       [-0.50003401],
       [-0.50001809],
       [-0.50029474],
       [-0.50000022],
       [-0.50002554],
       [-0.5000128 ],
       [-0.50001424],
       [-0.50001273],
       [-0.01422611],
       [-0.50003141],
       [-0.4999984 ],
       [ 0.0116478 ],
       [-0.49999271],
       [ 0.01388188],
       [-0.50248197],
       [-0.50001545],
       [-0.50000138],
       [-0.50001513],
       [-0.5001261 ],
       [-0.50698267],
       [-0.50007073],
       [-0.50000077],
       [-0.50000874],
       [-0.49999375],
       [-0.50000864],
       [-0.13035729],
       [-0.49999571],
       [-0.50000805],
       [-0.50001086],
       [-0.50000584],
       [-0.50004088],
       [-0.4999954 ],
       [-0.49999569],
       [-0.49999346],
       [-0.50000062]])
array([[-22.24689707],
       [-14.36641106],
       [-22.1990527 ],
       [-21.02397457],
       [-22.46406396],
       [-20.01514471],
       [-22.51491542],
       [-16.27687555],
       [-21.41049293],
       [-21.03082601],
       [-21.98346169],
       [-22.24907403],
       [-22.33563239],
       [ -0.97183253],
       [-21.98545603],
       [-21.57781426],
       [ -0.37717451],
       [-21.48180141],
       [ -1.92602553],
       [-10.83724877],
       [-22.07592391],
       [-21.57748285],
       [-22.31679091],
       [-19.63005038],
       [ -9.42194073],
       [-20.14256964],
       [-20.5734751 ],
       [-20.63661171],
       [-21.6734153 ],
       [-21.97961453],
       [ -3.75877125],
       [-22.44976153],
       [-22.33810538],
       [-22.33273408],
       [-21.42027045],
       [-22.17451509],
       [-21.11333476],
       [-21.67296433],
       [-21.78370188],
       [-21.2005032 ]])
<<<<<<<<<<< STEP 19 >>>>>>>>>>>> + array([[-0.50000619],
       [-0.50049189],
       [-0.50001324],
       [-0.50000159],
       [-0.50000561],
       [-0.50002542],
       [-0.50001349],
       [-0.50021706],
       [-0.50000014],
       [-0.50001844],
       [-0.50000924],
       [-0.50001027],
       [-0.5000093 ],
       [-0.01427282],
       [-0.50002365],
       [-0.49999894],
       [ 0.011298  ],
       [-0.49999452],
       [ 0.01481413],
       [-0.50206624],
       [-0.50001097],
       [-0.50000129],
       [-0.50001115],
       [-0.50009495],
       [-0.50615388],
       [-0.50005271],
       [-0.50000064],
       [-0.50000595],
       [-0.49999543],
       [-0.50000682],
       [-0.14381618],
       [-0.49999676],
       [-0.50000573],
       [-0.50000768],
       [-0.50000461],
       [-0.50003048],
       [-0.49999668],
       [-0.49999662],
       [-0.49999498],
       [-0.50000017]])
array([[-22.74690326],
       [-14.86690295],
       [-22.69906594],
       [-21.52397616],
       [-22.96406957],
       [-20.51517014],
       [-23.01492891],
       [-16.77709261],
       [-21.91049307],
       [-21.53084445],
       [-22.48347093],
       [-22.7490843 ],
       [-22.83564168],
       [ -0.98610535],
       [-22.48547967],
       [-22.07781321],
       [ -0.3658765 ],
       [-21.98179593],
       [ -1.9112114 ],
       [-11.33931501],
       [-22.57593487],
       [-22.07748414],
       [-22.81680206],
       [-20.13014533],
       [ -9.92809461],
       [-20.64262234],
       [-21.07347574],
       [-21.13661766],
       [-22.17341074],
       [-22.47962134],
       [ -3.90258743],
       [-22.94975829],
       [-22.83811111],
       [-22.83274176],
       [-21.92027506],
       [-22.67454558],
       [-21.61333143],
       [-22.17296095],
       [-22.28369686],
       [-21.70050337]])
<<<<<<<<<<< STEP 20 >>>>>>>>>>>> + array([[-0.50000438],
       [-0.50036213],
       [-0.50000981],
       [-0.50000131],
       [-0.50000394],
       [-0.50001907],
       [-0.50001007],
       [-0.50015982],
       [-0.50000006],
       [-0.50001338],
       [-0.50000669],
       [-0.50000742],
       [-0.50000681],
       [-0.01432629],
       [-0.50001787],
       [-0.49999929],
       [ 0.01099108],
       [-0.49999589],
       [ 0.01560886],
       [-0.50166454],
       [-0.5000078 ],
       [-0.5000011 ],
       [-0.50000822],
       [-0.50007169],
       [-0.5051778 ],
       [-0.50003942],
       [-0.50000048],
       [-0.50000405],
       [-0.49999665],
       [-0.50000533],
       [-0.16087051],
       [-0.49999754],
       [-0.5000041 ],
       [-0.50000546],
       [-0.50000363],
       [-0.50002272],
       [-0.49999758],
       [-0.49999738],
       [-0.49999617],
       [-0.4999999 ]])
array([[-23.24690764],
       [-15.36726508],
       [-23.19907575],
       [-22.02397748],
       [-23.46407351],
       [-21.0151892 ],
       [-23.51493897],
       [-17.27725243],
       [-22.41049313],
       [-22.03085783],
       [-22.98347761],
       [-23.24909173],
       [-23.33564849],
       [ -1.00043164],
       [-22.98549754],
       [-22.57781249],
       [ -0.35488542],
       [-22.48179182],
       [ -1.89560254],
       [-11.84097955],
       [-23.07594267],
       [-22.57748524],
       [-23.31681028],
       [-20.63021702],
       [-10.43327241],
       [-21.14266176],
       [-21.57347622],
       [-21.63662171],
       [-22.67340739],
       [-22.97962668],
       [ -4.06345794],
       [-23.44975583],
       [-23.33811521],
       [-23.33274722],
       [-22.42027868],
       [-23.1745683 ],
       [-22.11332901],
       [-22.67295833],
       [-22.78369303],
       [-22.20050327]])
<<<<<<<<<<< STEP 21 >>>>>>>>>>>> + array([[-0.50000312],
       [-0.50026579],
       [-0.50000728],
       [-0.50000103],
       [-0.50000277],
       [-0.50001433],
       [-0.5000075 ],
       [-0.5001173 ],
       [-0.49999999],
       [-0.50000972],
       [-0.50000484],
       [-0.50000536],
       [-0.50000498],
       [-0.01438438],
       [-0.50001353],
       [-0.49999951],
       [ 0.01071605],
       [-0.49999693],
       [ 0.01631645],
       [-0.50130552],
       [-0.50000555],
       [-0.50000089],
       [-0.50000605],
       [-0.5000542 ],
       [-0.50421881],
       [-0.50002954],
       [-0.50000033],
       [-0.50000273],
       [-0.49999754],
       [-0.50000413],
       [-0.18192024],
       [-0.49999812],
       [-0.50000294],
       [-0.5000039 ],
       [-0.50000285],
       [-0.50001689],
       [-0.49999822],
       [-0.49999799],
       [-0.4999971 ],
       [-0.49999974]])
array([[-23.74691076],
       [-15.86753087],
       [-23.69908302],
       [-22.5239785 ],
       [-23.96407628],
       [-21.51520353],
       [-24.01494648],
       [-17.77736973],
       [-22.91049312],
       [-22.53086755],
       [-23.48348245],
       [-23.74909709],
       [-23.83565347],
       [ -1.01481601],
       [-23.48551107],
       [-23.077812  ],
       [ -0.34416937],
       [-22.98178875],
       [ -1.87928609],
       [-12.34228507],
       [-23.57594822],
       [-23.07748612],
       [-23.81681633],
       [-21.13027122],
       [-10.93749121],
       [-21.64269131],
       [-22.07347656],
       [-22.13662444],
       [-23.17340493],
       [-23.47963081],
       [ -4.24537818],
       [-23.94975395],
       [-23.83811815],
       [-23.83275112],
       [-22.92028154],
       [-23.67458518],
       [-22.61332723],
       [-23.17295631],
       [-23.28369013],
       [-22.700503  ]])
<<<<<<<<<<< STEP 22 >>>>>>>>>>>> + array([[-0.50000222],
       [-0.50019377],
       [-0.5000054 ],
       [-0.50000076],
       [-0.50000196],
       [-0.50001077],
       [-0.50000557],
       [-0.50008548],
       [-0.49999993],
       [-0.50000704],
       [-0.50000349],
       [-0.50000385],
       [-0.50000363],
       [-0.01444498],
       [-0.50001025],
       [-0.49999965],
       [ 0.01046351],
       [-0.49999772],
       [ 0.01698026],
       [-0.50099896],
       [-0.50000392],
       [-0.50000068],
       [-0.50000442],
       [-0.50004098],
       [-0.50335383],
       [-0.50002214],
       [-0.5000002 ],
       [-0.50000181],
       [-0.4999982 ],
       [-0.50000317],
       [-0.20733426],
       [-0.49999857],
       [-0.5000021 ],
       [-0.50000279],
       [-0.50000224],
       [-0.50001248],
       [-0.49999868],
       [-0.49999847],
       [-0.49999781],
       [-0.49999965]])
array([[-24.24691297],
       [-16.36772464],
       [-24.19908842],
       [-23.02397927],
       [-24.46407824],
       [-22.01521429],
       [-24.51495205],
       [-18.2774552 ],
       [-23.41049305],
       [-23.03087459],
       [-23.98348594],
       [-24.24910094],
       [-24.3356571 ],
       [ -1.02926099],
       [-23.98552131],
       [-23.57781165],
       [ -0.33370586],
       [-23.48178647],
       [ -1.86230583],
       [-12.84328403],
       [-24.07595214],
       [-23.5774868 ],
       [-24.31682075],
       [-21.63031219],
       [-11.44084505],
       [-22.14271345],
       [-22.57347676],
       [-22.63662625],
       [-23.67340313],
       [-23.97963398],
       [ -4.45271244],
       [-24.44975251],
       [-24.33812025],
       [-24.33275391],
       [-23.42028378],
       [-24.17459766],
       [-23.11332592],
       [-23.67295478],
       [-23.78368794],
       [-23.20050265]])
<<<<<<<<<<< STEP 23 >>>>>>>>>>>> + array([[-0.50000157],
       [-0.5001397 ],
       [-0.50000399],
       [-0.50000053],
       [-0.50000137],
       [-0.50000808],
       [-0.50000411],
       [-0.50006157],
       [-0.49999989],
       [-0.50000508],
       [-0.50000249],
       [-0.50000274],
       [-0.50000262],
       [-0.01450626],
       [-0.50000775],
       [-0.49999975],
       [ 0.01022568],
       [-0.49999832],
       [ 0.01763501],
       [-0.50074526],
       [-0.50000273],
       [-0.50000049],
       [-0.5000032 ],
       [-0.50003094],
       [-0.50261166],
       [-0.50001657],
       [-0.50000008],
       [-0.50000116],
       [-0.49999869],
       [-0.50000241],
       [-0.23727803],
       [-0.4999989 ],
       [-0.50000149],
       [-0.50000199],
       [-0.50000176],
       [-0.50000913],
       [-0.49999902],
       [-0.49999885],
       [-0.49999837],
       [-0.4999996 ]])
array([[-24.74691454],
       [-16.86786435],
       [-24.69909242],
       [-23.5239798 ],
       [-24.96407961],
       [-22.51522237],
       [-25.01495616],
       [-18.77751677],
       [-23.91049294],
       [-23.53087967],
       [-24.48348843],
       [-24.74910368],
       [-24.83565972],
       [ -1.04376725],
       [-24.48552907],
       [-24.0778114 ],
       [ -0.32348018],
       [-23.98178479],
       [ -1.84467082],
       [-13.34402928],
       [-24.57595487],
       [-24.0774873 ],
       [-24.81682395],
       [-22.13034314],
       [-11.9434567 ],
       [-22.64273002],
       [-23.07347684],
       [-23.13662741],
       [-24.17340182],
       [-24.4796364 ],
       [ -4.68999047],
       [-24.94975141],
       [-24.83812174],
       [-24.8327559 ],
       [-23.92028554],
       [-24.67460679],
       [-23.61332494],
       [-24.17295364],
       [-24.28368632],
       [-23.70050225]])
<<<<<<<<<<< STEP 24 >>>>>>>>>>>> + array([[-0.5000011 ],
       [-0.50009912],
       [-0.50000294],
       [-0.50000035],
       [-0.50000095],
       [-0.50000604],
       [-0.50000301],
       [-0.50004362],
       [-0.49999985],
       [-0.50000363],
       [-0.50000176],
       [-0.50000191],
       [-0.50000187],
       [-0.01456689],
       [-0.50000585],
       [-0.49999981],
       [ 0.00999639],
       [-0.49999877],
       [ 0.01830402],
       [-0.50054062],
       [-0.50000186],
       [-0.50000034],
       [-0.50000228],
       [-0.50002331],
       [-0.50199616],
       [-0.50001236],
       [-0.49999999],
       [-0.5000007 ],
       [-0.49999905],
       [-0.50000182],
       [-0.27144932],
       [-0.49999916],
       [-0.50000104],
       [-0.5000014 ],
       [-0.50000138],
       [-0.5000066 ],
       [-0.49999927],
       [-0.49999915],
       [-0.4999988 ],
       [-0.49999958]])
array([[-25.24691564],
       [-17.36796346],
       [-25.19909536],
       [-24.02398014],
       [-25.46408056],
       [-23.01522842],
       [-25.51495917],
       [-19.27756039],
       [-24.41049279],
       [-24.0308833 ],
       [-24.98349019],
       [-25.24910559],
       [-25.3356616 ],
       [ -1.05833414],
       [-24.98553492],
       [-24.57781121],
       [ -0.31348379],
       [-24.48178356],
       [ -1.8263668 ],
       [-13.8445699 ],
       [-25.07595673],
       [-24.57748763],
       [-25.31682623],
       [-22.63036645],
       [-12.44545287],
       [-23.14274238],
       [-23.57347682],
       [-23.63662811],
       [-24.67340088],
       [-24.97963821],
       [ -4.96143979],
       [-25.44975057],
       [-25.33812278],
       [-25.3327573 ],
       [-24.42028692],
       [-25.1746134 ],
       [-24.11332421],
       [-24.67295279],
       [-24.78368512],
       [-24.20050184]])
<<<<<<<<<<< STEP 25 >>>>>>>>>>>> + array([[-0.50000076],
       [-0.50006883],
       [-0.50000215],
       [-0.5000002 ],
       [-0.50000065],
       [-0.5000045 ],
       [-0.50000217],
       [-0.50003021],
       [-0.49999983],
       [-0.50000255],
       [-0.50000121],
       [-0.50000131],
       [-0.50000132],
       [-0.0146264 ],
       [-0.5000044 ],
       [-0.49999986],
       [ 0.00977135],
       [-0.49999912],
       [ 0.01899527],
       [-0.50037971],
       [-0.50000123],
       [-0.50000021],
       [-0.50000159],
       [-0.50001751],
       [-0.50149939],
       [-0.50000918],
       [-0.49999992],
       [-0.50000037],
       [-0.49999932],
       [-0.50000135],
       [-0.30877299],
       [-0.49999935],
       [-0.50000071],
       [-0.50000098],
       [-0.50000109],
       [-0.5000047 ],
       [-0.49999945],
       [-0.49999938],
       [-0.49999913],
       [-0.49999958]])
array([[-25.74691639],
       [-17.86803229],
       [-25.6990975 ],
       [-24.52398034],
       [-25.96408121],
       [-23.51523292],
       [-26.01496134],
       [-19.7775906 ],
       [-24.91049262],
       [-24.53088585],
       [-25.4834914 ],
       [-25.7491069 ],
       [-25.83566291],
       [ -1.07296054],
       [-25.48553932],
       [-25.07781107],
       [ -0.30371244],
       [-24.98178267],
       [ -1.80737153],
       [-14.34494961],
       [-25.57595796],
       [-25.07748784],
       [-25.81682783],
       [-23.13038395],
       [-12.94695225],
       [-23.64275156],
       [-24.07347674],
       [-24.13662848],
       [-25.1734002 ],
       [-25.47963957],
       [ -5.27021279],
       [-25.94974992],
       [-25.83812349],
       [-25.83275828],
       [-24.92028801],
       [-25.6746181 ],
       [-24.61332366],
       [-25.17295217],
       [-25.28368425],
       [-24.70050142]])
<<<<<<<<<<< STEP 26 >>>>>>>>>>>> + array([[-0.50000051],
       [-0.50004652],
       [-0.50000156],
       [-0.50000008],
       [-0.50000043],
       [-0.50000334],
       [-0.50000155],
       [-0.50002034],
       [-0.49999982],
       [-0.50000177],
       [-0.50000082],
       [-0.50000087],
       [-0.50000091],
       [-0.01468542],
       [-0.5000033 ],
       [-0.49999989],
       [ 0.00954852],
       [-0.49999937],
       [ 0.01969798],
       [-0.50025684],
       [-0.50000078],
       [-0.50000011],
       [-0.50000109],
       [-0.5000131 ],
       [-0.50110831],
       [-0.50000679],
       [-0.49999987],
       [-0.50000015],
       [-0.49999952],
       [-0.50000099],
       [-0.34722713],
       [-0.4999995 ],
       [-0.50000048],
       [-0.50000067],
       [-0.50000085],
       [-0.50000328],
       [-0.49999959],
       [-0.49999956],
       [-0.49999938],
       [-0.49999959]])
array([[-26.2469169 ],
       [-18.36807881],
       [-26.19909906],
       [-25.02398042],
       [-26.46408164],
       [-24.01523626],
       [-26.51496289],
       [-20.27761095],
       [-25.41049245],
       [-25.03088761],
       [-25.98349222],
       [-26.24910777],
       [-26.33566382],
       [ -1.08764596],
       [-25.98554262],
       [-25.57781095],
       [ -0.29416392],
       [-25.48178204],
       [ -1.78767355],
       [-14.84520645],
       [-26.07595873],
       [-25.57748796],
       [-26.31682891],
       [-23.63039706],
       [-13.44806056],
       [-24.14275835],
       [-24.57347661],
       [-24.63662863],
       [-25.67339972],
       [-25.97964056],
       [ -5.61743991],
       [-26.44974943],
       [-26.33812397],
       [-26.33275896],
       [-25.42028886],
       [-26.17462138],
       [-25.11332325],
       [-25.67295172],
       [-25.78368362],
       [-25.20050101]])
<<<<<<<<<<< STEP 27 >>>>>>>>>>>> + array([[-0.50000033],
       [-0.50003047],
       [-0.50000112],
       [-0.50000001],
       [-0.50000028],
       [-0.50000247],
       [-0.50000109],
       [-0.50001325],
       [-0.49999982],
       [-0.5000012 ],
       [-0.50000054],
       [-0.50000056],
       [-0.50000061],
       [-0.01474576],
       [-0.50000247],
       [-0.49999991],
       [ 0.0093282 ],
       [-0.49999956],
       [ 0.02038312],
       [-0.5001663 ],
       [-0.50000046],
       [-0.50000005],
       [-0.50000072],
       [-0.50000978],
       [-0.50080807],
       [-0.500005  ],
       [-0.49999984],
       [-0.5       ],
       [-0.49999967],
       [-0.50000073],
       [-0.38406339],
       [-0.49999962],
       [-0.50000031],
       [-0.50000045],
       [-0.50000067],
       [-0.50000225],
       [-0.49999969],
       [-0.49999969],
       [-0.49999956],
       [-0.49999962]])
array([[-26.74691724],
       [-18.86810928],
       [-26.69910018],
       [-25.52398043],
       [-26.96408192],
       [-24.51523873],
       [-27.01496398],
       [-20.77762419],
       [-25.91049227],
       [-25.53088881],
       [-26.48349276],
       [-26.74910832],
       [-26.83566443],
       [ -1.10239172],
       [-26.48554509],
       [-26.07781086],
       [ -0.28483572],
       [-25.98178161],
       [ -1.76729043],
       [-15.34537275],
       [-26.57595919],
       [-26.077488  ],
       [-26.81682964],
       [-24.13040684],
       [-13.94886864],
       [-24.64276335],
       [-25.07347645],
       [-25.13662863],
       [-26.17339939],
       [-26.47964129],
       [ -6.0015033 ],
       [-26.94974904],
       [-26.83812428],
       [-26.83275941],
       [-25.92028953],
       [-26.67462362],
       [-25.61332295],
       [-26.17295141],
       [-26.28368318],
       [-25.70050063]])
<<<<<<<<<<< STEP 28 >>>>>>>>>>>> + array([[-0.50000021],
       [-0.50001926],
       [-0.5000008 ],
       [-0.49999996],
       [-0.50000018],
       [-0.50000182],
       [-0.50000076],
       [-0.5000083 ],
       [-0.49999983],
       [-0.5000008 ],
       [-0.50000034],
       [-0.50000034],
       [-0.5000004 ],
       [-0.01481004],
       [-0.50000185],
       [-0.49999993],
       [ 0.00911271],
       [-0.4999997 ],
       [ 0.02101085],
       [-0.50010235],
       [-0.50000025],
       [-0.5       ],
       [-0.50000046],
       [-0.50000729],
       [-0.50058329],
       [-0.50000367],
       [-0.49999983],
       [-0.49999992],
       [-0.49999977],
       [-0.50000053],
       [-0.41653558],
       [-0.49999971],
       [-0.50000019],
       [-0.5000003 ],
       [-0.50000053],
       [-0.50000151],
       [-0.49999977],
       [-0.49999978],
       [-0.49999969],
       [-0.49999965]])
array([[-27.24691745],
       [-19.36812854],
       [-27.19910098],
       [-26.02398039],
       [-27.4640821 ],
       [-25.01524056],
       [-27.51496474],
       [-21.27763249],
       [-26.4104921 ],
       [-26.03088961],
       [-26.9834931 ],
       [-27.24910866],
       [-27.33566483],
       [ -1.11720176],
       [-26.98554694],
       [-26.57781079],
       [ -0.27572301],
       [-26.4817813 ],
       [ -1.74627958],
       [-15.8454751 ],
       [-27.07595944],
       [-26.577488  ],
       [-27.3168301 ],
       [-24.63041413],
       [-14.44945192],
       [-25.14276702],
       [-25.57347629],
       [-25.63662855],
       [-26.67339916],
       [-26.97964181],
       [ -6.41803888],
       [-27.44974875],
       [-27.33812447],
       [-27.33275971],
       [-26.42029006],
       [-27.17462513],
       [-26.11332271],
       [-26.67295119],
       [-26.78368288],
       [-26.20050028]])
<<<<<<<<<<< STEP 29 >>>>>>>>>>>> + array([[-0.50000013],
       [-0.50001171],
       [-0.50000057],
       [-0.49999993],
       [-0.50000011],
       [-0.50000135],
       [-0.50000053],
       [-0.50000498],
       [-0.49999985],
       [-0.50000052],
       [-0.50000021],
       [-0.5000002 ],
       [-0.50000026],
       [-0.01488089],
       [-0.50000138],
       [-0.49999994],
       [ 0.00890532],
       [-0.49999979],
       [ 0.02154321],
       [-0.50005928],
       [-0.50000011],
       [-0.49999997],
       [-0.50000029],
       [-0.50000544],
       [-0.50041882],
       [-0.5000027 ],
       [-0.49999984],
       [-0.49999987],
       [-0.49999984],
       [-0.50000038],
       [-0.44280884],
       [-0.49999977],
       [-0.50000012],
       [-0.5000002 ],
       [-0.50000041],
       [-0.500001  ],
       [-0.49999982],
       [-0.49999985],
       [-0.49999979],
       [-0.49999969]])
array([[-27.74691758],
       [-19.86814024],
       [-27.69910155],
       [-26.52398032],
       [-27.96408221],
       [-25.5152419 ],
       [-28.01496527],
       [-21.77763747],
       [-26.91049195],
       [-26.53089014],
       [-27.4834933 ],
       [-27.74910886],
       [-27.83566509],
       [ -1.13208265],
       [-27.48554832],
       [-27.07781074],
       [ -0.26681769],
       [-26.9817811 ],
       [ -1.72473637],
       [-16.34553437],
       [-27.57595955],
       [-27.07748798],
       [-27.81683039],
       [-25.13041957],
       [-14.94987074],
       [-25.64276972],
       [-26.07347612],
       [-26.13662842],
       [-27.173399  ],
       [-27.47964219],
       [ -6.86084772],
       [-27.94974852],
       [-27.83812459],
       [-27.83275991],
       [-26.92029047],
       [-27.67462613],
       [-26.61332254],
       [-27.17295104],
       [-27.28368267],
       [-26.70049998]])
