<<<<<<<<<<< STEP 0 >>>>>>>>>>>> + array([[-0.44802904],
       [-0.50124812],
       [-0.50085765],
       [-0.50040176],
       [-0.50072294],
       [-0.49814355],
       [-0.02888476],
       [-0.50110849],
       [-0.50119552],
       [-0.50047669],
       [-0.5003327 ],
       [-0.07043233],
       [ 0.00825207],
       [-0.50032719],
       [ 0.01304948],
       [-0.50050241],
       [-0.50133764],
       [-0.50063816],
       [-0.499069  ],
       [-0.49969608],
       [-0.50017237],
       [-0.44459085],
       [-0.50256955],
       [-0.05579785],
       [-0.50088295],
       [-0.49927868],
       [-0.5004375 ],
       [-0.09308828],
       [-0.50049706],
       [-0.00089377],
       [-0.50117187],
       [-0.49992331],
       [-0.50068183],
       [-0.50054905],
       [-0.50127295],
       [-0.49987157],
       [-0.49992104],
       [-0.50012331],
       [-0.50029479],
       [-0.49958614]])
array([[ -5.22342385],
       [-13.7621287 ],
       [-13.40254216],
       [-14.00308381],
       [-13.51976553],
       [-11.33337268],
       [  0.65168081],
       [-13.59219362],
       [-13.66545089],
       [-13.40954027],
       [-13.74309793],
       [ -1.34298997],
       [  1.02719878],
       [-12.31797708],
       [  0.33938553],
       [-12.29172233],
       [-13.70032822],
       [-13.88539009],
       [-10.63360917],
       [-12.15181667],
       [-13.72149741],
       [ -4.73953585],
       [-12.09876516],
       [ -0.22664378],
       [-12.41949929],
       [-13.18802426],
       [-11.99261561],
       [ -1.90049364],
       [-12.83461454],
       [  0.99781992],
       [-12.59572677],
       [-13.5980399 ],
       [-13.31908037],
       [-13.77100973],
       [-10.71158322],
       [-12.93420284],
       [-13.71789325],
       [-12.98806172],
       [-13.56960184],
       [-12.1640668 ]])
<<<<<<<<<<< STEP 1 >>>>>>>>>>>> + array([[-0.47359716],
       [-0.5008689 ],
       [-0.50062468],
       [-0.50026446],
       [-0.50050198],
       [-0.49854597],
       [-0.02341445],
       [-0.50082023],
       [-0.50088094],
       [-0.50030792],
       [-0.50021725],
       [-0.0713098 ],
       [ 0.00865899],
       [-0.50023687],
       [ 0.01497448],
       [-0.50040332],
       [-0.50092855],
       [-0.50043308],
       [-0.49933305],
       [-0.49977386],
       [-0.50007812],
       [-0.47001692],
       [-0.50186146],
       [-0.05684509],
       [-0.5007215 ],
       [-0.49937335],
       [-0.50023012],
       [-0.09727396],
       [-0.50037466],
       [ 0.00118265],
       [-0.50087581],
       [-0.49989467],
       [-0.500476  ],
       [-0.50039595],
       [-0.50090343],
       [-0.49984208],
       [-0.49985628],
       [-0.50002463],
       [-0.50013069],
       [-0.49961513]])
array([[ -5.69702102],
       [-14.2629976 ],
       [-13.90316683],
       [-14.50334827],
       [-14.02026751],
       [-11.83191865],
       [  0.62826636],
       [-14.09301384],
       [-14.16633183],
       [-13.9098482 ],
       [-14.24331518],
       [ -1.41429977],
       [  1.03585778],
       [-12.81821395],
       [  0.35436   ],
       [-12.79212565],
       [-14.20125678],
       [-14.38582317],
       [-11.13294223],
       [-12.65159052],
       [-14.22157553],
       [ -5.20955277],
       [-12.60062662],
       [ -0.28348887],
       [-12.92022079],
       [-13.68739762],
       [-12.49284573],
       [ -1.9977676 ],
       [-13.3349892 ],
       [  0.99900257],
       [-13.09660258],
       [-14.09793457],
       [-13.81955637],
       [-14.27140568],
       [-11.21248664],
       [-13.43404492],
       [-14.21774953],
       [-13.48808635],
       [-14.06973253],
       [-12.66368193]])
<<<<<<<<<<< STEP 2 >>>>>>>>>>>> + array([[-0.49113005],
       [-0.50060362],
       [-0.50046059],
       [-0.50017502],
       [-0.50035056],
       [-0.49886551],
       [-0.01785687],
       [-0.50061193],
       [-0.50065302],
       [-0.50019856],
       [-0.50014387],
       [-0.07268679],
       [ 0.00914632],
       [-0.500173  ],
       [ 0.0167569 ],
       [-0.5003251 ],
       [-0.5006427 ],
       [-0.50029537],
       [-0.49951964],
       [-0.49983296],
       [-0.50002519],
       [-0.48761011],
       [-0.50134293],
       [-0.05772883],
       [-0.50058731],
       [-0.49947128],
       [-0.5000976 ],
       [-0.10281249],
       [-0.50028406],
       [ 0.00306906],
       [-0.50065645],
       [-0.49988971],
       [-0.50033469],
       [-0.50028977],
       [-0.50064263],
       [-0.49983984],
       [-0.49983346],
       [-0.49997313],
       [-0.50003379],
       [-0.4996567 ]])
array([[ -6.18815107],
       [-14.76360123],
       [-14.40362743],
       [-15.00352329],
       [-14.52061807],
       [-12.33078416],
       [  0.61040949],
       [-14.59362577],
       [-14.66698485],
       [-14.41004676],
       [-14.74345904],
       [ -1.48698656],
       [  1.0450041 ],
       [-13.31838695],
       [  0.3711169 ],
       [-13.29245075],
       [-14.70189948],
       [-14.88611854],
       [-11.63246187],
       [-13.15142348],
       [-14.72160071],
       [ -5.69716288],
       [-13.10196954],
       [ -0.3412177 ],
       [-13.4208081 ],
       [-14.1868689 ],
       [-12.99294333],
       [ -2.10058008],
       [-13.83527326],
       [  1.00207163],
       [-13.59725903],
       [-14.59782428],
       [-14.31989106],
       [-14.77169545],
       [-11.71312927],
       [-13.93388477],
       [-14.71758299],
       [-13.98805948],
       [-14.56976632],
       [-13.16333863]])
<<<<<<<<<<< STEP 3 >>>>>>>>>>>> + array([[-0.50163069],
       [-0.50042035],
       [-0.50034391],
       [-0.50011669],
       [-0.50024645],
       [-0.49911658],
       [-0.01271492],
       [-0.50046024],
       [-0.50048676],
       [-0.50012792],
       [-0.50009644],
       [-0.07481994],
       [ 0.00964441],
       [-0.50012687],
       [ 0.01828314],
       [-0.50026151],
       [-0.50044589],
       [-0.50020306],
       [-0.49965117],
       [-0.49987598],
       [-0.49999675],
       [-0.49836903],
       [-0.50097055],
       [-0.05859117],
       [-0.50047521],
       [-0.49956266],
       [-0.50001999],
       [-0.11003371],
       [-0.50021656],
       [ 0.00468173],
       [-0.50049436],
       [-0.49989608],
       [-0.50023714],
       [-0.50021451],
       [-0.50045863],
       [-0.49985135],
       [-0.49983493],
       [-0.49994955],
       [-0.49998128],
       [-0.49970396]])
array([[ -6.68978175],
       [-15.26402157],
       [-14.90397133],
       [-15.50363998],
       [-15.02086451],
       [-12.82990074],
       [  0.59769457],
       [-15.09408601],
       [-15.16747161],
       [-14.91017467],
       [-15.24355548],
       [ -1.5618065 ],
       [  1.05464851],
       [-13.81851382],
       [  0.38940004],
       [-13.79271226],
       [-15.20234537],
       [-15.3863216 ],
       [-12.13211304],
       [-13.65129946],
       [-15.22159746],
       [ -6.19553191],
       [-13.60294009],
       [ -0.39980887],
       [-13.92128331],
       [-14.68643155],
       [-13.49296332],
       [ -2.21061379],
       [-14.33548983],
       [  1.00675336],
       [-14.09775339],
       [-15.09772035],
       [-14.8201282 ],
       [-15.27190997],
       [-12.2135879 ],
       [-14.43373612],
       [-15.21741791],
       [-14.48800903],
       [-15.0697476 ],
       [-13.66304259]])
<<<<<<<<<<< STEP 4 >>>>>>>>>>>> + array([[-0.50699262],
       [-0.50029453],
       [-0.50025993],
       [-0.50007852],
       [-0.50017449],
       [-0.49931263],
       [-0.00823956],
       [-0.50034882],
       [-0.5003645 ],
       [-0.50008236],
       [-0.50006528],
       [-0.07787881],
       [ 0.01011589],
       [-0.50009298],
       [ 0.0195033 ],
       [-0.50020932],
       [-0.50031151],
       [-0.5001411 ],
       [-0.49974398],
       [-0.49990658],
       [-0.49998256],
       [-0.50411012],
       [-0.50070583],
       [-0.05951688],
       [-0.50038194],
       [-0.49964323],
       [-0.49997931],
       [-0.11925599],
       [-0.50016595],
       [ 0.00599188],
       [-0.50037448],
       [-0.49990711],
       [-0.50016935],
       [-0.50016015],
       [-0.50032852],
       [-0.4998687 ],
       [-0.49984905],
       [-0.49994183],
       [-0.49995653],
       [-0.49975153]])
array([[ -7.19677437],
       [-15.7643161 ],
       [-15.40423127],
       [-16.0037185 ],
       [-15.52103901],
       [-13.32921337],
       [  0.58945501],
       [-15.59443484],
       [-15.66783611],
       [-15.41025703],
       [-15.74362076],
       [ -1.63968531],
       [  1.0647644 ],
       [-14.31860679],
       [  0.40890334],
       [-14.29292158],
       [-15.70265687],
       [-15.8864627 ],
       [-12.63185702],
       [-14.15120604],
       [-15.72158002],
       [ -6.69964202],
       [-14.10364592],
       [ -0.45932575],
       [-14.42166525],
       [-15.18607478],
       [-13.99294263],
       [ -2.32986978],
       [-14.83565577],
       [  1.01274524],
       [-14.59812787],
       [-15.59762747],
       [-15.32029755],
       [-15.77207011],
       [-12.71391642],
       [-14.93360482],
       [-15.71726696],
       [-14.98795086],
       [-15.56970412],
       [-14.16279412]])
<<<<<<<<<<< STEP 5 >>>>>>>>>>>> + array([[-0.50908196],
       [-0.50020809],
       [-0.50019865],
       [-0.50005337],
       [-0.5001244 ],
       [-0.49946527],
       [-0.00448103],
       [-0.50026619],
       [-0.5002738 ],
       [-0.50005295],
       [-0.50004451],
       [-0.08197165],
       [ 0.01054797],
       [-0.50006777],
       [ 0.02041449],
       [-0.50016666],
       [-0.50021979],
       [-0.50009925],
       [-0.49980976],
       [-0.49992819],
       [-0.49997646],
       [-0.50661651],
       [-0.50051785],
       [-0.06053455],
       [-0.50030499],
       [-0.49971182],
       [-0.49996152],
       [-0.13080998],
       [-0.50012773],
       [ 0.00701138],
       [-0.50028543],
       [-0.49991938],
       [-0.50012184],
       [-0.50012023],
       [-0.50023603],
       [-0.49988746],
       [-0.49986851],
       [-0.49994259],
       [-0.49994805],
       [-0.49979584]])
array([[ -7.70585633],
       [-16.26452419],
       [-15.90442992],
       [-16.50377187],
       [-16.0211634 ],
       [-13.82867865],
       [  0.58497398],
       [-16.09470103],
       [-16.16810991],
       [-15.91030998],
       [-16.24366527],
       [ -1.72165696],
       [  1.07531237],
       [-14.81867456],
       [  0.42931783],
       [-14.79308824],
       [-16.20287667],
       [-16.38656195],
       [-13.13166678],
       [-14.65113423],
       [-16.22155648],
       [ -7.20625853],
       [-14.60416377],
       [ -0.51986031],
       [-14.92197024],
       [-15.6857866 ],
       [-14.49290414],
       [ -2.46067976],
       [-15.3357835 ],
       [  1.01975663],
       [-15.09841331],
       [-16.09754684],
       [-15.82041938],
       [-16.27219035],
       [-13.21415245],
       [-15.43349228],
       [-16.21713547],
       [-15.48789345],
       [-16.06965217],
       [-14.66258996]])
<<<<<<<<<<< STEP 6 >>>>>>>>>>>> + array([[-0.50931372],
       [-0.50014833],
       [-0.50015325],
       [-0.50003663],
       [-0.50008921],
       [-0.49958402],
       [-0.001374  ],
       [-0.5002043 ],
       [-0.50020587],
       [-0.5000339 ],
       [-0.5000305 ],
       [-0.08718637],
       [ 0.01094248],
       [-0.50004885],
       [ 0.02103698],
       [-0.50013212],
       [-0.50015682],
       [-0.5000707 ],
       [-0.49985672],
       [-0.49994353],
       [-0.49997477],
       [-0.50724696],
       [-0.50038362],
       [-0.06162966],
       [-0.50024211],
       [-0.49976886],
       [-0.49995681],
       [-0.14507004],
       [-0.50009868],
       [ 0.00777248],
       [-0.50021885],
       [-0.49993119],
       [-0.50008821],
       [-0.50009054],
       [-0.50016983],
       [-0.49990531],
       [-0.49988903],
       [-0.49994742],
       [-0.4999484 ],
       [-0.49983502]])
array([[ -8.21517005],
       [-16.76467252],
       [-16.40458317],
       [-17.0038085 ],
       [-16.52125261],
       [-14.32826267],
       [  0.58359998],
       [-16.59490532],
       [-16.66831578],
       [-16.41034387],
       [-16.74369576],
       [ -1.80884333],
       [  1.08625485],
       [-15.31872341],
       [  0.45035481],
       [-15.29322037],
       [-16.70303348],
       [-16.88663265],
       [-13.6315235 ],
       [-15.15107776],
       [-16.72153125],
       [ -7.71350549],
       [-15.10454739],
       [ -0.58148997],
       [-15.42221236],
       [-16.18555546],
       [-14.99286095],
       [ -2.6057498 ],
       [-15.83588218],
       [  1.02752911],
       [-15.59863215],
       [-16.59747804],
       [-16.3205076 ],
       [-16.77228089],
       [-13.71432228],
       [-15.93339759],
       [-16.71702449],
       [-15.98784087],
       [-16.56960057],
       [-15.16242498]])
<<<<<<<<<<< STEP 7 >>>>>>>>>>>> + array([[-0.50861212],
       [-0.50010659],
       [-0.50011911],
       [-0.50002533],
       [-0.50006427],
       [-0.49967642],
       [ 0.00119527],
       [-0.50015748],
       [-0.50015454],
       [-0.5000215 ],
       [-0.50002095],
       [-0.09362456],
       [ 0.0113082 ],
       [-0.50003456],
       [ 0.02139592],
       [-0.50010444],
       [-0.5001131 ],
       [-0.50005097],
       [-0.49989052],
       [-0.49995457],
       [-0.49997536],
       [-0.50689807],
       [-0.50028682],
       [-0.06275683],
       [-0.50019116],
       [-0.49981556],
       [-0.49995891],
       [-0.16246956],
       [-0.50007646],
       [ 0.00831271],
       [-0.50016869],
       [-0.49994183],
       [-0.50006417],
       [-0.50006821],
       [-0.50012209],
       [-0.4999212 ],
       [-0.49990834],
       [-0.49995383],
       [-0.49995301],
       [-0.49986843]])
array([[ -8.72378216],
       [-17.26477912],
       [-16.90470227],
       [-17.50383383],
       [-17.02131688],
       [-14.82793908],
       [  0.58479525],
       [-17.0950628 ],
       [-17.16847032],
       [-16.91036537],
       [-17.24371671],
       [ -1.90246789],
       [  1.09756304],
       [-15.81875797],
       [  0.47175073],
       [-15.79332481],
       [-17.20314659],
       [-17.38668363],
       [-14.13141401],
       [-15.65103233],
       [-17.2215066 ],
       [ -8.22040356],
       [-15.60483421],
       [ -0.64424679],
       [-15.92240351],
       [-16.68537102],
       [-15.49281986],
       [ -2.76821936],
       [-16.33595865],
       [  1.03584182],
       [-16.09880085],
       [-17.09741987],
       [-16.82057177],
       [-17.2723491 ],
       [-14.21444437],
       [-16.43331879],
       [-17.21693283],
       [-16.4877947 ],
       [-17.06955358],
       [-15.6622934 ]])
<<<<<<<<<<< STEP 8 >>>>>>>>>>>> + array([[-0.50752406],
       [-0.50007707],
       [-0.50009308],
       [-0.5000176 ],
       [-0.50004641],
       [-0.49974837],
       [ 0.00335043],
       [-0.50012176],
       [-0.50011544],
       [-0.50001338],
       [-0.5000144 ],
       [-0.10142425],
       [ 0.01165644],
       [-0.50002373],
       [ 0.02151135],
       [-0.50008247],
       [-0.50008235],
       [-0.50003714],
       [-0.49991506],
       [-0.49996267],
       [-0.49997701],
       [-0.50610844],
       [-0.5002162 ],
       [-0.06384714],
       [-0.50015014],
       [-0.49985337],
       [-0.49996407],
       [-0.18348378],
       [-0.50005937],
       [ 0.00866673],
       [-0.50013063],
       [-0.49995104],
       [-0.5000468 ],
       [-0.50005126],
       [-0.50008742],
       [-0.4999348 ],
       [-0.49992544],
       [-0.49996047],
       [-0.49995926],
       [-0.49989619]])
array([[ -9.23130623],
       [-17.76485619],
       [-17.40479535],
       [-18.00385142],
       [-17.52136329],
       [-15.32768745],
       [  0.58814568],
       [-17.59518456],
       [-17.66858576],
       [-17.41037875],
       [-17.74373111],
       [ -2.00389214],
       [  1.10921949],
       [-16.3187817 ],
       [  0.49326208],
       [-16.29340727],
       [-17.70322894],
       [-17.88672076],
       [-14.63132907],
       [-16.150995  ],
       [-17.72148361],
       [ -8.726512  ],
       [-16.10505041],
       [ -0.70809394],
       [-16.42255365],
       [-17.18522439],
       [-15.99278393],
       [ -2.95170314],
       [-16.83601802],
       [  1.04450855],
       [-16.59893148],
       [-17.59737091],
       [-17.32061856],
       [-17.77240036],
       [-14.71453179],
       [-16.93325359],
       [-17.71685827],
       [-16.98775517],
       [-17.56951284],
       [-16.16218959]])
<<<<<<<<<<< STEP 9 >>>>>>>>>>>> + array([[-0.50634828],
       [-0.50005593],
       [-0.500073  ],
       [-0.50001221],
       [-0.50003354],
       [-0.49980445],
       [ 0.00520666],
       [-0.50009429],
       [-0.50008547],
       [-0.50000804],
       [-0.50000988],
       [-0.11077519],
       [ 0.01199893],
       [-0.5000155 ],
       [ 0.02139431],
       [-0.50006515],
       [-0.50006039],
       [-0.50002728],
       [-0.49993302],
       [-0.49996873],
       [-0.49997905],
       [-0.50517894],
       [-0.50016407],
       [-0.06481184],
       [-0.50011732],
       [-0.49988373],
       [-0.49997019],
       [-0.20856066],
       [-0.50004616],
       [ 0.00886338],
       [-0.50010154],
       [-0.49995884],
       [-0.50003413],
       [-0.50003832],
       [-0.50006209],
       [-0.49994614],
       [-0.49994   ],
       [-0.49996667],
       [-0.49996575],
       [-0.49991884]])
array([[ -9.7376545 ],
       [-18.26491213],
       [-17.90486835],
       [-18.50386364],
       [-18.02139683],
       [-15.8274919 ],
       [  0.59335234],
       [-18.09527885],
       [-18.16867124],
       [-17.91038679],
       [-18.243741  ],
       [ -2.11466733],
       [  1.12121842],
       [-16.81879721],
       [  0.51465639],
       [-16.79347243],
       [-18.20328933],
       [-18.38674804],
       [-15.13126209],
       [-16.65096373],
       [-18.22146267],
       [ -9.23169094],
       [-16.60521448],
       [ -0.77290578],
       [-16.92267097],
       [-17.68510812],
       [-16.49275413],
       [ -3.1602638 ],
       [-17.33606418],
       [  1.05337193],
       [-17.09903301],
       [-18.09732975],
       [-17.8206527 ],
       [-18.27243868],
       [-15.21459388],
       [-17.43319973],
       [-18.21679827],
       [-17.48772184],
       [-18.06947859],
       [-16.66210843]])
<<<<<<<<<<< STEP 10 >>>>>>>>>>>> + array([[-0.50523405],
       [-0.50004062],
       [-0.50005735],
       [-0.50000841],
       [-0.50002418],
       [-0.49984819],
       [ 0.00686264],
       [-0.50007302],
       [-0.50006242],
       [-0.50000453],
       [-0.50000676],
       [-0.12193021],
       [ 0.01234679],
       [-0.50000928],
       [ 0.02104723],
       [-0.50005158],
       [-0.50004449],
       [-0.50002015],
       [-0.49994629],
       [-0.49997339],
       [-0.49998116],
       [-0.50426556],
       [-0.50012514],
       [-0.06554569],
       [-0.50009116],
       [-0.49990798],
       [-0.49997617],
       [-0.23797322],
       [-0.5000359 ],
       [ 0.00892583],
       [-0.50007916],
       [-0.49996537],
       [-0.50002484],
       [-0.50002838],
       [-0.50004353],
       [-0.49995546],
       [-0.4999521 ],
       [-0.49997216],
       [-0.49997176],
       [-0.49993706]])
array([[-10.24288856],
       [-18.76495274],
       [-18.4049257 ],
       [-19.00387205],
       [-18.52142101],
       [-16.32734009],
       [  0.60021498],
       [-18.59535187],
       [-18.66873366],
       [-18.41039132],
       [-18.74374776],
       [ -2.23659755],
       [  1.13356521],
       [-17.31880649],
       [  0.53570362],
       [-17.29352401],
       [-18.70333382],
       [-18.88676819],
       [-15.63120838],
       [-17.15093711],
       [-18.72144383],
       [ -9.73595649],
       [-17.10533963],
       [ -0.83845147],
       [-17.42276214],
       [-18.1850161 ],
       [-16.99273029],
       [ -3.39823702],
       [-17.83610008],
       [  1.06229777],
       [-17.59911218],
       [-18.59729512],
       [-18.32067753],
       [-18.77246706],
       [-15.71463741],
       [-17.9331552 ],
       [-18.71675038],
       [-17.987694  ],
       [-18.56945035],
       [-17.16204549]])
<<<<<<<<<<< STEP 11 >>>>>>>>>>>> + array([[-0.50424597],
       [-0.50002942],
       [-0.50004507],
       [-0.5000057 ],
       [-0.50001737],
       [-0.49988234],
       [ 0.00839546],
       [-0.50005647],
       [-0.50004471],
       [-0.50000223],
       [-0.50000461],
       [-0.13521404],
       [ 0.01271018],
       [-0.50000464],
       [ 0.02046757],
       [-0.50004098],
       [-0.50003284],
       [-0.50001493],
       [-0.49995621],
       [-0.49997706],
       [-0.49998318],
       [-0.50344104],
       [-0.50009578],
       [-0.06593403],
       [-0.50007041],
       [-0.49992728],
       [-0.49998149],
       [-0.27157381],
       [-0.5000279 ],
       [ 0.00887379],
       [-0.50006184],
       [-0.49997081],
       [-0.50001798],
       [-0.50002075],
       [-0.50002993],
       [-0.49996306],
       [-0.499962  ],
       [-0.49997687],
       [-0.49997703],
       [-0.49995157]])
array([[-10.74713453],
       [-19.26498216],
       [-18.90497077],
       [-19.50387775],
       [-19.02143838],
       [-16.82722243],
       [  0.60861044],
       [-19.09540834],
       [-19.16877837],
       [-18.91039355],
       [-19.24375237],
       [ -2.37181159],
       [  1.14627539],
       [-17.81881113],
       [  0.55617119],
       [-17.79356499],
       [-19.20336666],
       [-19.38678311],
       [-16.13116459],
       [-17.65091418],
       [-19.22142701],
       [-10.23939753],
       [-17.60543541],
       [ -0.9043855 ],
       [-17.92283255],
       [-18.68494338],
       [-17.49271178],
       [ -3.66981083],
       [-18.33612797],
       [  1.07117156],
       [-18.09917402],
       [-19.09726593],
       [-18.82069551],
       [-19.2724878 ],
       [-16.21466733],
       [-18.43311826],
       [-19.21671237],
       [-18.48767087],
       [-19.06942738],
       [-17.66199707]])
<<<<<<<<<<< STEP 12 >>>>>>>>>>>> + array([[-0.50340314],
       [-0.50002119],
       [-0.50003538],
       [-0.50000374],
       [-0.50001239],
       [-0.499909  ],
       [ 0.00985515],
       [-0.50004354],
       [-0.50003118],
       [-0.50000074],
       [-0.50000313],
       [-0.15102763],
       [ 0.01309804],
       [-0.50000125],
       [ 0.01965429],
       [-0.50003269],
       [-0.5000242 ],
       [-0.50001105],
       [-0.49996374],
       [-0.49998008],
       [-0.49998507],
       [-0.50273258],
       [-0.50007344],
       [-0.06586609],
       [-0.50005402],
       [-0.49994262],
       [-0.49998597],
       [-0.30848178],
       [-0.50002164],
       [ 0.00872705],
       [-0.50004835],
       [-0.49997536],
       [-0.50001292],
       [-0.5000149 ],
       [-0.50002002],
       [-0.49996926],
       [-0.49996999],
       [-0.49998085],
       [-0.49998149],
       [-0.49996302]])
array([[-11.25053767],
       [-19.76500335],
       [-19.40500615],
       [-20.00388149],
       [-19.52145078],
       [-17.32713143],
       [  0.61846559],
       [-19.59545188],
       [-19.66880955],
       [-19.41039429],
       [-19.74375551],
       [ -2.52283922],
       [  1.15937343],
       [-18.31881238],
       [  0.57582548],
       [-18.29359768],
       [-19.70339086],
       [-19.88679416],
       [-16.63112833],
       [-18.15089426],
       [-19.72141208],
       [-10.74213011],
       [-18.10550885],
       [ -0.97025159],
       [-18.42288657],
       [-19.184886  ],
       [-17.99269775],
       [ -3.97829261],
       [-18.83614961],
       [  1.07989861],
       [-18.59922237],
       [-19.59724129],
       [-19.32070843],
       [-19.7725027 ],
       [-16.71468736],
       [-18.93308752],
       [-19.71668237],
       [-18.98765173],
       [-19.56940887],
       [-18.16196009]])
<<<<<<<<<<< STEP 13 >>>>>>>>>>>> + array([[-0.50270186],
       [-0.50001514],
       [-0.50002773],
       [-0.50000233],
       [-0.50000878],
       [-0.4999298 ],
       [ 0.01125856],
       [-0.50003341],
       [-0.50002102],
       [-0.49999982],
       [-0.50000212],
       [-0.16984158],
       [ 0.01351799],
       [-0.49999891],
       [ 0.01861569],
       [-0.50002617],
       [-0.50001778],
       [-0.50000814],
       [-0.49996958],
       [-0.49998265],
       [-0.49998685],
       [-0.50214364],
       [-0.50005633],
       [-0.06525344],
       [-0.50004115],
       [-0.4999548 ],
       [-0.49998959],
       [-0.34685349],
       [-0.50001672],
       [ 0.0085097 ],
       [-0.50003777],
       [-0.4999792 ],
       [-0.5000092 ],
       [-0.50001047],
       [-0.50001292],
       [-0.49997435],
       [-0.49997641],
       [-0.4999842 ],
       [-0.49998518],
       [-0.49997199]])
array([[-11.75323953],
       [-20.26501849],
       [-19.90503388],
       [-20.50388381],
       [-20.02145956],
       [-17.82706123],
       [  0.62972415],
       [-20.09548528],
       [-20.16883057],
       [-19.9103941 ],
       [-20.24375763],
       [ -2.6926808 ],
       [  1.17289142],
       [-18.81881129],
       [  0.59444118],
       [-18.79362384],
       [-20.20340864],
       [-20.38680231],
       [-17.13109791],
       [-18.6508769 ],
       [-20.22139893],
       [-11.24427374],
       [-18.60556518],
       [ -1.03550503],
       [-18.92292771],
       [-19.6848408 ],
       [-18.49268734],
       [ -4.3251461 ],
       [-19.33616633],
       [  1.0884083 ],
       [-19.09926014],
       [-20.09722049],
       [-19.82071763],
       [-20.27251317],
       [-17.21470028],
       [-19.43306187],
       [-20.21665878],
       [-19.48763593],
       [-20.06939405],
       [-18.66193208]])
<<<<<<<<<<< STEP 14 >>>>>>>>>>>> + array([[-0.50212814],
       [-0.50001074],
       [-0.5000217 ],
       [-0.50000132],
       [-0.50000619],
       [-0.49994601],
       [ 0.01258676],
       [-0.50002547],
       [-0.50001359],
       [-0.49999929],
       [-0.50000145],
       [-0.19216498],
       [ 0.01397677],
       [-0.49999745],
       [ 0.01737482],
       [-0.500021  ],
       [-0.50001299],
       [-0.50000595],
       [-0.49997423],
       [-0.49998493],
       [-0.49998854],
       [-0.50166604],
       [-0.50004315],
       [-0.06404506],
       [-0.50003111],
       [-0.49996447],
       [-0.49999243],
       [-0.38400654],
       [-0.50001284],
       [ 0.00825327],
       [-0.50002942],
       [-0.49998251],
       [-0.5000065 ],
       [-0.50000716],
       [-0.50000796],
       [-0.49997858],
       [-0.49998155],
       [-0.49998702],
       [-0.4999882 ],
       [-0.49997896]])
array([[-12.25536767],
       [-20.76502923],
       [-20.40505557],
       [-21.00388514],
       [-20.52146575],
       [-18.32700724],
       [  0.64231092],
       [-20.59551075],
       [-20.66884416],
       [-20.4103934 ],
       [-20.74375908],
       [ -2.88484578],
       [  1.18686819],
       [-19.31880874],
       [  0.61181599],
       [-19.29364484],
       [-20.70342163],
       [-20.88680826],
       [-17.63107214],
       [-19.15086183],
       [-20.72138747],
       [-11.74593978],
       [-19.10560833],
       [ -1.09955009],
       [-19.42295882],
       [-20.18480526],
       [-18.99267977],
       [ -4.70915264],
       [-19.83617917],
       [  1.09666157],
       [-19.59928956],
       [-20.597203  ],
       [-20.32072413],
       [-20.77252034],
       [-17.71470824],
       [-19.93304045],
       [-20.71664033],
       [-19.98762295],
       [-20.56938225],
       [-19.16191105]])
<<<<<<<<<<< STEP 15 >>>>>>>>>>>> + array([[-0.50166449],
       [-0.50000757],
       [-0.50001696],
       [-0.50000062],
       [-0.50000435],
       [-0.49995863],
       [ 0.01379158],
       [-0.50001924],
       [-0.50000835],
       [-0.49999905],
       [-0.500001  ],
       [-0.21846559],
       [ 0.01448093],
       [-0.49999669],
       [ 0.01596766],
       [-0.50001685],
       [-0.50000943],
       [-0.50000429],
       [-0.49997805],
       [-0.49998702],
       [-0.49999016],
       [-0.50128632],
       [-0.50003296],
       [-0.06222661],
       [-0.50002334],
       [-0.49997216],
       [-0.49999458],
       [-0.41708497],
       [-0.50000978],
       [ 0.0079964 ],
       [-0.50002279],
       [-0.49998539],
       [-0.50000457],
       [-0.50000476],
       [-0.50000464],
       [-0.49998214],
       [-0.49998564],
       [-0.4999894 ],
       [-0.49999067],
       [-0.49998434]])
array([[-12.75703216],
       [-21.2650368 ],
       [-20.90507253],
       [-21.50388576],
       [-21.0214701 ],
       [-18.82696587],
       [  0.65610249],
       [-21.09553   ],
       [-21.16885251],
       [-20.91039245],
       [-21.24376008],
       [ -3.10331136],
       [  1.20134912],
       [-19.81880543],
       [  0.62778365],
       [-19.7936617 ],
       [-21.20343106],
       [-21.38681255],
       [-18.13105019],
       [-19.65084886],
       [-21.22137763],
       [-12.2472261 ],
       [-19.60564129],
       [ -1.1617767 ],
       [-19.92298216],
       [-20.68477743],
       [-19.49267435],
       [ -5.12623761],
       [-20.33618895],
       [  1.10465798],
       [-20.09931235],
       [-21.09718838],
       [-20.8207287 ],
       [-21.27252509],
       [-18.21471288],
       [-20.43302259],
       [-21.21662597],
       [-20.48761235],
       [-21.06937291],
       [-19.66189539]])
<<<<<<<<<<< STEP 16 >>>>>>>>>>>> + array([[-0.50129326],
       [-0.50000533],
       [-0.50001325],
       [-0.50000015],
       [-0.50000308],
       [-0.49996843],
       [ 0.01481306],
       [-0.50001438],
       [-0.50000483],
       [-0.499999  ],
       [-0.50000071],
       [-0.24900804],
       [ 0.01503722],
       [-0.49999648],
       [ 0.01443291],
       [-0.5000135 ],
       [-0.5000068 ],
       [-0.50000304],
       [-0.49998127],
       [-0.49998896],
       [-0.49999172],
       [-0.50098908],
       [-0.50002506],
       [-0.05980173],
       [-0.50001738],
       [-0.49997829],
       [-0.49999618],
       [-0.44402204],
       [-0.50000736],
       [ 0.00777981],
       [-0.50001749],
       [-0.49998791],
       [-0.50000321],
       [-0.50000305],
       [-0.50000252],
       [-0.49998518],
       [-0.4999889 ],
       [-0.49999142],
       [-0.49999266],
       [-0.49998847]])
array([[-13.25832541],
       [-21.76504213],
       [-21.40508579],
       [-22.00388591],
       [-21.52147318],
       [-19.3269343 ],
       [  0.67091555],
       [-21.59554437],
       [-21.66885734],
       [-21.41039145],
       [-21.74376079],
       [ -3.3523194 ],
       [  1.21638634],
       [-20.3188019 ],
       [  0.64221656],
       [-20.2936752 ],
       [-21.70343786],
       [-21.88681559],
       [-18.63103146],
       [-20.15083781],
       [-21.72136935],
       [-12.74821519],
       [-20.10566635],
       [ -1.22157843],
       [-20.42299954],
       [-21.18475572],
       [-19.99267052],
       [ -5.57025965],
       [-20.83619631],
       [  1.11243779],
       [-20.59932984],
       [-21.59717629],
       [-21.32073191],
       [-21.77252814],
       [-18.7147154 ],
       [-20.93300777],
       [-21.71661487],
       [-20.98760377],
       [-21.56936558],
       [-20.16188386]])
<<<<<<<<<<< STEP 17 >>>>>>>>>>>> + array([[-0.50099833],
       [-0.50000377],
       [-0.50001036],
       [-0.49999984],
       [-0.50000221],
       [-0.49997602],
       [ 0.01560135],
       [-0.50001058],
       [-0.50000259],
       [-0.49999907],
       [-0.50000053],
       [-0.28358622],
       [ 0.01565101],
       [-0.49999664],
       [ 0.01280046],
       [-0.50001078],
       [-0.50000486],
       [-0.50000208],
       [-0.49998401],
       [-0.49999073],
       [-0.49999317],
       [-0.500759  ],
       [-0.50001894],
       [-0.05677567],
       [-0.50001284],
       [-0.49998315],
       [-0.49999733],
       [-0.46416162],
       [-0.50000545],
       [ 0.00763818],
       [-0.50001327],
       [-0.49999011],
       [-0.50000228],
       [-0.50000187],
       [-0.50000128],
       [-0.49998777],
       [-0.49999149],
       [-0.49999312],
       [-0.49999428],
       [-0.49999161]])
array([[-13.75932374],
       [-22.2650459 ],
       [-21.90509615],
       [-22.50388574],
       [-22.02147539],
       [-19.82691033],
       [  0.6865169 ],
       [-22.09555495],
       [-22.16885994],
       [-21.91039052],
       [-22.24376132],
       [ -3.63590562],
       [  1.23203736],
       [-20.81879854],
       [  0.65501702],
       [-20.79368597],
       [-22.20344272],
       [-22.38681767],
       [-19.13101547],
       [-20.65082855],
       [-22.22136252],
       [-13.24897419],
       [-20.6056853 ],
       [ -1.2783541 ],
       [-20.92301238],
       [-21.68473887],
       [-20.49266785],
       [ -6.03442126],
       [-21.33620176],
       [  1.12007597],
       [-21.09934311],
       [-22.0971664 ],
       [-21.82073419],
       [-22.27253001],
       [-19.21471668],
       [-21.43299554],
       [-22.21660636],
       [-21.48759689],
       [-22.06935985],
       [-20.66187547]])
<<<<<<<<<<< STEP 18 >>>>>>>>>>>> + array([[-0.50076575],
       [-0.5000027 ],
       [-0.50000811],
       [-0.49999965],
       [-0.50000162],
       [-0.49998188],
       [ 0.01613252],
       [-0.50000765],
       [-0.50000125],
       [-0.4999992 ],
       [-0.50000042],
       [-0.3211898 ],
       [ 0.01632151],
       [-0.49999702],
       [ 0.01108967],
       [-0.50000856],
       [-0.50000344],
       [-0.50000137],
       [-0.49998637],
       [-0.49999233],
       [-0.49999448],
       [-0.50058211],
       [-0.50001421],
       [-0.05317024],
       [-0.50000941],
       [-0.49998701],
       [-0.49999815],
       [-0.47813896],
       [-0.50000396],
       [ 0.00759243],
       [-0.50000992],
       [-0.49999201],
       [-0.50000165],
       [-0.50000108],
       [-0.5000006 ],
       [-0.49998997],
       [-0.49999353],
       [-0.49999455],
       [-0.49999557],
       [-0.49999398]])
array([[-14.26008949],
       [-22.7650486 ],
       [-22.40510425],
       [-23.00388539],
       [-22.52147701],
       [-20.32689221],
       [  0.70264942],
       [-22.5955626 ],
       [-22.66886119],
       [-22.41038972],
       [-22.74376174],
       [ -3.95709542],
       [  1.24835887],
       [-21.31879556],
       [  0.66610669],
       [-21.29369454],
       [-22.70344615],
       [-22.88681904],
       [-19.63100183],
       [-21.15082088],
       [-22.721357  ],
       [-13.74955629],
       [-21.10569951],
       [ -1.33152435],
       [-21.42302179],
       [-22.18472587],
       [-20.99266601],
       [ -6.51256022],
       [-21.83620572],
       [  1.12766839],
       [-21.59935302],
       [-22.59715841],
       [-22.32073584],
       [-22.77253109],
       [-19.71471728],
       [-21.93298551],
       [-22.71659989],
       [-21.98759144],
       [-22.56935542],
       [-21.16186944]])
<<<<<<<<<<< STEP 19 >>>>>>>>>>>> + array([[-0.50058382],
       [-0.50000196],
       [-0.50000635],
       [-0.49999954],
       [-0.50000122],
       [-0.49998638],
       [ 0.01641371],
       [-0.50000541],
       [-0.50000049],
       [-0.49999936],
       [-0.50000035],
       [-0.35978453],
       [ 0.01703525],
       [-0.49999749],
       [ 0.00932096],
       [-0.50000677],
       [-0.50000241],
       [-0.50000084],
       [-0.49998841],
       [-0.49999373],
       [-0.49999563],
       [-0.50044657],
       [-0.50001058],
       [-0.04907297],
       [-0.50000683],
       [-0.49999004],
       [-0.49999873],
       [-0.48726985],
       [-0.5000028 ],
       [ 0.00764512],
       [-0.50000729],
       [-0.49999362],
       [-0.50000122],
       [-0.50000056],
       [-0.50000028],
       [-0.49999182],
       [-0.49999512],
       [-0.49999572],
       [-0.49999659],
       [-0.49999575]])
array([[-14.76067331],
       [-23.26505056],
       [-22.9051106 ],
       [-23.50388494],
       [-23.02147823],
       [-20.82687859],
       [  0.71906312],
       [-23.09556801],
       [-23.16886167],
       [-22.91038907],
       [-23.2437621 ],
       [ -4.31687995],
       [  1.26539412],
       [-21.81879306],
       [  0.67542764],
       [-21.79370131],
       [-23.20344856],
       [-23.38681988],
       [-20.13099025],
       [-21.65081461],
       [-23.22135263],
       [-14.25000286],
       [-21.60571009],
       [ -1.38059731],
       [-21.92302862],
       [-22.68471591],
       [-21.49266474],
       [ -6.99983006],
       [-22.33620852],
       [  1.13531351],
       [-22.09936032],
       [-23.09715203],
       [-22.82073706],
       [-23.27253165],
       [-20.21471756],
       [-22.43297733],
       [-23.21659501],
       [-22.48758716],
       [-23.06935201],
       [-21.66186519]])
<<<<<<<<<<< STEP 20 >>>>>>>>>>>> + array([[-0.50044289],
       [-0.50000145],
       [-0.50000497],
       [-0.4999995 ],
       [-0.50000095],
       [-0.49998981],
       [ 0.0164795 ],
       [-0.50000374],
       [-0.50000009],
       [-0.49999951],
       [-0.5000003 ],
       [-0.39651396],
       [ 0.01776221],
       [-0.49999797],
       [ 0.00753169],
       [-0.50000533],
       [-0.50000166],
       [-0.50000047],
       [-0.4999902 ],
       [-0.49999494],
       [-0.4999966 ],
       [-0.50034283],
       [-0.50000782],
       [-0.0446826 ],
       [-0.50000492],
       [-0.4999924 ],
       [-0.49999913],
       [-0.49295496],
       [-0.50000194],
       [ 0.00778   ],
       [-0.50000528],
       [-0.49999495],
       [-0.50000092],
       [-0.50000023],
       [-0.50000015],
       [-0.49999337],
       [-0.49999635],
       [-0.49999667],
       [-0.4999974 ],
       [-0.49999705]])
array([[-15.2611162 ],
       [-23.765052  ],
       [-23.40511558],
       [-24.00388444],
       [-23.52147918],
       [-21.32686841],
       [  0.73554262],
       [-23.59557175],
       [-23.66886176],
       [-23.41038858],
       [-23.7437624 ],
       [ -4.71339391],
       [  1.28315632],
       [-22.31879103],
       [  0.68295933],
       [-22.29370664],
       [-23.70345022],
       [-23.88682035],
       [-20.63098045],
       [-22.15080955],
       [-23.72134923],
       [-14.75034569],
       [-22.10571791],
       [ -1.42527991],
       [-22.42303353],
       [-23.18470832],
       [-21.99266387],
       [ -7.49278503],
       [-22.83621046],
       [  1.14309352],
       [-22.5993656 ],
       [-23.59714699],
       [-23.32073798],
       [-23.77253189],
       [-20.71471771],
       [-22.93297069],
       [-23.71659136],
       [-22.98758383],
       [-23.56934941],
       [-22.16186224]])
<<<<<<<<<<< STEP 21 >>>>>>>>>>>> + array([[-0.50033487],
       [-0.50000108],
       [-0.5000039 ],
       [-0.4999995 ],
       [-0.50000075],
       [-0.4999924 ],
       [ 0.01638273],
       [-0.50000252],
       [-0.4999999 ],
       [-0.49999963],
       [-0.50000027],
       [-0.4284901 ],
       [ 0.01845947],
       [-0.4999984 ],
       [ 0.00578194],
       [-0.50000419],
       [-0.50000114],
       [-0.50000021],
       [-0.49999177],
       [-0.49999594],
       [-0.49999738],
       [-0.50026343],
       [-0.50000574],
       [-0.04029902],
       [-0.50000352],
       [-0.49999423],
       [-0.49999941],
       [-0.49635684],
       [-0.50000131],
       [ 0.00796658],
       [-0.50000377],
       [-0.49999604],
       [-0.50000071],
       [-0.50000004],
       [-0.50000012],
       [-0.49999465],
       [-0.49999729],
       [-0.49999742],
       [-0.49999802],
       [-0.49999798]])
array([[-15.76145107],
       [-24.26505309],
       [-23.90511947],
       [-24.50388394],
       [-24.02147994],
       [-21.82686081],
       [  0.75192536],
       [-24.09557427],
       [-24.16886165],
       [-23.91038822],
       [-24.24376267],
       [ -5.14188401],
       [  1.30161579],
       [-22.81878943],
       [  0.68874127],
       [-22.79371083],
       [-24.20345136],
       [-24.38682056],
       [-21.13097222],
       [-22.65080549],
       [-24.22134661],
       [-15.25060912],
       [-22.60572365],
       [ -1.46557893],
       [-22.92303705],
       [-23.68470255],
       [-22.49266328],
       [ -7.98914186],
       [-23.33621177],
       [  1.1510601 ],
       [-23.09936937],
       [-24.09714303],
       [-23.82073869],
       [-24.27253193],
       [-21.21471782],
       [-23.43296535],
       [-24.21658865],
       [-23.48758125],
       [-24.06934743],
       [-22.66186022]])
<<<<<<<<<<< STEP 22 >>>>>>>>>>>> + array([[-0.50025289],
       [-0.50000082],
       [-0.50000305],
       [-0.49999953],
       [-0.5000006 ],
       [-0.49999434],
       [ 0.0161817 ],
       [-0.50000167],
       [-0.49999982],
       [-0.49999973],
       [-0.50000023],
       [-0.45382216],
       [ 0.01908298],
       [-0.49999876],
       [ 0.00414256],
       [-0.50000328],
       [-0.50000077],
       [-0.50000005],
       [-0.49999316],
       [-0.49999678],
       [-0.499998  ],
       [-0.50020264],
       [-0.50000421],
       [-0.03624448],
       [-0.50000251],
       [-0.49999562],
       [-0.4999996 ],
       [-0.49831869],
       [-0.50000086],
       [ 0.00816939],
       [-0.50000267],
       [-0.49999691],
       [-0.50000056],
       [-0.49999993],
       [-0.50000011],
       [-0.49999571],
       [-0.49999799],
       [-0.49999802],
       [-0.4999985 ],
       [-0.49999864]])
array([[-16.26170396],
       [-24.76505391],
       [-24.40512252],
       [-25.00388348],
       [-24.52148054],
       [-22.32685515],
       [  0.76810706],
       [-24.59557595],
       [-24.66886147],
       [-24.41038795],
       [-24.7437629 ],
       [ -5.59570617],
       [  1.32069877],
       [-23.3187882 ],
       [  0.69288383],
       [-23.29371411],
       [-24.70345213],
       [-24.88682061],
       [-21.63096538],
       [-23.15080227],
       [-24.7213446 ],
       [-15.75081176],
       [-23.10572786],
       [ -1.50182341],
       [-23.42303956],
       [-24.18469817],
       [-22.99266288],
       [ -8.48746056],
       [-23.83621263],
       [  1.15922949],
       [-23.59937205],
       [-24.59713993],
       [-24.32073925],
       [-24.77253186],
       [-21.71471794],
       [-23.93296106],
       [-24.71658664],
       [-23.98757927],
       [-24.56934592],
       [-23.16185886]])
<<<<<<<<<<< STEP 23 >>>>>>>>>>>> + array([[-0.50019116],
       [-0.50000063],
       [-0.50000239],
       [-0.49999958],
       [-0.50000049],
       [-0.49999577],
       [ 0.01592774],
       [-0.50000109],
       [-0.4999998 ],
       [-0.49999981],
       [-0.5000002 ],
       [-0.47215972],
       [ 0.01960075],
       [-0.49999905],
       [ 0.0026735 ],
       [-0.50000256],
       [-0.50000052],
       [-0.49999996],
       [-0.49999437],
       [-0.49999745],
       [-0.49999847],
       [-0.50015607],
       [-0.50000309],
       [-0.03276633],
       [-0.5000018 ],
       [-0.49999668],
       [-0.49999973],
       [-0.49940472],
       [-0.50000056],
       [ 0.00835808],
       [-0.50000189],
       [-0.49999759],
       [-0.50000044],
       [-0.49999988],
       [-0.50000011],
       [-0.49999658],
       [-0.49999851],
       [-0.49999848],
       [-0.49999886],
       [-0.49999908]])
array([[-16.76189512],
       [-25.26505454],
       [-24.90512491],
       [-25.50388306],
       [-25.02148103],
       [-22.82685092],
       [  0.78403479],
       [-25.09557704],
       [-25.16886127],
       [-24.91038776],
       [-25.2437631 ],
       [ -6.06786589],
       [  1.34029952],
       [-23.81878725],
       [  0.69555733],
       [-23.79371667],
       [-25.20345265],
       [-25.38682057],
       [-22.13095975],
       [-23.65079972],
       [-25.22134308],
       [-16.25096783],
       [-23.60573096],
       [ -1.53458975],
       [-23.92304136],
       [-24.68469485],
       [-23.49266261],
       [ -8.98686527],
       [-24.33621318],
       [  1.16758758],
       [-24.09937394],
       [-25.09713753],
       [-24.82073969],
       [-25.27253174],
       [-22.21471805],
       [-24.43295765],
       [-25.21658514],
       [-24.48757775],
       [-25.06934478],
       [-23.66185794]])
<<<<<<<<<<< STEP 24 >>>>>>>>>>>> + array([[-0.50014485],
       [-0.50000048],
       [-0.50000187],
       [-0.49999964],
       [-0.50000039],
       [-0.49999684],
       [ 0.01565777],
       [-0.50000071],
       [-0.49999981],
       [-0.49999986],
       [-0.50000017],
       [-0.48442007],
       [ 0.0199994 ],
       [-0.49999927],
       [ 0.00140803],
       [-0.50000199],
       [-0.50000035],
       [-0.49999991],
       [-0.49999542],
       [-0.49999799],
       [-0.49999884],
       [-0.50012035],
       [-0.50000228],
       [-0.02998657],
       [-0.50000129],
       [-0.49999748],
       [-0.49999981],
       [-0.49997362],
       [-0.50000036],
       [ 0.00851343],
       [-0.50000134],
       [-0.49999813],
       [-0.50000034],
       [-0.49999986],
       [-0.50000011],
       [-0.49999729],
       [-0.49999889],
       [-0.49999883],
       [-0.49999913],
       [-0.49999939]])
array([[-17.26203997],
       [-25.76505502],
       [-25.40512678],
       [-26.0038827 ],
       [-25.52148142],
       [-23.32684776],
       [  0.79969257],
       [-25.59557774],
       [-25.66886109],
       [-25.41038762],
       [-25.74376326],
       [ -6.55228596],
       [  1.36029892],
       [-24.31878652],
       [  0.69696536],
       [-24.29371866],
       [-25.70345301],
       [-25.88682048],
       [-22.63095517],
       [-24.15079771],
       [-25.72134191],
       [-16.75108819],
       [-24.10573324],
       [ -1.56457632],
       [-24.42304265],
       [-25.18469232],
       [-23.99266242],
       [ -9.4868389 ],
       [-24.83621354],
       [  1.17610101],
       [-24.59937528],
       [-25.59713566],
       [-25.32074003],
       [-25.7725316 ],
       [-22.71471815],
       [-24.93295493],
       [-25.71658403],
       [-24.98757658],
       [-25.56934391],
       [-24.16185733]])
<<<<<<<<<<< STEP 25 >>>>>>>>>>>> + array([[ -5.00110114e-01],
       [ -5.00000374e-01],
       [ -5.00001461e-01],
       [ -4.99999696e-01],
       [ -5.00000316e-01],
       [ -4.99997620e-01],
       [  1.53936795e-02],
       [ -5.00000457e-01],
       [ -4.99999837e-01],
       [ -4.99999900e-01],
       [ -5.00000137e-01],
       [ -4.92082733e-01],
       [  2.02822092e-02],
       [ -4.99999442e-01],
       [  3.50990457e-04],
       [ -5.00001552e-01],
       [ -5.00000243e-01],
       [ -4.99999898e-01],
       [ -4.99996303e-01],
       [ -4.99998422e-01],
       [ -4.99999112e-01],
       [ -5.00092919e-01],
       [ -5.00001694e-01],
       [ -2.79141265e-02],
       [ -5.00000938e-01],
       [ -4.99998076e-01],
       [ -4.99999873e-01],
       [ -5.00245796e-01],
       [ -5.00000229e-01],
       [  8.62758977e-03],
       [ -5.00000957e-01],
       [ -4.99998549e-01],
       [ -5.00000269e-01],
       [ -4.99999868e-01],
       [ -5.00000097e-01],
       [ -4.99997856e-01],
       [ -4.99999166e-01],
       [ -4.99999099e-01],
       [ -4.99999339e-01],
       [ -4.99999585e-01]])
array([[-17.76215009],
       [-26.2650554 ],
       [-25.90512824],
       [-26.5038824 ],
       [-26.02148174],
       [-23.82684538],
       [  0.81508625],
       [-26.0955782 ],
       [-26.16886093],
       [-25.91038752],
       [-26.2437634 ],
       [ -7.04436869],
       [  1.38058113],
       [-24.81878596],
       [  0.69731635],
       [-24.79372021],
       [-26.20345325],
       [-26.38682038],
       [-23.13095147],
       [-24.65079613],
       [-26.22134103],
       [-17.25118111],
       [-24.60573493],
       [ -1.59249045],
       [-24.92304359],
       [-25.6846904 ],
       [-24.49266229],
       [ -9.98708469],
       [-25.33621377],
       [  1.1847286 ],
       [-25.09937623],
       [-26.09713421],
       [-25.8207403 ],
       [-26.27253147],
       [-23.21471825],
       [-25.43295279],
       [-26.2165832 ],
       [-25.48757567],
       [-26.06934325],
       [-24.66185691]])
<<<<<<<<<<< STEP 26 >>>>>>>>>>>> + array([[-0.500084  ],
       [-0.50000029],
       [-0.50000114],
       [-0.49999975],
       [-0.50000025],
       [-0.4999982 ],
       [ 0.01514583],
       [-0.5000003 ],
       [-0.49999986],
       [-0.49999993],
       [-0.50000011],
       [-0.49659558],
       [ 0.02046262],
       [-0.49999957],
       [-0.00051304],
       [-0.50000121],
       [-0.50000017],
       [-0.4999999 ],
       [-0.49999704],
       [-0.49999876],
       [-0.49999932],
       [-0.50007182],
       [-0.50000127],
       [-0.02648878],
       [-0.50000069],
       [-0.49999853],
       [-0.49999991],
       [-0.50035322],
       [-0.50000015],
       [ 0.00870077],
       [-0.50000069],
       [-0.49999887],
       [-0.50000021],
       [-0.49999988],
       [-0.50000008],
       [-0.49999831],
       [-0.49999937],
       [-0.49999931],
       [-0.4999995 ],
       [-0.49999972]])
array([[-18.26223408],
       [-26.76505569],
       [-26.40512938],
       [-27.00388215],
       [-26.52148199],
       [-24.32684358],
       [  0.83023207],
       [-26.59557849],
       [-26.66886079],
       [-26.41038745],
       [-26.74376351],
       [ -7.54096427],
       [  1.40104375],
       [-25.31878553],
       [  0.6968033 ],
       [-25.29372142],
       [-26.70345342],
       [-26.88682028],
       [-23.63094851],
       [-25.15079489],
       [-26.72134034],
       [-17.75125292],
       [-25.1057362 ],
       [ -1.61897922],
       [-25.42304428],
       [-26.18468893],
       [-24.99266221],
       [-10.48743791],
       [-25.83621392],
       [  1.19342937],
       [-25.59937692],
       [-26.59713308],
       [-26.32074051],
       [-26.77253135],
       [-23.71471833],
       [-25.9329511 ],
       [-26.71658257],
       [-25.98757498],
       [-26.56934275],
       [-25.16185663]])
<<<<<<<<<<< STEP 27 >>>>>>>>>>>> + array([[-0.50006428],
       [-0.50000022],
       [-0.50000089],
       [-0.4999998 ],
       [-0.5000002 ],
       [-0.49999864],
       [ 0.0149175 ],
       [-0.50000019],
       [-0.49999989],
       [-0.49999994],
       [-0.50000009],
       [-0.49909843],
       [ 0.020558  ],
       [-0.49999967],
       [-0.00120961],
       [-0.50000094],
       [-0.50000012],
       [-0.49999991],
       [-0.49999765],
       [-0.49999903],
       [-0.49999948],
       [-0.50005556],
       [-0.50000095],
       [-0.025623  ],
       [-0.50000051],
       [-0.49999887],
       [-0.49999994],
       [-0.50037325],
       [-0.50000009],
       [ 0.00873747],
       [-0.5000005 ],
       [-0.49999912],
       [-0.50000016],
       [-0.4999999 ],
       [-0.50000007],
       [-0.49999867],
       [-0.49999952],
       [-0.49999946],
       [-0.49999961],
       [-0.49999981]])
array([[-18.76229836],
       [-27.26505591],
       [-26.90513028],
       [-27.50388194],
       [-27.02148219],
       [-24.82684221],
       [  0.84514957],
       [-27.09557869],
       [-27.16886067],
       [-26.91038739],
       [-27.2437636 ],
       [ -8.0400627 ],
       [  1.42160175],
       [-25.8187852 ],
       [  0.69559369],
       [-25.79372236],
       [-27.20345354],
       [-27.38682019],
       [-24.13094616],
       [-25.65079393],
       [-27.22133982],
       [-18.25130848],
       [-25.60573715],
       [ -1.64460222],
       [-25.92304479],
       [-26.6846878 ],
       [-25.49266215],
       [-10.98781116],
       [-26.33621401],
       [  1.20216683],
       [-26.09937743],
       [-27.09713221],
       [-26.82074067],
       [-27.27253125],
       [-24.21471841],
       [-26.43294978],
       [-27.21658209],
       [-26.48757445],
       [-27.06934236],
       [-25.66185644]])
<<<<<<<<<<< STEP 28 >>>>>>>>>>>> + array([[-0.50004933],
       [-0.50000017],
       [-0.5000007 ],
       [-0.49999984],
       [-0.50000016],
       [-0.49999896],
       [ 0.01470834],
       [-0.50000013],
       [-0.49999991],
       [-0.49999996],
       [-0.50000007],
       [-0.50038495],
       [ 0.02058565],
       [-0.49999974],
       [-0.00176674],
       [-0.50000073],
       [-0.50000008],
       [-0.49999992],
       [-0.49999814],
       [-0.49999924],
       [-0.4999996 ],
       [-0.50004302],
       [-0.50000072],
       [-0.02522831],
       [-0.50000038],
       [-0.49999913],
       [-0.49999996],
       [-0.50035021],
       [-0.50000006],
       [ 0.00874373],
       [-0.50000037],
       [-0.49999932],
       [-0.50000013],
       [-0.49999992],
       [-0.50000006],
       [-0.49999896],
       [-0.49999964],
       [-0.49999959],
       [-0.4999997 ],
       [-0.49999986]])
array([[-19.2623477 ],
       [-27.76505608],
       [-27.40513098],
       [-28.00388178],
       [-27.52148235],
       [-25.32684117],
       [  0.85985791],
       [-27.59557882],
       [-27.66886058],
       [-27.41038735],
       [-27.74376367],
       [ -8.54044765],
       [  1.4421874 ],
       [-26.31878495],
       [  0.69382695],
       [-26.29372309],
       [-27.70345362],
       [-27.88682011],
       [-24.63094429],
       [-26.15079317],
       [-27.72133942],
       [-18.7513515 ],
       [-26.10573788],
       [ -1.66983053],
       [-26.42304517],
       [-27.18468694],
       [-25.99266211],
       [-11.48816137],
       [-26.83621407],
       [  1.21091056],
       [-26.5993778 ],
       [-27.59713153],
       [-27.3207408 ],
       [-27.77253117],
       [-24.71471846],
       [-26.93294874],
       [-27.71658173],
       [-26.98757403],
       [-27.56934207],
       [-26.1618563 ]])
<<<<<<<<<<< STEP 29 >>>>>>>>>>>> + array([[-0.50003796],
       [-0.50000013],
       [-0.50000055],
       [-0.49999987],
       [-0.50000013],
       [-0.4999992 ],
       [ 0.01451644],
       [-0.50000009],
       [-0.49999993],
       [-0.49999997],
       [-0.50000006],
       [-0.5009677 ],
       [ 0.02056081],
       [-0.4999998 ],
       [-0.00221074],
       [-0.50000056],
       [-0.50000006],
       [-0.49999993],
       [-0.49999853],
       [-0.49999941],
       [-0.49999969],
       [-0.50003333],
       [-0.50000055],
       [-0.02522766],
       [-0.50000029],
       [-0.49999933],
       [-0.49999997],
       [-0.50030886],
       [-0.50000004],
       [ 0.00872559],
       [-0.50000027],
       [-0.49999947],
       [-0.5000001 ],
       [-0.49999993],
       [-0.50000005],
       [-0.49999919],
       [-0.49999972],
       [-0.49999968],
       [-0.49999977],
       [-0.4999999 ]])
array([[-19.76238565],
       [-28.26505622],
       [-27.90513152],
       [-28.50388165],
       [-28.02148248],
       [-25.82684038],
       [  0.87437435],
       [-28.0955789 ],
       [-28.16886051],
       [-27.91038732],
       [-28.24376373],
       [ -9.04141535],
       [  1.46274821],
       [-26.81878475],
       [  0.69161621],
       [-26.79372365],
       [-28.20345368],
       [-28.38682004],
       [-25.13094283],
       [-26.65079258],
       [-28.22133911],
       [-19.25138483],
       [-26.60573843],
       [ -1.69505819],
       [-26.92304546],
       [-27.68468627],
       [-26.49266208],
       [-11.98847023],
       [-27.33621411],
       [  1.21963615],
       [-27.09937807],
       [-28.097131  ],
       [-27.8207409 ],
       [-28.2725311 ],
       [-25.21471851],
       [-27.43294792],
       [-28.21658146],
       [-27.48757371],
       [-28.06934184],
       [-26.66185621]])
