<<<<<<<<<<< STEP 0 >>>>>>>>>>>> + array([[-0.50051601],
       [-0.50169273],
       [-0.50048154],
       [-0.50443478],
       [-0.50087032],
       [-0.50214761],
       [-0.50266676],
       [-0.50389783],
       [-0.50222295],
       [-0.49953409],
       [ 0.01256811],
       [-0.50171491],
       [-0.49972974],
       [-0.05872362],
       [-0.15094384],
       [ 0.00709675],
       [ 0.0078904 ],
       [-0.50100888],
       [-0.5000049 ],
       [-0.11311267],
       [-0.50034917],
       [-0.50236097],
       [-0.00825592],
       [-0.50232954],
       [-0.11479289],
       [-0.50043394],
       [-0.50093317],
       [-0.50215154],
       [-0.50362519],
       [-0.50203648],
       [-0.50163276],
       [-0.50367884],
       [-0.50073896],
       [-0.50005816],
       [-0.50058907],
       [-0.50053886],
       [-0.5212669 ],
       [-0.50180626],
       [-0.12100265],
       [-0.50244259]])
array([[-13.94476066],
       [-11.78043777],
       [-13.31036637],
       [-11.75406019],
       [-11.72576708],
       [-13.29524326],
       [-13.46157368],
       [-12.92017187],
       [-13.49846372],
       [-11.56544426],
       [ -0.14601819],
       [-13.68857678],
       [-12.90909923],
       [ -1.66176742],
       [ -2.84671398],
       [ -0.2024331 ],
       [ -0.42595493],
       [-13.03317584],
       [-12.75205846],
       [ -2.56738738],
       [-12.88099685],
       [-13.31732329],
       [ -0.68045702],
       [-13.67231817],
       [ -2.19355003],
       [-12.78994605],
       [-11.47503513],
       [-13.39373615],
       [-12.83538815],
       [-13.71589523],
       [-11.69485457],
       [-12.83699484],
       [-13.2728574 ],
       [-13.27211221],
       [-12.98777002],
       [-12.93085624],
       [ -9.28215693],
       [-13.374236  ],
       [ -2.39288327],
       [-13.34776558]])
<<<<<<<<<<< STEP 1 >>>>>>>>>>>> + array([[-0.50039057],
       [-0.50141676],
       [-0.50035793],
       [-0.50359305],
       [-0.50075094],
       [-0.50173339],
       [-0.50213359],
       [-0.50311614],
       [-0.5017844 ],
       [-0.49957582],
       [ 0.0130818 ],
       [-0.50137697],
       [-0.49976479],
       [-0.06143804],
       [-0.16475896],
       [ 0.0075073 ],
       [ 0.00984891],
       [-0.50078311],
       [-0.49999317],
       [-0.1192574 ],
       [-0.50026277],
       [-0.5018911 ],
       [-0.00761147],
       [-0.50186488],
       [-0.1236496 ],
       [-0.50032002],
       [-0.50080421],
       [-0.50172882],
       [-0.50289747],
       [-0.50162481],
       [-0.50135564],
       [-0.50294123],
       [-0.50056922],
       [-0.50002997],
       [-0.50045294],
       [-0.50041887],
       [-0.51715268],
       [-0.50145378],
       [-0.1304138 ],
       [-0.5019667 ]])
array([[-14.44515122],
       [-12.28185453],
       [-13.8107243 ],
       [-12.25765325],
       [-12.22651802],
       [-13.79697665],
       [-13.96370727],
       [-13.42328802],
       [-14.00024812],
       [-12.06502008],
       [ -0.1329364 ],
       [-14.18995375],
       [-13.40886402],
       [ -1.72320546],
       [ -3.01147295],
       [ -0.1949258 ],
       [ -0.41610603],
       [-13.53395895],
       [-13.25205163],
       [ -2.68664477],
       [-13.38125962],
       [-13.8192144 ],
       [ -0.68806849],
       [-14.17418305],
       [ -2.31719963],
       [-13.29026607],
       [-11.97583935],
       [-13.89546497],
       [-13.33828562],
       [-14.21752004],
       [-12.19621021],
       [-13.33993608],
       [-13.77342662],
       [-13.77214217],
       [-13.48822296],
       [-13.43127511],
       [ -9.79930961],
       [-13.87568978],
       [ -2.52329707],
       [-13.84973228]])
<<<<<<<<<<< STEP 2 >>>>>>>>>>>> + array([[-0.50030049],
       [-0.50118346],
       [-0.50027034],
       [-0.5029283 ],
       [-0.50064599],
       [-0.50140976],
       [-0.50171932],
       [-0.50250209],
       [-0.50144327],
       [-0.4996079 ],
       [ 0.01360028],
       [-0.50111664],
       [-0.49979967],
       [-0.06492635],
       [-0.18185373],
       [ 0.00793143],
       [ 0.01141305],
       [-0.5006137 ],
       [-0.49998969],
       [-0.12684159],
       [-0.50019847],
       [-0.50152657],
       [-0.00706085],
       [-0.50150348],
       [-0.13438546],
       [-0.50023934],
       [-0.50068742],
       [-0.50139791],
       [-0.50232676],
       [-0.5013075 ],
       [-0.50112151],
       [-0.50236257],
       [-0.50044274],
       [-0.50001625],
       [-0.50035266],
       [-0.50033025],
       [-0.51385244],
       [-0.50117991],
       [-0.14187429],
       [-0.50159525]])
array([[-14.94545171],
       [-12.78303799],
       [-14.31099464],
       [-12.76058154],
       [-12.72716401],
       [-14.29838641],
       [-14.4654266 ],
       [-13.92579011],
       [-14.50169139],
       [-12.56462798],
       [ -0.11933612],
       [-14.69107039],
       [-13.90866369],
       [ -1.78813182],
       [ -3.19332668],
       [ -0.18699437],
       [ -0.40469298],
       [-14.03457266],
       [-13.75204132],
       [ -2.81348636],
       [-13.88145809],
       [-14.32074097],
       [ -0.69512933],
       [-14.67568653],
       [ -2.45158509],
       [-13.79050541],
       [-12.47652676],
       [-14.39686289],
       [-13.84061238],
       [-14.71882754],
       [-12.69733172],
       [-13.84229865],
       [-14.27386935],
       [-14.27215843],
       [-13.98857562],
       [-13.93160536],
       [-10.31316205],
       [-14.37686969],
       [ -2.66517136],
       [-14.35132754]])
<<<<<<<<<<< STEP 3 >>>>>>>>>>>> + array([[-0.50023434],
       [-0.50098709],
       [-0.50020722],
       [-0.50239994],
       [-0.50055652],
       [-0.50115468],
       [-0.50139473],
       [-0.5020177 ],
       [-0.50117547],
       [-0.49963539],
       [ 0.01414196],
       [-0.50091358],
       [-0.49983161],
       [-0.06925273],
       [-0.20277086],
       [ 0.00838828],
       [ 0.01268658],
       [-0.50048511],
       [-0.49999044],
       [-0.13591832],
       [-0.5001503 ],
       [-0.50124089],
       [-0.00659046],
       [-0.50121998],
       [-0.14729012],
       [-0.50018104],
       [-0.50058527],
       [-0.50113706],
       [-0.50187719],
       [-0.50106035],
       [-0.50092637],
       [-0.50190655],
       [-0.50034726],
       [-0.50001044],
       [-0.50027766],
       [-0.50026343],
       [-0.51121201],
       [-0.50096485],
       [-0.15568828],
       [-0.50130256]])
array([[-15.44568605],
       [-13.28402507],
       [-14.81120186],
       [-13.26298149],
       [-13.22772053],
       [-14.79954109],
       [-14.96682132],
       [-14.42780781],
       [-15.00286686],
       [-13.06426337],
       [ -0.10519416],
       [-15.19198396],
       [-14.4084953 ],
       [ -1.85738455],
       [ -3.39609754],
       [ -0.17860609],
       [ -0.39200639],
       [-14.53505777],
       [-14.25203176],
       [ -2.94940468],
       [-14.38160838],
       [-14.82198186],
       [ -0.70171979],
       [-15.17690651],
       [ -2.59887521],
       [-14.29068644],
       [-12.97711204],
       [-14.89799994],
       [-14.34248957],
       [-15.2198879 ],
       [-13.19825809],
       [-14.3442052 ],
       [-14.77421661],
       [-14.77216887],
       [-14.48885328],
       [-14.4318688 ],
       [-10.82437406],
       [-14.87783454],
       [ -2.82085963],
       [-14.8526301 ]])
<<<<<<<<<<< STEP 4 >>>>>>>>>>>> + array([[-0.50018465],
       [-0.5008216 ],
       [-0.50016104],
       [-0.50197744],
       [-0.5004819 ],
       [-0.50095204],
       [-0.50113841],
       [-0.50163403],
       [-0.50096348],
       [-0.49966106],
       [ 0.01472144],
       [-0.50075339],
       [-0.49985953],
       [-0.07451256],
       [-0.2281377 ],
       [ 0.00889818],
       [ 0.0137527 ],
       [-0.50038647],
       [-0.49999317],
       [-0.14652155],
       [-0.50011404],
       [-0.50101492],
       [-0.00619937],
       [-0.50099582],
       [-0.16271961],
       [-0.50013805],
       [-0.50049782],
       [-0.50093009],
       [-0.50152151],
       [-0.50086603],
       [-0.50076525],
       [-0.50154557],
       [-0.50027434],
       [-0.50000874],
       [-0.50022076],
       [-0.50021199],
       [-0.50910075],
       [-0.50079429],
       [-0.17222671],
       [-0.50106985]])
array([[-15.9458707 ],
       [-13.78484668],
       [-15.3113629 ],
       [-13.76495892],
       [-13.72820243],
       [-15.30049313],
       [-15.46795974],
       [-14.92944184],
       [-15.50383035],
       [-13.56392443],
       [ -0.09047272],
       [-15.69273736],
       [-14.90835484],
       [ -1.93189711],
       [ -3.62423525],
       [ -0.16970791],
       [ -0.3782537 ],
       [-15.03544424],
       [-14.75202494],
       [ -3.09592623],
       [-14.88172242],
       [-15.32299678],
       [ -0.70791916],
       [-15.67790233],
       [ -2.76159482],
       [-14.79082449],
       [-13.47760986],
       [-15.39893004],
       [-14.84401108],
       [-15.72075393],
       [-13.69902334],
       [-14.84575077],
       [-15.27449095],
       [-15.27217761],
       [-14.98907404],
       [-14.93208079],
       [-11.33347481],
       [-15.37862883],
       [ -2.99308635],
       [-15.35369995]])
<<<<<<<<<<< STEP 5 >>>>>>>>>>>> + array([[-0.50014643],
       [-0.50068128],
       [-0.50012678],
       [-0.50163741],
       [-0.50042071],
       [-0.50078979],
       [-0.50093446],
       [-0.50132885],
       [-0.50079427],
       [-0.49968647],
       [ 0.01534792],
       [-0.50062568],
       [-0.49988324],
       [-0.08082876],
       [-0.25856973],
       [ 0.00948337],
       [ 0.01467825],
       [-0.50031005],
       [-0.49999667],
       [-0.15861716],
       [-0.50008666],
       [-0.50083453],
       [-0.00590283],
       [-0.50081721],
       [-0.18107942],
       [-0.5001057 ],
       [-0.50042384],
       [-0.50076482],
       [-0.50123883],
       [-0.50071189],
       [-0.500633  ],
       [-0.5012585 ],
       [-0.50021805],
       [-0.50000902],
       [-0.50017701],
       [-0.50017154],
       [-0.50741072],
       [-0.50065773],
       [-0.19190732],
       [-0.50088315]])
array([[-16.44601714],
       [-14.28552796],
       [-15.81148968],
       [-14.26659634],
       [-14.22862314],
       [-15.80128293],
       [-15.9688942 ],
       [-15.43077069],
       [-16.00462462],
       [-14.0636109 ],
       [ -0.0751248 ],
       [-16.19336304],
       [-15.40823808],
       [ -2.01272587],
       [ -3.88280498],
       [ -0.16022454],
       [ -0.36357544],
       [-15.53575429],
       [-15.25202161],
       [ -3.25454339],
       [-15.38180908],
       [-15.82383131],
       [ -0.71382199],
       [-16.17871954],
       [ -2.94267424],
       [-15.29093019],
       [-13.97803369],
       [-15.89969485],
       [-15.34524992],
       [-16.22146582],
       [-14.19965634],
       [-15.34700927],
       [-15.774709  ],
       [-15.77218663],
       [-15.48925105],
       [-15.43225233],
       [-11.84088552],
       [-15.87928657],
       [ -3.18499367],
       [-15.8545831 ]])
<<<<<<<<<<< STEP 6 >>>>>>>>>>>> + array([[-0.50011633],
       [-0.50056102],
       [-0.50010108],
       [-0.50136171],
       [-0.50037116],
       [-0.50065876],
       [-0.50077082],
       [-0.50108486],
       [-0.500658  ],
       [-0.49971258],
       [ 0.01602242],
       [-0.5005227 ],
       [-0.49990301],
       [-0.08833929],
       [-0.2944474 ],
       [ 0.01016759],
       [ 0.01551648],
       [-0.50025027],
       [-0.50000029],
       [-0.17202837],
       [-0.50006597],
       [-0.50068913],
       [-0.00573674],
       [-0.50067368],
       [-0.20277792],
       [-0.50008085],
       [-0.50036149],
       [-0.50063187],
       [-0.50101294],
       [-0.5005885 ],
       [-0.50052483],
       [-0.50102891],
       [-0.50017412],
       [-0.50001008],
       [-0.50014292],
       [-0.50013902],
       [-0.50605384],
       [-0.50054726],
       [-0.21514668],
       [-0.50073186]])
array([[-16.94613346],
       [-14.78608897],
       [-16.31159076],
       [-14.76795805],
       [-14.7289943 ],
       [-16.30194169],
       [-16.46966501],
       [-15.93185556],
       [-16.50528262],
       [-14.56332348],
       [ -0.05910238],
       [-16.69388573],
       [-15.90814109],
       [ -2.10106516],
       [ -4.17725238],
       [ -0.15005695],
       [ -0.34805896],
       [-16.03600456],
       [-15.75202189],
       [ -3.42657176],
       [-15.88187505],
       [-16.32452043],
       [ -0.71955873],
       [-16.67939322],
       [ -3.14545216],
       [-15.79101104],
       [-14.47839519],
       [-16.40032672],
       [-15.84626285],
       [-16.72205431],
       [-14.70018118],
       [-15.84803818],
       [-16.27488312],
       [-16.27219671],
       [-15.98939397],
       [-15.93239135],
       [-12.34693936],
       [-16.37983383],
       [ -3.40014034],
       [-16.35531496]])
<<<<<<<<<<< STEP 7 >>>>>>>>>>>> + array([[-0.50009206],
       [-0.50045662],
       [-0.50008157],
       [-0.50113603],
       [-0.50033122],
       [-0.50055181],
       [-0.50063818],
       [-0.50088852],
       [-0.50054706],
       [-0.49974016],
       [ 0.01673337],
       [-0.50043856],
       [-0.49991933],
       [-0.09716663],
       [-0.33549592],
       [ 0.01097336],
       [ 0.01630751],
       [-0.50020298],
       [-0.50000366],
       [-0.18634061],
       [-0.50005036],
       [-0.50057064],
       [-0.00576063],
       [-0.50055718],
       [-0.22813177],
       [-0.50006143],
       [-0.50030869],
       [-0.50052397],
       [-0.50083112],
       [-0.50048868],
       [-0.50043638],
       [-0.50084396],
       [-0.50013947],
       [-0.50001125],
       [-0.50011598],
       [-0.50011229],
       [-0.50495874],
       [-0.50045683],
       [-0.24227049],
       [-0.50060782]])
array([[-17.44622553],
       [-15.28654559],
       [-16.81167233],
       [-15.26909408],
       [-15.22932552],
       [-16.80249349],
       [-16.97030319],
       [-16.43274408],
       [-17.00582968],
       [-15.06306365],
       [ -0.04236901],
       [-17.1943243 ],
       [-16.40806042],
       [ -2.19823179],
       [ -4.5127483 ],
       [ -0.13908359],
       [ -0.33175146],
       [-16.53620753],
       [-16.25202555],
       [ -3.61291236],
       [-16.38192541],
       [-16.82509108],
       [ -0.72531936],
       [-17.1799504 ],
       [ -3.37358393],
       [-16.29107248],
       [-14.97870388],
       [-16.9008507 ],
       [-16.34709397],
       [-17.22254299],
       [-15.20061756],
       [-16.34888214],
       [-16.77502259],
       [-16.77220796],
       [-16.48950995],
       [-16.43250364],
       [-12.8518981 ],
       [-16.88029066],
       [ -3.64241084],
       [-16.85592278]])
<<<<<<<<<<< STEP 8 >>>>>>>>>>>> + array([[-0.50007216],
       [-0.50036503],
       [-0.50006659],
       [-0.50094897],
       [-0.50029858],
       [-0.50046325],
       [-0.50052929],
       [-0.50072913],
       [-0.50045556],
       [-0.49976982],
       [ 0.01745205],
       [-0.5003687 ],
       [-0.49993277],
       [-0.10735628],
       [-0.38017385],
       [ 0.01191449],
       [ 0.01707597],
       [-0.50016508],
       [-0.50000654],
       [-0.20081686],
       [-0.50003861],
       [-0.50047289],
       [-0.00605225],
       [-0.50046142],
       [-0.25721214],
       [-0.50004611],
       [-0.50026321],
       [-0.50043538],
       [-0.50068339],
       [-0.50040687],
       [-0.50036376],
       [-0.50069355],
       [-0.5001118 ],
       [-0.50001212],
       [-0.50009437],
       [-0.50008989],
       [-0.50406784],
       [-0.50038176],
       [-0.27337566],
       [-0.50050474]])
array([[-17.94629769],
       [-15.78691062],
       [-17.31173893],
       [-15.77004305],
       [-15.7296241 ],
       [-17.30295674],
       [-17.47083248],
       [-16.9334732 ],
       [-17.50628524],
       [-15.56283347],
       [ -0.02491696],
       [-17.694693  ],
       [-16.90799319],
       [ -2.30558806],
       [ -4.89292215],
       [ -0.1271691 ],
       [ -0.31467549],
       [-17.03637261],
       [-16.75203209],
       [ -3.81372923],
       [-16.88196401],
       [-17.32556397],
       [ -0.73137161],
       [-17.68041182],
       [ -3.63079607],
       [-16.79111859],
       [-15.4789671 ],
       [-17.40128608],
       [-16.84777737],
       [-17.72294986],
       [-15.70098132],
       [-16.84957569],
       [-17.27513439],
       [-17.27222008],
       [-16.98960433],
       [-16.93259352],
       [-13.35596595],
       [-17.38067242],
       [ -3.9157865 ],
       [-17.35642751]])
<<<<<<<<<<< STEP 9 >>>>>>>>>>>> + array([[-0.50005575],
       [-0.50028464],
       [-0.5000549 ],
       [-0.50079154],
       [-0.50027059],
       [-0.50038856],
       [-0.50043852],
       [-0.50059827],
       [-0.50037888],
       [-0.49980192],
       [ 0.0181298 ],
       [-0.50030951],
       [-0.49994394],
       [-0.11877369],
       [-0.4251552 ],
       [ 0.01298205],
       [ 0.0178253 ],
       [-0.50013422],
       [-0.50000868],
       [-0.21438821],
       [-0.50002979],
       [-0.50039118],
       [-0.00668394],
       [-0.50038155],
       [-0.28965529],
       [-0.50003411],
       [-0.50022287],
       [-0.50036158],
       [-0.50056187],
       [-0.50033876],
       [-0.50030358],
       [-0.50056974],
       [-0.5000894 ],
       [-0.50001241],
       [-0.50007676],
       [-0.50007092],
       [-0.50333527],
       [-0.50031842],
       [-0.30815332],
       [-0.50041783]])
array([[ -1.84463534e+01],
       [ -1.62871953e+01],
       [ -1.78117938e+01],
       [ -1.62708346e+01],
       [ -1.62298947e+01],
       [ -1.78033453e+01],
       [ -1.79712710e+01],
       [ -1.74340715e+01],
       [ -1.80066641e+01],
       [ -1.60626354e+01],
       [ -6.78715919e-03],
       [ -1.81950025e+01],
       [ -1.74079371e+01],
       [ -2.42436175e+00],
       [ -5.31807735e+00],
       [ -1.14187041e-01],
       [ -2.96850190e-01],
       [ -1.75365068e+01],
       [ -1.72520408e+01],
       [ -4.02811744e+00],
       [ -1.73819938e+01],
       [ -1.78259551e+01],
       [ -7.38055550e-01],
       [ -1.81807934e+01],
       [ -3.92045136e+00],
       [ -1.72911527e+01],
       [ -1.59791900e+01],
       [ -1.79016477e+01],
       [ -1.73483392e+01],
       [ -1.82232886e+01],
       [ -1.62012849e+01],
       [ -1.73501454e+01],
       [ -1.77752238e+01],
       [ -1.77722325e+01],
       [ -1.74896811e+01],
       [ -1.74326644e+01],
       [ -1.38593012e+01],
       [ -1.78809908e+01],
       [ -4.22393981e+00],
       [ -1.78568453e+01]])
<<<<<<<<<<< STEP 10 >>>>>>>>>>>> + array([[-0.50004239],
       [-0.50021522],
       [-0.50004555],
       [-0.50065682],
       [-0.50024436],
       [-0.5003242 ],
       [-0.50036157],
       [-0.50048943],
       [-0.50031353],
       [-0.49983633],
       [ 0.01869972],
       [-0.50025826],
       [-0.49995341],
       [-0.13096702],
       [-0.46560533],
       [ 0.01412558],
       [ 0.01853027],
       [-0.50010868],
       [-0.50000986],
       [-0.22578498],
       [-0.50002317],
       [-0.50032206],
       [-0.0076763 ],
       [-0.50031388],
       [-0.32451926],
       [-0.500025  ],
       [-0.50018581],
       [-0.50029909],
       [-0.50046049],
       [-0.50028102],
       [-0.50025296],
       [-0.50046642],
       [-0.50007106],
       [-0.50001193],
       [-0.50006218],
       [-0.50005492],
       [-0.50272534],
       [-0.50026412],
       [-0.34569041],
       [-0.50034359]])
array([[ -1.89463958e+01],
       [ -1.67874105e+01],
       [ -1.83118394e+01],
       [ -1.67714914e+01],
       [ -1.67301391e+01],
       [ -1.83036695e+01],
       [ -1.84716326e+01],
       [ -1.79345609e+01],
       [ -1.85069776e+01],
       [ -1.65624717e+01],
       [  1.19125572e-02],
       [ -1.86952608e+01],
       [ -1.79078905e+01],
       [ -2.55532877e+00],
       [ -5.78368268e+00],
       [ -1.00061458e-01],
       [ -2.78319919e-01],
       [ -1.80366155e+01],
       [ -1.77520506e+01],
       [ -4.25390242e+00],
       [ -1.78820170e+01],
       [ -1.83262772e+01],
       [ -7.45731849e-01],
       [ -1.86811073e+01],
       [ -4.24497062e+00],
       [ -1.77911777e+01],
       [ -1.64793758e+01],
       [ -1.84019468e+01],
       [ -1.78487997e+01],
       [ -1.87235696e+01],
       [ -1.67015379e+01],
       [ -1.78506118e+01],
       [ -1.82752948e+01],
       [ -1.82722444e+01],
       [ -1.79897433e+01],
       [ -1.79327194e+01],
       [ -1.43620266e+01],
       [ -1.83812550e+01],
       [ -4.56963022e+00],
       [ -1.83571889e+01]])
<<<<<<<<<<< STEP 11 >>>>>>>>>>>> + array([[-0.50003187],
       [-0.5001573 ],
       [-0.50003783],
       [-0.50053985],
       [-0.50021724],
       [-0.50026763],
       [-0.50029537],
       [-0.50039776],
       [-0.50025703],
       [-0.49987221],
       [ 0.01908208],
       [-0.50021301],
       [-0.49996162],
       [-0.14304274],
       [-0.49683049],
       [ 0.01524065],
       [ 0.01913272],
       [-0.5000872 ],
       [-0.50000987],
       [-0.23381353],
       [-0.50001818],
       [-0.50026307],
       [-0.00894909],
       [-0.50025583],
       [-0.36029727],
       [-0.5000185 ],
       [-0.50015092],
       [-0.50024535],
       [-0.50037474],
       [-0.50023126],
       [-0.50020961],
       [-0.50037908],
       [-0.50005594],
       [-0.50001061],
       [-0.50004997],
       [-0.50004169],
       [-0.50221145],
       [-0.50021696],
       [-0.38427038],
       [-0.50027963]])
array([[-19.44642769],
       [-17.28756778],
       [-18.8118772 ],
       [-17.27203126],
       [-17.23035629],
       [-18.80393713],
       [-18.97192794],
       [-18.43495866],
       [-19.00723468],
       [-17.06234393],
       [  0.03099464],
       [-19.19547379],
       [-18.40785215],
       [ -2.69837151],
       [ -6.28051318],
       [ -0.08482081],
       [ -0.2591872 ],
       [-18.53670271],
       [-18.2520605 ],
       [ -4.48771595],
       [-18.38203515],
       [-18.82654027],
       [ -0.75468094],
       [-19.18136308],
       [ -4.60526789],
       [-18.29119619],
       [-16.9795267 ],
       [-18.9021921 ],
       [-18.34917447],
       [-19.22380091],
       [-17.20174748],
       [-18.35099092],
       [-18.77535078],
       [-18.77225503],
       [-18.48979323],
       [-18.43276106],
       [-14.86423802],
       [-18.88147192],
       [ -4.9539006 ],
       [-18.85746856]])
<<<<<<<<<<< STEP 12 >>>>>>>>>>>> + array([[-0.50002392],
       [-0.50011114],
       [-0.50003125],
       [-0.50043745],
       [-0.50018772],
       [-0.50021732],
       [-0.50023796],
       [-0.50031989],
       [-0.50020778],
       [-0.49990796],
       [ 0.01919301],
       [-0.50017266],
       [-0.49996885],
       [-0.1536536 ],
       [-0.5165249 ],
       [ 0.0161803 ],
       [ 0.01954884],
       [-0.50006902],
       [-0.50000876],
       [-0.23775148],
       [-0.50001435],
       [-0.5002125 ],
       [-0.01031467],
       [-0.50020571],
       [-0.39513384],
       [-0.50001425],
       [-0.50011819],
       [-0.50019867],
       [-0.50030155],
       [-0.5001879 ],
       [-0.50017192],
       [-0.50030461],
       [-0.5000435 ],
       [-0.50000854],
       [-0.50003967],
       [-0.50003107],
       [-0.50177498],
       [-0.5001757 ],
       [-0.42130114],
       [-0.50022438]])
array([[-19.94645161],
       [-17.78767892],
       [-19.31190845],
       [-17.77246871],
       [-17.73054401],
       [-19.30415445],
       [-19.4721659 ],
       [-18.93527854],
       [-19.50744245],
       [-17.56225188],
       [  0.05018765],
       [-19.69564645],
       [-18.90782101],
       [ -2.85202512],
       [ -6.79703808],
       [ -0.0686405 ],
       [ -0.23963836],
       [-19.03677173],
       [-18.75206926],
       [ -4.72546743],
       [-18.88204951],
       [-19.32675277],
       [ -0.76499561],
       [-19.68156879],
       [ -5.00040173],
       [-18.79121045],
       [-17.47964489],
       [-19.40239077],
       [-18.84947602],
       [-19.7239888 ],
       [-17.7019194 ],
       [-18.85129553],
       [-19.27539428],
       [-19.27226357],
       [-18.98983291],
       [-18.93279213],
       [-15.366013  ],
       [-19.38164761],
       [ -5.37520173],
       [-19.35769294]])
<<<<<<<<<<< STEP 13 >>>>>>>>>>>> + array([[-0.5000181 ],
       [-0.50007603],
       [-0.50002554],
       [-0.500348  ],
       [-0.50015607],
       [-0.5001727 ],
       [-0.50018829],
       [-0.50025366],
       [-0.50016493],
       [-0.49994132],
       [ 0.0189628 ],
       [-0.50013684],
       [-0.4999752 ],
       [-0.16123135],
       [-0.52565924],
       [ 0.01679904],
       [ 0.01969457],
       [-0.50005368],
       [-0.50000678],
       [-0.2378646 ],
       [-0.50001138],
       [-0.5001692 ],
       [-0.01154019],
       [-0.5001626 ],
       [-0.42716764],
       [-0.50001167],
       [-0.50008854],
       [-0.50015813],
       [-0.50023901],
       [-0.5001501 ],
       [-0.50013891],
       [-0.50024111],
       [-0.5000334 ],
       [-0.50000603],
       [-0.50003101],
       [-0.50002278],
       [-0.50140413],
       [-0.50013968],
       [-0.45371679],
       [-0.50017692]])
array([[-20.44646971],
       [-18.28775495],
       [-19.81193399],
       [-18.27281671],
       [-18.23070008],
       [-19.80432715],
       [-19.97235419],
       [-19.43553221],
       [-20.00760739],
       [-18.06219321],
       [  0.06915045],
       [-20.19578329],
       [-19.40779621],
       [ -3.01325647],
       [ -7.32269732],
       [ -0.05184146],
       [ -0.21994379],
       [-19.53682541],
       [-19.25207604],
       [ -4.96333203],
       [-19.38206089],
       [-19.82692197],
       [ -0.7765358 ],
       [-20.18173139],
       [ -5.42756936],
       [-19.29122211],
       [-17.97973343],
       [-19.9025489 ],
       [-19.34971503],
       [-20.2241389 ],
       [-18.20205831],
       [-19.35153664],
       [-19.77542768],
       [-19.7722696 ],
       [-19.48986391],
       [-19.43281492],
       [-15.86741713],
       [-19.8817873 ],
       [ -5.82891853],
       [-19.85786986]])
<<<<<<<<<<< STEP 14 >>>>>>>>>>>> + array([[-0.50001387],
       [-0.50005039],
       [-0.50002057],
       [-0.50027114],
       [-0.50012426],
       [-0.50013392],
       [-0.50014602],
       [-0.50019792],
       [-0.50012824],
       [-0.49996993],
       [ 0.01836904],
       [-0.50010573],
       [-0.49998064],
       [-0.16450716],
       [-0.52731732],
       [ 0.01701202],
       [ 0.01952348],
       [-0.50004097],
       [-0.50000445],
       [-0.2358394 ],
       [-0.50000903],
       [-0.50013248],
       [-0.01244379],
       [-0.50012613],
       [-0.45483208],
       [-0.50001007],
       [-0.50006328],
       [-0.50012341],
       [-0.50018618],
       [-0.50011759],
       [-0.5001102 ],
       [-0.50018757],
       [-0.50002536],
       [-0.50000349],
       [-0.50002381],
       [-0.50001647],
       [-0.50109238],
       [-0.50010873],
       [-0.47901583],
       [-0.50013678]])
array([[-20.94648358],
       [-18.78780534],
       [-20.31195456],
       [-18.77308785],
       [-18.73082434],
       [-20.30446106],
       [-20.47250021],
       [-19.93573013],
       [-20.50773563],
       [-18.56216313],
       [  0.08751949],
       [-20.69588902],
       [-19.90777685],
       [ -3.17776364],
       [ -7.85001464],
       [ -0.03482945],
       [ -0.2004203 ],
       [-20.03686638],
       [-19.75208049],
       [ -5.19917144],
       [-19.88206992],
       [-20.32705445],
       [ -0.78897959],
       [-20.68185752],
       [ -5.88240144],
       [-19.79123219],
       [-18.47979671],
       [-20.40267231],
       [-19.8499012 ],
       [-20.72425649],
       [-18.70216851],
       [-19.85172421],
       [-20.27545304],
       [-20.27227309],
       [-19.98988772],
       [-19.93283138],
       [-16.36850951],
       [-20.38189603],
       [ -6.30793436],
       [-20.35800664]])
<<<<<<<<<<< STEP 15 >>>>>>>>>>>> + array([[-0.50001074],
       [-0.50003231],
       [-0.5000163 ],
       [-0.50020697],
       [-0.50009486],
       [-0.50010138],
       [-0.50011105],
       [-0.500152  ],
       [-0.50009771],
       [-0.49999198],
       [ 0.0174633 ],
       [-0.5000797 ],
       [-0.49998512],
       [-0.16307068],
       [-0.52485608],
       [ 0.01683062],
       [ 0.01905365],
       [-0.50003074],
       [-0.50000224],
       [-0.23459045],
       [-0.50000716],
       [-0.50010199],
       [-0.01295874],
       [-0.50009606],
       [-0.47700567],
       [-0.50000892],
       [-0.50004325],
       [-0.50009446],
       [-0.50014255],
       [-0.50009035],
       [-0.50008572],
       [-0.50014344],
       [-0.50001909],
       [-0.50000132],
       [-0.50001797],
       [-0.50001175],
       [-0.50083599],
       [-0.50008286],
       [-0.49629754],
       [-0.50010374]])
array([[ -2.14464943e+01],
       [ -1.92878376e+01],
       [ -2.08119709e+01],
       [ -1.92732948e+01],
       [ -1.92309192e+01],
       [ -2.08045624e+01],
       [ -2.09726113e+01],
       [ -2.04358821e+01],
       [ -2.10078333e+01],
       [ -1.90621551e+01],
       [  1.04982789e-01],
       [ -2.11959687e+01],
       [ -2.04077620e+01],
       [ -3.34083432e+00],
       [ -8.37487072e+00],
       [ -1.79988271e-02],
       [ -1.81366654e-01],
       [ -2.05368971e+01],
       [ -2.02520827e+01],
       [ -5.43376188e+00],
       [ -2.03820771e+01],
       [ -2.08271564e+01],
       [ -8.01938325e-01],
       [ -2.11819536e+01],
       [ -6.35940711e+00],
       [ -2.02912411e+01],
       [ -1.89798400e+01],
       [ -2.09027668e+01],
       [ -2.03500438e+01],
       [ -2.12243468e+01],
       [ -1.92022542e+01],
       [ -2.03518677e+01],
       [ -2.07754721e+01],
       [ -2.07722744e+01],
       [ -2.04899057e+01],
       [ -2.04328431e+01],
       [ -1.68693455e+01],
       [ -2.08819789e+01],
       [ -6.80423190e+00],
       [ -2.08581104e+01]])
<<<<<<<<<<< STEP 16 >>>>>>>>>>>> + array([[-0.50000835],
       [-0.50001998],
       [-0.50001273],
       [-0.50015527],
       [-0.50006993],
       [-0.5000752 ],
       [-0.50008309],
       [-0.50011519],
       [-0.50007318],
       [-0.50000697],
       [ 0.01635961],
       [-0.50005883],
       [-0.49998867],
       [-0.15751666],
       [-0.5207791 ],
       [ 0.01634764],
       [ 0.01836015],
       [-0.50002277],
       [-0.50000049],
       [-0.23729387],
       [-0.50000567],
       [-0.50007735],
       [-0.01313025],
       [-0.50007206],
       [-0.49314452],
       [-0.50000786],
       [-0.50002846],
       [-0.50007112],
       [-0.50010758],
       [-0.50006828],
       [-0.50006543],
       [-0.50010813],
       [-0.5000143 ],
       [-0.49999972],
       [-0.50001336],
       [-0.50000829],
       [-0.50063093],
       [-0.50006199],
       [-0.50639863],
       [-0.50007739]])
array([[ -2.19465027e+01],
       [ -1.97878576e+01],
       [ -2.13119836e+01],
       [ -1.97734501e+01],
       [ -1.97309891e+01],
       [ -2.13046376e+01],
       [ -2.14726943e+01],
       [ -2.09359973e+01],
       [ -2.15079065e+01],
       [ -1.95621621e+01],
       [  1.21342395e-01],
       [ -2.16960275e+01],
       [ -2.09077506e+01],
       [ -3.49835098e+00],
       [ -8.89564982e+00],
       [ -1.65119014e-03],
       [ -1.63006503e-01],
       [ -2.10369199e+01],
       [ -2.07520832e+01],
       [ -5.67105575e+00],
       [ -2.08820827e+01],
       [ -2.13272338e+01],
       [ -8.15068577e-01],
       [ -2.16820256e+01],
       [ -6.85255163e+00],
       [ -2.07912490e+01],
       [ -1.94798684e+01],
       [ -2.14028379e+01],
       [ -2.08501513e+01],
       [ -2.17244151e+01],
       [ -1.97023197e+01],
       [ -2.08519758e+01],
       [ -2.12754864e+01],
       [ -2.12722741e+01],
       [ -2.09899190e+01],
       [ -2.09328514e+01],
       [ -1.73699764e+01],
       [ -2.13820409e+01],
       [ -7.31063053e+00],
       [ -2.13581878e+01]])
<<<<<<<<<<< STEP 17 >>>>>>>>>>>> + array([[-0.50000648],
       [-0.50001183],
       [-0.50000981],
       [-0.50011497],
       [-0.50005025],
       [-0.50005494],
       [-0.50006145],
       [-0.50008646],
       [-0.50005411],
       [-0.50001565],
       [ 0.01518896],
       [-0.50004275],
       [-0.49999141],
       [-0.14903806],
       [-0.51652645],
       [ 0.01568703],
       [ 0.01753919],
       [-0.50001674],
       [-0.49999932],
       [-0.24633643],
       [-0.50000448],
       [-0.50005798],
       [-0.01306336],
       [-0.50005345],
       [-0.50347815],
       [-0.50000681],
       [-0.50001818],
       [-0.50005289],
       [-0.50008032],
       [-0.50005095],
       [-0.50004911],
       [-0.50008066],
       [-0.50001069],
       [-0.49999873],
       [-0.50000982],
       [-0.5000058 ],
       [-0.50047133],
       [-0.50004571],
       [-0.51114018],
       [-0.50005702]])
array([[ -2.24465091e+01],
       [ -2.02878694e+01],
       [ -2.18119934e+01],
       [ -2.02735651e+01],
       [ -2.02310394e+01],
       [ -2.18046926e+01],
       [ -2.19727558e+01],
       [ -2.14360838e+01],
       [ -2.20079606e+01],
       [ -2.00621777e+01],
       [  1.36531352e-01],
       [ -2.21960703e+01],
       [ -2.14077420e+01],
       [ -3.64738904e+00],
       [ -9.41217627e+00],
       [  1.40358350e-02],
       [ -1.45467308e-01],
       [ -2.15369366e+01],
       [ -2.12520825e+01],
       [ -5.91739218e+00],
       [ -2.13820872e+01],
       [ -2.18272918e+01],
       [ -8.28131940e-01],
       [ -2.21820791e+01],
       [ -7.35602978e+00],
       [ -2.12912558e+01],
       [ -1.99798866e+01],
       [ -2.19028908e+01],
       [ -2.13502316e+01],
       [ -2.22244661e+01],
       [ -2.02023688e+01],
       [ -2.13520564e+01],
       [ -2.17754971e+01],
       [ -2.17722729e+01],
       [ -2.14899289e+01],
       [ -2.14328572e+01],
       [ -1.78704478e+01],
       [ -2.18820866e+01],
       [ -7.82177070e+00],
       [ -2.18582448e+01]])
<<<<<<<<<<< STEP 18 >>>>>>>>>>>> + array([[-0.500005  ],
       [-0.50000659],
       [-0.50000748],
       [-0.50008437],
       [-0.50003554],
       [-0.50003972],
       [-0.50004511],
       [-0.5000645 ],
       [-0.50003966],
       [-0.50001954],
       [ 0.01405573],
       [-0.50003073],
       [-0.49999348],
       [-0.13883694],
       [-0.51274357],
       [ 0.0149569 ],
       [ 0.01667286],
       [-0.50001227],
       [-0.49999865],
       [-0.26284474],
       [-0.50000354],
       [-0.5000431 ],
       [-0.01286634],
       [-0.50003935],
       [-0.50899701],
       [-0.50000576],
       [-0.50001136],
       [-0.50003901],
       [-0.50005954],
       [-0.50003767],
       [-0.50003631],
       [-0.50005975],
       [-0.50000799],
       [-0.49999824],
       [-0.50000717],
       [-0.50000404],
       [-0.50034973],
       [-0.50003335],
       [-0.51244417],
       [-0.50004166]])
array([[-22.94651415],
       [-20.78787604],
       [-22.31200088],
       [-20.77364943],
       [-20.73107493],
       [-22.3047323 ],
       [-22.47280091],
       [-21.93614827],
       [-22.50800028],
       [-20.56219728],
       [  0.15058708],
       [-22.69610102],
       [-21.90773553],
       [ -3.78622598],
       [ -9.92491984],
       [  0.02899273],
       [ -0.12879444],
       [-22.03694891],
       [-21.75208119],
       [ -6.18023692],
       [-21.88209076],
       [-22.32733487],
       [ -0.84099828],
       [-22.68211845],
       [ -7.86502679],
       [-21.79126154],
       [-20.47989797],
       [-22.40292979],
       [-21.85029118],
       [-22.72450373],
       [-20.70240508],
       [-21.8521162 ],
       [-22.27550512],
       [-22.2722711 ],
       [-21.98993604],
       [-21.93286127],
       [-18.37079749],
       [-22.38211993],
       [ -8.33421487],
       [-22.35828645]])
<<<<<<<<<<< STEP 19 >>>>>>>>>>>> + array([[-0.50000384],
       [-0.50000332],
       [-0.50000565],
       [-0.50006154],
       [-0.50002493],
       [-0.50002851],
       [-0.50003295],
       [-0.50004794],
       [-0.5000289 ],
       [-0.50002027],
       [ 0.01302043],
       [-0.50002193],
       [-0.49999503],
       [-0.12778959],
       [-0.50962482],
       [ 0.01422846],
       [ 0.01581398],
       [-0.50000899],
       [-0.49999836],
       [-0.28672213],
       [-0.50000279],
       [-0.50003184],
       [-0.01261942],
       [-0.50002882],
       [-0.51108717],
       [-0.50000477],
       [-0.50000698],
       [-0.50002862],
       [-0.50004393],
       [-0.50002768],
       [-0.50002648],
       [-0.50004407],
       [-0.50000596],
       [-0.4999981 ],
       [-0.50000522],
       [-0.5000028 ],
       [-0.50025838],
       [-0.50002414],
       [-0.51183901],
       [-0.50003026]])
array([[-23.44651798],
       [-21.28787936],
       [-22.81200653],
       [-21.27371097],
       [-21.23109986],
       [-22.80476081],
       [-22.97283386],
       [-22.43619621],
       [-23.00802918],
       [-21.06221755],
       [  0.16360752],
       [-23.19612296],
       [-22.40773056],
       [ -3.91401557],
       [-10.43454466],
       [  0.04322119],
       [ -0.11298046],
       [-22.53695789],
       [-22.25207955],
       [ -6.46695906],
       [-22.38209355],
       [-22.82736671],
       [ -0.8536177 ],
       [-23.18214727],
       [ -8.37611396],
       [-22.2912663 ],
       [-20.97990495],
       [-22.90295841],
       [-22.35033512],
       [-23.22453141],
       [-21.20243156],
       [-22.35216027],
       [-22.77551108],
       [-22.7722692 ],
       [-22.48994126],
       [-22.43286407],
       [-18.87105587],
       [-22.88214407],
       [ -8.84605388],
       [-22.85831671]])
<<<<<<<<<<< STEP 20 >>>>>>>>>>>> + array([[-0.50000292],
       [-0.50000133],
       [-0.50000424],
       [-0.50004469],
       [-0.50001744],
       [-0.50002036],
       [-0.500024  ],
       [-0.50003554],
       [-0.50002097],
       [-0.50001916],
       [ 0.01210556],
       [-0.50001557],
       [-0.4999962 ],
       [-0.1164668 ],
       [-0.5071586 ],
       [ 0.01353802],
       [ 0.0149895 ],
       [-0.5000066 ],
       [-0.49999832],
       [-0.31677208],
       [-0.5000022 ],
       [-0.50002341],
       [-0.01236986],
       [-0.50002103],
       [-0.51108145],
       [-0.50000387],
       [-0.50000423],
       [-0.50002091],
       [-0.50003232],
       [-0.50002024],
       [-0.50001905],
       [-0.50003241],
       [-0.50000445],
       [-0.49999816],
       [-0.50000378],
       [-0.50000193],
       [-0.50019032],
       [-0.50001737],
       [-0.51035396],
       [-0.50002189]])
array([[-23.94652091],
       [-21.78788069],
       [-23.31201077],
       [-21.77375565],
       [-21.7311173 ],
       [-23.30478118],
       [-23.47285786],
       [-22.93623175],
       [-23.50805015],
       [-21.56223672],
       [  0.17571308],
       [-23.69613853],
       [-22.90772676],
       [ -4.03048237],
       [-10.94170325],
       [  0.0567592 ],
       [ -0.09799096],
       [-23.03696449],
       [-22.75207787],
       [ -6.78373114],
       [-22.88209575],
       [-23.32739013],
       [ -0.86598756],
       [-23.6821683 ],
       [ -8.88719541],
       [-22.79127017],
       [-21.47990917],
       [-23.40297932],
       [-22.85036743],
       [-23.72455165],
       [-21.70245061],
       [-22.85219269],
       [-23.27551553],
       [-23.27226736],
       [-22.98994504],
       [-22.93286599],
       [-19.37124619],
       [-23.38216144],
       [ -9.35640784],
       [-23.3583386 ]])
<<<<<<<<<<< STEP 21 >>>>>>>>>>>> + array([[-0.50000222],
       [-0.50000017],
       [-0.50000316],
       [-0.50003233],
       [-0.50001219],
       [-0.50001448],
       [-0.50001744],
       [-0.50002632],
       [-0.50001516],
       [-0.50001714],
       [ 0.01131037],
       [-0.500011  ],
       [-0.49999707],
       [-0.10533907],
       [-0.50525972],
       [ 0.01289903],
       [ 0.01421143],
       [-0.50000485],
       [-0.49999842],
       [-0.35074351],
       [-0.50000173],
       [-0.50001715],
       [-0.01214016],
       [-0.5000153 ],
       [-0.51000114],
       [-0.5000031 ],
       [-0.50000253],
       [-0.50001524],
       [-0.50002371],
       [-0.50001473],
       [-0.50001351],
       [-0.50002379],
       [-0.50000332],
       [-0.49999834],
       [-0.50000273],
       [-0.50000132],
       [-0.5001399 ],
       [-0.50001242],
       [-0.5086047 ],
       [-0.50001578]])
array([[-24.44652312],
       [-22.28788086],
       [-23.81201393],
       [-22.27378799],
       [-22.23112949],
       [-23.80479565],
       [-23.9728753 ],
       [-23.43625807],
       [-24.00806531],
       [-22.06225386],
       [  0.18702345],
       [-24.19614953],
       [-23.40772383],
       [ -4.13582144],
       [-11.44696297],
       [  0.06965823],
       [ -0.08377953],
       [-23.53696934],
       [-23.25207629],
       [ -7.13447465],
       [-23.38209748],
       [-23.82740728],
       [ -0.87812771],
       [-24.1821836 ],
       [ -9.39719656],
       [-23.29127327],
       [-21.9799117 ],
       [-23.90299456],
       [-23.35039115],
       [-24.22456638],
       [-22.20246412],
       [-23.35221647],
       [-23.77551884],
       [-23.7722657 ],
       [-23.48994778],
       [-23.43286731],
       [-19.87138609],
       [-23.88217386],
       [ -9.86501254],
       [-23.85835438]])
<<<<<<<<<<< STEP 22 >>>>>>>>>>>> + array([[-0.50000167],
       [-0.49999954],
       [-0.50000234],
       [-0.50002333],
       [-0.50000854],
       [-0.50001026],
       [-0.50001266],
       [-0.50001947],
       [-0.50001094],
       [-0.50001479],
       [ 0.0106241 ],
       [-0.50000774],
       [-0.49999774],
       [-0.09495294],
       [-0.50382764],
       [ 0.01231411],
       [ 0.01348666],
       [-0.50000358],
       [-0.49999858],
       [-0.38551334],
       [-0.50000136],
       [-0.50001252],
       [-0.01193838],
       [-0.50001111],
       [-0.5085117 ],
       [-0.50000245],
       [-0.50000149],
       [-0.50001108],
       [-0.50001738],
       [-0.50001069],
       [-0.50000946],
       [-0.50001744],
       [-0.50000247],
       [-0.49999855],
       [-0.50000198],
       [-0.5000009 ],
       [-0.5001027 ],
       [-0.50000884],
       [-0.50692024],
       [-0.50001134]])
array([[-24.94652479],
       [-22.7878804 ],
       [-24.31201627],
       [-22.77381131],
       [-22.73113803],
       [-24.30480591],
       [-24.47288796],
       [-23.93627754],
       [-24.50807624],
       [-22.56226864],
       [  0.19764755],
       [-24.69615727],
       [-23.90772156],
       [ -4.23077437],
       [-11.95079061],
       [  0.08197234],
       [ -0.07029287],
       [-24.03697292],
       [-23.75207487],
       [ -7.51998799],
       [-23.88209884],
       [-24.3274198 ],
       [ -0.89006609],
       [-24.68219471],
       [ -9.90570826],
       [-23.79127572],
       [-22.4799132 ],
       [-24.40300564],
       [-23.85040852],
       [-24.72457707],
       [-22.70247357],
       [-23.85223391],
       [-24.27552131],
       [-24.27226425],
       [-23.98994975],
       [-23.93286822],
       [-20.37148879],
       [-24.3821827 ],
       [-10.37193278],
       [-24.35836572]])
<<<<<<<<<<< STEP 23 >>>>>>>>>>>> + array([[-0.50000126],
       [-0.49999923],
       [-0.50000173],
       [-0.50001681],
       [-0.50000601],
       [-0.50000725],
       [-0.50000919],
       [-0.50001441],
       [-0.50000788],
       [-0.50001243],
       [ 0.01003406],
       [-0.50000544],
       [-0.49999825],
       [-0.08594578],
       [-0.50276726],
       [ 0.01178278],
       [ 0.01282185],
       [-0.50000265],
       [-0.49999878],
       [-0.41770253],
       [-0.50000107],
       [-0.50000913],
       [-0.01176564],
       [-0.50000806],
       [-0.50698955],
       [-0.50000192],
       [-0.50000086],
       [-0.50000806],
       [-0.50001273],
       [-0.50000775],
       [-0.50000654],
       [-0.50001278],
       [-0.50000184],
       [-0.49999878],
       [-0.50000143],
       [-0.50000061],
       [-0.5000754 ],
       [-0.50000627],
       [-0.50544947],
       [-0.50000814]])
array([[-25.44652605],
       [-23.28787964],
       [-24.812018  ],
       [-23.27382812],
       [-23.23114404],
       [-24.80481316],
       [-24.97289715],
       [-24.43629195],
       [-25.00808412],
       [-23.06228107],
       [  0.20768161],
       [-25.19616271],
       [-24.40771981],
       [ -4.31672015],
       [-12.45355787],
       [  0.09375511],
       [ -0.05747103],
       [-24.53697557],
       [-24.25207365],
       [ -7.93769052],
       [-24.38209991],
       [-24.82742894],
       [ -0.90183173],
       [-25.18220276],
       [-10.4126978 ],
       [-24.29127764],
       [-22.97991406],
       [-24.90301369],
       [-24.35042126],
       [-25.22458482],
       [-23.20248012],
       [-24.35224669],
       [-24.77552316],
       [-24.77226303],
       [-24.48995118],
       [-24.43286883],
       [-20.87156419],
       [-24.88218897],
       [-10.87738225],
       [-24.85837385]])
<<<<<<<<<<< STEP 24 >>>>>>>>>>>> + array([[-0.50000094],
       [-0.49999913],
       [-0.50000128],
       [-0.50001213],
       [-0.50000424],
       [-0.50000513],
       [-0.50000668],
       [-0.50001069],
       [-0.50000568],
       [-0.50001026],
       [ 0.0095288 ],
       [-0.50000382],
       [-0.49999864],
       [-0.07890153],
       [-0.50199475],
       [ 0.01130439],
       [ 0.01222339],
       [-0.50000197],
       [-0.49999897],
       [-0.44464565],
       [-0.50000084],
       [-0.50000667],
       [-0.01162022],
       [-0.50000585],
       [-0.50561453],
       [-0.5000015 ],
       [-0.50000049],
       [-0.50000586],
       [-0.50000935],
       [-0.50000562],
       [-0.50000449],
       [-0.50000939],
       [-0.50000138],
       [-0.49999899],
       [-0.50000103],
       [-0.50000041],
       [-0.50005544],
       [-0.50000445],
       [-0.50423637],
       [-0.50000585]])
array([[-25.94652699],
       [-23.78787876],
       [-25.31201928],
       [-23.77384025],
       [-23.73114828],
       [-25.30481829],
       [-25.47290384],
       [-24.93630265],
       [-25.5080898 ],
       [-23.56229133],
       [  0.2172104 ],
       [-25.69616654],
       [-24.90771845],
       [ -4.39562168],
       [-12.95555263],
       [  0.1050595 ],
       [ -0.04524764],
       [-25.03697753],
       [-24.75207262],
       [ -8.38233617],
       [-24.88210076],
       [-25.3274356 ],
       [ -0.91345195],
       [-25.68220861],
       [-10.91831234],
       [-24.79127914],
       [-23.47991455],
       [-25.40301956],
       [-24.8504306 ],
       [-25.72459043],
       [-23.70248461],
       [-24.85225608],
       [-25.27552453],
       [-25.27226202],
       [-24.98995221],
       [-24.93286924],
       [-21.37161963],
       [-25.38219341],
       [-11.38161863],
       [-25.3583797 ]])
<<<<<<<<<<< STEP 25 >>>>>>>>>>>> + array([[-0.50000071],
       [-0.49999914],
       [-0.50000094],
       [-0.50000878],
       [-0.50000302],
       [-0.50000364],
       [-0.50000488],
       [-0.50000796],
       [-0.50000411],
       [-0.50000834],
       [ 0.0090982 ],
       [-0.50000269],
       [-0.49999894],
       [-0.07418067],
       [-0.50143894],
       [ 0.01087785],
       [ 0.01169483],
       [-0.50000147],
       [-0.49999915],
       [-0.46513824],
       [-0.50000066],
       [-0.50000488],
       [-0.01149925],
       [-0.50000426],
       [-0.50444961],
       [-0.50000116],
       [-0.50000027],
       [-0.50000428],
       [-0.50000688],
       [-0.50000408],
       [-0.50000308],
       [-0.50000692],
       [-0.50000103],
       [-0.49999918],
       [-0.50000075],
       [-0.50000028],
       [-0.50004091],
       [-0.50000316],
       [-0.5032698 ],
       [-0.50000422]])
array([[-26.4465277 ],
       [-24.2878779 ],
       [-25.81202022],
       [-24.27384903],
       [-24.2311513 ],
       [-25.80482193],
       [-25.97290871],
       [-25.43631061],
       [-26.00809392],
       [-24.06229968],
       [  0.22630861],
       [-26.19616923],
       [-25.40771739],
       [ -4.46980236],
       [-13.45699157],
       [  0.11593736],
       [ -0.03355281],
       [-25.536979  ],
       [-25.25207177],
       [ -8.84747442],
       [-25.38210142],
       [-25.82744048],
       [ -0.9249512 ],
       [-26.18221288],
       [-11.42276195],
       [-25.29128031],
       [-23.97991481],
       [-25.90302384],
       [-25.35043749],
       [-26.22459452],
       [-24.20248769],
       [-25.352263  ],
       [-25.77552557],
       [-25.7722612 ],
       [-25.48995296],
       [-25.43286952],
       [-21.87166054],
       [-25.88219657],
       [-11.88488843],
       [-25.85838392]])
<<<<<<<<<<< STEP 26 >>>>>>>>>>>> + array([[-0.50000053],
       [-0.49999921],
       [-0.5000007 ],
       [-0.50000639],
       [-0.50000217],
       [-0.5000026 ],
       [-0.50000358],
       [-0.50000596],
       [-0.50000299],
       [-0.50000671],
       [ 0.00873261],
       [-0.50000191],
       [-0.49999918],
       [-0.07186701],
       [-0.50104189],
       [ 0.01050036],
       [ 0.01123491],
       [-0.5000011 ],
       [-0.49999931],
       [-0.47945443],
       [-0.50000052],
       [-0.50000359],
       [-0.01139931],
       [-0.50000312],
       [-0.50349727],
       [-0.5000009 ],
       [-0.50000014],
       [-0.50000315],
       [-0.50000509],
       [-0.50000298],
       [-0.50000211],
       [-0.50000512],
       [-0.50000078],
       [-0.49999934],
       [-0.50000055],
       [-0.50000019],
       [-0.50003033],
       [-0.50000226],
       [-0.50251497],
       [-0.50000306]])
array([[ -2.69465282e+01],
       [ -2.47878771e+01],
       [ -2.63120209e+01],
       [ -2.47738554e+01],
       [ -2.47311535e+01],
       [ -2.63048245e+01],
       [ -2.64729123e+01],
       [ -2.59363166e+01],
       [ -2.65080969e+01],
       [ -2.45623064e+01],
       [  2.35041215e-01],
       [ -2.66961711e+01],
       [ -2.59077166e+01],
       [ -4.54166937e+00],
       [ -1.39580335e+01],
       [  1.26437715e-01],
       [ -2.23179018e-02],
       [ -2.60369801e+01],
       [ -2.57520711e+01],
       [ -9.32692884e+00],
       [ -2.58821019e+01],
       [ -2.63274441e+01],
       [ -9.36350507e-01],
       [ -2.66822160e+01],
       [ -1.19262592e+01],
       [ -2.57912812e+01],
       [ -2.44799150e+01],
       [ -2.64030270e+01],
       [ -2.58504426e+01],
       [ -2.67245975e+01],
       [ -2.47024898e+01],
       [ -2.58522681e+01],
       [ -2.62755263e+01],
       [ -2.62722605e+01],
       [ -2.59899535e+01],
       [ -2.59328697e+01],
       [ -2.23716909e+01],
       [ -2.63821988e+01],
       [ -1.23874034e+01],
       [ -2.63583870e+01]])
<<<<<<<<<<< STEP 27 >>>>>>>>>>>> + array([[-0.5000004 ],
       [-0.49999931],
       [-0.50000052],
       [-0.50000468],
       [-0.50000157],
       [-0.50000187],
       [-0.50000264],
       [-0.50000448],
       [-0.50000219],
       [-0.50000534],
       [ 0.0084222 ],
       [-0.50000136],
       [-0.49999936],
       [-0.07184899],
       [-0.50075863],
       [ 0.01016675],
       [ 0.01083758],
       [-0.50000083],
       [-0.49999944],
       [-0.48876186],
       [-0.50000041],
       [-0.50000265],
       [-0.01131654],
       [-0.5000023 ],
       [-0.50273421],
       [-0.5000007 ],
       [-0.50000006],
       [-0.50000233],
       [-0.50000379],
       [-0.50000219],
       [-0.50000146],
       [-0.50000381],
       [-0.50000059],
       [-0.49999947],
       [-0.5000004 ],
       [-0.50000013],
       [-0.5000226 ],
       [-0.50000162],
       [-0.50193161],
       [-0.50000223]])
array([[ -2.74465286e+01],
       [ -2.52878764e+01],
       [ -2.68120214e+01],
       [ -2.52738601e+01],
       [ -2.52311550e+01],
       [ -2.68048264e+01],
       [ -2.69729149e+01],
       [ -2.64363210e+01],
       [ -2.70080991e+01],
       [ -2.50623117e+01],
       [  2.43463417e-01],
       [ -2.71961725e+01],
       [ -2.64077159e+01],
       [ -4.61351836e+00],
       [ -1.44587921e+01],
       [  1.36604463e-01],
       [ -1.14803197e-02],
       [ -2.65369809e+01],
       [ -2.62520705e+01],
       [ -9.81569070e+00],
       [ -2.63821024e+01],
       [ -2.68274467e+01],
       [ -9.47667046e-01],
       [ -2.71822183e+01],
       [ -1.24289934e+01],
       [ -2.62912819e+01],
       [ -2.49799150e+01],
       [ -2.69030293e+01],
       [ -2.63504464e+01],
       [ -2.72245997e+01],
       [ -2.52024913e+01],
       [ -2.63522719e+01],
       [ -2.67755269e+01],
       [ -2.67722600e+01],
       [ -2.64899539e+01],
       [ -2.64328698e+01],
       [ -2.28717135e+01],
       [ -2.68822005e+01],
       [ -1.28893350e+01],
       [ -2.68583892e+01]])
<<<<<<<<<<< STEP 28 >>>>>>>>>>>> + array([[-0.50000031],
       [-0.49999942],
       [-0.50000039],
       [-0.50000345],
       [-0.50000115],
       [-0.50000136],
       [-0.50000196],
       [-0.50000338],
       [-0.50000162],
       [-0.50000423],
       [ 0.00815716],
       [-0.50000098],
       [-0.4999995 ],
       [-0.07394886],
       [-0.5005558 ],
       [ 0.00986989],
       [ 0.01049373],
       [-0.50000063],
       [-0.49999956],
       [-0.49445472],
       [-0.50000032],
       [-0.50000197],
       [-0.01124685],
       [-0.50000171],
       [-0.50212964],
       [-0.50000054],
       [-0.50000002],
       [-0.50000173],
       [-0.50000284],
       [-0.50000162],
       [-0.50000102],
       [-0.50000286],
       [-0.50000044],
       [-0.49999958],
       [-0.5000003 ],
       [-0.50000009],
       [-0.50001694],
       [-0.50000118],
       [-0.50148271],
       [-0.50000164]])
array([[ -2.79465289e+01],
       [ -2.57878758e+01],
       [ -2.73120218e+01],
       [ -2.57738635e+01],
       [ -2.57311562e+01],
       [ -2.73048278e+01],
       [ -2.74729169e+01],
       [ -2.69363244e+01],
       [ -2.75081007e+01],
       [ -2.55623160e+01],
       [  2.51620577e-01],
       [ -2.76961735e+01],
       [ -2.69077154e+01],
       [ -4.68746722e+00],
       [ -1.49593479e+01],
       [  1.46474350e-01],
       [ -9.86589391e-04],
       [ -2.70369816e+01],
       [ -2.67520701e+01],
       [ -1.03101454e+01],
       [ -2.68821027e+01],
       [ -2.73274487e+01],
       [ -9.58913898e-01],
       [ -2.76822200e+01],
       [ -1.29311231e+01],
       [ -2.67912824e+01],
       [ -2.54799150e+01],
       [ -2.74030310e+01],
       [ -2.68504492e+01],
       [ -2.77246013e+01],
       [ -2.57024923e+01],
       [ -2.68522748e+01],
       [ -2.72755274e+01],
       [ -2.72722596e+01],
       [ -2.69899542e+01],
       [ -2.69328699e+01],
       [ -2.33717304e+01],
       [ -2.73822016e+01],
       [ -1.33908177e+01],
       [ -2.73583908e+01]])
<<<<<<<<<<< STEP 29 >>>>>>>>>>>> + array([[-0.50000023],
       [-0.49999952],
       [-0.50000029],
       [-0.50000256],
       [-0.50000085],
       [-0.50000099],
       [-0.50000147],
       [-0.50000257],
       [-0.5000012 ],
       [-0.50000332],
       [ 0.00792802],
       [-0.50000071],
       [-0.49999961],
       [-0.07802263],
       [-0.50040954],
       [ 0.00960144],
       [ 0.01019297],
       [-0.50000048],
       [-0.49999965],
       [-0.49774574],
       [-0.50000025],
       [-0.50000148],
       [-0.01118602],
       [-0.50000127],
       [-0.50165367],
       [-0.50000042],
       [-0.5       ],
       [-0.5000013 ],
       [-0.50000213],
       [-0.50000121],
       [-0.50000072],
       [-0.50000215],
       [-0.50000034],
       [-0.49999967],
       [-0.50000022],
       [-0.50000006],
       [-0.50001275],
       [-0.50000086],
       [-0.50113756],
       [-0.50000121]])
array([[ -2.84465292e+01],
       [ -2.62878754e+01],
       [ -2.78120221e+01],
       [ -2.62738661e+01],
       [ -2.62311570e+01],
       [ -2.78048287e+01],
       [ -2.79729184e+01],
       [ -2.74363270e+01],
       [ -2.80081019e+01],
       [ -2.60623193e+01],
       [  2.59548601e-01],
       [ -2.81961742e+01],
       [ -2.74077150e+01],
       [ -4.76548985e+00],
       [ -1.54597574e+01],
       [  1.56075788e-01],
       [  9.20637967e-03],
       [ -2.75369820e+01],
       [ -2.72520697e+01],
       [ -1.08078912e+01],
       [ -2.73821029e+01],
       [ -2.78274502e+01],
       [ -9.70099917e-01],
       [ -2.81822213e+01],
       [ -1.34327767e+01],
       [ -2.72912829e+01],
       [ -2.59799150e+01],
       [ -2.79030323e+01],
       [ -2.73504513e+01],
       [ -2.82246025e+01],
       [ -2.62024930e+01],
       [ -2.73522769e+01],
       [ -2.77755277e+01],
       [ -2.77722593e+01],
       [ -2.74899544e+01],
       [ -2.74328700e+01],
       [ -2.38717432e+01],
       [ -2.78822025e+01],
       [ -1.38919553e+01],
       [ -2.78583921e+01]])
