array([[ 0.39919603, -0.1314988 ,  0.35292732, ..., -0.05502396,
         0.20447042,  0.26594668],
       [ 0.37192547, -3.13847702, -0.73673539, ...,  0.16638015,
        -0.99184814,  0.67039745],
       [ 0.55635491,  0.53538042,  0.83685875, ..., -1.85289947,
        -0.04776507, -2.66512625],
       ..., 
       [ 0.13945926,  1.97001063,  2.70018595, ...,  2.2321765 ,
         1.3747337 ,  0.31304968],
       [-0.21737379,  1.49350516, -1.39944759, ...,  0.24116342,
        -0.45743347,  0.05582078],
       [ 0.64103606, -0.30694543,  1.51126795, ..., -0.16918689,
        -0.17996862,  0.64370581]])