<<<<<<<<<<< STEP 0 >>>>>>>>>>>> + array([[-0.50000178],
       [-0.50000186],
       [ 0.02256498],
       [-0.49999971],
       [-0.5000435 ],
       [-0.50000065],
       [-0.50000018],
       [-0.50000048],
       [-0.5000003 ],
       [-0.50000053],
       [ 0.01803355],
       [-0.49999987],
       [-0.50000048],
       [-0.50000061],
       [-0.50000053],
       [-0.50000059],
       [-0.50000018],
       [-0.50000078],
       [ 0.04151545],
       [-0.50000022],
       [-0.50000037],
       [-0.50000063],
       [-0.50000055],
       [-0.50000051],
       [-0.50000158],
       [-0.50000004],
       [-0.50000166],
       [-0.50000004],
       [-0.50000096],
       [-0.50000065],
       [ 0.01123466],
       [-0.5000009 ],
       [-0.50000067],
       [-0.50000029],
       [-0.50000031],
       [ 0.0147706 ],
       [-0.50000017],
       [-0.50000007],
       [ 0.00646359],
       [-0.5000001 ]])
array([[ -2.69621176e+01],
       [ -2.60908102e+01],
       [  7.32943575e-01],
       [ -2.75088228e+01],
       [ -1.60688798e+01],
       [ -2.87130890e+01],
       [ -2.79594583e+01],
       [ -2.88819399e+01],
       [ -2.76298519e+01],
       [ -2.88676422e+01],
       [  4.87418963e-01],
       [ -2.74747505e+01],
       [ -2.87197227e+01],
       [ -2.84921857e+01],
       [ -2.90556400e+01],
       [ -2.88468888e+01],
       [ -2.75676019e+01],
       [ -2.79012719e+01],
       [ -2.43672631e+00],
       [ -2.70119828e+01],
       [ -2.87751725e+01],
       [ -2.89010375e+01],
       [ -2.89952750e+01],
       [ -2.89743837e+01],
       [ -2.73424686e+01],
       [ -2.69228661e+01],
       [ -2.73338872e+01],
       [ -2.78729135e+01],
       [ -2.85217089e+01],
       [ -2.85132088e+01],
       [  2.02360363e-01],
       [ -2.84887254e+01],
       [ -2.88013194e+01],
       [ -2.75696397e+01],
       [ -2.77660623e+01],
       [  5.70571467e-01],
       [ -2.80945358e+01],
       [ -2.76816574e+01],
       [ -2.03155916e-02],
       [ -2.79566701e+01]])
<<<<<<<<<<< STEP 1 >>>>>>>>>>>> + array([[-0.50000137],
       [-0.50000143],
       [ 0.02213113],
       [-0.49999977],
       [-0.5000341 ],
       [-0.5000005 ],
       [-0.50000014],
       [-0.50000037],
       [-0.50000023],
       [-0.50000041],
       [ 0.01772037],
       [-0.4999999 ],
       [-0.50000036],
       [-0.50000047],
       [-0.50000041],
       [-0.50000045],
       [-0.50000014],
       [-0.5000006 ],
       [ 0.04035987],
       [-0.50000017],
       [-0.50000028],
       [-0.50000049],
       [-0.50000042],
       [-0.50000039],
       [-0.50000122],
       [-0.50000003],
       [-0.50000128],
       [-0.50000003],
       [-0.50000074],
       [-0.5000005 ],
       [ 0.01115397],
       [-0.50000069],
       [-0.50000052],
       [-0.50000023],
       [-0.50000024],
       [ 0.01457326],
       [-0.50000013],
       [-0.50000006],
       [ 0.00646936],
       [-0.50000008]])
array([[ -2.74621190e+01],
       [ -2.65908117e+01],
       [  7.55074705e-01],
       [ -2.80088225e+01],
       [ -1.65689139e+01],
       [ -2.92130895e+01],
       [ -2.84594584e+01],
       [ -2.93819402e+01],
       [ -2.81298521e+01],
       [ -2.93676426e+01],
       [  5.05139336e-01],
       [ -2.79747504e+01],
       [ -2.92197231e+01],
       [ -2.89921861e+01],
       [ -2.95556404e+01],
       [ -2.93468893e+01],
       [ -2.80676021e+01],
       [ -2.84012725e+01],
       [ -2.39636644e+00],
       [ -2.75119830e+01],
       [ -2.92751728e+01],
       [ -2.94010380e+01],
       [ -2.94952754e+01],
       [ -2.94743840e+01],
       [ -2.78424698e+01],
       [ -2.74228661e+01],
       [ -2.78338885e+01],
       [ -2.83729135e+01],
       [ -2.90217096e+01],
       [ -2.90132093e+01],
       [  2.13514328e-01],
       [ -2.89887261e+01],
       [ -2.93013200e+01],
       [ -2.80696399e+01],
       [ -2.82660626e+01],
       [  5.85144723e-01],
       [ -2.85945359e+01],
       [ -2.81816575e+01],
       [ -1.38462269e-02],
       [ -2.84566701e+01]])
<<<<<<<<<<< STEP 2 >>>>>>>>>>>> + array([[-0.50000105],
       [-0.5000011 ],
       [ 0.02171157],
       [-0.49999982],
       [-0.5000266 ],
       [-0.50000038],
       [-0.50000011],
       [-0.50000029],
       [-0.50000018],
       [-0.50000031],
       [ 0.01741595],
       [-0.49999992],
       [-0.50000028],
       [-0.50000036],
       [-0.50000031],
       [-0.50000035],
       [-0.50000011],
       [-0.50000046],
       [ 0.03923964],
       [-0.50000013],
       [-0.50000022],
       [-0.50000037],
       [-0.50000032],
       [-0.5000003 ],
       [-0.50000094],
       [-0.50000002],
       [-0.50000099],
       [-0.50000002],
       [-0.50000057],
       [-0.50000038],
       [ 0.01107374],
       [-0.50000053],
       [-0.5000004 ],
       [-0.50000017],
       [-0.50000018],
       [ 0.01438207],
       [-0.5000001 ],
       [-0.50000004],
       [ 0.00647604],
       [-0.50000006]])
array([[ -2.79621200e+01],
       [ -2.70908128e+01],
       [  7.76786276e-01],
       [ -2.85088224e+01],
       [ -1.70689405e+01],
       [ -2.97130899e+01],
       [ -2.89594585e+01],
       [ -2.98819405e+01],
       [ -2.86298523e+01],
       [ -2.98676429e+01],
       [  5.22555282e-01],
       [ -2.84747503e+01],
       [ -2.97197234e+01],
       [ -2.94921865e+01],
       [ -3.00556407e+01],
       [ -2.98468896e+01],
       [ -2.85676022e+01],
       [ -2.89012730e+01],
       [ -2.35712680e+00],
       [ -2.80119831e+01],
       [ -2.97751730e+01],
       [ -2.99010384e+01],
       [ -2.99952758e+01],
       [ -2.99743844e+01],
       [ -2.83424707e+01],
       [ -2.79228662e+01],
       [ -2.83338895e+01],
       [ -2.88729136e+01],
       [ -2.95217102e+01],
       [ -2.95132097e+01],
       [  2.24588072e-01],
       [ -2.94887267e+01],
       [ -2.98013204e+01],
       [ -2.85696401e+01],
       [ -2.87660628e+01],
       [  5.99526797e-01],
       [ -2.90945360e+01],
       [ -2.86816575e+01],
       [ -7.37018638e-03],
       [ -2.89566702e+01]])
<<<<<<<<<<< STEP 3 >>>>>>>>>>>> + array([[-0.50000081],
       [-0.50000085],
       [ 0.02130587],
       [-0.49999986],
       [-0.50002066],
       [-0.50000029],
       [-0.50000008],
       [-0.50000022],
       [-0.50000014],
       [-0.50000024],
       [ 0.01712022],
       [-0.49999994],
       [-0.50000022],
       [-0.50000028],
       [-0.50000024],
       [-0.50000027],
       [-0.50000009],
       [-0.50000036],
       [ 0.03815599],
       [-0.5000001 ],
       [-0.50000017],
       [-0.50000029],
       [-0.50000025],
       [-0.50000023],
       [-0.50000072],
       [-0.50000002],
       [-0.50000076],
       [-0.50000002],
       [-0.50000044],
       [-0.50000029],
       [ 0.01099404],
       [-0.50000041],
       [-0.50000031],
       [-0.50000013],
       [-0.50000014],
       [ 0.01419654],
       [-0.50000008],
       [-0.50000003],
       [ 0.00648309],
       [-0.50000005]])
array([[ -2.84621208e+01],
       [ -2.75908136e+01],
       [  7.98092142e-01],
       [ -2.90088222e+01],
       [ -1.75689611e+01],
       [ -3.02130902e+01],
       [ -2.94594586e+01],
       [ -3.03819407e+01],
       [ -2.91298524e+01],
       [ -3.03676431e+01],
       [  5.39675502e-01],
       [ -2.89747502e+01],
       [ -3.02197236e+01],
       [ -2.99921868e+01],
       [ -3.05556410e+01],
       [ -3.03468899e+01],
       [ -2.90676023e+01],
       [ -2.94012733e+01],
       [ -2.31897081e+00],
       [ -2.85119832e+01],
       [ -3.02751732e+01],
       [ -3.04010387e+01],
       [ -3.04952760e+01],
       [ -3.04743846e+01],
       [ -2.88424714e+01],
       [ -2.84228662e+01],
       [ -2.88338902e+01],
       [ -2.93729136e+01],
       [ -3.00217107e+01],
       [ -3.00132100e+01],
       [  2.35582112e-01],
       [ -2.99887271e+01],
       [ -3.03013207e+01],
       [ -2.90696402e+01],
       [ -2.92660629e+01],
       [  6.13723335e-01],
       [ -2.95945361e+01],
       [ -2.91816576e+01],
       [ -8.87100874e-04],
       [ -2.94566702e+01]])
<<<<<<<<<<< STEP 4 >>>>>>>>>>>> + array([[-0.50000062],
       [-0.50000065],
       [ 0.02091355],
       [-0.49999989],
       [-0.50001601],
       [-0.50000023],
       [-0.50000006],
       [-0.50000017],
       [-0.50000011],
       [-0.50000018],
       [ 0.01683308],
       [-0.49999995],
       [-0.50000017],
       [-0.50000021],
       [-0.50000019],
       [-0.50000021],
       [-0.50000007],
       [-0.50000027],
       [ 0.03710949],
       [-0.50000008],
       [-0.50000013],
       [-0.50000022],
       [-0.50000019],
       [-0.50000018],
       [-0.50000056],
       [-0.50000001],
       [-0.50000059],
       [-0.50000001],
       [-0.50000034],
       [-0.50000023],
       [ 0.01091488],
       [-0.50000032],
       [-0.50000024],
       [-0.5000001 ],
       [-0.50000011],
       [ 0.01401621],
       [-0.50000006],
       [-0.50000003],
       [ 0.00649009],
       [-0.50000004]])
array([[ -2.89621215e+01],
       [ -2.80908143e+01],
       [  8.19005689e-01],
       [ -2.95088221e+01],
       [ -1.80689771e+01],
       [ -3.07130904e+01],
       [ -2.99594587e+01],
       [ -3.08819409e+01],
       [ -2.96298525e+01],
       [ -3.08676433e+01],
       [  5.56508580e-01],
       [ -2.94747502e+01],
       [ -3.07197238e+01],
       [ -3.04921870e+01],
       [ -3.10556412e+01],
       [ -3.08468901e+01],
       [ -2.95676023e+01],
       [ -2.99012736e+01],
       [ -2.28186132e+00],
       [ -2.90119833e+01],
       [ -3.07751733e+01],
       [ -3.09010389e+01],
       [ -3.09952762e+01],
       [ -3.09743848e+01],
       [ -2.93424720e+01],
       [ -2.89228662e+01],
       [ -2.93338908e+01],
       [ -2.98729136e+01],
       [ -3.05217110e+01],
       [ -3.05132102e+01],
       [  2.46496991e-01],
       [ -3.04887274e+01],
       [ -3.08013209e+01],
       [ -2.95696403e+01],
       [ -2.97660630e+01],
       [  6.27739545e-01],
       [ -3.00945361e+01],
       [ -2.96816576e+01],
       [  5.60298686e-03],
       [ -2.99566703e+01]])
<<<<<<<<<<< STEP 5 >>>>>>>>>>>> + array([[-0.50000048],
       [-0.5000005 ],
       [ 0.02053414],
       [-0.49999992],
       [-0.50001238],
       [-0.50000017],
       [-0.50000005],
       [-0.50000013],
       [-0.50000008],
       [-0.50000014],
       [ 0.01655435],
       [-0.49999996],
       [-0.50000013],
       [-0.50000016],
       [-0.50000014],
       [-0.50000016],
       [-0.50000005],
       [-0.50000021],
       [ 0.03610022],
       [-0.50000006],
       [-0.5000001 ],
       [-0.50000017],
       [-0.50000015],
       [-0.50000014],
       [-0.50000043],
       [-0.50000001],
       [-0.50000045],
       [-0.50000001],
       [-0.50000026],
       [-0.50000017],
       [ 0.01083627],
       [-0.50000024],
       [-0.50000018],
       [-0.50000008],
       [-0.50000008],
       [ 0.01384072],
       [-0.50000005],
       [-0.50000002],
       [ 0.00649673],
       [-0.50000003]])
array([[ -2.94621219e+01],
       [ -2.85908148e+01],
       [  8.39539824e-01],
       [ -3.00088220e+01],
       [ -1.85689895e+01],
       [ -3.12130906e+01],
       [ -3.04594587e+01],
       [ -3.13819410e+01],
       [ -3.01298526e+01],
       [ -3.13676435e+01],
       [  5.73062928e-01],
       [ -2.99747502e+01],
       [ -3.12197239e+01],
       [ -3.09921871e+01],
       [ -3.15556413e+01],
       [ -3.13468903e+01],
       [ -3.00676024e+01],
       [ -3.04012738e+01],
       [ -2.24576110e+00],
       [ -2.95119833e+01],
       [ -3.12751734e+01],
       [ -3.14010391e+01],
       [ -3.14952764e+01],
       [ -3.14743849e+01],
       [ -2.98424724e+01],
       [ -2.94228662e+01],
       [ -2.98338913e+01],
       [ -3.03729136e+01],
       [ -3.10217113e+01],
       [ -3.10132104e+01],
       [  2.57333263e-01],
       [ -3.09887276e+01],
       [ -3.13013211e+01],
       [ -3.00696404e+01],
       [ -3.02660631e+01],
       [  6.41580268e-01],
       [ -3.05945362e+01],
       [ -3.01816576e+01],
       [  1.20997178e-02],
       [ -3.04566703e+01]])
<<<<<<<<<<< STEP 6 >>>>>>>>>>>> + array([[-0.50000037],
       [-0.50000039],
       [ 0.02016715],
       [-0.49999994],
       [-0.50000955],
       [-0.50000013],
       [-0.50000004],
       [-0.5000001 ],
       [-0.50000006],
       [-0.50000011],
       [ 0.01628383],
       [-0.49999997],
       [-0.5000001 ],
       [-0.50000012],
       [-0.50000011],
       [-0.50000012],
       [-0.50000004],
       [-0.50000016],
       [ 0.03512789],
       [-0.50000005],
       [-0.50000007],
       [-0.50000013],
       [-0.50000011],
       [-0.50000011],
       [-0.50000033],
       [-0.50000001],
       [-0.50000035],
       [-0.50000001],
       [-0.5000002 ],
       [-0.50000013],
       [ 0.01075823],
       [-0.50000019],
       [-0.50000014],
       [-0.50000006],
       [-0.50000007],
       [ 0.01366976],
       [-0.50000004],
       [-0.50000002],
       [ 0.00650277],
       [-0.50000002]])
array([[ -2.99621223e+01],
       [ -2.90908152e+01],
       [  8.59706969e-01],
       [ -3.05088220e+01],
       [ -1.90689991e+01],
       [ -3.17130907e+01],
       [ -3.09594588e+01],
       [ -3.18819411e+01],
       [ -3.06298527e+01],
       [ -3.18676436e+01],
       [  5.89346757e-01],
       [ -3.04747501e+01],
       [ -3.17197240e+01],
       [ -3.14921873e+01],
       [ -3.20556414e+01],
       [ -3.18468904e+01],
       [ -3.05676024e+01],
       [ -3.09012740e+01],
       [ -2.21063321e+00],
       [ -3.00119834e+01],
       [ -3.17751735e+01],
       [ -3.19010392e+01],
       [ -3.19952765e+01],
       [ -3.19743850e+01],
       [ -3.03424727e+01],
       [ -2.99228662e+01],
       [ -3.03338916e+01],
       [ -3.08729136e+01],
       [ -3.15217115e+01],
       [ -3.15132105e+01],
       [  2.68091490e-01],
       [ -3.14887278e+01],
       [ -3.18013212e+01],
       [ -3.05696404e+01],
       [ -3.07660632e+01],
       [  6.55250030e-01],
       [ -3.10945362e+01],
       [ -3.06816576e+01],
       [  1.86024927e-02],
       [ -3.09566703e+01]])
<<<<<<<<<<< STEP 7 >>>>>>>>>>>> + array([[-0.50000028],
       [-0.5000003 ],
       [ 0.01981209],
       [-0.49999995],
       [-0.50000736],
       [-0.5000001 ],
       [-0.50000003],
       [-0.50000008],
       [-0.50000005],
       [-0.50000008],
       [ 0.01602129],
       [-0.49999998],
       [-0.50000008],
       [-0.5000001 ],
       [-0.50000008],
       [-0.5000001 ],
       [-0.50000003],
       [-0.50000012],
       [ 0.0341919 ],
       [-0.50000003],
       [-0.50000006],
       [-0.5000001 ],
       [-0.50000009],
       [-0.50000008],
       [-0.50000025],
       [-0.5       ],
       [-0.50000027],
       [-0.50000001],
       [-0.50000016],
       [-0.5000001 ],
       [ 0.01068074],
       [-0.50000015],
       [-0.50000011],
       [-0.50000005],
       [-0.50000005],
       [ 0.01350306],
       [-0.50000003],
       [-0.50000001],
       [ 0.00650804],
       [-0.50000002]])
array([[ -3.04621226e+01],
       [ -2.95908155e+01],
       [  8.79519064e-01],
       [ -3.10088219e+01],
       [ -1.95690064e+01],
       [ -3.22130908e+01],
       [ -3.14594588e+01],
       [ -3.23819412e+01],
       [ -3.11298527e+01],
       [ -3.23676437e+01],
       [  6.05368051e-01],
       [ -3.09747501e+01],
       [ -3.22197241e+01],
       [ -3.19921874e+01],
       [ -3.25556415e+01],
       [ -3.23468905e+01],
       [ -3.10676025e+01],
       [ -3.14012741e+01],
       [ -2.17644130e+00],
       [ -3.05119834e+01],
       [ -3.22751735e+01],
       [ -3.24010393e+01],
       [ -3.24952766e+01],
       [ -3.24743851e+01],
       [ -3.08424730e+01],
       [ -3.04228662e+01],
       [ -3.08338919e+01],
       [ -3.13729136e+01],
       [ -3.20217116e+01],
       [ -3.20132106e+01],
       [  2.78772232e-01],
       [ -3.19887280e+01],
       [ -3.23013213e+01],
       [ -3.10696405e+01],
       [ -3.12660632e+01],
       [  6.68753087e-01],
       [ -3.15945362e+01],
       [ -3.11816576e+01],
       [  2.51105336e-02],
       [ -3.14566703e+01]])
<<<<<<<<<<< STEP 8 >>>>>>>>>>>> + array([[-0.50000022],
       [-0.50000023],
       [ 0.01946851],
       [-0.49999996],
       [-0.50000567],
       [-0.50000008],
       [-0.50000002],
       [-0.50000006],
       [-0.50000004],
       [-0.50000006],
       [ 0.0157665 ],
       [-0.49999998],
       [-0.50000006],
       [-0.50000007],
       [-0.50000007],
       [-0.50000007],
       [-0.50000003],
       [-0.5000001 ],
       [ 0.03329145],
       [-0.50000003],
       [-0.50000004],
       [-0.50000008],
       [-0.50000007],
       [-0.50000006],
       [-0.5000002 ],
       [-0.5       ],
       [-0.50000021],
       [-0.50000001],
       [-0.50000012],
       [-0.50000008],
       [ 0.01060382],
       [-0.50000011],
       [-0.50000008],
       [-0.50000004],
       [-0.50000004],
       [ 0.01334038],
       [-0.50000002],
       [-0.50000001],
       [ 0.0065124 ],
       [-0.50000001]])
array([[ -3.09621228e+01],
       [ -3.00908157e+01],
       [  8.98987571e-01],
       [ -3.15088219e+01],
       [ -2.00690121e+01],
       [ -3.27130909e+01],
       [ -3.19594588e+01],
       [ -3.28819413e+01],
       [ -3.16298527e+01],
       [ -3.28676437e+01],
       [  6.21134552e-01],
       [ -3.14747501e+01],
       [ -3.27197241e+01],
       [ -3.24921874e+01],
       [ -3.30556416e+01],
       [ -3.28468905e+01],
       [ -3.15676025e+01],
       [ -3.19012742e+01],
       [ -2.14314985e+00],
       [ -3.10119835e+01],
       [ -3.27751736e+01],
       [ -3.29010394e+01],
       [ -3.29952766e+01],
       [ -3.29743852e+01],
       [ -3.13424732e+01],
       [ -3.09228662e+01],
       [ -3.13338921e+01],
       [ -3.18729136e+01],
       [ -3.25217117e+01],
       [ -3.25132107e+01],
       [  2.89376052e-01],
       [ -3.24887281e+01],
       [ -3.28013214e+01],
       [ -3.15696405e+01],
       [ -3.17660633e+01],
       [  6.82093462e-01],
       [ -3.20945363e+01],
       [ -3.16816577e+01],
       [  3.16229315e-02],
       [ -3.19566704e+01]])
<<<<<<<<<<< STEP 9 >>>>>>>>>>>> + array([[-0.50000017],
       [-0.50000018],
       [ 0.01913592],
       [-0.49999997],
       [-0.50000436],
       [-0.50000006],
       [-0.50000002],
       [-0.50000005],
       [-0.50000003],
       [-0.50000005],
       [ 0.0155192 ],
       [-0.49999999],
       [-0.50000004],
       [-0.50000006],
       [-0.50000005],
       [-0.50000006],
       [-0.50000002],
       [-0.50000007],
       [ 0.03242557],
       [-0.50000002],
       [-0.50000003],
       [-0.50000006],
       [-0.50000005],
       [-0.50000005],
       [-0.50000015],
       [-0.5       ],
       [-0.50000016],
       [-0.5       ],
       [-0.50000009],
       [-0.50000006],
       [ 0.01052746],
       [-0.50000009],
       [-0.50000006],
       [-0.50000003],
       [-0.50000003],
       [ 0.01318151],
       [-0.50000002],
       [-0.50000001],
       [ 0.00651575],
       [-0.50000001]])
array([[-31.46212298],
       [-30.59081586],
       [  0.91812349],
       [-32.00882185],
       [-20.56901646],
       [-33.21309094],
       [-32.45945885],
       [-33.38194133],
       [-32.12985278],
       [-33.36764378],
       [  0.63665375],
       [-31.97475009],
       [-33.21972416],
       [-32.99218748],
       [-33.55564162],
       [-33.34689061],
       [-32.06760252],
       [-32.40127427],
       [ -2.11072428],
       [-31.51198347],
       [-33.27517361],
       [-33.40103946],
       [-33.49527668],
       [-33.47438521],
       [-31.84247335],
       [-31.4228662 ],
       [-31.83389225],
       [-32.37291364],
       [-33.02171183],
       [-33.01321076],
       [  0.29990351],
       [-32.98872815],
       [-33.30132148],
       [-32.06964055],
       [-32.26606329],
       [  0.69527498],
       [-32.59453628],
       [-32.18165766],
       [  0.03813869],
       [-32.45667037]])
<<<<<<<<<<< STEP 10 >>>>>>>>>>>> + array([[-0.50000013],
       [-0.50000014],
       [ 0.01881388],
       [-0.49999998],
       [-0.50000335],
       [-0.50000005],
       [-0.50000001],
       [-0.50000004],
       [-0.50000002],
       [-0.50000004],
       [ 0.01527913],
       [-0.49999999],
       [-0.50000003],
       [-0.50000004],
       [-0.50000004],
       [-0.50000004],
       [-0.50000002],
       [-0.50000006],
       [ 0.03159318],
       [-0.50000002],
       [-0.50000003],
       [-0.50000005],
       [-0.50000004],
       [-0.50000004],
       [-0.50000012],
       [-0.5       ],
       [-0.50000012],
       [-0.5       ],
       [-0.50000007],
       [-0.50000005],
       [ 0.01045165],
       [-0.50000007],
       [-0.50000005],
       [-0.50000002],
       [-0.50000002],
       [ 0.01302629],
       [-0.50000001],
       [-0.50000001],
       [ 0.00651805],
       [-0.50000001]])
array([[-31.96212311],
       [-31.090816  ],
       [  0.93693737],
       [-32.50882183],
       [-21.06901982],
       [-33.71309099],
       [-32.95945887],
       [-33.88194137],
       [-32.6298528 ],
       [-33.86764382],
       [  0.65193288],
       [-32.47475008],
       [-33.71972419],
       [-33.49218753],
       [-34.05564165],
       [-33.84689065],
       [-32.56760254],
       [-32.90127433],
       [ -2.0791311 ],
       [-32.01198349],
       [-33.77517364],
       [-33.9010395 ],
       [-33.99527672],
       [-33.97438525],
       [-32.34247346],
       [-31.92286621],
       [-32.33389237],
       [-32.87291365],
       [-33.5217119 ],
       [-33.51321081],
       [  0.31035516],
       [-33.48872822],
       [-33.80132153],
       [-32.56964057],
       [-32.76606331],
       [  0.70830127],
       [-33.09453629],
       [-32.68165766],
       [  0.04465673],
       [-32.95667038]])
<<<<<<<<<<< STEP 11 >>>>>>>>>>>> + array([[-0.5000001 ],
       [-0.5000001 ],
       [ 0.01850195],
       [-0.49999998],
       [-0.50000258],
       [-0.50000004],
       [-0.50000001],
       [-0.50000003],
       [-0.50000002],
       [-0.50000003],
       [ 0.01504605],
       [-0.49999999],
       [-0.50000003],
       [-0.50000003],
       [-0.50000003],
       [-0.50000003],
       [-0.50000001],
       [-0.50000004],
       [ 0.03079312],
       [-0.50000001],
       [-0.50000002],
       [-0.50000004],
       [-0.50000003],
       [-0.50000003],
       [-0.50000009],
       [-0.5       ],
       [-0.5000001 ],
       [-0.5       ],
       [-0.50000006],
       [-0.50000004],
       [ 0.01037641],
       [-0.50000005],
       [-0.50000004],
       [-0.50000002],
       [-0.50000002],
       [ 0.01287455],
       [-0.50000001],
       [-0.5       ],
       [ 0.00651924],
       [-0.50000001]])
array([[-32.46212321],
       [-31.5908161 ],
       [  0.95543931],
       [-33.00882181],
       [-21.56902239],
       [-34.21309102],
       [-33.45945888],
       [-34.38194139],
       [-33.12985282],
       [-34.36764385],
       [  0.66697893],
       [-32.97475007],
       [-34.21972422],
       [-33.99218756],
       [-34.55564168],
       [-34.34689068],
       [-33.06760255],
       [-33.40127437],
       [ -2.04833798],
       [-32.5119835 ],
       [-34.27517366],
       [-34.40103954],
       [-34.49527675],
       [-34.47438527],
       [-32.84247355],
       [-32.42286621],
       [-32.83389247],
       [-33.37291365],
       [-34.02171196],
       [-34.01321084],
       [  0.32073157],
       [-33.98872827],
       [-34.30132157],
       [-33.06964058],
       [-33.26606333],
       [  0.72117581],
       [-33.5945363 ],
       [-33.18165767],
       [  0.05117598],
       [-33.45667039]])
<<<<<<<<<<< STEP 12 >>>>>>>>>>>> + array([[-0.50000008],
       [-0.50000008],
       [ 0.01819971],
       [-0.49999999],
       [-0.50000198],
       [-0.50000003],
       [-0.50000001],
       [-0.50000002],
       [-0.50000001],
       [-0.50000002],
       [ 0.01481969],
       [-0.49999999],
       [-0.50000002],
       [-0.50000003],
       [-0.50000002],
       [-0.50000003],
       [-0.50000001],
       [-0.50000003],
       [ 0.03002422],
       [-0.50000001],
       [-0.50000002],
       [-0.50000003],
       [-0.50000002],
       [-0.50000002],
       [-0.50000007],
       [-0.5       ],
       [-0.50000007],
       [-0.5       ],
       [-0.50000004],
       [-0.50000003],
       [ 0.01030172],
       [-0.50000004],
       [-0.50000003],
       [-0.50000001],
       [-0.50000001],
       [ 0.01272613],
       [-0.50000001],
       [-0.5       ],
       [ 0.00651932],
       [-0.5       ]])
array([[-32.96212329],
       [-32.09081618],
       [  0.97363902],
       [-33.50882179],
       [-22.06902438],
       [-34.71309105],
       [-33.95945889],
       [-34.88194141],
       [-33.62985283],
       [-34.86764387],
       [  0.68179863],
       [-33.47475007],
       [-34.71972424],
       [-34.49218758],
       [-35.05564171],
       [-34.84689071],
       [-33.56760256],
       [-33.90127441],
       [ -2.01831376],
       [-33.01198351],
       [-34.77517367],
       [-34.90103957],
       [-34.99527677],
       [-34.9743853 ],
       [-33.34247362],
       [-32.92286621],
       [-33.33389254],
       [-33.87291365],
       [-34.521712  ],
       [-34.51321087],
       [  0.33103328],
       [-34.48872831],
       [-34.8013216 ],
       [-33.5696406 ],
       [-33.76606334],
       [  0.73390195],
       [-34.09453631],
       [-33.68165767],
       [  0.0576953 ],
       [-33.95667039]])
<<<<<<<<<<< STEP 13 >>>>>>>>>>>> + array([[-0.50000006],
       [-0.50000006],
       [ 0.01790675],
       [-0.49999999],
       [-0.50000152],
       [-0.50000002],
       [-0.50000001],
       [-0.50000002],
       [-0.50000001],
       [-0.50000002],
       [ 0.01459982],
       [-0.5       ],
       [-0.50000002],
       [-0.50000002],
       [-0.50000002],
       [-0.50000002],
       [-0.50000001],
       [-0.50000003],
       [ 0.02928523],
       [-0.50000001],
       [-0.50000001],
       [-0.50000002],
       [-0.50000002],
       [-0.50000002],
       [-0.50000005],
       [-0.5       ],
       [-0.50000006],
       [-0.5       ],
       [-0.50000003],
       [-0.50000002],
       [ 0.01022759],
       [-0.50000003],
       [-0.50000002],
       [-0.50000001],
       [-0.50000001],
       [ 0.01258093],
       [-0.50000001],
       [-0.5       ],
       [ 0.00651828],
       [-0.5       ]])
array([[-33.46212335],
       [-32.59081624],
       [  0.99154577],
       [-34.00882178],
       [-22.5690259 ],
       [-35.21309107],
       [-34.45945889],
       [-35.38194143],
       [-34.12985284],
       [-35.36764389],
       [  0.69639844],
       [-33.97475006],
       [-35.21972426],
       [-34.9921876 ],
       [-35.55564172],
       [-35.34689073],
       [-34.06760257],
       [-34.40127443],
       [ -1.98902853],
       [-33.51198352],
       [-35.27517368],
       [-35.40103959],
       [-35.49527679],
       [-35.47438531],
       [-33.84247368],
       [-33.42286621],
       [-33.8338926 ],
       [-34.37291365],
       [-35.02171203],
       [-35.01321089],
       [  0.34126087],
       [-34.98872834],
       [-35.30132162],
       [-34.0696406 ],
       [-34.26606335],
       [  0.74648287],
       [-34.59453631],
       [-34.18165767],
       [  0.06421357],
       [-34.4566704 ]])
<<<<<<<<<<< STEP 14 >>>>>>>>>>>> + array([[-0.50000005],
       [-0.50000005],
       [ 0.0176227 ],
       [-0.49999999],
       [-0.50000117],
       [-0.50000002],
       [-0.50000001],
       [-0.50000001],
       [-0.50000001],
       [-0.50000001],
       [ 0.01438619],
       [-0.5       ],
       [-0.50000001],
       [-0.50000002],
       [-0.50000001],
       [-0.50000002],
       [-0.50000001],
       [-0.50000002],
       [ 0.02857496],
       [-0.50000001],
       [-0.50000001],
       [-0.50000002],
       [-0.50000001],
       [-0.50000001],
       [-0.50000004],
       [-0.5       ],
       [-0.50000004],
       [-0.5       ],
       [-0.50000003],
       [-0.50000002],
       [ 0.01015402],
       [-0.50000002],
       [-0.50000002],
       [-0.50000001],
       [-0.50000001],
       [ 0.01243881],
       [-0.5       ],
       [-0.5       ],
       [ 0.00651612],
       [-0.5       ]])
array([[-33.96212339],
       [-33.09081629],
       [  1.00916847],
       [-34.50882178],
       [-23.06902707],
       [-35.71309109],
       [-34.9594589 ],
       [-35.88194144],
       [-34.62985285],
       [-35.8676439 ],
       [  0.71078463],
       [-34.47475006],
       [-35.71972427],
       [-35.49218762],
       [-36.05564174],
       [-35.84689075],
       [-34.56760257],
       [-34.90127445],
       [ -1.96045357],
       [-34.01198352],
       [-35.77517369],
       [-35.9010396 ],
       [-35.99527681],
       [-35.97438533],
       [-34.34247372],
       [-33.92286621],
       [-34.33389264],
       [-34.87291365],
       [-35.52171206],
       [-35.51321091],
       [  0.35141488],
       [-35.48872837],
       [-35.80132164],
       [-34.56964061],
       [-34.76606336],
       [  0.75892168],
       [-35.09453632],
       [-34.68165768],
       [  0.07072969],
       [-34.9566704 ]])
<<<<<<<<<<< STEP 15 >>>>>>>>>>>> + array([[-0.50000004],
       [-0.50000004],
       [ 0.01734718],
       [-0.49999999],
       [-0.5000009 ],
       [-0.50000001],
       [-0.5       ],
       [-0.50000001],
       [-0.50000001],
       [-0.50000001],
       [ 0.01417856],
       [-0.5       ],
       [-0.50000001],
       [-0.50000001],
       [-0.50000001],
       [-0.50000001],
       [-0.5       ],
       [-0.50000002],
       [ 0.02789219],
       [-0.5       ],
       [-0.50000001],
       [-0.50000001],
       [-0.50000001],
       [-0.50000001],
       [-0.50000003],
       [-0.5       ],
       [-0.50000003],
       [-0.5       ],
       [-0.50000002],
       [-0.50000001],
       [ 0.01008101],
       [-0.50000002],
       [-0.50000001],
       [-0.50000001],
       [-0.50000001],
       [ 0.01229966],
       [-0.5       ],
       [-0.5       ],
       [ 0.00651287],
       [-0.5       ]])
array([[-34.46212343],
       [-33.59081633],
       [  1.02651565],
       [-35.00882177],
       [-23.56902797],
       [-36.2130911 ],
       [-35.4594589 ],
       [-36.38194145],
       [-35.12985286],
       [-36.36764391],
       [  0.72496319],
       [-34.97475006],
       [-36.21972428],
       [-35.99218763],
       [-36.55564175],
       [-36.34689076],
       [-35.06760258],
       [-35.40127447],
       [ -1.93256137],
       [-34.51198353],
       [-36.2751737 ],
       [-36.40103962],
       [-36.49527682],
       [-36.47438534],
       [-34.84247375],
       [-34.42286621],
       [-34.83389268],
       [-35.37291366],
       [-36.02171208],
       [-36.01321092],
       [  0.36149589],
       [-35.98872838],
       [-36.30132165],
       [-35.06964062],
       [-35.26606337],
       [  0.77122134],
       [-35.59453632],
       [-35.18165768],
       [  0.07724256],
       [-35.4566704 ]])
<<<<<<<<<<< STEP 16 >>>>>>>>>>>> + array([[-0.50000003],
       [-0.50000003],
       [ 0.01707983],
       [-0.5       ],
       [-0.50000069],
       [-0.50000001],
       [-0.5       ],
       [-0.50000001],
       [-0.5       ],
       [-0.50000001],
       [ 0.01397671],
       [-0.5       ],
       [-0.50000001],
       [-0.50000001],
       [-0.50000001],
       [-0.50000001],
       [-0.5       ],
       [-0.50000001],
       [ 0.02723574],
       [-0.5       ],
       [-0.50000001],
       [-0.50000001],
       [-0.50000001],
       [-0.50000001],
       [-0.50000002],
       [-0.5       ],
       [-0.50000003],
       [-0.5       ],
       [-0.50000002],
       [-0.50000001],
       [ 0.01000857],
       [-0.50000001],
       [-0.50000001],
       [-0.5       ],
       [-0.50000001],
       [ 0.01216339],
       [-0.5       ],
       [-0.5       ],
       [ 0.00650855],
       [-0.5       ]])
array([[-34.96212345],
       [-34.09081636],
       [  1.04359548],
       [-35.50882176],
       [-24.06902866],
       [-36.71309111],
       [-35.95945891],
       [-36.88194146],
       [-35.62985286],
       [-36.86764392],
       [  0.7389399 ],
       [-35.47475005],
       [-36.71972428],
       [-36.49218764],
       [-37.05564176],
       [-36.84689077],
       [-35.56760258],
       [-35.90127448],
       [ -1.90532563],
       [-35.01198353],
       [-36.7751737 ],
       [-36.90103963],
       [-36.99527683],
       [-36.97438535],
       [-35.34247377],
       [-34.92286621],
       [-35.3338927 ],
       [-35.87291366],
       [-36.52171209],
       [-36.51321093],
       [  0.37150446],
       [-36.4887284 ],
       [-36.80132166],
       [-35.56964062],
       [-35.76606337],
       [  0.78338473],
       [-36.09453633],
       [-35.68165768],
       [  0.08375111],
       [-35.9566704 ]])
<<<<<<<<<<< STEP 17 >>>>>>>>>>>> + array([[-0.50000002],
       [-0.50000002],
       [ 0.01682032],
       [-0.5       ],
       [-0.50000053],
       [-0.50000001],
       [-0.5       ],
       [-0.50000001],
       [-0.5       ],
       [-0.50000001],
       [ 0.01378042],
       [-0.5       ],
       [-0.50000001],
       [-0.50000001],
       [-0.50000001],
       [-0.50000001],
       [-0.5       ],
       [-0.50000001],
       [ 0.02660445],
       [-0.5       ],
       [-0.5       ],
       [-0.50000001],
       [-0.50000001],
       [-0.50000001],
       [-0.50000002],
       [-0.5       ],
       [-0.50000002],
       [-0.5       ],
       [-0.50000001],
       [-0.50000001],
       [ 0.00993669],
       [-0.50000001],
       [-0.50000001],
       [-0.5       ],
       [-0.5       ],
       [ 0.0120299 ],
       [-0.5       ],
       [-0.5       ],
       [ 0.00650319],
       [-0.5       ]])
array([[-35.46212347],
       [-34.59081638],
       [  1.0604158 ],
       [-36.00882176],
       [-24.5690292 ],
       [-37.21309112],
       [-36.45945891],
       [-37.38194147],
       [-36.12985287],
       [-37.36764393],
       [  0.75272032],
       [-35.97475005],
       [-37.21972429],
       [-36.99218765],
       [-37.55564176],
       [-37.34689078],
       [-36.06760258],
       [-36.40127449],
       [ -1.87872119],
       [-35.51198353],
       [-37.27517371],
       [-37.40103963],
       [-37.49527683],
       [-37.47438535],
       [-35.84247379],
       [-35.42286621],
       [-35.83389272],
       [-36.37291366],
       [-37.0217121 ],
       [-37.01321094],
       [  0.38144115],
       [-36.98872841],
       [-37.30132167],
       [-36.06964063],
       [-36.26606338],
       [  0.79541464],
       [-36.59453633],
       [-36.18165768],
       [  0.0902543 ],
       [-36.4566704 ]])
<<<<<<<<<<< STEP 18 >>>>>>>>>>>> + array([[-0.50000002],
       [-0.50000002],
       [ 0.01656834],
       [-0.5       ],
       [-0.50000041],
       [-0.50000001],
       [-0.5       ],
       [-0.5       ],
       [-0.5       ],
       [-0.5       ],
       [ 0.01358948],
       [-0.5       ],
       [-0.5       ],
       [-0.50000001],
       [-0.5       ],
       [-0.50000001],
       [-0.5       ],
       [-0.50000001],
       [ 0.02599719],
       [-0.5       ],
       [-0.5       ],
       [-0.50000001],
       [-0.50000001],
       [-0.5       ],
       [-0.50000001],
       [-0.5       ],
       [-0.50000002],
       [-0.5       ],
       [-0.50000001],
       [-0.50000001],
       [ 0.0098654 ],
       [-0.50000001],
       [-0.50000001],
       [-0.5       ],
       [-0.5       ],
       [ 0.0118991 ],
       [-0.5       ],
       [-0.5       ],
       [ 0.00649682],
       [-0.5       ]])
array([[-35.96212349],
       [-35.0908164 ],
       [  1.07698414],
       [-36.50882176],
       [-25.0690296 ],
       [-37.71309113],
       [-36.95945891],
       [-37.88194147],
       [-36.62985287],
       [-37.86764393],
       [  0.7663098 ],
       [-36.47475005],
       [-37.71972429],
       [-37.49218765],
       [-38.05564177],
       [-37.84689078],
       [-36.56760258],
       [-36.9012745 ],
       [ -1.85272399],
       [-36.01198353],
       [-37.77517371],
       [-37.90103964],
       [-37.99527684],
       [-37.97438536],
       [-36.34247381],
       [-35.92286621],
       [-36.33389274],
       [-36.87291366],
       [-37.52171211],
       [-37.51321095],
       [  0.39130655],
       [-37.48872842],
       [-37.80132167],
       [-36.56964063],
       [-36.76606338],
       [  0.80731374],
       [-37.09453633],
       [-36.68165768],
       [  0.09675111],
       [-36.9566704 ]])
<<<<<<<<<<< STEP 19 >>>>>>>>>>>> + array([[-0.50000001],
       [-0.50000001],
       [ 0.01632356],
       [-0.5       ],
       [-0.50000031],
       [-0.5       ],
       [-0.5       ],
       [-0.5       ],
       [-0.5       ],
       [-0.5       ],
       [ 0.01340369],
       [-0.5       ],
       [-0.5       ],
       [-0.5       ],
       [-0.5       ],
       [-0.5       ],
       [-0.5       ],
       [-0.50000001],
       [ 0.02541289],
       [-0.5       ],
       [-0.5       ],
       [-0.5       ],
       [-0.5       ],
       [-0.5       ],
       [-0.50000001],
       [-0.5       ],
       [-0.50000001],
       [-0.5       ],
       [-0.50000001],
       [-0.5       ],
       [ 0.00979467],
       [-0.50000001],
       [-0.5       ],
       [-0.5       ],
       [-0.5       ],
       [ 0.01177091],
       [-0.5       ],
       [-0.5       ],
       [ 0.00648947],
       [-0.5       ]])
array([[-36.4621235 ],
       [-35.59081641],
       [  1.0933077 ],
       [-37.00882176],
       [-25.56902992],
       [-38.21309113],
       [-37.45945891],
       [-38.38194147],
       [-37.12985287],
       [-38.36764394],
       [  0.77971348],
       [-36.97475005],
       [-38.2197243 ],
       [-37.99218766],
       [-38.55564177],
       [-38.34689079],
       [-37.06760259],
       [-37.4012745 ],
       [ -1.82731111],
       [-36.51198354],
       [-38.27517371],
       [-38.40103964],
       [-38.49527684],
       [-38.47438536],
       [-36.84247382],
       [-36.42286621],
       [-36.83389275],
       [-37.37291366],
       [-38.02171212],
       [-38.01321095],
       [  0.40110122],
       [-37.98872842],
       [-38.30132168],
       [-37.06964063],
       [-37.26606338],
       [  0.81908465],
       [-37.59453633],
       [-37.18165768],
       [  0.10324059],
       [-37.4566704 ]])
<<<<<<<<<<< STEP 20 >>>>>>>>>>>> + array([[-0.50000001],
       [-0.50000001],
       [ 0.0160857 ],
       [-0.5       ],
       [-0.50000024],
       [-0.5       ],
       [-0.5       ],
       [-0.5       ],
       [-0.5       ],
       [-0.5       ],
       [ 0.01322285],
       [-0.5       ],
       [-0.5       ],
       [-0.5       ],
       [-0.5       ],
       [-0.5       ],
       [-0.5       ],
       [-0.5       ],
       [ 0.02485049],
       [-0.5       ],
       [-0.5       ],
       [-0.5       ],
       [-0.5       ],
       [-0.5       ],
       [-0.50000001],
       [-0.5       ],
       [-0.50000001],
       [-0.5       ],
       [-0.50000001],
       [-0.5       ],
       [ 0.00972453],
       [-0.5       ],
       [-0.5       ],
       [-0.5       ],
       [-0.5       ],
       [ 0.01164526],
       [-0.5       ],
       [-0.5       ],
       [ 0.00648119],
       [-0.5       ]])
array([[-36.96212351],
       [-36.09081642],
       [  1.1093934 ],
       [-37.50882175],
       [-26.06903016],
       [-38.71309113],
       [-37.95945891],
       [-38.88194148],
       [-37.62985287],
       [-38.86764394],
       [  0.79293633],
       [-37.47475005],
       [-38.7197243 ],
       [-38.49218766],
       [-39.05564177],
       [-38.84689079],
       [-37.56760259],
       [-37.90127451],
       [ -1.80246061],
       [-37.01198354],
       [-38.77517372],
       [-38.90103965],
       [-38.99527685],
       [-38.97438536],
       [-37.34247383],
       [-36.92286621],
       [-37.33389276],
       [-37.87291366],
       [-38.52171213],
       [-38.51321095],
       [  0.41082575],
       [-38.48872843],
       [-38.80132168],
       [-37.56964063],
       [-37.76606339],
       [  0.83072991],
       [-38.09453633],
       [-37.68165768],
       [  0.10972178],
       [-37.95667041]])
<<<<<<<<<<< STEP 21 >>>>>>>>>>>> + array([[-0.50000001],
       [-0.50000001],
       [ 0.01585449],
       [-0.5       ],
       [-0.50000019],
       [-0.5       ],
       [-0.5       ],
       [-0.5       ],
       [-0.5       ],
       [-0.5       ],
       [ 0.01304677],
       [-0.5       ],
       [-0.5       ],
       [-0.5       ],
       [-0.5       ],
       [-0.5       ],
       [-0.5       ],
       [-0.5       ],
       [ 0.02430901],
       [-0.5       ],
       [-0.5       ],
       [-0.5       ],
       [-0.5       ],
       [-0.5       ],
       [-0.50000001],
       [-0.5       ],
       [-0.50000001],
       [-0.5       ],
       [-0.5       ],
       [-0.5       ],
       [ 0.00965498],
       [-0.5       ],
       [-0.5       ],
       [-0.5       ],
       [-0.5       ],
       [ 0.01152206],
       [-0.5       ],
       [-0.5       ],
       [ 0.00647202],
       [-0.5       ]])
array([[-37.46212352],
       [-36.59081643],
       [  1.1252479 ],
       [-38.00882175],
       [-26.56903034],
       [-39.21309114],
       [-38.45945891],
       [-39.38194148],
       [-38.12985287],
       [-39.36764394],
       [  0.8059831 ],
       [-37.97475005],
       [-39.2197243 ],
       [-38.99218766],
       [-39.55564178],
       [-39.34689079],
       [-38.06760259],
       [-38.40127451],
       [ -1.77815161],
       [-37.51198354],
       [-39.27517372],
       [-39.40103965],
       [-39.49527685],
       [-39.47438537],
       [-37.84247383],
       [-37.42286621],
       [-37.83389277],
       [-38.37291366],
       [-39.02171213],
       [-39.01321096],
       [  0.42048073],
       [-38.98872843],
       [-39.30132169],
       [-38.06964063],
       [-38.26606339],
       [  0.84225197],
       [-38.59453633],
       [-38.18165768],
       [  0.1161938 ],
       [-38.45667041]])
<<<<<<<<<<< STEP 22 >>>>>>>>>>>> + array([[-0.50000001],
       [-0.50000001],
       [ 0.01562966],
       [-0.5       ],
       [-0.50000014],
       [-0.5       ],
       [-0.5       ],
       [-0.5       ],
       [-0.5       ],
       [-0.5       ],
       [ 0.01287529],
       [-0.5       ],
       [-0.5       ],
       [-0.5       ],
       [-0.5       ],
       [-0.5       ],
       [-0.5       ],
       [-0.5       ],
       [ 0.02378747],
       [-0.5       ],
       [-0.5       ],
       [-0.5       ],
       [-0.5       ],
       [-0.5       ],
       [-0.50000001],
       [-0.5       ],
       [-0.50000001],
       [-0.5       ],
       [-0.5       ],
       [-0.5       ],
       [ 0.00958601],
       [-0.5       ],
       [-0.5       ],
       [-0.5       ],
       [-0.5       ],
       [ 0.01140125],
       [-0.5       ],
       [-0.5       ],
       [ 0.00646199],
       [-0.5       ]])
array([[-37.96212353],
       [-37.09081643],
       [  1.14087756],
       [-38.50882175],
       [-27.06903049],
       [-39.71309114],
       [-38.95945891],
       [-39.88194148],
       [-38.62985288],
       [-39.86764394],
       [  0.81885839],
       [-38.47475005],
       [-39.7197243 ],
       [-39.49218766],
       [-40.05564178],
       [-39.84689079],
       [-38.56760259],
       [-38.90127451],
       [ -1.75436414],
       [-38.01198354],
       [-39.77517372],
       [-39.90103965],
       [-39.99527685],
       [-39.97438537],
       [-38.34247384],
       [-37.92286621],
       [-38.33389277],
       [-38.87291366],
       [-39.52171213],
       [-39.51321096],
       [  0.43006674],
       [-39.48872844],
       [-39.80132169],
       [-38.56964063],
       [-38.76606339],
       [  0.85365322],
       [-39.09453633],
       [-38.68165768],
       [  0.12265579],
       [-38.95667041]])
<<<<<<<<<<< STEP 23 >>>>>>>>>>>> + array([[-0.5       ],
       [-0.5       ],
       [ 0.01541096],
       [-0.5       ],
       [-0.50000011],
       [-0.5       ],
       [-0.5       ],
       [-0.5       ],
       [-0.5       ],
       [-0.5       ],
       [ 0.01270822],
       [-0.5       ],
       [-0.5       ],
       [-0.5       ],
       [-0.5       ],
       [-0.5       ],
       [-0.5       ],
       [-0.5       ],
       [ 0.02328496],
       [-0.5       ],
       [-0.5       ],
       [-0.5       ],
       [-0.5       ],
       [-0.5       ],
       [-0.5       ],
       [-0.5       ],
       [-0.5       ],
       [-0.5       ],
       [-0.5       ],
       [-0.5       ],
       [ 0.00951764],
       [-0.5       ],
       [-0.5       ],
       [-0.5       ],
       [-0.5       ],
       [ 0.01128276],
       [-0.5       ],
       [-0.5       ],
       [ 0.00645114],
       [-0.5       ]])
array([[-38.46212353],
       [-37.59081644],
       [  1.15628852],
       [-39.00882175],
       [-27.5690306 ],
       [-40.21309114],
       [-39.45945891],
       [-40.38194148],
       [-39.12985288],
       [-40.36764394],
       [  0.83156661],
       [-38.97475005],
       [-40.2197243 ],
       [-39.99218767],
       [-40.55564178],
       [-40.34689079],
       [-39.06760259],
       [-39.40127451],
       [ -1.73107918],
       [-38.51198354],
       [-40.27517372],
       [-40.40103965],
       [-40.49527685],
       [-40.47438537],
       [-38.84247384],
       [-38.42286621],
       [-38.83389278],
       [-39.37291366],
       [-40.02171214],
       [-40.01321096],
       [  0.43958438],
       [-39.98872844],
       [-40.30132169],
       [-39.06964063],
       [-39.26606339],
       [  0.86493597],
       [-39.59453633],
       [-39.18165768],
       [  0.12910693],
       [-39.45667041]])
<<<<<<<<<<< STEP 24 >>>>>>>>>>>> + array([[-0.5       ],
       [-0.5       ],
       [ 0.01519814],
       [-0.5       ],
       [-0.50000008],
       [-0.5       ],
       [-0.5       ],
       [-0.5       ],
       [-0.5       ],
       [-0.5       ],
       [ 0.01254542],
       [-0.5       ],
       [-0.5       ],
       [-0.5       ],
       [-0.5       ],
       [-0.5       ],
       [-0.5       ],
       [-0.5       ],
       [ 0.02280061],
       [-0.5       ],
       [-0.5       ],
       [-0.5       ],
       [-0.5       ],
       [-0.5       ],
       [-0.5       ],
       [-0.5       ],
       [-0.5       ],
       [-0.5       ],
       [-0.5       ],
       [-0.5       ],
       [ 0.00944986],
       [-0.5       ],
       [-0.5       ],
       [-0.5       ],
       [-0.5       ],
       [ 0.01116652],
       [-0.5       ],
       [-0.5       ],
       [ 0.00643951],
       [-0.5       ]])
array([[-38.96212353],
       [-38.09081644],
       [  1.17148666],
       [-39.50882175],
       [-28.06903068],
       [-40.71309114],
       [-39.95945891],
       [-40.88194148],
       [-39.62985288],
       [-40.86764394],
       [  0.84411203],
       [-39.47475005],
       [-40.7197243 ],
       [-40.49218767],
       [-41.05564178],
       [-40.8468908 ],
       [-39.56760259],
       [-39.90127451],
       [ -1.70827857],
       [-39.01198354],
       [-40.77517372],
       [-40.90103965],
       [-40.99527685],
       [-40.97438537],
       [-39.34247385],
       [-38.92286621],
       [-39.33389278],
       [-39.87291366],
       [-40.52171214],
       [-40.51321096],
       [  0.44903424],
       [-40.48872844],
       [-40.80132169],
       [-39.56964064],
       [-39.76606339],
       [  0.87610249],
       [-40.09453633],
       [-39.68165768],
       [  0.13554644],
       [-39.95667041]])
<<<<<<<<<<< STEP 25 >>>>>>>>>>>> + array([[-0.5       ],
       [-0.5       ],
       [ 0.01499099],
       [-0.5       ],
       [-0.50000006],
       [-0.5       ],
       [-0.5       ],
       [-0.5       ],
       [-0.5       ],
       [-0.5       ],
       [ 0.01238671],
       [-0.5       ],
       [-0.5       ],
       [-0.5       ],
       [-0.5       ],
       [-0.5       ],
       [-0.5       ],
       [-0.5       ],
       [ 0.02233359],
       [-0.5       ],
       [-0.5       ],
       [-0.5       ],
       [-0.5       ],
       [-0.5       ],
       [-0.5       ],
       [-0.5       ],
       [-0.5       ],
       [-0.5       ],
       [-0.5       ],
       [-0.5       ],
       [ 0.00938269],
       [-0.5       ],
       [-0.5       ],
       [-0.5       ],
       [-0.5       ],
       [ 0.01105248],
       [-0.5       ],
       [-0.5       ],
       [ 0.00642714],
       [-0.5       ]])
array([[-39.46212354],
       [-38.59081644],
       [  1.18647766],
       [-40.00882175],
       [-28.56903075],
       [-41.21309114],
       [-40.45945892],
       [-41.38194148],
       [-40.12985288],
       [-41.36764395],
       [  0.85649874],
       [-39.97475005],
       [-41.2197243 ],
       [-40.99218767],
       [-41.55564178],
       [-41.3468908 ],
       [-40.06760259],
       [-40.40127452],
       [ -1.68594499],
       [-39.51198354],
       [-41.27517372],
       [-41.40103965],
       [-41.49527685],
       [-41.47438537],
       [-39.84247385],
       [-39.42286621],
       [-39.83389278],
       [-40.37291366],
       [-41.02171214],
       [-41.01321096],
       [  0.45841693],
       [-40.98872844],
       [-41.30132169],
       [-40.06964064],
       [-40.26606339],
       [  0.88715498],
       [-40.59453633],
       [-40.18165768],
       [  0.14197359],
       [-40.45667041]])
<<<<<<<<<<< STEP 26 >>>>>>>>>>>> + array([[-0.5       ],
       [-0.5       ],
       [ 0.01478928],
       [-0.5       ],
       [-0.50000005],
       [-0.5       ],
       [-0.5       ],
       [-0.5       ],
       [-0.5       ],
       [-0.5       ],
       [ 0.01223195],
       [-0.5       ],
       [-0.5       ],
       [-0.5       ],
       [-0.5       ],
       [-0.5       ],
       [-0.5       ],
       [-0.5       ],
       [ 0.02188309],
       [-0.5       ],
       [-0.5       ],
       [-0.5       ],
       [-0.5       ],
       [-0.5       ],
       [-0.5       ],
       [-0.5       ],
       [-0.5       ],
       [-0.5       ],
       [-0.5       ],
       [-0.5       ],
       [ 0.00931611],
       [-0.5       ],
       [-0.5       ],
       [-0.5       ],
       [-0.5       ],
       [ 0.01094058],
       [-0.5       ],
       [-0.5       ],
       [ 0.00641407],
       [-0.5       ]])
array([[-39.96212354],
       [-39.09081645],
       [  1.20126694],
       [-40.50882175],
       [-29.0690308 ],
       [-41.71309114],
       [-40.95945892],
       [-41.88194148],
       [-40.62985288],
       [-41.86764395],
       [  0.8687307 ],
       [-40.47475005],
       [-41.71972431],
       [-41.49218767],
       [-42.05564178],
       [-41.8468908 ],
       [-40.56760259],
       [-40.90127452],
       [ -1.66406189],
       [-40.01198354],
       [-41.77517372],
       [-41.90103966],
       [-41.99527685],
       [-41.97438537],
       [-40.34247385],
       [-39.92286621],
       [-40.33389279],
       [-40.87291366],
       [-41.52171214],
       [-41.51321096],
       [  0.46773304],
       [-41.48872844],
       [-41.80132169],
       [-40.56964064],
       [-40.76606339],
       [  0.89809555],
       [-41.09453633],
       [-40.68165768],
       [  0.14838766],
       [-40.95667041]])
<<<<<<<<<<< STEP 27 >>>>>>>>>>>> + array([[-0.5       ],
       [-0.5       ],
       [ 0.01459281],
       [-0.5       ],
       [-0.50000004],
       [-0.5       ],
       [-0.5       ],
       [-0.5       ],
       [-0.5       ],
       [-0.5       ],
       [ 0.01208101],
       [-0.5       ],
       [-0.5       ],
       [-0.5       ],
       [-0.5       ],
       [-0.5       ],
       [-0.5       ],
       [-0.5       ],
       [ 0.02144838],
       [-0.5       ],
       [-0.5       ],
       [-0.5       ],
       [-0.5       ],
       [-0.5       ],
       [-0.5       ],
       [-0.5       ],
       [-0.5       ],
       [-0.5       ],
       [-0.5       ],
       [-0.5       ],
       [ 0.00925014],
       [-0.5       ],
       [-0.5       ],
       [-0.5       ],
       [-0.5       ],
       [ 0.01083075],
       [-0.5       ],
       [-0.5       ],
       [ 0.00640033],
       [-0.5       ]])
array([[-40.46212354],
       [-39.59081645],
       [  1.21585975],
       [-41.00882175],
       [-29.56903083],
       [-42.21309114],
       [-41.45945892],
       [-42.38194148],
       [-41.12985288],
       [-42.36764395],
       [  0.8808117 ],
       [-40.97475005],
       [-42.21972431],
       [-41.99218767],
       [-42.55564178],
       [-42.3468908 ],
       [-41.06760259],
       [-41.40127452],
       [ -1.64261351],
       [-40.51198354],
       [-42.27517372],
       [-42.40103966],
       [-42.49527685],
       [-42.47438537],
       [-40.84247385],
       [-40.42286621],
       [-40.83389279],
       [-41.37291366],
       [-42.02171214],
       [-42.01321096],
       [  0.47698318],
       [-41.98872844],
       [-42.30132169],
       [-41.06964064],
       [-41.26606339],
       [  0.9089263 ],
       [-41.59453633],
       [-41.18165768],
       [  0.15478799],
       [-41.45667041]])
<<<<<<<<<<< STEP 28 >>>>>>>>>>>> + array([[-0.5       ],
       [-0.5       ],
       [ 0.01440138],
       [-0.5       ],
       [-0.50000003],
       [-0.5       ],
       [-0.5       ],
       [-0.5       ],
       [-0.5       ],
       [-0.5       ],
       [ 0.01193374],
       [-0.5       ],
       [-0.5       ],
       [-0.5       ],
       [-0.5       ],
       [-0.5       ],
       [-0.5       ],
       [-0.5       ],
       [ 0.02102873],
       [-0.5       ],
       [-0.5       ],
       [-0.5       ],
       [-0.5       ],
       [-0.5       ],
       [-0.5       ],
       [-0.5       ],
       [-0.5       ],
       [-0.5       ],
       [-0.5       ],
       [-0.5       ],
       [ 0.00918478],
       [-0.5       ],
       [-0.5       ],
       [-0.5       ],
       [-0.5       ],
       [ 0.01072295],
       [-0.5       ],
       [-0.5       ],
       [ 0.00638597],
       [-0.5       ]])
array([[-40.96212354],
       [-40.09081645],
       [  1.23026113],
       [-41.50882175],
       [-30.06903086],
       [-42.71309114],
       [-41.95945892],
       [-42.88194148],
       [-41.62985288],
       [-42.86764395],
       [  0.89274544],
       [-41.47475005],
       [-42.71972431],
       [-42.49218767],
       [-43.05564178],
       [-42.8468908 ],
       [-41.56760259],
       [-41.90127452],
       [ -1.62158478],
       [-41.01198354],
       [-42.77517372],
       [-42.90103966],
       [-42.99527685],
       [-42.97438537],
       [-41.34247385],
       [-40.92286621],
       [-41.33389279],
       [-41.87291366],
       [-42.52171214],
       [-42.51321096],
       [  0.48616796],
       [-42.48872844],
       [-42.80132169],
       [-41.56964064],
       [-41.76606339],
       [  0.91964926],
       [-42.09453633],
       [-41.68165768],
       [  0.16117396],
       [-41.95667041]])
<<<<<<<<<<< STEP 29 >>>>>>>>>>>> + array([[-0.5       ],
       [-0.5       ],
       [ 0.01421481],
       [-0.5       ],
       [-0.50000002],
       [-0.5       ],
       [-0.5       ],
       [-0.5       ],
       [-0.5       ],
       [-0.5       ],
       [ 0.01179001],
       [-0.5       ],
       [-0.5       ],
       [-0.5       ],
       [-0.5       ],
       [-0.5       ],
       [-0.5       ],
       [-0.5       ],
       [ 0.02062347],
       [-0.5       ],
       [-0.5       ],
       [-0.5       ],
       [-0.5       ],
       [-0.5       ],
       [-0.5       ],
       [-0.5       ],
       [-0.5       ],
       [-0.5       ],
       [-0.5       ],
       [-0.5       ],
       [ 0.00912003],
       [-0.5       ],
       [-0.5       ],
       [-0.5       ],
       [-0.5       ],
       [ 0.01061713],
       [-0.5       ],
       [-0.5       ],
       [ 0.006371  ],
       [-0.5       ]])
array([[-41.46212354],
       [-40.59081645],
       [  1.24447594],
       [-42.00882175],
       [-30.56903089],
       [-43.21309114],
       [-42.45945892],
       [-43.38194148],
       [-42.12985288],
       [-43.36764395],
       [  0.90453545],
       [-41.97475005],
       [-43.21972431],
       [-42.99218767],
       [-43.55564178],
       [-43.3468908 ],
       [-42.06760259],
       [-42.40127452],
       [ -1.60096131],
       [-41.51198354],
       [-43.27517372],
       [-43.40103966],
       [-43.49527685],
       [-43.47438537],
       [-41.84247385],
       [-41.42286621],
       [-41.83389279],
       [-42.37291366],
       [-43.02171214],
       [-43.01321097],
       [  0.49528799],
       [-42.98872844],
       [-43.30132169],
       [-42.06964064],
       [-42.26606339],
       [  0.93026638],
       [-42.59453633],
       [-42.18165768],
       [  0.16754496],
       [-42.45667041]])
<<<<<<<<<<< STEP 30 >>>>>>>>>>>> + array([[-0.5       ],
       [-0.5       ],
       [ 0.01403291],
       [-0.5       ],
       [-0.50000002],
       [-0.5       ],
       [-0.5       ],
       [-0.5       ],
       [-0.5       ],
       [-0.5       ],
       [ 0.0116497 ],
       [-0.5       ],
       [-0.5       ],
       [-0.5       ],
       [-0.5       ],
       [-0.5       ],
       [-0.5       ],
       [-0.5       ],
       [ 0.02023194],
       [-0.5       ],
       [-0.5       ],
       [-0.5       ],
       [-0.5       ],
       [-0.5       ],
       [-0.5       ],
       [-0.5       ],
       [-0.5       ],
       [-0.5       ],
       [-0.5       ],
       [-0.5       ],
       [ 0.00905588],
       [-0.5       ],
       [-0.5       ],
       [-0.5       ],
       [-0.5       ],
       [ 0.01051322],
       [-0.5       ],
       [-0.5       ],
       [ 0.00635548],
       [-0.5       ]])
array([[-41.96212354],
       [-41.09081645],
       [  1.25850885],
       [-42.50882175],
       [-31.0690309 ],
       [-43.71309114],
       [-42.95945892],
       [-43.88194149],
       [-42.62985288],
       [-43.86764395],
       [  0.91618515],
       [-42.47475005],
       [-43.71972431],
       [-43.49218767],
       [-44.05564178],
       [-43.8468908 ],
       [-42.56760259],
       [-42.90127452],
       [ -1.58072937],
       [-42.01198354],
       [-43.77517372],
       [-43.90103966],
       [-43.99527685],
       [-43.97438537],
       [-42.34247385],
       [-41.92286621],
       [-42.33389279],
       [-42.87291366],
       [-43.52171214],
       [-43.51321097],
       [  0.50434387],
       [-43.48872844],
       [-43.80132169],
       [-42.56964064],
       [-42.76606339],
       [  0.9407796 ],
       [-43.09453633],
       [-42.68165768],
       [  0.17390044],
       [-42.95667041]])
<<<<<<<<<<< STEP 31 >>>>>>>>>>>> + array([[-0.5       ],
       [-0.5       ],
       [ 0.01385551],
       [-0.5       ],
       [-0.50000001],
       [-0.5       ],
       [-0.5       ],
       [-0.5       ],
       [-0.5       ],
       [-0.5       ],
       [ 0.0115127 ],
       [-0.5       ],
       [-0.5       ],
       [-0.5       ],
       [-0.5       ],
       [-0.5       ],
       [-0.5       ],
       [-0.5       ],
       [ 0.01985353],
       [-0.5       ],
       [-0.5       ],
       [-0.5       ],
       [-0.5       ],
       [-0.5       ],
       [-0.5       ],
       [-0.5       ],
       [-0.5       ],
       [-0.5       ],
       [-0.5       ],
       [-0.5       ],
       [ 0.00899234],
       [-0.5       ],
       [-0.5       ],
       [-0.5       ],
       [-0.5       ],
       [ 0.01041119],
       [-0.5       ],
       [-0.5       ],
       [ 0.00633942],
       [-0.5       ]])
array([[-42.46212354],
       [-41.59081645],
       [  1.27236436],
       [-43.00882175],
       [-31.56903092],
       [-44.21309114],
       [-43.45945892],
       [-44.38194149],
       [-43.12985288],
       [-44.36764395],
       [  0.92769785],
       [-42.97475005],
       [-44.21972431],
       [-43.99218767],
       [-44.55564178],
       [-44.3468908 ],
       [-43.06760259],
       [-43.40127452],
       [ -1.56087584],
       [-42.51198354],
       [-44.27517372],
       [-44.40103966],
       [-44.49527685],
       [-44.47438537],
       [-42.84247385],
       [-42.42286621],
       [-42.83389279],
       [-43.37291366],
       [-44.02171214],
       [-44.01321097],
       [  0.51333621],
       [-43.98872845],
       [-44.30132169],
       [-43.06964064],
       [-43.26606339],
       [  0.95119079],
       [-43.59453633],
       [-43.18165768],
       [  0.18023986],
       [-43.45667041]])
<<<<<<<<<<< STEP 32 >>>>>>>>>>>> + array([[-0.5       ],
       [-0.5       ],
       [ 0.01368246],
       [-0.5       ],
       [-0.50000001],
       [-0.5       ],
       [-0.5       ],
       [-0.5       ],
       [-0.5       ],
       [-0.5       ],
       [ 0.01137888],
       [-0.5       ],
       [-0.5       ],
       [-0.5       ],
       [-0.5       ],
       [-0.5       ],
       [-0.5       ],
       [-0.5       ],
       [ 0.01948767],
       [-0.5       ],
       [-0.5       ],
       [-0.5       ],
       [-0.5       ],
       [-0.5       ],
       [-0.5       ],
       [-0.5       ],
       [-0.5       ],
       [-0.5       ],
       [-0.5       ],
       [-0.5       ],
       [ 0.00892942],
       [-0.5       ],
       [-0.5       ],
       [-0.5       ],
       [-0.5       ],
       [ 0.01031098],
       [-0.5       ],
       [-0.5       ],
       [ 0.00632286],
       [-0.5       ]])
array([[-42.96212354],
       [-42.09081645],
       [  1.28604683],
       [-43.50882175],
       [-32.06903093],
       [-44.71309114],
       [-43.95945892],
       [-44.88194149],
       [-43.62985288],
       [-44.86764395],
       [  0.93907673],
       [-43.47475005],
       [-44.71972431],
       [-44.49218767],
       [-45.05564178],
       [-44.8468908 ],
       [-43.56760259],
       [-43.90127452],
       [ -1.54138817],
       [-43.01198354],
       [-44.77517372],
       [-44.90103966],
       [-44.99527686],
       [-44.97438537],
       [-43.34247386],
       [-42.92286621],
       [-43.33389279],
       [-43.87291366],
       [-44.52171214],
       [-44.51321097],
       [  0.52226563],
       [-44.48872845],
       [-44.80132169],
       [-43.56964064],
       [-43.76606339],
       [  0.96150178],
       [-44.09453633],
       [-43.68165768],
       [  0.18656272],
       [-43.95667041]])
<<<<<<<<<<< STEP 33 >>>>>>>>>>>> + array([[-0.5       ],
       [-0.5       ],
       [ 0.0135136 ],
       [-0.5       ],
       [-0.50000001],
       [-0.5       ],
       [-0.5       ],
       [-0.5       ],
       [-0.5       ],
       [-0.5       ],
       [ 0.01124814],
       [-0.5       ],
       [-0.5       ],
       [-0.5       ],
       [-0.5       ],
       [-0.5       ],
       [-0.5       ],
       [-0.5       ],
       [ 0.01913379],
       [-0.5       ],
       [-0.5       ],
       [-0.5       ],
       [-0.5       ],
       [-0.5       ],
       [-0.5       ],
       [-0.5       ],
       [-0.5       ],
       [-0.5       ],
       [-0.5       ],
       [-0.5       ],
       [ 0.0088671 ],
       [-0.5       ],
       [-0.5       ],
       [-0.5       ],
       [-0.5       ],
       [ 0.01021256],
       [-0.5       ],
       [-0.5       ],
       [ 0.00630584],
       [-0.5       ]])
array([[-43.46212354],
       [-42.59081645],
       [  1.29956042],
       [-44.00882175],
       [-32.56903094],
       [-45.21309114],
       [-44.45945892],
       [-45.38194149],
       [-44.12985288],
       [-45.36764395],
       [  0.95032487],
       [-43.97475005],
       [-45.21972431],
       [-44.99218767],
       [-45.55564178],
       [-45.3468908 ],
       [-44.06760259],
       [-44.40127452],
       [ -1.52225438],
       [-43.51198354],
       [-45.27517372],
       [-45.40103966],
       [-45.49527686],
       [-45.47438537],
       [-43.84247386],
       [-43.42286621],
       [-43.83389279],
       [-44.37291366],
       [-45.02171214],
       [-45.01321097],
       [  0.53113273],
       [-44.98872845],
       [-45.30132169],
       [-44.06964064],
       [-44.26606339],
       [  0.97171434],
       [-44.59453633],
       [-44.18165768],
       [  0.19286856],
       [-44.45667041]])
<<<<<<<<<<< STEP 34 >>>>>>>>>>>> + array([[-0.5       ],
       [-0.5       ],
       [ 0.01334877],
       [-0.5       ],
       [-0.50000001],
       [-0.5       ],
       [-0.5       ],
       [-0.5       ],
       [-0.5       ],
       [-0.5       ],
       [ 0.01112038],
       [-0.5       ],
       [-0.5       ],
       [-0.5       ],
       [-0.5       ],
       [-0.5       ],
       [-0.5       ],
       [-0.5       ],
       [ 0.01879138],
       [-0.5       ],
       [-0.5       ],
       [-0.5       ],
       [-0.5       ],
       [-0.5       ],
       [-0.5       ],
       [-0.5       ],
       [-0.5       ],
       [-0.5       ],
       [-0.5       ],
       [-0.5       ],
       [ 0.0088054 ],
       [-0.5       ],
       [-0.5       ],
       [-0.5       ],
       [-0.5       ],
       [ 0.01011587],
       [-0.5       ],
       [-0.5       ],
       [ 0.00628838],
       [-0.5       ]])
array([[-43.96212355],
       [-43.09081645],
       [  1.3129092 ],
       [-44.50882175],
       [-33.06903094],
       [-45.71309114],
       [-44.95945892],
       [-45.88194149],
       [-44.62985288],
       [-45.86764395],
       [  0.96144525],
       [-44.47475005],
       [-45.71972431],
       [-45.49218767],
       [-46.05564178],
       [-45.8468908 ],
       [-44.56760259],
       [-44.90127452],
       [ -1.503463  ],
       [-44.01198354],
       [-45.77517372],
       [-45.90103966],
       [-45.99527686],
       [-45.97438537],
       [-44.34247386],
       [-43.92286621],
       [-44.33389279],
       [-44.87291366],
       [-45.52171215],
       [-45.51321097],
       [  0.53993813],
       [-45.48872845],
       [-45.80132169],
       [-44.56964064],
       [-44.76606339],
       [  0.98183021],
       [-45.09453633],
       [-44.68165768],
       [  0.19915694],
       [-44.95667041]])
<<<<<<<<<<< STEP 35 >>>>>>>>>>>> + array([[-0.5       ],
       [-0.5       ],
       [ 0.01318785],
       [-0.5       ],
       [-0.5       ],
       [-0.5       ],
       [-0.5       ],
       [-0.5       ],
       [-0.5       ],
       [-0.5       ],
       [ 0.01099549],
       [-0.5       ],
       [-0.5       ],
       [-0.5       ],
       [-0.5       ],
       [-0.5       ],
       [-0.5       ],
       [-0.5       ],
       [ 0.01845994],
       [-0.5       ],
       [-0.5       ],
       [-0.5       ],
       [-0.5       ],
       [-0.5       ],
       [-0.5       ],
       [-0.5       ],
       [-0.5       ],
       [-0.5       ],
       [-0.5       ],
       [-0.5       ],
       [ 0.0087443 ],
       [-0.5       ],
       [-0.5       ],
       [-0.5       ],
       [-0.5       ],
       [ 0.01002088],
       [-0.5       ],
       [-0.5       ],
       [ 0.0062705 ],
       [-0.5       ]])
array([[-44.46212355],
       [-43.59081645],
       [  1.32609705],
       [-45.00882175],
       [-33.56903095],
       [-46.21309114],
       [-45.45945892],
       [-46.38194149],
       [-45.12985288],
       [-46.36764395],
       [  0.97244074],
       [-44.97475005],
       [-46.21972431],
       [-45.99218767],
       [-46.55564178],
       [-46.3468908 ],
       [-45.06760259],
       [-45.40127452],
       [ -1.48500307],
       [-44.51198354],
       [-46.27517372],
       [-46.40103966],
       [-46.49527686],
       [-46.47438537],
       [-44.84247386],
       [-44.42286621],
       [-44.83389279],
       [-45.37291366],
       [-46.02171215],
       [-46.01321097],
       [  0.54868243],
       [-45.98872845],
       [-46.30132169],
       [-45.06964064],
       [-45.26606339],
       [  0.99185109],
       [-45.59453633],
       [-45.18165768],
       [  0.20542744],
       [-45.45667041]])
<<<<<<<<<<< STEP 36 >>>>>>>>>>>> + array([[-0.5       ],
       [-0.5       ],
       [ 0.01303069],
       [-0.5       ],
       [-0.5       ],
       [-0.5       ],
       [-0.5       ],
       [-0.5       ],
       [-0.5       ],
       [-0.5       ],
       [ 0.01087338],
       [-0.5       ],
       [-0.5       ],
       [-0.5       ],
       [-0.5       ],
       [-0.5       ],
       [-0.5       ],
       [-0.5       ],
       [ 0.01813899],
       [-0.5       ],
       [-0.5       ],
       [-0.5       ],
       [-0.5       ],
       [-0.5       ],
       [-0.5       ],
       [-0.5       ],
       [-0.5       ],
       [-0.5       ],
       [-0.5       ],
       [-0.5       ],
       [ 0.0086838 ],
       [-0.5       ],
       [-0.5       ],
       [-0.5       ],
       [-0.5       ],
       [ 0.00992754],
       [-0.5       ],
       [-0.5       ],
       [ 0.00625224],
       [-0.5       ]])
array([[-44.96212355],
       [-44.09081645],
       [  1.33912774],
       [-45.50882175],
       [-34.06903095],
       [-46.71309114],
       [-45.95945892],
       [-46.88194149],
       [-45.62985288],
       [-46.86764395],
       [  0.98331412],
       [-45.47475005],
       [-46.71972431],
       [-46.49218767],
       [-47.05564178],
       [-46.8468908 ],
       [-45.56760259],
       [-45.90127452],
       [ -1.46686408],
       [-45.01198354],
       [-46.77517372],
       [-46.90103966],
       [-46.99527686],
       [-46.97438537],
       [-45.34247386],
       [-44.92286621],
       [-45.33389279],
       [-45.87291366],
       [-46.52171215],
       [-46.51321097],
       [  0.55736623],
       [-46.48872845],
       [-46.80132169],
       [-45.56964064],
       [-45.76606339],
       [  1.00177863],
       [-46.09453633],
       [-45.68165768],
       [  0.21167968],
       [-45.95667041]])
<<<<<<<<<<< STEP 37 >>>>>>>>>>>> + array([[-0.5       ],
       [-0.5       ],
       [ 0.01287716],
       [-0.5       ],
       [-0.5       ],
       [-0.5       ],
       [-0.5       ],
       [-0.5       ],
       [-0.5       ],
       [-0.5       ],
       [ 0.01075397],
       [-0.5       ],
       [-0.5       ],
       [-0.5       ],
       [-0.5       ],
       [-0.5       ],
       [-0.5       ],
       [-0.5       ],
       [ 0.01782809],
       [-0.5       ],
       [-0.5       ],
       [-0.5       ],
       [-0.5       ],
       [-0.5       ],
       [-0.5       ],
       [-0.5       ],
       [-0.5       ],
       [-0.5       ],
       [-0.5       ],
       [-0.5       ],
       [ 0.00862392],
       [-0.5       ],
       [-0.5       ],
       [-0.5       ],
       [-0.5       ],
       [ 0.00983581],
       [-0.5       ],
       [-0.5       ],
       [ 0.00623362],
       [-0.5       ]])
array([[-45.46212355],
       [-44.59081645],
       [  1.3520049 ],
       [-46.00882175],
       [-34.56903095],
       [-47.21309114],
       [-46.45945892],
       [-47.38194149],
       [-46.12985288],
       [-47.36764395],
       [  0.99406808],
       [-45.97475005],
       [-47.21972431],
       [-46.99218767],
       [-47.55564178],
       [-47.3468908 ],
       [-46.06760259],
       [-46.40127452],
       [ -1.44903598],
       [-45.51198354],
       [-47.27517372],
       [-47.40103966],
       [-47.49527686],
       [-47.47438537],
       [-45.84247386],
       [-45.42286621],
       [-45.83389279],
       [-46.37291366],
       [-47.02171215],
       [-47.01321097],
       [  0.56599015],
       [-46.98872845],
       [-47.30132169],
       [-46.06964064],
       [-46.26606339],
       [  1.01161444],
       [-46.59453633],
       [-46.18165768],
       [  0.2179133 ],
       [-46.45667041]])
<<<<<<<<<<< STEP 38 >>>>>>>>>>>> + array([[-0.5       ],
       [-0.5       ],
       [ 0.01272715],
       [-0.5       ],
       [-0.5       ],
       [-0.5       ],
       [-0.5       ],
       [-0.5       ],
       [-0.5       ],
       [-0.5       ],
       [ 0.01063715],
       [-0.5       ],
       [-0.5       ],
       [-0.5       ],
       [-0.5       ],
       [-0.5       ],
       [-0.5       ],
       [-0.5       ],
       [ 0.01752682],
       [-0.5       ],
       [-0.5       ],
       [-0.5       ],
       [-0.5       ],
       [-0.5       ],
       [-0.5       ],
       [-0.5       ],
       [-0.5       ],
       [-0.5       ],
       [-0.5       ],
       [-0.5       ],
       [ 0.00856463],
       [-0.5       ],
       [-0.5       ],
       [-0.5       ],
       [-0.5       ],
       [ 0.00974566],
       [-0.5       ],
       [-0.5       ],
       [ 0.00621466],
       [-0.5       ]])
array([[-45.96212355],
       [-45.09081645],
       [  1.36473205],
       [-46.50882175],
       [-35.06903096],
       [-47.71309114],
       [-46.95945892],
       [-47.88194149],
       [-46.62985288],
       [-47.86764395],
       [  1.00470524],
       [-46.47475005],
       [-47.71972431],
       [-47.49218767],
       [-48.05564178],
       [-47.8468908 ],
       [-46.56760259],
       [-46.90127452],
       [ -1.43150917],
       [-46.01198354],
       [-47.77517372],
       [-47.90103966],
       [-47.99527686],
       [-47.97438537],
       [-46.34247386],
       [-45.92286621],
       [-46.33389279],
       [-46.87291366],
       [-47.52171215],
       [-47.51321097],
       [  0.57455478],
       [-47.48872845],
       [-47.80132169],
       [-46.56964064],
       [-46.76606339],
       [  1.02136009],
       [-47.09453633],
       [-46.68165768],
       [  0.22412795],
       [-46.95667041]])
<<<<<<<<<<< STEP 39 >>>>>>>>>>>> + array([[-0.5       ],
       [-0.5       ],
       [ 0.01258053],
       [-0.5       ],
       [-0.5       ],
       [-0.5       ],
       [-0.5       ],
       [-0.5       ],
       [-0.5       ],
       [-0.5       ],
       [ 0.01052286],
       [-0.5       ],
       [-0.5       ],
       [-0.5       ],
       [-0.5       ],
       [-0.5       ],
       [-0.5       ],
       [-0.5       ],
       [ 0.01723476],
       [-0.5       ],
       [-0.5       ],
       [-0.5       ],
       [-0.5       ],
       [-0.5       ],
       [-0.5       ],
       [-0.5       ],
       [-0.5       ],
       [-0.5       ],
       [-0.5       ],
       [-0.5       ],
       [ 0.00850595],
       [-0.5       ],
       [-0.5       ],
       [-0.5       ],
       [-0.5       ],
       [ 0.00965704],
       [-0.5       ],
       [-0.5       ],
       [ 0.00619538],
       [-0.5       ]])
array([[-46.46212355],
       [-45.59081645],
       [  1.37731258],
       [-47.00882175],
       [-35.56903096],
       [-48.21309114],
       [-47.45945892],
       [-48.38194149],
       [-47.12985288],
       [-48.36764395],
       [  1.01522809],
       [-46.97475005],
       [-48.21972431],
       [-47.99218767],
       [-48.55564178],
       [-48.3468908 ],
       [-47.06760259],
       [-47.40127452],
       [ -1.41427441],
       [-46.51198354],
       [-48.27517372],
       [-48.40103966],
       [-48.49527686],
       [-48.47438537],
       [-46.84247386],
       [-46.42286621],
       [-46.83389279],
       [-47.37291366],
       [-48.02171215],
       [-48.01321097],
       [  0.58306073],
       [-47.98872845],
       [-48.30132169],
       [-47.06964064],
       [-47.26606339],
       [  1.03101713],
       [-47.59453633],
       [-47.18165768],
       [  0.23032334],
       [-47.45667041]])
<<<<<<<<<<< STEP 40 >>>>>>>>>>>> + array([[-0.5       ],
       [-0.5       ],
       [ 0.0124372 ],
       [-0.5       ],
       [-0.5       ],
       [-0.5       ],
       [-0.5       ],
       [-0.5       ],
       [-0.5       ],
       [-0.5       ],
       [ 0.010411  ],
       [-0.5       ],
       [-0.5       ],
       [-0.5       ],
       [-0.5       ],
       [-0.5       ],
       [-0.5       ],
       [-0.5       ],
       [ 0.01695154],
       [-0.5       ],
       [-0.5       ],
       [-0.5       ],
       [-0.5       ],
       [-0.5       ],
       [-0.5       ],
       [-0.5       ],
       [-0.5       ],
       [-0.5       ],
       [-0.5       ],
       [-0.5       ],
       [ 0.00844786],
       [-0.5       ],
       [-0.5       ],
       [-0.5       ],
       [-0.5       ],
       [ 0.00956992],
       [-0.5       ],
       [-0.5       ],
       [ 0.00617582],
       [-0.5       ]])
array([[-46.96212355],
       [-46.09081645],
       [  1.38974978],
       [-47.50882175],
       [-36.06903096],
       [-48.71309114],
       [-47.95945892],
       [-48.88194149],
       [-47.62985288],
       [-48.86764395],
       [  1.02563909],
       [-47.47475005],
       [-48.71972431],
       [-48.49218767],
       [-49.05564178],
       [-48.8468908 ],
       [-47.56760259],
       [-47.90127452],
       [ -1.39732287],
       [-47.01198354],
       [-48.77517372],
       [-48.90103966],
       [-48.99527686],
       [-48.97438537],
       [-47.34247386],
       [-46.92286621],
       [-47.33389279],
       [-47.87291366],
       [-48.52171215],
       [-48.51321097],
       [  0.59150859],
       [-48.48872845],
       [-48.80132169],
       [-47.56964064],
       [-47.76606339],
       [  1.04058705],
       [-48.09453633],
       [-47.68165768],
       [  0.23649916],
       [-47.95667041]])
<<<<<<<<<<< STEP 41 >>>>>>>>>>>> + array([[-0.5       ],
       [-0.5       ],
       [ 0.01229703],
       [-0.5       ],
       [-0.5       ],
       [-0.5       ],
       [-0.5       ],
       [-0.5       ],
       [-0.5       ],
       [-0.5       ],
       [ 0.0103015 ],
       [-0.5       ],
       [-0.5       ],
       [-0.5       ],
       [-0.5       ],
       [-0.5       ],
       [-0.5       ],
       [-0.5       ],
       [ 0.01667678],
       [-0.5       ],
       [-0.5       ],
       [-0.5       ],
       [-0.5       ],
       [-0.5       ],
       [-0.5       ],
       [-0.5       ],
       [-0.5       ],
       [-0.5       ],
       [-0.5       ],
       [-0.5       ],
       [ 0.00839037],
       [-0.5       ],
       [-0.5       ],
       [-0.5       ],
       [-0.5       ],
       [ 0.00948426],
       [-0.5       ],
       [-0.5       ],
       [ 0.00615598],
       [-0.5       ]])
array([[-47.46212355],
       [-46.59081645],
       [  1.40204681],
       [-48.00882175],
       [-36.56903096],
       [-49.21309114],
       [-48.45945892],
       [-49.38194149],
       [-48.12985288],
       [-49.36764395],
       [  1.03594059],
       [-47.97475005],
       [-49.21972431],
       [-48.99218767],
       [-49.55564178],
       [-49.3468908 ],
       [-48.06760259],
       [-48.40127452],
       [ -1.38064609],
       [-47.51198354],
       [-49.27517372],
       [-49.40103966],
       [-49.49527686],
       [-49.47438537],
       [-47.84247386],
       [-47.42286621],
       [-47.83389279],
       [-48.37291366],
       [-49.02171215],
       [-49.01321097],
       [  0.59989895],
       [-48.98872845],
       [-49.30132169],
       [-48.06964064],
       [-48.26606339],
       [  1.05007132],
       [-48.59453633],
       [-48.18165768],
       [  0.24265514],
       [-48.45667041]])
<<<<<<<<<<< STEP 42 >>>>>>>>>>>> + array([[-0.5       ],
       [-0.5       ],
       [ 0.01215994],
       [-0.5       ],
       [-0.5       ],
       [-0.5       ],
       [-0.5       ],
       [-0.5       ],
       [-0.5       ],
       [-0.5       ],
       [ 0.0101943 ],
       [-0.5       ],
       [-0.5       ],
       [-0.5       ],
       [-0.5       ],
       [-0.5       ],
       [-0.5       ],
       [-0.5       ],
       [ 0.01641016],
       [-0.5       ],
       [-0.5       ],
       [-0.5       ],
       [-0.5       ],
       [-0.5       ],
       [-0.5       ],
       [-0.5       ],
       [-0.5       ],
       [-0.5       ],
       [-0.5       ],
       [-0.5       ],
       [ 0.00833346],
       [-0.5       ],
       [-0.5       ],
       [-0.5       ],
       [-0.5       ],
       [ 0.00940004],
       [-0.5       ],
       [-0.5       ],
       [ 0.0061359 ],
       [-0.5       ]])
array([[-47.96212355],
       [-47.09081645],
       [  1.41420675],
       [-48.50882175],
       [-37.06903096],
       [-49.71309114],
       [-48.95945892],
       [-49.88194149],
       [-48.62985288],
       [-49.86764395],
       [  1.04613489],
       [-48.47475005],
       [-49.71972431],
       [-49.49218767],
       [-50.05564178],
       [-49.8468908 ],
       [-48.56760259],
       [-48.90127452],
       [ -1.36423593],
       [-48.01198354],
       [-49.77517372],
       [-49.90103966],
       [-49.99527686],
       [-49.97438537],
       [-48.34247386],
       [-47.92286621],
       [-48.33389279],
       [-48.87291366],
       [-49.52171215],
       [-49.51321097],
       [  0.60823242],
       [-49.48872845],
       [-49.80132169],
       [-48.56964064],
       [-48.76606339],
       [  1.05947136],
       [-49.09453633],
       [-48.68165768],
       [  0.24879104],
       [-48.95667041]])
<<<<<<<<<<< STEP 43 >>>>>>>>>>>> + array([[-0.5       ],
       [-0.5       ],
       [ 0.01202582],
       [-0.5       ],
       [-0.5       ],
       [-0.5       ],
       [-0.5       ],
       [-0.5       ],
       [-0.5       ],
       [-0.5       ],
       [ 0.01008931],
       [-0.5       ],
       [-0.5       ],
       [-0.5       ],
       [-0.5       ],
       [-0.5       ],
       [-0.5       ],
       [-0.5       ],
       [ 0.01615133],
       [-0.5       ],
       [-0.5       ],
       [-0.5       ],
       [-0.5       ],
       [-0.5       ],
       [-0.5       ],
       [-0.5       ],
       [-0.5       ],
       [-0.5       ],
       [-0.5       ],
       [-0.5       ],
       [ 0.00827715],
       [-0.5       ],
       [-0.5       ],
       [-0.5       ],
       [-0.5       ],
       [ 0.00931721],
       [-0.5       ],
       [-0.5       ],
       [ 0.00611558],
       [-0.5       ]])
array([[-48.46212355],
       [-47.59081645],
       [  1.42623257],
       [-49.00882175],
       [-37.56903096],
       [-50.21309114],
       [-49.45945892],
       [-50.38194149],
       [-49.12985288],
       [-50.36764395],
       [  1.0562242 ],
       [-48.97475005],
       [-50.21972431],
       [-49.99218767],
       [-50.55564178],
       [-50.3468908 ],
       [-49.06760259],
       [-49.40127452],
       [ -1.34808461],
       [-48.51198354],
       [-50.27517372],
       [-50.40103966],
       [-50.49527686],
       [-50.47438537],
       [-48.84247386],
       [-48.42286621],
       [-48.83389279],
       [-49.37291366],
       [-50.02171215],
       [-50.01321097],
       [  0.61650956],
       [-49.98872845],
       [-50.30132169],
       [-49.06964064],
       [-49.26606339],
       [  1.06878857],
       [-49.59453633],
       [-49.18165768],
       [  0.25490662],
       [-49.45667041]])
<<<<<<<<<<< STEP 44 >>>>>>>>>>>> + array([[-0.5       ],
       [-0.5       ],
       [ 0.01189458],
       [-0.5       ],
       [-0.5       ],
       [-0.5       ],
       [-0.5       ],
       [-0.5       ],
       [-0.5       ],
       [-0.5       ],
       [ 0.00998647],
       [-0.5       ],
       [-0.5       ],
       [-0.5       ],
       [-0.5       ],
       [-0.5       ],
       [-0.5       ],
       [-0.5       ],
       [ 0.01589998],
       [-0.5       ],
       [-0.5       ],
       [-0.5       ],
       [-0.5       ],
       [-0.5       ],
       [-0.5       ],
       [-0.5       ],
       [-0.5       ],
       [-0.5       ],
       [-0.5       ],
       [-0.5       ],
       [ 0.00822142],
       [-0.5       ],
       [-0.5       ],
       [-0.5       ],
       [-0.5       ],
       [ 0.00923575],
       [-0.5       ],
       [-0.5       ],
       [ 0.00609505],
       [-0.5       ]])
array([[-48.96212355],
       [-48.09081645],
       [  1.43812715],
       [-49.50882175],
       [-38.06903096],
       [-50.71309114],
       [-49.95945892],
       [-50.88194149],
       [-49.62985288],
       [-50.86764395],
       [  1.06621066],
       [-49.47475005],
       [-50.71972431],
       [-50.49218767],
       [-51.05564178],
       [-50.8468908 ],
       [-49.56760259],
       [-49.90127452],
       [ -1.33218463],
       [-49.01198354],
       [-50.77517372],
       [-50.90103966],
       [-50.99527686],
       [-50.97438537],
       [-49.34247386],
       [-48.92286621],
       [-49.33389279],
       [-49.87291366],
       [-50.52171215],
       [-50.51321097],
       [  0.62473098],
       [-50.48872845],
       [-50.80132169],
       [-49.56964064],
       [-49.76606339],
       [  1.07802432],
       [-50.09453633],
       [-49.68165768],
       [  0.26100168],
       [-49.95667041]])
<<<<<<<<<<< STEP 45 >>>>>>>>>>>> + array([[-0.5       ],
       [-0.5       ],
       [ 0.01176612],
       [-0.5       ],
       [-0.5       ],
       [-0.5       ],
       [-0.5       ],
       [-0.5       ],
       [-0.5       ],
       [-0.5       ],
       [ 0.00988571],
       [-0.5       ],
       [-0.5       ],
       [-0.5       ],
       [-0.5       ],
       [-0.5       ],
       [-0.5       ],
       [-0.5       ],
       [ 0.01565581],
       [-0.5       ],
       [-0.5       ],
       [-0.5       ],
       [-0.5       ],
       [-0.5       ],
       [-0.5       ],
       [-0.5       ],
       [-0.5       ],
       [-0.5       ],
       [-0.5       ],
       [-0.5       ],
       [ 0.00816626],
       [-0.5       ],
       [-0.5       ],
       [-0.5       ],
       [-0.5       ],
       [ 0.00915562],
       [-0.5       ],
       [-0.5       ],
       [ 0.00607433],
       [-0.5       ]])
array([[-49.46212355],
       [-48.59081645],
       [  1.44989327],
       [-50.00882175],
       [-38.56903096],
       [-51.21309114],
       [-50.45945892],
       [-51.38194149],
       [-50.12985288],
       [-51.36764395],
       [  1.07609637],
       [-49.97475005],
       [-51.21972431],
       [-50.99218767],
       [-51.55564178],
       [-51.3468908 ],
       [-50.06760259],
       [-50.40127452],
       [ -1.31652881],
       [-49.51198354],
       [-51.27517372],
       [-51.40103966],
       [-51.49527686],
       [-51.47438537],
       [-49.84247386],
       [-49.42286621],
       [-49.83389279],
       [-50.37291366],
       [-51.02171215],
       [-51.01321097],
       [  0.63289725],
       [-50.98872845],
       [-51.30132169],
       [-50.06964064],
       [-50.26606339],
       [  1.08717994],
       [-50.59453633],
       [-50.18165768],
       [  0.267076  ],
       [-50.45667041]])
<<<<<<<<<<< STEP 46 >>>>>>>>>>>> + array([[-0.5       ],
       [-0.5       ],
       [ 0.01164036],
       [-0.5       ],
       [-0.5       ],
       [-0.5       ],
       [-0.5       ],
       [-0.5       ],
       [-0.5       ],
       [-0.5       ],
       [ 0.00978698],
       [-0.5       ],
       [-0.5       ],
       [-0.5       ],
       [-0.5       ],
       [-0.5       ],
       [-0.5       ],
       [-0.5       ],
       [ 0.01541855],
       [-0.5       ],
       [-0.5       ],
       [-0.5       ],
       [-0.5       ],
       [-0.5       ],
       [-0.5       ],
       [-0.5       ],
       [-0.5       ],
       [-0.5       ],
       [-0.5       ],
       [-0.5       ],
       [ 0.00811169],
       [-0.5       ],
       [-0.5       ],
       [-0.5       ],
       [-0.5       ],
       [ 0.00907679],
       [-0.5       ],
       [-0.5       ],
       [ 0.00605342],
       [-0.5       ]])
array([[-49.96212355],
       [-49.09081645],
       [  1.46153363],
       [-50.50882175],
       [-39.06903096],
       [-51.71309114],
       [-50.95945892],
       [-51.88194149],
       [-50.62985288],
       [-51.86764395],
       [  1.08588335],
       [-50.47475005],
       [-51.71972431],
       [-51.49218767],
       [-52.05564178],
       [-51.8468908 ],
       [-50.56760259],
       [-50.90127452],
       [ -1.30111026],
       [-50.01198354],
       [-51.77517372],
       [-51.90103966],
       [-51.99527686],
       [-51.97438537],
       [-50.34247386],
       [-49.92286621],
       [-50.33389279],
       [-50.87291366],
       [-51.52171215],
       [-51.51321097],
       [  0.64100893],
       [-51.48872845],
       [-51.80132169],
       [-50.56964064],
       [-50.76606339],
       [  1.09625673],
       [-51.09453633],
       [-50.68165768],
       [  0.27312942],
       [-50.95667041]])
<<<<<<<<<<< STEP 47 >>>>>>>>>>>> + array([[-0.5       ],
       [-0.5       ],
       [ 0.01151722],
       [-0.5       ],
       [-0.5       ],
       [-0.5       ],
       [-0.5       ],
       [-0.5       ],
       [-0.5       ],
       [-0.5       ],
       [ 0.0096902 ],
       [-0.5       ],
       [-0.5       ],
       [-0.5       ],
       [-0.5       ],
       [-0.5       ],
       [-0.5       ],
       [-0.5       ],
       [ 0.01518793],
       [-0.5       ],
       [-0.5       ],
       [-0.5       ],
       [-0.5       ],
       [-0.5       ],
       [-0.5       ],
       [-0.5       ],
       [-0.5       ],
       [-0.5       ],
       [-0.5       ],
       [-0.5       ],
       [ 0.00805768],
       [-0.5       ],
       [-0.5       ],
       [-0.5       ],
       [-0.5       ],
       [ 0.00899924],
       [-0.5       ],
       [-0.5       ],
       [ 0.00603235],
       [-0.5       ]])
array([[-50.46212355],
       [-49.59081645],
       [  1.47305086],
       [-51.00882175],
       [-39.56903096],
       [-52.21309115],
       [-51.45945892],
       [-52.38194149],
       [-51.12985288],
       [-52.36764395],
       [  1.09557356],
       [-50.97475005],
       [-52.21972431],
       [-51.99218767],
       [-52.55564178],
       [-52.3468908 ],
       [-51.06760259],
       [-51.40127452],
       [ -1.28592233],
       [-50.51198354],
       [-52.27517372],
       [-52.40103966],
       [-52.49527686],
       [-52.47438537],
       [-50.84247386],
       [-50.42286621],
       [-50.83389279],
       [-51.37291366],
       [-52.02171215],
       [-52.01321097],
       [  0.64906662],
       [-51.98872845],
       [-52.30132169],
       [-51.06964064],
       [-51.26606339],
       [  1.10525597],
       [-51.59453633],
       [-51.18165768],
       [  0.27916177],
       [-51.45667041]])
<<<<<<<<<<< STEP 48 >>>>>>>>>>>> + array([[-0.5       ],
       [-0.5       ],
       [ 0.01139662],
       [-0.5       ],
       [-0.5       ],
       [-0.5       ],
       [-0.5       ],
       [-0.5       ],
       [-0.5       ],
       [-0.5       ],
       [ 0.00959534],
       [-0.5       ],
       [-0.5       ],
       [-0.5       ],
       [-0.5       ],
       [-0.5       ],
       [-0.5       ],
       [-0.5       ],
       [ 0.01496367],
       [-0.5       ],
       [-0.5       ],
       [-0.5       ],
       [-0.5       ],
       [-0.5       ],
       [-0.5       ],
       [-0.5       ],
       [-0.5       ],
       [-0.5       ],
       [-0.5       ],
       [-0.5       ],
       [ 0.00800424],
       [-0.5       ],
       [-0.5       ],
       [-0.5       ],
       [-0.5       ],
       [ 0.00892293],
       [-0.5       ],
       [-0.5       ],
       [ 0.00601113],
       [-0.5       ]])
array([[-50.96212355],
       [-50.09081645],
       [  1.48444748],
       [-51.50882175],
       [-40.06903096],
       [-52.71309115],
       [-51.95945892],
       [-52.88194149],
       [-51.62985288],
       [-52.86764395],
       [  1.10516889],
       [-51.47475005],
       [-52.71972431],
       [-52.49218767],
       [-53.05564178],
       [-52.8468908 ],
       [-51.56760259],
       [-51.90127452],
       [ -1.27095866],
       [-51.01198354],
       [-52.77517372],
       [-52.90103966],
       [-52.99527686],
       [-52.97438537],
       [-51.34247386],
       [-50.92286621],
       [-51.33389279],
       [-51.87291366],
       [-52.52171215],
       [-52.51321097],
       [  0.65707086],
       [-52.48872845],
       [-52.80132169],
       [-51.56964064],
       [-51.76606339],
       [  1.1141789 ],
       [-52.09453633],
       [-51.68165768],
       [  0.2851729 ],
       [-51.95667041]])
<<<<<<<<<<< STEP 49 >>>>>>>>>>>> + array([[-0.5       ],
       [-0.5       ],
       [ 0.01127847],
       [-0.5       ],
       [-0.5       ],
       [-0.5       ],
       [-0.5       ],
       [-0.5       ],
       [-0.5       ],
       [-0.5       ],
       [ 0.00950231],
       [-0.5       ],
       [-0.5       ],
       [-0.5       ],
       [-0.5       ],
       [-0.5       ],
       [-0.5       ],
       [-0.5       ],
       [ 0.01474555],
       [-0.5       ],
       [-0.5       ],
       [-0.5       ],
       [-0.5       ],
       [-0.5       ],
       [-0.5       ],
       [-0.5       ],
       [-0.5       ],
       [-0.5       ],
       [-0.5       ],
       [-0.5       ],
       [ 0.00795136],
       [-0.5       ],
       [-0.5       ],
       [-0.5       ],
       [-0.5       ],
       [ 0.00884783],
       [-0.5       ],
       [-0.5       ],
       [ 0.00598978],
       [-0.5       ]])
array([[-51.46212355],
       [-50.59081645],
       [  1.49572595],
       [-52.00882175],
       [-40.56903096],
       [-53.21309115],
       [-52.45945892],
       [-53.38194149],
       [-52.12985288],
       [-53.36764395],
       [  1.1146712 ],
       [-51.97475005],
       [-53.21972431],
       [-52.99218767],
       [-53.55564178],
       [-53.3468908 ],
       [-52.06760259],
       [-52.40127452],
       [ -1.25621311],
       [-51.51198354],
       [-53.27517372],
       [-53.40103966],
       [-53.49527686],
       [-53.47438537],
       [-51.84247386],
       [-51.42286621],
       [-51.83389279],
       [-52.37291366],
       [-53.02171215],
       [-53.01321097],
       [  0.66502222],
       [-52.98872845],
       [-53.30132169],
       [-52.06964064],
       [-52.26606339],
       [  1.12302673],
       [-52.59453633],
       [-52.18165768],
       [  0.29116268],
       [-52.45667041]])
