<<<<<<<<<<< STEP 0 >>>>>>>>>>>> + array([[-0.50040868],
       [-0.50220752],
       [-0.50208769],
       [-0.50027774],
       [-0.00374651],
       [-0.50398118],
       [-0.03202281],
       [-0.50040634],
       [-0.50068988],
       [-0.50011891],
       [-0.09281941],
       [-0.50190793],
       [-0.49985395],
       [-0.50065061],
       [-0.50460366],
       [-0.02947895],
       [-0.4999017 ],
       [-0.02387902],
       [-0.50180778],
       [-0.50233198],
       [-0.50237129],
       [-0.50001122],
       [-0.04202446],
       [-0.50002933],
       [-0.00527964],
       [-0.50366992],
       [-0.04521585],
       [-0.50167471],
       [-0.49873716],
       [-0.49837333],
       [-0.49836681],
       [-0.50211916],
       [-0.50011736],
       [-0.50197608],
       [-0.51130814],
       [-0.50166164],
       [-0.50181583],
       [ 0.00059043],
       [-0.50411352],
       [-0.50205825]])
array([[-13.60886834],
       [-13.98647074],
       [-13.8901115 ],
       [-13.25252124],
       [ -0.59908892],
       [-13.01529765],
       [  0.06395058],
       [-13.39310606],
       [-13.46846517],
       [-13.35420092],
       [ -3.66733618],
       [-13.86030773],
       [-13.41140266],
       [-13.55340089],
       [-11.9953915 ],
       [ -1.34897627],
       [-13.22710393],
       [ -1.87111071],
       [-13.75449968],
       [-13.87592153],
       [-12.23397658],
       [-13.58336196],
       [ -1.49853102],
       [-13.35800894],
       [  0.46346374],
       [-12.92001643],
       [ -1.55033909],
       [-13.87943386],
       [-11.5768997 ],
       [-11.43656153],
       [-11.56147908],
       [-13.6663251 ],
       [-13.13994364],
       [-14.04099947],
       [-11.06710982],
       [-14.06750555],
       [-13.87183587],
       [ -1.18337345],
       [-13.13397254],
       [-13.83860838]])
<<<<<<<<<<< STEP 1 >>>>>>>>>>>> + array([[-0.50029525],
       [-0.5016817 ],
       [-0.50160009],
       [-0.50018833],
       [-0.00334203],
       [-0.50308941],
       [-0.03333145],
       [-0.50029026],
       [-0.50050687],
       [-0.50007893],
       [-0.09697806],
       [-0.50147011],
       [-0.49985355],
       [-0.50046602],
       [-0.5035683 ],
       [-0.0286699 ],
       [-0.49990391],
       [-0.02296792],
       [-0.50138723],
       [-0.50178688],
       [-0.50186302],
       [-0.49997664],
       [-0.0417029 ],
       [-0.49999368],
       [-0.00559768],
       [-0.50284713],
       [-0.04528222],
       [-0.50127369],
       [-0.49909249],
       [-0.49881085],
       [-0.49877412],
       [-0.50162701],
       [-0.5000677 ],
       [-0.50151666],
       [-0.50879046],
       [-0.50126366],
       [-0.50138664],
       [ 0.00132119],
       [-0.50320266],
       [-0.501576  ]])
array([[-14.10916359],
       [-14.48815244],
       [-14.39171159],
       [-13.75270958],
       [ -0.60243094],
       [-13.51838706],
       [  0.03061913],
       [-13.89339632],
       [-13.96897204],
       [-13.85427985],
       [ -3.76431425],
       [-14.36177784],
       [-13.91125621],
       [-14.05386691],
       [-12.4989598 ],
       [ -1.37764616],
       [-13.72700784],
       [ -1.89407863],
       [-14.25588692],
       [-14.3777084 ],
       [-12.7358396 ],
       [-14.0833386 ],
       [ -1.54023392],
       [-13.85800262],
       [  0.45786605],
       [-13.42286356],
       [ -1.5956213 ],
       [-14.38070755],
       [-12.07599219],
       [-11.93537238],
       [-12.0602532 ],
       [-14.16795211],
       [-13.64001134],
       [-14.54251613],
       [-11.57590029],
       [-14.56876921],
       [-14.3732225 ],
       [ -1.18205226],
       [-13.6371752 ],
       [-14.34018438]])
<<<<<<<<<<< STEP 2 >>>>>>>>>>>> + array([[-0.50021697],
       [-0.50128765],
       [-0.50123221],
       [-0.50012948],
       [-0.00303107],
       [-0.50240198],
       [-0.03441173],
       [-0.50021021],
       [-0.5003765 ],
       [-0.50005448],
       [-0.10317075],
       [-0.50113804],
       [-0.49986581],
       [-0.50033713],
       [-0.50277292],
       [-0.02808915],
       [-0.49991364],
       [-0.0222995 ],
       [-0.50106982],
       [-0.50137571],
       [-0.50146439],
       [-0.49996238],
       [-0.0415952 ],
       [-0.49997727],
       [-0.00586791],
       [-0.50221379],
       [-0.04560398],
       [-0.50097481],
       [-0.49934836],
       [-0.49912871],
       [-0.49907535],
       [-0.5012546 ],
       [-0.50003807],
       [-0.50117004],
       [-0.50684241],
       [-0.50096722],
       [-0.50106482],
       [ 0.00188332],
       [-0.50249842],
       [-0.50121255]])
array([[ -1.46093806e+01],
       [ -1.49894401e+01],
       [ -1.48929438e+01],
       [ -1.42528391e+01],
       [ -6.05462015e-01],
       [ -1.40207890e+01],
       [ -3.79260147e-03],
       [ -1.43936065e+01],
       [ -1.44693485e+01],
       [ -1.43543343e+01],
       [ -3.86748500e+00],
       [ -1.48629159e+01],
       [ -1.44111220e+01],
       [ -1.45542040e+01],
       [ -1.30017327e+01],
       [ -1.40573531e+00],
       [ -1.42269215e+01],
       [ -1.91637812e+00],
       [ -1.47569567e+01],
       [ -1.48790841e+01],
       [ -1.32373040e+01],
       [ -1.45833010e+01],
       [ -1.58182913e+00],
       [ -1.43579799e+01],
       [  4.51998140e-01],
       [ -1.39250774e+01],
       [ -1.64122528e+00],
       [ -1.48816824e+01],
       [ -1.25753405e+01],
       [ -1.24345011e+01],
       [ -1.25593285e+01],
       [ -1.46692067e+01],
       [ -1.41400494e+01],
       [ -1.50436862e+01],
       [ -1.20827427e+01],
       [ -1.50697364e+01],
       [ -1.48742873e+01],
       [ -1.18016895e+00],
       [ -1.41396736e+01],
       [ -1.48413969e+01]])
<<<<<<<<<<< STEP 3 >>>>>>>>>>>> + array([[-0.50016194],
       [-0.50098978],
       [-0.50095242],
       [-0.5000902 ],
       [-0.00279291],
       [-0.50187016],
       [-0.03528623],
       [-0.50015414],
       [-0.50028225],
       [-0.5000393 ],
       [-0.11147741],
       [-0.50088421],
       [-0.49988303],
       [-0.50024589],
       [-0.50215893],
       [-0.02768004],
       [-0.49992605],
       [-0.0218225 ],
       [-0.50082824],
       [-0.50106305],
       [-0.5011515 ],
       [-0.49995898],
       [-0.04164648],
       [-0.49997138],
       [-0.00610174],
       [-0.50172423],
       [-0.04613462],
       [-0.50074977],
       [-0.49953375],
       [-0.49936131],
       [-0.49930015],
       [-0.50097065],
       [-0.50002051],
       [-0.5009063 ],
       [-0.50533107],
       [-0.50074412],
       [-0.50082126],
       [ 0.00231527],
       [-0.50195191],
       [-0.50093638]])
array([[-15.10954249],
       [-15.49042987],
       [-15.39389621],
       [-14.75292925],
       [ -0.60825493],
       [-14.52265919],
       [ -0.03907883],
       [-14.89376068],
       [-14.96963079],
       [-14.85437363],
       [ -3.97896241],
       [-15.36380009],
       [-14.91100505],
       [-15.05444993],
       [-13.50389165],
       [ -1.43341536],
       [-14.72684754],
       [ -1.93820062],
       [-15.25778498],
       [-15.38014716],
       [-13.73845549],
       [-15.08325997],
       [ -1.6234756 ],
       [-14.85795127],
       [  0.4458964 ],
       [-14.42680158],
       [ -1.6873599 ],
       [-15.38243213],
       [-13.07487429],
       [-12.9338624 ],
       [-13.05862869],
       [-15.17017735],
       [-14.64006992],
       [-15.54459247],
       [-12.58807377],
       [-15.57048055],
       [-15.37510859],
       [ -1.17785368],
       [-14.64162553],
       [-15.34233331]])
<<<<<<<<<<< STEP 4 >>>>>>>>>>>> + array([[-0.50012256],
       [-0.50076289],
       [-0.50073815],
       [-0.50006357],
       [-0.00261093],
       [-0.50145742],
       [-0.03595681],
       [-0.50011427],
       [-0.50021318],
       [-0.50002973],
       [-0.1220973 ],
       [-0.5006889 ],
       [-0.49990113],
       [-0.50018042],
       [-0.50168292],
       [-0.02738996],
       [-0.49993866],
       [-0.02149472],
       [-0.50064305],
       [-0.5008236 ],
       [-0.50090576],
       [-0.49996103],
       [-0.04180299],
       [-0.49997097],
       [-0.00630853],
       [-0.50134442],
       [-0.04683085],
       [-0.50057878],
       [-0.4996689 ],
       [-0.49953277],
       [-0.49946943],
       [-0.5007527 ],
       [-0.50001018],
       [-0.50070416],
       [-0.50415582],
       [-0.5005747 ],
       [-0.50063542],
       [ 0.00264562],
       [-0.50152645],
       [-0.50072502]])
array([[-15.60966505],
       [-15.99119276],
       [-15.89463436],
       [-15.25299283],
       [ -0.61086586],
       [-15.02411661],
       [ -0.07503564],
       [-15.39387494],
       [-15.46984397],
       [-15.35440335],
       [ -4.1010597 ],
       [-15.86448899],
       [-15.41090618],
       [-15.55463035],
       [-14.00557457],
       [ -1.46080531],
       [-15.2267862 ],
       [ -1.95969535],
       [-15.75842804],
       [-15.88097076],
       [-14.23936125],
       [-15.583221  ],
       [ -1.66527859],
       [-15.35792224],
       [  0.43958787],
       [-14.928146  ],
       [ -1.73419076],
       [-15.8830109 ],
       [-13.57454319],
       [-13.43339517],
       [-13.55809812],
       [-15.67093006],
       [-15.1400801 ],
       [-16.04529663],
       [-13.09222959],
       [-16.07105525],
       [-15.87574401],
       [ -1.17520806],
       [-15.14315198],
       [-15.84305833]])
<<<<<<<<<<< STEP 5 >>>>>>>>>>>> + array([[-0.50009392],
       [-0.50058892],
       [-0.50057308],
       [-0.50004524],
       [-0.00247167],
       [-0.50113622],
       [-0.03640562],
       [-0.50008551],
       [-0.50016191],
       [-0.50002356],
       [-0.13535168],
       [-0.50053778],
       [-0.49991809],
       [-0.50013287],
       [-0.50131253],
       [-0.02716806],
       [-0.49995026],
       [-0.02128095],
       [-0.50050021],
       [-0.50063911],
       [-0.50071264],
       [-0.49996548],
       [-0.04200956],
       [-0.49997318],
       [-0.00649618],
       [-0.50104882],
       [-0.04765025],
       [-0.50044783],
       [-0.49976802],
       [-0.49966003],
       [-0.49959802],
       [-0.50058447],
       [-0.50000416],
       [-0.50054826],
       [-0.5032401 ],
       [-0.50044504],
       [-0.50049262],
       [ 0.00289537],
       [-0.50119433],
       [-0.50056227]])
array([[-16.10975897],
       [-16.49178168],
       [-16.39520744],
       [-15.75303807],
       [ -0.61333752],
       [-15.52525283],
       [ -0.11144126],
       [-15.89396045],
       [-15.97000588],
       [-15.85442691],
       [ -4.23641139],
       [-16.36502677],
       [-15.91082427],
       [-16.05476322],
       [-14.5068871 ],
       [ -1.48797337],
       [-15.72673646],
       [ -1.9809763 ],
       [-16.25892825],
       [-16.38160987],
       [-14.7400739 ],
       [-16.08318648],
       [ -1.70728815],
       [-15.85789542],
       [  0.43309169],
       [-15.42919482],
       [ -1.781841  ],
       [-16.38345873],
       [-14.07431122],
       [-13.9330552 ],
       [-14.05769614],
       [-16.17151452],
       [-15.64008426],
       [-16.54584489],
       [-13.59546969],
       [-16.57150029],
       [-16.37623663],
       [ -1.17231269],
       [-15.64434632],
       [-16.34362059]])
<<<<<<<<<<< STEP 6 >>>>>>>>>>>> + array([[-0.50007278],
       [-0.50045478],
       [-0.50044528],
       [-0.5000324 ],
       [-0.00236406],
       [-0.50088569],
       [-0.03659477],
       [-0.50006451],
       [-0.50012344],
       [-0.50001948],
       [-0.15168509],
       [-0.5004203 ],
       [-0.49993307],
       [-0.50009792],
       [-0.50102338],
       [-0.02696296],
       [-0.49996041],
       [-0.02115113],
       [-0.50038945],
       [-0.50049623],
       [-0.50056081],
       [-0.49997071],
       [-0.04220679],
       [-0.49997644],
       [-0.00667155],
       [-0.50081813],
       [-0.04854862],
       [-0.50034687],
       [-0.4998411 ],
       [-0.4997551 ],
       [-0.49969646],
       [-0.50045396],
       [-0.5000007 ],
       [-0.50042742],
       [-0.50252536],
       [-0.50034515],
       [-0.50038222],
       [ 0.00307958],
       [-0.50093446],
       [-0.50043628]])
array([[-16.60983175],
       [-16.99223647],
       [-16.89565273],
       [-16.25307047],
       [ -0.61570158],
       [-16.02613852],
       [ -0.14803603],
       [-16.39402496],
       [-16.47012933],
       [-16.35444639],
       [ -4.38809648],
       [-16.86544707],
       [-16.41075733],
       [-16.55486114],
       [-15.00791048],
       [ -1.51493633],
       [-16.22669687],
       [ -2.00212743],
       [-16.7593177 ],
       [-16.8821061 ],
       [-15.2406347 ],
       [-16.58315719],
       [ -1.74949495],
       [-16.35787186],
       [  0.42642014],
       [-15.93001295],
       [ -1.83038963],
       [-16.8838056 ],
       [-14.57415232],
       [-14.43281031],
       [-14.5573926 ],
       [-16.67196849],
       [-16.14008495],
       [-17.04627231],
       [-14.09799504],
       [-17.07184544],
       [-16.87661885],
       [ -1.16923311],
       [-16.14528078],
       [-16.84405688]])
<<<<<<<<<<< STEP 7 >>>>>>>>>>>> + array([[-0.50005696],
       [-0.50035086],
       [-0.50034592],
       [-0.50002327],
       [-0.00227881],
       [-0.50068987],
       [-0.03646569],
       [-0.50004899],
       [-0.5000943 ],
       [-0.50001673],
       [-0.17165409],
       [-0.50032863],
       [-0.49994581],
       [-0.50007198],
       [-0.50079704],
       [-0.02672062],
       [-0.49996899],
       [-0.02107886],
       [-0.50030319],
       [-0.50038508],
       [-0.50044138],
       [-0.49997587],
       [-0.04232843],
       [-0.4999799 ],
       [-0.00684085],
       [-0.50063769],
       [-0.0494774 ],
       [-0.50026859],
       [-0.49989521],
       [-0.49982652],
       [-0.49977236],
       [-0.50035231],
       [-0.49999874],
       [-0.50033333],
       [-0.50196667],
       [-0.50026776],
       [-0.50029646],
       [ 0.00320856],
       [-0.50073072],
       [-0.50033834]])
array([[-17.10988871],
       [-17.49258733],
       [-17.39599864],
       [-16.75309374],
       [ -0.61798039],
       [-16.52682838],
       [ -0.18450172],
       [-16.89407395],
       [-16.97022363],
       [-16.85446312],
       [ -4.55975056],
       [-17.3657757 ],
       [-16.91070315],
       [-17.05493312],
       [-15.50870751],
       [ -1.54165696],
       [-16.72666586],
       [ -2.0232063 ],
       [-17.25962089],
       [-17.38249118],
       [-15.74107608],
       [-17.08313306],
       [ -1.79182338],
       [-16.85785176],
       [  0.41957928],
       [-16.43065063],
       [ -1.87986703],
       [-17.38407419],
       [-15.07404752],
       [-14.93263683],
       [-15.05716496],
       [-17.1723208 ],
       [-16.64008369],
       [-17.54660563],
       [-14.59996172],
       [-17.5721132 ],
       [-17.37691531],
       [ -1.16602455],
       [-16.6460115 ],
       [-17.34439522]])
<<<<<<<<<<< STEP 8 >>>>>>>>>>>> + array([[-0.500045  ],
       [-0.50027005],
       [-0.50026841],
       [-0.50001668],
       [-0.00220787],
       [-0.50053657],
       [-0.03593976],
       [-0.50003742],
       [-0.50007204],
       [-0.5000148 ],
       [-0.19588216],
       [-0.50025686],
       [-0.49995641],
       [-0.50005257],
       [-0.50061947],
       [-0.0263832 ],
       [-0.4999761 ],
       [-0.02104016],
       [-0.50023578],
       [-0.50029833],
       [-0.50034741],
       [-0.49998055],
       [-0.04229995],
       [-0.49998316],
       [-0.00700992],
       [-0.50049628],
       [-0.05038154],
       [-0.50020761],
       [-0.49993537],
       [-0.49988039],
       [-0.49983122],
       [-0.50027288],
       [-0.49999765],
       [-0.50025981],
       [-0.50152945],
       [-0.50020754],
       [-0.50022955],
       [ 0.00328881],
       [-0.50057073],
       [-0.50026191]])
array([[-17.60993371],
       [-17.99285738],
       [-17.89626705],
       [-17.25311042],
       [ -0.62018826],
       [-17.02736495],
       [ -0.22044148],
       [-17.39411137],
       [-17.47029566],
       [-17.35447792],
       [ -4.75563272],
       [-17.86603256],
       [-17.41065955],
       [-17.55498569],
       [-16.00932698],
       [ -1.56804016],
       [-17.22664196],
       [ -2.04424646],
       [-17.75985667],
       [-17.88278952],
       [-16.24142349],
       [-17.5831136 ],
       [ -1.83412333],
       [-17.35783491],
       [  0.41256937],
       [-16.93114692],
       [ -1.93024857],
       [-17.8842818 ],
       [-15.5739829 ],
       [-15.43251722],
       [-15.55699617],
       [-17.67259368],
       [-17.14008134],
       [-18.04686545],
       [-15.10149117],
       [-18.07232074],
       [-17.87714486],
       [ -1.16273574],
       [-17.14658223],
       [-17.84465713]])
<<<<<<<<<<< STEP 9 >>>>>>>>>>>> + array([[-0.50003585],
       [-0.50020704],
       [-0.50020779],
       [-0.50001185],
       [-0.0021442 ],
       [-0.50041642],
       [-0.03492295],
       [-0.50002871],
       [-0.50005493],
       [-0.5000134 ],
       [-0.22494393],
       [-0.50020054],
       [-0.49996508],
       [-0.50003795],
       [-0.50047995],
       [-0.02589007],
       [-0.4999819 ],
       [-0.02101283],
       [-0.50018295],
       [-0.50023044],
       [-0.50027344],
       [-0.4999846 ],
       [-0.04204012],
       [-0.49998603],
       [-0.00718436],
       [-0.50038532],
       [-0.05119921],
       [-0.50015996],
       [-0.49996517],
       [-0.49992109],
       [-0.49987702],
       [-0.50021065],
       [-0.49999707],
       [-0.50020222],
       [-0.501187  ],
       [-0.50016051],
       [-0.5001772 ],
       [ 0.00332381],
       [-0.50044496],
       [-0.50020213]])
array([[-18.10996956],
       [-18.49306442],
       [-18.39647484],
       [-17.75312227],
       [ -0.62233247],
       [-17.52778137],
       [ -0.25536443],
       [-17.89414008],
       [-17.97035059],
       [-17.85449132],
       [ -4.98057665],
       [-18.3662331 ],
       [-17.91062463],
       [-18.05502364],
       [-16.50980693],
       [ -1.59393023],
       [-17.72662386],
       [ -2.06525928],
       [-18.26003962],
       [-18.38301996],
       [-16.74169693],
       [-18.08309821],
       [ -1.87616345],
       [-17.85782095],
       [  0.40538501],
       [-17.43153224],
       [ -1.98144778],
       [-18.38444176],
       [-16.07394807],
       [-15.93243831],
       [-16.05687319],
       [-18.17280433],
       [-17.64007842],
       [-18.54706767],
       [-15.60267817],
       [-18.57248125],
       [-18.37732206],
       [ -1.15941193],
       [-17.64702719],
       [-18.34485925]])
<<<<<<<<<<< STEP 10 >>>>>>>>>>>> + array([[-0.50002879],
       [-0.50015785],
       [-0.50016032],
       [-0.50000828],
       [-0.0020817 ],
       [-0.50032221],
       [-0.03331894],
       [-0.50002212],
       [-0.50004172],
       [-0.50001233],
       [-0.25912912],
       [-0.50015628],
       [-0.49997209],
       [-0.5000269 ],
       [-0.50037027],
       [-0.02518306],
       [-0.49998657],
       [-0.02097668],
       [-0.50014149],
       [-0.50017725],
       [-0.50021521],
       [-0.49998801],
       [-0.04146855],
       [-0.49998848],
       [-0.00736942],
       [-0.50029821],
       [-0.05186526],
       [-0.50012264],
       [-0.49998714],
       [-0.49995176],
       [-0.49991267],
       [-0.50016185],
       [-0.49999679],
       [-0.50015703],
       [-0.50091873],
       [-0.50012371],
       [-0.50013618],
       [ 0.00331504],
       [-0.50034603],
       [-0.5001553 ]])
array([[-18.60999835],
       [-18.99322227],
       [-18.89663516],
       [-18.25313055],
       [ -0.62441416],
       [-18.02810359],
       [ -0.28868337],
       [-18.39416219],
       [-18.47039231],
       [-18.35450364],
       [ -5.23970577],
       [-18.86638938],
       [-18.41059672],
       [-18.55505054],
       [-17.0101772 ],
       [ -1.61911329],
       [-18.22661043],
       [ -2.08623596],
       [-18.76018111],
       [-18.88319721],
       [-17.24191214],
       [-18.58308622],
       [ -1.917632  ],
       [-18.35780943],
       [  0.39801559],
       [-17.93183045],
       [ -2.03331305],
       [-18.88456439],
       [-16.57393521],
       [-16.43239007],
       [-16.55678586],
       [-18.67296618],
       [-18.14007521],
       [-19.0472247 ],
       [-16.1035969 ],
       [-19.07260496],
       [-18.87745824],
       [ -1.1560969 ],
       [-18.14737322],
       [-18.84501456]])
<<<<<<<<<<< STEP 11 >>>>>>>>>>>> + array([[-0.50002329],
       [-0.50011949],
       [-0.50012316],
       [-0.50000564],
       [-0.0020155 ],
       [-0.50024841],
       [-0.03105557],
       [-0.50001709],
       [-0.50003151],
       [-0.50001143],
       [-0.29805473],
       [-0.50012148],
       [-0.49997773],
       [-0.50001857],
       [-0.50028415],
       [-0.02421825],
       [-0.49999027],
       [-0.0209151 ],
       [-0.50010896],
       [-0.5001356 ],
       [-0.50016935],
       [-0.49999081],
       [-0.04052255],
       [-0.49999053],
       [-0.00756952],
       [-0.50022988],
       [-0.05232131],
       [-0.50009343],
       [-0.50000303],
       [-0.49997461],
       [-0.49994025],
       [-0.50012362],
       [-0.4999967 ],
       [-0.50012156],
       [-0.50070875],
       [-0.50009492],
       [-0.50010405],
       [ 0.00326325],
       [-0.50026826],
       [-0.50011865]])
array([[-19.11002164],
       [-19.49334175],
       [-19.39675832],
       [-18.75313619],
       [ -0.62642966],
       [-18.52835199],
       [ -0.31973894],
       [-18.89417929],
       [-18.97042383],
       [-18.85451508],
       [ -5.5377605 ],
       [-19.36651086],
       [-18.91057445],
       [-19.05506911],
       [-17.51046135],
       [ -1.64333154],
       [-18.7266007 ],
       [ -2.10715106],
       [-19.26029007],
       [-19.38333281],
       [-17.7420815 ],
       [-19.08307704],
       [ -1.95815455],
       [-18.85779996],
       [  0.39044607],
       [-18.43206033],
       [ -2.08563435],
       [-19.38465783],
       [-17.07393823],
       [-16.93236468],
       [-17.05672611],
       [-19.17308981],
       [-18.64007191],
       [-19.54734626],
       [-16.60430565],
       [-19.57269987],
       [-19.37756229],
       [ -1.15283364],
       [-18.64764148],
       [-19.34513321]])
<<<<<<<<<<< STEP 12 >>>>>>>>>>>> + array([[-0.50001895],
       [-0.5000897 ],
       [-0.50009414],
       [-0.50000369],
       [-0.00194269],
       [-0.50019073],
       [-0.02812543],
       [-0.50001325],
       [-0.50002364],
       [-0.50001061],
       [-0.34020033],
       [-0.50009415],
       [-0.49998224],
       [-0.50001235],
       [-0.50021677],
       [-0.0229845 ],
       [-0.49999316],
       [-0.02081813],
       [-0.5000835 ],
       [-0.5001031 ],
       [-0.50013324],
       [-0.49999307],
       [-0.03918423],
       [-0.49999221],
       [-0.00778724],
       [-0.50017642],
       [-0.05253373],
       [-0.50007066],
       [-0.50001408],
       [-0.49999122],
       [-0.49996128],
       [-0.50009379],
       [-0.49999672],
       [-0.50009377],
       [-0.50054479],
       [-0.50007244],
       [-0.50007897],
       [ 0.00317043],
       [-0.50020727],
       [-0.50009007]])
array([[-19.61004059],
       [-19.99343146],
       [-19.89685246],
       [-19.25313987],
       [ -0.62837236],
       [-19.02854273],
       [ -0.34786437],
       [-19.39419254],
       [-19.47044747],
       [-19.35452569],
       [ -5.87796083],
       [-19.86660502],
       [-19.41055669],
       [-19.55508145],
       [-18.01067812],
       [ -1.66631605],
       [-19.22659387],
       [ -2.1279692 ],
       [-19.76037357],
       [-19.8834359 ],
       [-18.24221474],
       [-19.5830701 ],
       [ -1.99733879],
       [-19.35779217],
       [  0.38265883],
       [-18.93223675],
       [ -2.13816808],
       [-19.88472849],
       [-17.57395231],
       [-17.4323559 ],
       [-17.55668739],
       [-19.6731836 ],
       [-19.14006863],
       [-20.04744003],
       [-17.10485045],
       [-20.07277231],
       [-19.87764125],
       [ -1.14966321],
       [-19.14784875],
       [-19.84522328]])
<<<<<<<<<<< STEP 13 >>>>>>>>>>>> + array([[-0.50001548],
       [-0.50006678],
       [-0.50007162],
       [-0.50000227],
       [-0.00186308],
       [-0.50014588],
       [-0.02462864],
       [-0.50001029],
       [-0.50001761],
       [-0.50000979],
       [-0.3826697 ],
       [-0.50007277],
       [-0.49998585],
       [-0.50000778],
       [-0.50016442],
       [-0.02152318],
       [-0.49999536],
       [-0.02068632],
       [-0.50006369],
       [-0.50007791],
       [-0.5001048 ],
       [-0.49999484],
       [-0.03750926],
       [-0.49999359],
       [-0.00802218],
       [-0.50013483],
       [-0.05251601],
       [-0.50005305],
       [-0.50002116],
       [-0.50000272],
       [-0.49997686],
       [-0.50007068],
       [-0.49999684],
       [-0.50007209],
       [-0.50041734],
       [-0.500055  ],
       [-0.50005953],
       [ 0.00304187],
       [-0.50015964],
       [-0.50006794]])
array([[-20.11005607],
       [-20.49349824],
       [-20.39692408],
       [-19.75314214],
       [ -0.63023544],
       [-19.52868861],
       [ -0.37249301],
       [-19.89420283],
       [-19.97046507],
       [-19.85453548],
       [ -6.26063053],
       [-20.36667779],
       [-19.91054254],
       [-20.05508924],
       [-18.51084254],
       [ -1.68783923],
       [-19.72658922],
       [ -2.14865552],
       [-20.26043726],
       [-20.38351381],
       [-18.74231954],
       [-20.08306495],
       [ -2.03484805],
       [-19.85778576],
       [  0.37463666],
       [-19.43237158],
       [ -2.1906841 ],
       [-20.38478155],
       [-18.07397347],
       [-17.93235863],
       [-18.05666426],
       [-20.17325428],
       [-19.64006547],
       [-20.54751212],
       [-17.60526779],
       [-20.57282731],
       [-20.37770079],
       [ -1.14662135],
       [-19.64800839],
       [-20.34529122]])
<<<<<<<<<<< STEP 14 >>>>>>>>>>>> + array([[-0.50001267],
       [-0.50004937],
       [-0.50005429],
       [-0.50000128],
       [-0.00177949],
       [-0.50011126],
       [-0.02078754],
       [-0.50000801],
       [-0.50001303],
       [-0.5000089 ],
       [-0.42165221],
       [-0.50005614],
       [-0.49998873],
       [-0.50000455],
       [-0.50012417],
       [-0.01993474],
       [-0.49999698],
       [-0.020533  ],
       [-0.50004841],
       [-0.5000586 ],
       [-0.50008242],
       [-0.49999621],
       [-0.0356367 ],
       [-0.49999473],
       [-0.00827009],
       [-0.50010272],
       [-0.05234232],
       [-0.50003959],
       [-0.50002497],
       [-0.50001003],
       [-0.4999879 ],
       [-0.50005298],
       [-0.49999705],
       [-0.50005528],
       [-0.50031891],
       [-0.5000416 ],
       [-0.50004465],
       [ 0.00288763],
       [-0.50012267],
       [-0.50005099]])
array([[-20.61006874],
       [-20.9935476 ],
       [-20.89697837],
       [-20.25314342],
       [ -0.63201493],
       [-20.02879987],
       [ -0.39328054],
       [-20.39421084],
       [-20.47047811],
       [-20.35454438],
       [ -6.68228274],
       [-20.86673393],
       [-20.41053126],
       [-20.55509378],
       [-19.01096671],
       [ -1.70777397],
       [-20.2265862 ],
       [ -2.16918852],
       [-20.76048567],
       [-20.88357241],
       [-19.24240195],
       [-20.58306116],
       [ -2.07048475],
       [-20.3577805 ],
       [  0.36636657],
       [-19.9324743 ],
       [ -2.24302641],
       [-20.88482114],
       [-18.57399844],
       [-18.43236865],
       [-18.55665215],
       [-20.67330726],
       [-20.14006252],
       [-21.0475674 ],
       [-18.10558669],
       [-21.07286891],
       [-20.87774543],
       [ -1.14373372],
       [-20.14813106],
       [-20.84534221]])
<<<<<<<<<<< STEP 15 >>>>>>>>>>>> + array([[-0.50001036],
       [-0.50003634],
       [-0.50004109],
       [-0.50000061],
       [-0.00169697],
       [-0.50008476],
       [-0.01690383],
       [-0.50000624],
       [-0.50000962],
       [-0.50000794],
       [-0.45371491],
       [-0.50004327],
       [-0.49999103],
       [-0.50000235],
       [-0.50009358],
       [-0.0183581 ],
       [-0.49999812],
       [-0.02038204],
       [-0.50003674],
       [-0.50004398],
       [-0.5000648 ],
       [-0.49999724],
       [-0.03375921],
       [-0.49999568],
       [-0.00852348],
       [-0.50007817],
       [-0.05213644],
       [-0.50002946],
       [-0.50002617],
       [-0.50001397],
       [-0.49999521],
       [-0.50003962],
       [-0.49999731],
       [-0.50004236],
       [-0.50024346],
       [-0.50003141],
       [-0.50003339],
       [ 0.0027219 ],
       [-0.50009419],
       [-0.50003818]])
array([[-21.1100791 ],
       [-21.49358395],
       [-21.39701946],
       [-20.75314403],
       [ -0.6337119 ],
       [-20.52888463],
       [ -0.41018437],
       [-20.89421708],
       [-20.97048773],
       [-20.85455232],
       [ -7.13599765],
       [-21.3667772 ],
       [-20.91052229],
       [-21.05509613],
       [-19.51106029],
       [ -1.72613207],
       [-20.72658432],
       [ -2.18957056],
       [-21.26052242],
       [-21.38361639],
       [-19.74246675],
       [-21.0830584 ],
       [ -2.10424397],
       [-20.85777618],
       [  0.35784309],
       [-20.43255247],
       [ -2.29516286],
       [-21.3848506 ],
       [-19.07402461],
       [-18.93238263],
       [-19.05664736],
       [-21.17334687],
       [-20.64005983],
       [-21.54760976],
       [-18.60583015],
       [-21.57290032],
       [-21.37777882],
       [ -1.14101182],
       [-20.64822525],
       [-21.34538038]])
<<<<<<<<<<< STEP 16 >>>>>>>>>>>> + array([[-0.50000844],
       [-0.50002675],
       [-0.50003113],
       [-0.5000002 ],
       [-0.0016209 ],
       [-0.50006463],
       [-0.0132678 ],
       [-0.50000487],
       [-0.50000711],
       [-0.50000694],
       [-0.47716753],
       [-0.50003339],
       [-0.49999287],
       [-0.50000094],
       [-0.5000706 ],
       [-0.01692766],
       [-0.49999889],
       [-0.02026038],
       [-0.50002792],
       [-0.50003304],
       [-0.50005094],
       [-0.499998  ],
       [-0.03206146],
       [-0.49999646],
       [-0.00877378],
       [-0.50005955],
       [-0.05203502],
       [-0.50002194],
       [-0.50002546],
       [-0.50001541],
       [-0.49999965],
       [-0.50002965],
       [-0.49999763],
       [-0.5000325 ],
       [-0.50018601],
       [-0.50002374],
       [-0.50002499],
       [ 0.00255986],
       [-0.50007239],
       [-0.50002861]])
array([[-21.61008754],
       [-21.9936107 ],
       [-21.8970506 ],
       [-21.25314422],
       [ -0.6353328 ],
       [-21.02894925],
       [ -0.42345217],
       [-21.39422196],
       [-21.47049483],
       [-21.35455926],
       [ -7.61316518],
       [-21.86681059],
       [-21.41051517],
       [-21.55509707],
       [-20.01113089],
       [ -1.74305973],
       [-21.22658322],
       [ -2.20983093],
       [-21.76055034],
       [-21.88364943],
       [-20.24251769],
       [-21.5830564 ],
       [ -2.13630543],
       [-21.35777264],
       [  0.34906931],
       [-20.93261202],
       [ -2.34719788],
       [-21.88487253],
       [-19.57405008],
       [-19.43239804],
       [-19.55664702],
       [-21.67337652],
       [-21.14005746],
       [-22.04764226],
       [-19.10601616],
       [-22.07292406],
       [-21.87780381],
       [ -1.13845196],
       [-21.14829765],
       [-21.84540899]])
<<<<<<<<<<< STEP 17 >>>>>>>>>>>> + array([[-0.50000685],
       [-0.50001977],
       [-0.50002367],
       [-0.49999996],
       [-0.0015552 ],
       [-0.5000494 ],
       [-0.0100768 ],
       [-0.5000038 ],
       [-0.50000527],
       [-0.50000594],
       [-0.49242125],
       [-0.50002582],
       [-0.49999435],
       [-0.5000001 ],
       [-0.50005345],
       [-0.01573463],
       [-0.49999939],
       [-0.02018969],
       [-0.50002129],
       [-0.50002491],
       [-0.50004005],
       [-0.49999855],
       [-0.03066642],
       [-0.49999712],
       [-0.00901399],
       [-0.5000455 ],
       [-0.05214736],
       [-0.5000164 ],
       [-0.50002352],
       [-0.50001515],
       [-0.50000203],
       [-0.50002228],
       [-0.49999795],
       [-0.500025  ],
       [-0.50014246],
       [-0.50001802],
       [-0.50001877],
       [ 0.00241377],
       [-0.50005577],
       [-0.50002152]])
array([[-22.11009439],
       [-22.49363047],
       [-22.39707427],
       [-21.75314418],
       [ -0.63688799],
       [-21.52899866],
       [ -0.43352898],
       [-21.89422576],
       [-21.97050011],
       [-21.8545652 ],
       [ -8.10558642],
       [-22.3668364 ],
       [-21.91050952],
       [-22.05509717],
       [-20.51118434],
       [ -1.75879436],
       [-21.72658261],
       [ -2.23002063],
       [-22.26057163],
       [-22.38367434],
       [-20.74255774],
       [-22.08305496],
       [ -2.16697185],
       [-21.85776975],
       [  0.34005532],
       [-21.43265752],
       [ -2.39934523],
       [-22.38488894],
       [-20.07407359],
       [-19.93241319],
       [-20.05664905],
       [-22.1733988 ],
       [-21.64005541],
       [-22.54766725],
       [-19.60615862],
       [-22.57294208],
       [-22.37782257],
       [ -1.13603819],
       [-21.64835341],
       [-22.34543052]])
<<<<<<<<<<< STEP 18 >>>>>>>>>>>> + array([[-0.50000553],
       [-0.5000147 ],
       [-0.50001808],
       [-0.49999984],
       [-0.00150157],
       [-0.50003791],
       [-0.00741071],
       [-0.50000297],
       [-0.50000394],
       [-0.500005  ],
       [-0.50122556],
       [-0.50002002],
       [-0.49999553],
       [-0.49999964],
       [-0.50004069],
       [-0.01481553],
       [-0.49999969],
       [-0.0201819 ],
       [-0.50001631],
       [-0.5000189 ],
       [-0.50003148],
       [-0.49999895],
       [-0.02962144],
       [-0.49999766],
       [-0.00924017],
       [-0.5000349 ],
       [-0.05253662],
       [-0.50001235],
       [-0.50002092],
       [-0.50001391],
       [-0.50000306],
       [-0.50001684],
       [-0.49999828],
       [-0.5000193 ],
       [-0.50010946],
       [-0.50001375],
       [-0.50001418],
       [ 0.0022908 ],
       [-0.5000431 ],
       [-0.50001629]])
array([[-22.61009992],
       [-22.99364516],
       [-22.89709234],
       [-22.25314402],
       [ -0.63838956],
       [-22.02903656],
       [ -0.44093969],
       [-22.39422873],
       [-22.47050404],
       [-22.3545702 ],
       [ -8.60681198],
       [-22.86685643],
       [-22.41050504],
       [-22.55509682],
       [-21.01122503],
       [ -1.77360989],
       [-22.2265823 ],
       [ -2.25020253],
       [-22.76058794],
       [-22.88369324],
       [-21.24258922],
       [-22.58305391],
       [ -2.19659329],
       [-22.35776741],
       [  0.33081515],
       [-21.93269242],
       [ -2.45188185],
       [-22.88490128],
       [-20.57409452],
       [-20.4324271 ],
       [-20.55665211],
       [-22.67341564],
       [-22.14005369],
       [-23.04768656],
       [-20.10626808],
       [-23.07295583],
       [-22.87783675],
       [ -1.13374739],
       [-22.14839651],
       [-22.8454468 ]])
<<<<<<<<<<< STEP 19 >>>>>>>>>>>> + array([[-0.50000445],
       [-0.50001102],
       [-0.50001388],
       [-0.49999979],
       [-0.00145987],
       [-0.5000292 ],
       [-0.00525867],
       [-0.50000232],
       [-0.50000297],
       [-0.50000414],
       [-0.505628  ],
       [-0.50001558],
       [-0.49999647],
       [-0.49999943],
       [-0.50003116],
       [-0.01416478],
       [-0.49999987],
       [-0.0202398 ],
       [-0.50001256],
       [-0.50001443],
       [-0.50002475],
       [-0.49999923],
       [-0.02891768],
       [-0.4999981 ],
       [-0.00945145],
       [-0.5000269 ],
       [-0.05322527],
       [-0.50000937],
       [-0.50001812],
       [-0.5000122 ],
       [-0.50000328],
       [-0.50001282],
       [-0.49999857],
       [-0.50001497],
       [-0.5000844 ],
       [-0.50001055],
       [-0.50001078],
       [ 0.00219322],
       [-0.50003342],
       [-0.50001241]])
array([[-23.11010437],
       [-23.49365618],
       [-23.39710622],
       [-22.75314381],
       [ -0.63984943],
       [-22.52906577],
       [ -0.44619835],
       [-22.89423105],
       [-22.97050701],
       [-22.85457434],
       [ -9.11243998],
       [-23.366872  ],
       [-22.91050151],
       [-23.05509624],
       [-21.51125619],
       [ -1.78777467],
       [-22.72658217],
       [ -2.27044233],
       [-23.2606005 ],
       [-23.38370767],
       [-21.74261397],
       [-23.08305314],
       [ -2.22551097],
       [-22.85776551],
       [  0.3213637 ],
       [-22.43271932],
       [ -2.50510712],
       [-23.38491065],
       [-21.07411263],
       [-20.9324393 ],
       [-21.05665539],
       [-23.17342845],
       [-22.64005226],
       [-23.54770152],
       [-20.60635248],
       [-23.57296638],
       [-23.37784753],
       [ -1.13155417],
       [-22.64842994],
       [-23.34545921]])
<<<<<<<<<<< STEP 20 >>>>>>>>>>>> + array([[-0.50000357],
       [-0.50000832],
       [-0.50001071],
       [-0.49999978],
       [-0.00142891],
       [-0.50002258],
       [-0.00356122],
       [-0.50000181],
       [-0.50000225],
       [-0.50000339],
       [-0.50733698],
       [-0.50001216],
       [-0.49999721],
       [-0.49999936],
       [-0.500024  ],
       [-0.01375453],
       [-0.49999997],
       [-0.02036033],
       [-0.50000973],
       [-0.50001108],
       [-0.50001946],
       [-0.49999944],
       [-0.02851815],
       [-0.49999847],
       [-0.00964891],
       [-0.50002082],
       [-0.05421127],
       [-0.50000716],
       [-0.50001539],
       [-0.50001037],
       [-0.50000308],
       [-0.50000983],
       [-0.49999883],
       [-0.50001165],
       [-0.5000653 ],
       [-0.50000815],
       [-0.50000825],
       [ 0.00212004],
       [-0.50002601],
       [-0.50000952]])
array([[-23.61010794],
       [-23.9936645 ],
       [-23.89711694],
       [-23.25314359],
       [ -0.64127834],
       [-23.02908835],
       [ -0.44975958],
       [-23.39423286],
       [-23.47050926],
       [-23.35457773],
       [ -9.61977696],
       [-23.86688416],
       [-23.41049872],
       [-23.5550956 ],
       [-22.01128019],
       [ -1.8015292 ],
       [-23.22658214],
       [ -2.29080266],
       [-23.76061023],
       [-23.88371875],
       [-22.24263343],
       [-23.58305258],
       [ -2.25402912],
       [-23.35776398],
       [  0.31171478],
       [-22.93274014],
       [ -2.5593184 ],
       [-23.88491781],
       [-21.57412802],
       [-21.43244967],
       [-21.55665847],
       [-23.67343828],
       [-23.14005109],
       [-24.04771317],
       [-21.10641778],
       [-24.07297452],
       [-23.87785578],
       [ -1.12943413],
       [-23.14845594],
       [-23.84546873]])
<<<<<<<<<<< STEP 21 >>>>>>>>>>>> + array([[-0.50000285],
       [-0.50000634],
       [-0.50000831],
       [-0.4999998 ],
       [-0.00140711],
       [-0.50001753],
       [-0.00224312],
       [-0.50000142],
       [-0.50000172],
       [-0.50000275],
       [-0.50754731],
       [-0.50000952],
       [-0.4999978 ],
       [-0.49999936],
       [-0.50001859],
       [-0.01355009],
       [-0.50000003],
       [-0.02053781],
       [-0.50000757],
       [-0.50000857],
       [-0.5000153 ],
       [-0.49999959],
       [-0.02837825],
       [-0.49999876],
       [-0.00983466],
       [-0.50001618],
       [-0.05548272],
       [-0.50000552],
       [-0.50001289],
       [-0.50000863],
       [-0.50000268],
       [-0.50000758],
       [-0.49999906],
       [-0.5000091 ],
       [-0.50005068],
       [-0.50000632],
       [-0.50000636],
       [ 0.00206866],
       [-0.50002029],
       [-0.50000734]])
array([[-24.11011079],
       [-24.49367084],
       [-24.39712524],
       [-23.75314339],
       [ -0.64268545],
       [-23.52910588],
       [ -0.4520027 ],
       [-23.89423428],
       [-23.97051099],
       [-23.85458048],
       [-10.12732427],
       [-24.36689368],
       [-23.91049653],
       [-24.05509497],
       [-22.51129878],
       [ -1.81507929],
       [-23.72658217],
       [ -2.31134047],
       [-24.2606178 ],
       [-24.38372731],
       [-22.74264873],
       [-24.08305217],
       [ -2.28240737],
       [-23.85776274],
       [  0.30188013],
       [-23.43275632],
       [ -2.61480112],
       [-24.38492333],
       [-22.07414092],
       [-21.9324583 ],
       [-22.05666116],
       [-24.17344586],
       [-23.64005015],
       [-24.54772227],
       [-21.60646846],
       [-24.57298085],
       [-24.37786213],
       [ -1.12736547],
       [-23.64847623],
       [-24.34547607]])
<<<<<<<<<<< STEP 22 >>>>>>>>>>>> + array([[-0.50000228],
       [-0.50000486],
       [-0.50000647],
       [-0.49999982],
       [-0.00139292],
       [-0.50001364],
       [-0.00123134],
       [-0.50000111],
       [-0.50000133],
       [-0.50000222],
       [-0.5070089 ],
       [-0.50000746],
       [-0.49999827],
       [-0.49999941],
       [-0.50001446],
       [-0.01351828],
       [-0.50000005],
       [-0.02076603],
       [-0.50000591],
       [-0.50000665],
       [-0.50001204],
       [-0.49999969],
       [-0.02845649],
       [-0.49999901],
       [-0.01001101],
       [-0.50001262],
       [-0.05702719],
       [-0.50000427],
       [-0.50001069],
       [-0.50000707],
       [-0.50000223],
       [-0.50000588],
       [-0.49999924],
       [-0.50000713],
       [-0.50003944],
       [-0.50000493],
       [-0.50000492],
       [ 0.00203602],
       [-0.50001588],
       [-0.5000057 ]])
array([[-24.61011307],
       [-24.9936757 ],
       [-24.89713171],
       [-24.25314321],
       [ -0.64407837],
       [-24.02911952],
       [ -0.45323403],
       [-24.39423538],
       [-24.47051232],
       [-24.3545827 ],
       [-10.63433317],
       [-24.86690114],
       [-24.4104948 ],
       [-24.55509438],
       [-23.01131324],
       [ -1.82859757],
       [-24.22658222],
       [ -2.3321065 ],
       [-24.7606237 ],
       [-24.88373397],
       [-23.24266077],
       [-24.58305186],
       [ -2.31086386],
       [-24.35776175],
       [  0.29186912],
       [-23.93276894],
       [ -2.67182831],
       [-24.8849276 ],
       [-22.57415161],
       [-22.43246537],
       [-22.55666339],
       [-24.67345175],
       [-24.1400494 ],
       [-25.0477294 ],
       [-22.10650789],
       [-25.07298578],
       [-24.87786706],
       [ -1.12532945],
       [-24.14849211],
       [-24.84548176]])
<<<<<<<<<<< STEP 23 >>>>>>>>>>>> + array([[ -5.00001814e-01],
       [ -5.00003743e-01],
       [ -5.00005052e-01],
       [ -4.99999847e-01],
       [ -1.38496208e-03],
       [ -5.00010648e-01],
       [ -4.62536150e-04],
       [ -5.00000866e-01],
       [ -5.00001029e-01],
       [ -5.00001779e-01],
       [ -5.06157925e-01],
       [ -5.00005868e-01],
       [ -4.99998641e-01],
       [ -4.99999479e-01],
       [ -5.00011297e-01],
       [ -1.36308768e-02],
       [ -5.00000058e-01],
       [ -2.10394142e-02],
       [ -5.00004631e-01],
       [ -5.00005190e-01],
       [ -5.00009468e-01],
       [ -4.99999774e-01],
       [ -2.87183821e-02],
       [ -4.99999201e-01],
       [ -1.01801561e-02],
       [ -5.00009865e-01],
       [ -5.88363782e-02],
       [ -5.00003331e-01],
       [ -5.00008808e-01],
       [ -5.00005725e-01],
       [ -5.00001801e-01],
       [ -5.00004585e-01],
       [ -4.99999398e-01],
       [ -5.00005599e-01],
       [ -5.00030755e-01],
       [ -5.00003861e-01],
       [ -5.00003828e-01],
       [  2.01918785e-03],
       [ -5.00012446e-01],
       [ -5.00004438e-01]])
array([[-25.11011488],
       [-25.49367944],
       [-25.39713676],
       [-24.75314306],
       [ -0.64546333],
       [-24.52913017],
       [ -0.45369657],
       [-24.89423625],
       [-24.97051334],
       [-24.85458448],
       [-11.1404911 ],
       [-25.36690701],
       [-24.91049344],
       [-25.05509386],
       [-23.51132454],
       [ -1.84222845],
       [-24.72658228],
       [ -2.35314592],
       [-25.26062833],
       [-25.38373916],
       [-23.74267024],
       [-25.08305164],
       [ -2.33958224],
       [-24.85776095],
       [  0.28168896],
       [-24.4327788 ],
       [ -2.73066469],
       [-25.38493093],
       [-23.07416042],
       [-22.9324711 ],
       [-23.05666519],
       [-25.17345633],
       [-24.64004879],
       [-25.547735  ],
       [-22.60653865],
       [-25.57298964],
       [-25.37787088],
       [ -1.12331026],
       [-24.64850456],
       [-25.3454862 ]])
<<<<<<<<<<< STEP 24 >>>>>>>>>>>> + array([[ -5.00001445e-01],
       [ -5.00002899e-01],
       [ -5.00003958e-01],
       [ -4.99999873e-01],
       [ -1.38211155e-03],
       [ -5.00008328e-01],
       [  1.15258001e-04],
       [ -5.00000677e-01],
       [ -5.00000801e-01],
       [ -5.00001422e-01],
       [ -5.05231740e-01],
       [ -5.00004621e-01],
       [ -4.99998931e-01],
       [ -4.99999548e-01],
       [ -5.00008854e-01],
       [ -1.38653785e-02],
       [ -5.00000059e-01],
       [ -2.13533752e-02],
       [ -5.00003640e-01],
       [ -5.00004063e-01],
       [ -5.00007449e-01],
       [ -4.99999832e-01],
       [ -2.91371025e-02],
       [ -4.99999358e-01],
       [ -1.03440120e-02],
       [ -5.00007733e-01],
       [ -6.09080761e-02],
       [ -5.00002607e-01],
       [ -5.00007220e-01],
       [ -5.00004599e-01],
       [ -5.00001418e-01],
       [ -5.00003589e-01],
       [ -4.99999522e-01],
       [ -5.00004407e-01],
       [ -5.00024030e-01],
       [ -5.00003032e-01],
       [ -5.00002989e-01],
       [  2.01565547e-03],
       [ -5.00009774e-01],
       [ -5.00003471e-01]])
array([[-25.61011633],
       [-25.99368234],
       [-25.89714072],
       [-25.25314293],
       [ -0.64684544],
       [-25.0291385 ],
       [ -0.45358131],
       [-25.39423693],
       [-25.47051415],
       [-25.3545859 ],
       [-11.64572284],
       [-25.86691163],
       [-25.41049237],
       [-25.55509341],
       [-24.01133339],
       [ -1.85609382],
       [-25.22658234],
       [ -2.37449929],
       [-25.76063197],
       [-25.88374322],
       [-24.24267769],
       [-25.58305147],
       [ -2.36871934],
       [-25.35776031],
       [  0.27134495],
       [-24.93278654],
       [ -2.79157277],
       [-25.88493354],
       [-23.57416764],
       [-23.4324757 ],
       [-23.55666661],
       [-25.67345992],
       [-25.14004832],
       [-26.0477394 ],
       [-23.10656268],
       [-26.07299267],
       [-25.87787387],
       [ -1.12129461],
       [-25.14851433],
       [-25.84548967]])
<<<<<<<<<<< STEP 25 >>>>>>>>>>>> + array([[-0.50000115],
       [-0.50000225],
       [-0.50000311],
       [-0.4999999 ],
       [-0.00138347],
       [-0.50000652],
       [ 0.00054347],
       [-0.50000053],
       [-0.50000063],
       [-0.50000113],
       [-0.5043496 ],
       [-0.50000364],
       [-0.49999916],
       [-0.49999961],
       [-0.50000696],
       [-0.01420455],
       [-0.50000005],
       [-0.02170443],
       [-0.50000287],
       [-0.50000319],
       [-0.50000586],
       [-0.49999988],
       [-0.02969267],
       [-0.49999948],
       [-0.01050416],
       [-0.50000607],
       [-0.06324686],
       [-0.50000205],
       [-0.5000059 ],
       [-0.50000367],
       [-0.5000011 ],
       [-0.50000282],
       [-0.49999962],
       [-0.50000348],
       [-0.50001881],
       [-0.50000239],
       [-0.50000234],
       [ 0.00202337],
       [-0.50000769],
       [-0.50000272]])
array([[-26.11011748],
       [-26.49368459],
       [-26.39714383],
       [-25.75314283],
       [ -0.64822892],
       [-25.52914502],
       [ -0.45303785],
       [-25.89423746],
       [-25.97051477],
       [-25.85458703],
       [-12.15007243],
       [-26.36691528],
       [-25.91049153],
       [-26.05509302],
       [-24.51134035],
       [ -1.87029837],
       [-25.72658239],
       [ -2.39620372],
       [-26.26063484],
       [-26.38374641],
       [-24.74268355],
       [-26.08305134],
       [ -2.39841201],
       [-25.85775979],
       [  0.26084079],
       [-25.43279261],
       [ -2.85481962],
       [-26.38493559],
       [-24.07417353],
       [-23.93247937],
       [-24.05666771],
       [-26.17346274],
       [-25.64004794],
       [-26.54774288],
       [-23.60658148],
       [-26.57299506],
       [-26.37787621],
       [ -1.11927124],
       [-25.64852202],
       [-26.3454924 ]])
<<<<<<<<<<< STEP 26 >>>>>>>>>>>> + array([[-0.50000091],
       [-0.50000176],
       [-0.50000245],
       [-0.49999991],
       [-0.00138835],
       [-0.50000512],
       [ 0.00085458],
       [-0.50000041],
       [-0.50000049],
       [-0.5000009 ],
       [-0.50356389],
       [-0.50000288],
       [-0.49999934],
       [-0.49999967],
       [-0.50000548],
       [-0.01463566],
       [-0.50000005],
       [-0.02209013],
       [-0.50000226],
       [-0.50000251],
       [-0.50000461],
       [-0.49999991],
       [-0.03037085],
       [-0.49999959],
       [-0.01066188],
       [-0.50000478],
       [-0.06586432],
       [-0.50000161],
       [-0.50000481],
       [-0.50000292],
       [-0.50000083],
       [-0.50000222],
       [-0.4999997 ],
       [-0.50000275],
       [-0.50001474],
       [-0.50000189],
       [-0.50000184],
       [ 0.00204071],
       [-0.50000605],
       [-0.50000214]])
array([[-26.61011839],
       [-26.99368635],
       [-26.89714627],
       [-26.25314274],
       [ -0.64961727],
       [-26.02915014],
       [ -0.45218327],
       [-26.39423787],
       [-26.47051526],
       [-26.35458794],
       [-12.65363633],
       [-26.86691815],
       [-26.41049087],
       [-26.5550927 ],
       [-25.01134583],
       [ -1.88493403],
       [-26.22658244],
       [ -2.41829386],
       [-26.76063711],
       [-26.88374892],
       [-25.24268816],
       [-26.58305125],
       [ -2.42878286],
       [-26.35775938],
       [  0.25017892],
       [-25.93279739],
       [ -2.92068394],
       [-26.8849372 ],
       [-24.57417834],
       [-24.43248229],
       [-24.55666854],
       [-26.67346496],
       [-26.14004764],
       [-27.04774563],
       [-24.10659622],
       [-27.07299695],
       [-26.87787805],
       [ -1.11723052],
       [-26.14852807],
       [-26.84549454]])
<<<<<<<<<<< STEP 27 >>>>>>>>>>>> + array([[-0.50000073],
       [-0.50000138],
       [-0.50000193],
       [-0.49999993],
       [-0.00139622],
       [-0.50000402],
       [ 0.00107385],
       [-0.50000032],
       [-0.50000039],
       [-0.50000072],
       [-0.5028909 ],
       [-0.50000228],
       [-0.49999948],
       [-0.49999973],
       [-0.50000433],
       [-0.01514968],
       [-0.50000004],
       [-0.02250891],
       [-0.50000179],
       [-0.50000198],
       [-0.50000363],
       [-0.49999993],
       [-0.0311621 ],
       [-0.49999967],
       [-0.01081819],
       [-0.50000376],
       [-0.0687793 ],
       [-0.50000128],
       [-0.50000391],
       [-0.50000231],
       [-0.50000063],
       [-0.50000175],
       [-0.49999977],
       [-0.50000217],
       [-0.50001156],
       [-0.50000149],
       [-0.50000145],
       [ 0.00206646],
       [-0.50000477],
       [-0.50000169]])
array([[-27.11011912],
       [-27.49368772],
       [-27.3971482 ],
       [-26.75314267],
       [ -0.65101349],
       [-26.52915416],
       [ -0.45110942],
       [-26.89423819],
       [-26.97051565],
       [-26.85458865],
       [-13.15652722],
       [-27.36692043],
       [-26.91049036],
       [-27.05509242],
       [-25.51135015],
       [ -1.9000837 ],
       [-26.72658248],
       [ -2.44080276],
       [-27.2606389 ],
       [-27.3837509 ],
       [-25.74269179],
       [-27.08305118],
       [ -2.45994495],
       [-26.85775905],
       [  0.23936073],
       [-26.43280115],
       [ -2.98946325],
       [-27.38493847],
       [-25.07418225],
       [-24.93248459],
       [-25.05666917],
       [-27.17346671],
       [-26.6400474 ],
       [-27.5477478 ],
       [-24.60660778],
       [-27.57299844],
       [-27.3778795 ],
       [ -1.11516407],
       [-26.64853285],
       [-27.34549623]])
<<<<<<<<<<< STEP 28 >>>>>>>>>>>> + array([[-0.50000058],
       [-0.50000108],
       [-0.50000152],
       [-0.49999995],
       [-0.00140668],
       [-0.50000316],
       [ 0.00122082],
       [-0.50000025],
       [-0.5000003 ],
       [-0.50000057],
       [-0.50232851],
       [-0.5000018 ],
       [-0.49999959],
       [-0.49999977],
       [-0.50000342],
       [-0.01574057],
       [-0.50000004],
       [-0.02295996],
       [-0.50000142],
       [-0.50000157],
       [-0.50000286],
       [-0.49999995],
       [-0.03206063],
       [-0.49999973],
       [-0.01097389],
       [-0.50000297],
       [-0.07201833],
       [-0.50000101],
       [-0.50000318],
       [-0.50000182],
       [-0.50000046],
       [-0.50000138],
       [-0.49999982],
       [-0.50000172],
       [-0.50000908],
       [-0.50000118],
       [-0.50000114],
       [ 0.00209968],
       [-0.50000377],
       [-0.50000133]])
array([[-27.6101197 ],
       [-27.9936888 ],
       [-27.89714972],
       [-27.25314262],
       [ -0.65242017],
       [-27.02915733],
       [ -0.4498886 ],
       [-27.39423845],
       [-27.47051595],
       [-27.35458922],
       [-13.65885573],
       [-27.86692223],
       [-27.41048995],
       [-27.5550922 ],
       [-26.01135357],
       [ -1.91582427],
       [-27.22658252],
       [ -2.46376272],
       [-27.76064032],
       [-27.88375247],
       [-26.24269465],
       [-27.58305113],
       [ -2.49200559],
       [-27.35775878],
       [  0.22838684],
       [-26.93280412],
       [ -3.06148158],
       [-27.88493948],
       [-25.57418543],
       [-25.43248642],
       [-25.55666963],
       [-27.67346809],
       [-27.14004722],
       [-28.04774952],
       [-25.10661686],
       [-28.07299962],
       [-27.87788064],
       [ -1.11306439],
       [-27.14853661],
       [-27.84549756]])
<<<<<<<<<<< STEP 29 >>>>>>>>>>>> + array([[-0.50000046],
       [-0.50000085],
       [-0.5000012 ],
       [-0.49999996],
       [-0.00141945],
       [-0.50000249],
       [ 0.00131055],
       [-0.5000002 ],
       [-0.50000024],
       [-0.50000045],
       [-0.5018662 ],
       [-0.50000143],
       [-0.49999968],
       [-0.49999981],
       [-0.50000271],
       [-0.0164047 ],
       [-0.50000003],
       [-0.02344315],
       [-0.50000113],
       [-0.50000124],
       [-0.50000225],
       [-0.49999996],
       [-0.03306374],
       [-0.49999979],
       [-0.01112962],
       [-0.50000235],
       [-0.07561635],
       [-0.5000008 ],
       [-0.50000258],
       [-0.50000144],
       [-0.50000034],
       [-0.5000011 ],
       [-0.49999986],
       [-0.50000136],
       [-0.50000714],
       [-0.50000094],
       [-0.5000009 ],
       [ 0.00213971],
       [-0.50000298],
       [-0.50000106]])
array([[-28.11012016],
       [-28.49368965],
       [-28.39715093],
       [-27.75314257],
       [ -0.65383963],
       [-27.52915982],
       [ -0.44857805],
       [-27.89423865],
       [-27.97051619],
       [-27.85458967],
       [-14.16072193],
       [-28.36692366],
       [-27.91048963],
       [-28.05509201],
       [-26.51135628],
       [ -1.93222898],
       [-27.72658255],
       [ -2.48720588],
       [-28.26064144],
       [-28.38375371],
       [-26.7426969 ],
       [-28.0830511 ],
       [ -2.52506933],
       [-27.85775856],
       [  0.21725722],
       [-27.43280647],
       [ -3.13709793],
       [-28.38494029],
       [-26.07418802],
       [-25.93248786],
       [-26.05666997],
       [-28.17346919],
       [-27.64004708],
       [-28.54775088],
       [-25.606624  ],
       [-28.57300056],
       [-28.37788154],
       [ -1.11092468],
       [-27.64853959],
       [-28.34549862]])
