<<<<<<<<<<< STEP 0 >>>>>>>>>>>> + array([[-0.41941225],
       [-0.0524215 ],
       [-0.46423679],
       [-0.46371548],
       [-0.47855178],
       [-0.52048464],
       [-0.51837933],
       [-0.51885424],
       [-0.51219263],
       [-0.49244044],
       [-0.5172886 ],
       [-0.12862386],
       [-0.51734491],
       [-0.51604739],
       [-0.50975171],
       [-0.5145961 ],
       [-0.51597894],
       [-0.51498669],
       [-0.51117411],
       [-0.51479987],
       [-0.5158694 ],
       [-0.51789381],
       [-0.51661562],
       [-0.51516824],
       [-0.50828819],
       [-0.51273096],
       [-0.51415774],
       [-0.51499702],
       [-0.50412268],
       [-0.44167851],
       [ 0.01013533]])
array([[-5.37367083],
       [-0.73567201],
       [-5.94574487],
       [-5.78333376],
       [-4.77896851],
       [-7.31966989],
       [-8.14911007],
       [-8.10650976],
       [-7.39076035],
       [-5.54214191],
       [-7.71757421],
       [-1.4825475 ],
       [-7.71511426],
       [-7.51303883],
       [-6.57859422],
       [-7.55430937],
       [-7.73131311],
       [-7.3236479 ],
       [-7.37851506],
       [-7.69330842],
       [-7.59753187],
       [-6.91003478],
       [-7.78716294],
       [-7.46150536],
       [-6.87198545],
       [-7.52153547],
       [-7.59058605],
       [-7.88658397],
       [-6.77442379],
       [-4.27282116],
       [ 0.13550329]])
<<<<<<<<<<< STEP 1 >>>>>>>>>>>> + array([[-0.43835677],
       [-0.05183435],
       [-0.47359054],
       [-0.47329047],
       [-0.48389363],
       [-0.51259608],
       [-0.51160736],
       [-0.51190838],
       [-0.50718194],
       [-0.49327702],
       [-0.51142152],
       [-0.1320137 ],
       [-0.51145519],
       [-0.51051432],
       [-0.50659251],
       [-0.50938241],
       [-0.51036625],
       [-0.50991852],
       [-0.50696346],
       [-0.50941491],
       [-0.51018365],
       [-0.51394854],
       [-0.51062854],
       [-0.50973097],
       [-0.50448429],
       [-0.50760011],
       [-0.50861708],
       [-0.50896561],
       [-0.50137818],
       [-0.45621502],
       [ 0.01165153]])
array([[-5.8120276 ],
       [-0.78750636],
       [-6.4193354 ],
       [-6.25662423],
       [-5.26286214],
       [-7.83226597],
       [-8.66071743],
       [-8.61841814],
       [-7.89794229],
       [-6.03541893],
       [-8.22899573],
       [-1.6145612 ],
       [-8.22656945],
       [-8.02355315],
       [-7.08518673],
       [-8.06369179],
       [-8.24167937],
       [-7.83356642],
       [-7.88547851],
       [-8.20272334],
       [-8.10771551],
       [-7.42398332],
       [-8.29779147],
       [-7.97123633],
       [-7.37646973],
       [-8.02913558],
       [-8.09920313],
       [-8.39554959],
       [-7.27580197],
       [-4.72903618],
       [ 0.14715482]])
<<<<<<<<<<< STEP 2 >>>>>>>>>>>> + array([[-0.45626343],
       [-0.05154283],
       [-0.48200606],
       [-0.48185239],
       [-0.48843886],
       [-0.50771247],
       [-0.50733358],
       [-0.50752167],
       [-0.50413177],
       [-0.49455138],
       [-0.50760272],
       [-0.13924667],
       [-0.50762497],
       [-0.50693323],
       [-0.50449069],
       [-0.50605845],
       [-0.50676399],
       [-0.50661607],
       [-0.50432801],
       [-0.50599869],
       [-0.50655909],
       [-0.51085846],
       [-0.50682214],
       [-0.50626406],
       [-0.50223594],
       [-0.50446507],
       [-0.50519496],
       [-0.50527375],
       [-0.49992314],
       [-0.46853227],
       [ 0.01326957]])
array([[-6.26829104],
       [-0.83904919],
       [-6.90134146],
       [-6.73847662],
       [-5.751301  ],
       [-8.33997844],
       [-9.16805102],
       [-9.12593981],
       [-8.40207406],
       [-6.5299703 ],
       [-8.73659845],
       [-1.75380787],
       [-8.73419442],
       [-8.53048639],
       [-7.58967742],
       [-8.56975024],
       [-8.74844335],
       [-8.34018248],
       [-8.38980652],
       [-8.70872203],
       [-8.61427461],
       [-7.93484178],
       [-8.80461361],
       [-8.47750039],
       [-7.87870567],
       [-8.53360065],
       [-8.6043981 ],
       [-8.90082334],
       [-7.77572511],
       [-5.19756844],
       [ 0.1604244 ]])
<<<<<<<<<<< STEP 3 >>>>>>>>>>>> + array([[-0.47089608],
       [-0.05145127],
       [-0.48855324],
       [-0.48849113],
       [-0.49190233],
       [-0.5047044 ],
       [-0.50464337],
       [-0.50475899],
       [-0.50230368],
       [-0.49579462],
       [-0.50510342],
       [-0.15050071],
       [-0.50511963],
       [-0.50460675],
       [-0.50308327],
       [-0.50393671],
       [-0.50444538],
       [-0.50445009],
       [-0.50268196],
       [-0.50383442],
       [-0.50424944],
       [-0.50843986],
       [-0.50440317],
       [-0.50405509],
       [-0.50095729],
       [-0.50257652],
       [-0.50310335],
       [-0.50304352],
       [-0.49923219],
       [-0.47806621],
       [ 0.01489979]])
array([[-6.73918712],
       [-0.89050046],
       [-7.3898947 ],
       [-7.22696775],
       [-6.24320333],
       [-8.84468284],
       [-9.67269439],
       [-9.6306988 ],
       [-8.90437774],
       [-7.02576492],
       [-9.24170187],
       [-1.90430858],
       [-9.23931404],
       [-9.03509313],
       [-8.09276069],
       [-9.07368695],
       [-9.25288873],
       [-8.84463257],
       [-8.89248848],
       [-9.21255645],
       [-9.11852405],
       [-8.44328164],
       [-9.30901679],
       [-8.98155548],
       [-8.37966296],
       [-9.03617716],
       [-9.10750144],
       [-9.40386685],
       [-8.2749573 ],
       [-5.67563466],
       [ 0.17532419]])
<<<<<<<<<<< STEP 4 >>>>>>>>>>>> + array([[-0.48164601],
       [-0.05145143],
       [-0.49315683],
       [-0.49314769],
       [-0.49437753],
       [-0.50285883],
       [-0.50295098],
       [-0.50302095],
       [-0.50122599],
       [-0.49683153],
       [-0.50345585],
       [-0.16603912],
       [-0.50346853],
       [-0.50308701],
       [-0.50213162],
       [-0.50257698],
       [-0.50294477],
       [-0.50301707],
       [-0.50165403],
       [-0.50246119],
       [-0.50277672],
       [-0.5065481 ],
       [-0.50286488],
       [-0.50264701],
       [-0.50026431],
       [-0.50145509],
       [-0.50183712],
       [-0.50171512],
       [-0.49897456],
       [-0.4849977 ],
       [ 0.01650754]])
array([[ -7.22083312],
       [ -0.94195189],
       [ -7.88305153],
       [ -7.72011544],
       [ -6.73758086],
       [ -9.34754166],
       [-10.17564537],
       [-10.13371975],
       [ -9.40560373],
       [ -7.52259645],
       [ -9.74515772],
       [ -2.07034771],
       [ -9.74278257],
       [ -9.53818014],
       [ -8.59489231],
       [ -9.57626394],
       [ -9.7558335 ],
       [ -9.34764964],
       [ -9.39414252],
       [ -9.71501764],
       [ -9.62130077],
       [ -8.94982973],
       [ -9.81188166],
       [ -9.48420248],
       [ -8.87992727],
       [ -9.53763225],
       [ -9.60933857],
       [ -9.90558197],
       [ -8.77393185],
       [ -6.16063235],
       [  0.19183173]])
<<<<<<<<<<< STEP 5 >>>>>>>>>>>> + array([[-0.48894624],
       [-0.05141402],
       [-0.49616016],
       [-0.49617863],
       [-0.49608318],
       [-0.50172966],
       [-0.50188453],
       [-0.5019263 ],
       [-0.50060276],
       [-0.49763501],
       [-0.50235969],
       [-0.18619137],
       [-0.50237004],
       [-0.5020866 ],
       [-0.50148057],
       [-0.5016998 ],
       [-0.50196575],
       [-0.50205884],
       [-0.5010111 ],
       [-0.50158614],
       [-0.501835  ],
       [-0.50506949],
       [-0.50188391],
       [-0.50174707],
       [-0.49991471],
       [-0.50079948],
       [-0.50107747],
       [-0.50093621],
       [-0.49894895],
       [-0.48983631],
       [ 0.01810239]])
array([[ -7.70977936],
       [ -0.99336591],
       [ -8.37921169],
       [ -8.21629407],
       [ -7.23366404],
       [ -9.84927133],
       [-10.6775299 ],
       [-10.63564605],
       [ -9.90620649],
       [ -8.02023146],
       [-10.24751741],
       [ -2.25653908],
       [-10.24515261],
       [-10.04026674],
       [ -9.09637288],
       [-10.07796374],
       [-10.25779924],
       [ -9.84970849],
       [ -9.89515362],
       [-10.21660378],
       [-10.12313577],
       [ -9.45489923],
       [-10.31376557],
       [ -9.98594956],
       [ -9.37984197],
       [-10.03843173],
       [-10.11041603],
       [-10.40651819],
       [ -9.2728808 ],
       [ -6.65046866],
       [  0.20993412]])
<<<<<<<<<<< STEP 6 >>>>>>>>>>>> + array([[-0.49362464],
       [-0.05120331],
       [-0.49800789],
       [-0.49803845],
       [-0.49723771],
       [-0.5010401 ],
       [-0.50120985],
       [-0.50123455],
       [-0.50025112],
       [-0.49823618],
       [-0.50162236],
       [-0.21126947],
       [-0.50163101],
       [-0.50142157],
       [-0.50102962],
       [-0.5011289 ],
       [-0.50132057],
       [-0.50141046],
       [-0.50060784],
       [-0.50102492],
       [-0.50122947],
       [-0.50391487],
       [-0.50125494],
       [-0.50116878],
       [-0.49976006],
       [-0.5004232 ],
       [-0.50062581],
       [-0.50048796],
       [-0.49903683],
       [-0.49313502],
       [ 0.01971407]])
array([[ -8.203404  ],
       [ -1.04456922],
       [ -8.87721958],
       [ -8.71433252],
       [ -7.73090175],
       [-10.35031143],
       [-11.17873975],
       [-11.1368806 ],
       [-10.40645761],
       [ -8.51846764],
       [-10.74913977],
       [ -2.46780854],
       [-10.74678362],
       [-10.54168832],
       [ -9.59740251],
       [-10.57909263],
       [-10.75911981],
       [-10.35111895],
       [-10.39576146],
       [-10.7176287 ],
       [-10.62436524],
       [ -9.9588141 ],
       [-10.81502052],
       [-10.48711834],
       [ -9.87960204],
       [-10.53885493],
       [-10.61104184],
       [-10.90700614],
       [ -9.77191763],
       [ -7.14360368],
       [  0.22964819]])
<<<<<<<<<<< STEP 7 >>>>>>>>>>>> + array([[-0.49649391],
       [-0.05070416],
       [-0.49908819],
       [-0.49912204],
       [-0.49801559],
       [-0.50061958],
       [-0.50078053],
       [-0.50079509],
       [-0.50005962],
       [-0.49867969],
       [-0.50112056],
       [-0.24138739],
       [-0.50112787],
       [-0.50097456],
       [-0.50071371],
       [-0.50075351],
       [-0.50089065],
       [-0.50096652],
       [-0.50035418],
       [-0.50066213],
       [-0.50083681],
       [-0.50301443],
       [-0.50084838],
       [-0.50079409],
       [-0.49971163],
       [-0.50021227],
       [-0.50035985],
       [-0.5002361 ],
       [-0.49917085],
       [-0.4953588 ],
       [ 0.02136892]])
array([[ -8.69989791],
       [ -1.09527338],
       [ -9.37630777],
       [ -9.21345456],
       [ -8.22891734],
       [-10.85093101],
       [-11.67952028],
       [-11.63767569],
       [-10.90651723],
       [ -9.01714733],
       [-11.25026034],
       [ -2.70919593],
       [-11.2479115 ],
       [-11.04266287],
       [-10.09811621],
       [-11.07984614],
       [-11.26001046],
       [-10.85208548],
       [-10.89611563],
       [-11.21829082],
       [-11.12520206],
       [-10.46182852],
       [-11.31586889],
       [-10.98791243],
       [-10.37931367],
       [-11.0390672 ],
       [-11.1114017 ],
       [-11.40724224],
       [-10.27108849],
       [ -7.63896248],
       [  0.25101712]])
<<<<<<<<<<< STEP 8 >>>>>>>>>>>> + array([[-0.49819088],
       [-0.04985939],
       [-0.49968752],
       [-0.49972006],
       [-0.49854276],
       [-0.50036353],
       [-0.50050543],
       [-0.50051406],
       [-0.49996115],
       [-0.4990061 ],
       [-0.50077527],
       [-0.27616887],
       [-0.50078149],
       [-0.50067071],
       [-0.50049052],
       [-0.50050411],
       [-0.50060108],
       [-0.5006595 ],
       [-0.5001945 ],
       [-0.50042575],
       [-0.50057932],
       [-0.50231357],
       [-0.50058274],
       [-0.50054862],
       [-0.49971754],
       [-0.50009774],
       [-0.50020493],
       [-0.50009917],
       [-0.49931443],
       [-0.49685354],
       [ 0.02307119]])
array([[ -9.19808879],
       [ -1.14513277],
       [ -9.87599529],
       [ -9.71317462],
       [ -8.72746011],
       [-11.35129454],
       [-12.18002571],
       [-12.13818975],
       [-11.40647838],
       [ -9.51615343],
       [-11.75103561],
       [ -2.9853648 ],
       [-11.74869299],
       [-11.54333359],
       [-10.59860673],
       [-11.58035026],
       [-11.76061154],
       [-11.35274497],
       [-11.39631013],
       [-11.71871657],
       [-11.62578137],
       [-10.9641421 ],
       [-11.81645164],
       [-11.48846105],
       [-10.87903121],
       [-11.53916494],
       [-11.61160662],
       [-11.90734142],
       [-10.77040292],
       [ -8.13581602],
       [  0.27408831]])
<<<<<<<<<<< STEP 9 >>>>>>>>>>>> + array([[-0.49916025],
       [-0.04871426],
       [-0.49999855],
       [-0.50002767],
       [-0.49890546],
       [-0.50020811],
       [-0.50032789],
       [-0.50033312],
       [-0.49991576],
       [-0.49924728],
       [-0.50053565],
       [-0.31440107],
       [-0.50054095],
       [-0.50046222],
       [-0.50033234],
       [-0.50033695],
       [-0.5004044 ],
       [-0.50044588],
       [-0.50009454],
       [-0.50027083],
       [-0.50040811],
       [-0.50176969],
       [-0.50040691],
       [-0.50038561],
       [-0.4997482 ],
       [-0.50003829],
       [-0.50011575],
       [-0.50002825],
       [-0.49944898],
       [-0.49786009],
       [ 0.02479   ]])
array([[ -9.69724903],
       [ -1.19384703],
       [-10.37599384],
       [-10.21320229],
       [ -9.22636557],
       [-11.85150264],
       [-12.6803536 ],
       [-12.63852287],
       [-11.90639414],
       [-10.01540072],
       [-12.25157125],
       [ -3.29976588],
       [-12.24923394],
       [-12.04379581],
       [-11.09893907],
       [-12.0806872 ],
       [-12.26101594],
       [-11.85319085],
       [-11.89640467],
       [-12.21898741],
       [-12.12618948],
       [-11.46591178],
       [-12.31685855],
       [-11.98884666],
       [-11.37877941],
       [-12.03920323],
       [-12.11172238],
       [-12.40736967],
       [-11.26985189],
       [ -8.63367612],
       [  0.2988783 ]])
<<<<<<<<<<< STEP 10 >>>>>>>>>>>> + array([[-0.49969237],
       [-0.04745174],
       [-0.5001436 ],
       [-0.50016859],
       [-0.49916101],
       [-0.50011438],
       [-0.50021268],
       [-0.50021597],
       [-0.49989994],
       [-0.49942677],
       [-0.50036867],
       [-0.35383294],
       [-0.50037319],
       [-0.50031829],
       [-0.50022071],
       [-0.50022432],
       [-0.50027028],
       [-0.5002973 ],
       [-0.50003311],
       [-0.50016919],
       [-0.50029241],
       [-0.50134938],
       [-0.50028874],
       [-0.50027562],
       [-0.49978728],
       [-0.50000943],
       [-0.50006506],
       [-0.49999426],
       [-0.4995662 ],
       [-0.49854029],
       [ 0.02645584]])
array([[-10.19694141],
       [ -1.24129876],
       [-10.87613745],
       [-10.71337088],
       [ -9.72552657],
       [-12.35161702],
       [-13.18056628],
       [-13.13873884],
       [-12.40629408],
       [-10.51482749],
       [-12.75193992],
       [ -3.65359882],
       [-12.74960713],
       [-12.5441141 ],
       [-11.59915978],
       [-12.58091152],
       [-12.76128622],
       [-12.35348815],
       [-12.39643777],
       [-12.7191566 ],
       [-12.62648189],
       [-11.96726116],
       [-12.81714729],
       [-12.48912227],
       [-11.87856669],
       [-12.53921266],
       [-12.61178744],
       [-12.90736393],
       [-11.76941809],
       [ -9.1322164 ],
       [  0.32533414]])
<<<<<<<<<<< STEP 11 >>>>>>>>>>>> + array([[-0.499969  ],
       [-0.04638805],
       [-0.50019728],
       [-0.50021814],
       [-0.49934671],
       [-0.50005859],
       [-0.50013771],
       [-0.50013989],
       [-0.49990001],
       [-0.49956146],
       [-0.5002525 ],
       [-0.39142649],
       [-0.50025633],
       [-0.50021881],
       [-0.50014299],
       [-0.50014845],
       [-0.50017905],
       [-0.5001948 ],
       [-0.49999692],
       [-0.50010292],
       [-0.50021277],
       [-0.50102632],
       [-0.50020799],
       [-0.50020005],
       [-0.49982627],
       [-0.49999684],
       [-0.50003656],
       [-0.49998018],
       [-0.49966357],
       [-0.49900128],
       [ 0.02797392]])
array([[-10.6969104 ],
       [ -1.28768681],
       [-11.37633472],
       [-11.21358901],
       [-10.22487328],
       [-12.85167561],
       [-13.68070398],
       [-13.63887873],
       [-12.90619409],
       [-11.01438894],
       [-13.25219242],
       [ -4.04502531],
       [-13.24986346],
       [-13.04433291],
       [-12.09930277],
       [-13.08105997],
       [-13.26146527],
       [-12.85368295],
       [-12.89643469],
       [-13.21925953],
       [-13.12669466],
       [-12.46828748],
       [-13.31735528],
       [-12.98932233],
       [-12.37839296],
       [-13.0392095 ],
       [-13.11182399],
       [-13.40734411],
       [-12.26908166],
       [ -9.63121768],
       [  0.35330806]])
<<<<<<<<<<< STEP 12 >>>>>>>>>>>> + array([[-0.50010052],
       [-0.04590706],
       [-0.50020353],
       [-0.50022062],
       [-0.49948624],
       [-0.50002615],
       [-0.50008898],
       [-0.50009051],
       [-0.49990806],
       [-0.49966337],
       [-0.50017221],
       [-0.42419285],
       [-0.50017544],
       [-0.50015027],
       [-0.50009006],
       [-0.50009762],
       [-0.50011751],
       [-0.50012523],
       [-0.49997735],
       [-0.50006037],
       [-0.50015688],
       [-0.50077945],
       [-0.50015181],
       [-0.50014714],
       [-0.4998612 ],
       [-0.4999924 ],
       [-0.50002064],
       [-0.49997623],
       [-0.49974173],
       [-0.4993141 ],
       [ 0.02925574]])
array([[-11.19701092],
       [ -1.33359387],
       [-11.87653826],
       [-11.71380963],
       [-10.72435952],
       [-13.35170176],
       [-14.18079296],
       [-14.13896924],
       [-13.40610215],
       [-11.51405232],
       [-13.75236463],
       [ -4.46921816],
       [-13.7500389 ],
       [-13.54448318],
       [-12.59939283],
       [-13.58115759],
       [-13.76158278],
       [-13.35380818],
       [-13.39641204],
       [-13.7193199 ],
       [-13.62685154],
       [-12.96906693],
       [-13.81750709],
       [-13.48946947],
       [-12.87825417],
       [-13.5392019 ],
       [-13.61184464],
       [-13.90732034],
       [-12.76882339],
       [-10.13053178],
       [  0.38256381]])
<<<<<<<<<<< STEP 13 >>>>>>>>>>>> + array([[-0.50015237],
       [-0.04635871],
       [-0.5001874 ],
       [-0.5002012 ],
       [-0.49959421],
       [-0.500008  ],
       [-0.50005743],
       [-0.50005856],
       [-0.49991955],
       [-0.49974105],
       [-0.50011727],
       [-0.45021808],
       [-0.50011995],
       [-0.50010332],
       [-0.50005504],
       [-0.50006391],
       [-0.50007655],
       [-0.50007903],
       [-0.49996854],
       [-0.5000337 ],
       [-0.50011691],
       [-0.50059177],
       [-0.50011205],
       [-0.50010939],
       [-0.49989067],
       [-0.4999917 ],
       [-0.50001175],
       [-0.49997704],
       [-0.49980293],
       [-0.49952639],
       [ 0.03025385]])
array([[-11.69716329],
       [ -1.37995258],
       [-12.37672566],
       [-12.21401083],
       [-11.22395373],
       [-13.85170977],
       [-14.6808504 ],
       [-14.6390278 ],
       [-13.9060217 ],
       [-12.01379336],
       [-14.2524819 ],
       [ -4.91943624],
       [-14.25015885],
       [-14.04458651],
       [-13.09944787],
       [-14.0812215 ],
       [-14.26165932],
       [-13.85388721],
       [-13.89638058],
       [-14.2193536 ],
       [-14.12696845],
       [-13.46965869],
       [-14.31761914],
       [-13.98957886],
       [-13.37814484],
       [-14.0391936 ],
       [-14.11185639],
       [-14.40729738],
       [-13.26862632],
       [-10.63005817],
       [  0.41281765]])
<<<<<<<<<<< STEP 14 >>>>>>>>>>>> + array([[-0.50016248],
       [-0.04798597],
       [-0.50016255],
       [-0.50017357],
       [-0.49967946],
       [-0.49999848],
       [-0.50003712],
       [-0.50003797],
       [-0.49993189],
       [-0.49980057],
       [-0.50008003],
       [-0.4691626 ],
       [-0.50008223],
       [-0.50007135],
       [-0.50003257],
       [-0.50004178],
       [-0.50004965],
       [-0.50004906],
       [-0.49996638],
       [-0.5000175 ],
       [-0.50008782],
       [-0.50044957],
       [-0.50008344],
       [-0.500082  ],
       [-0.49991464],
       [-0.49999247],
       [-0.50000675],
       [-0.49997975],
       [-0.49985005],
       [-0.49967055],
       [ 0.03097669]])
array([[-12.19732577],
       [ -1.42793855],
       [-12.87688821],
       [-12.7141844 ],
       [-11.7236332 ],
       [-14.35170825],
       [-15.18088752],
       [-15.13906578],
       [-14.40595359],
       [-12.51359393],
       [-14.75256193],
       [ -5.38859884],
       [-14.75024108],
       [-14.54465786],
       [-13.59948044],
       [-14.58126328],
       [-14.76170898],
       [-14.35393627],
       [-14.39634697],
       [-14.7193711 ],
       [-14.62705627],
       [-13.97010826],
       [-14.81770258],
       [-14.48966086],
       [-13.87805948],
       [-14.53918607],
       [-14.61186314],
       [-14.90727713],
       [-13.76847637],
       [-11.12972872],
       [  0.44379434]])
<<<<<<<<<<< STEP 15 >>>>>>>>>>>> + array([[-0.5001523 ],
       [-0.05092232],
       [-0.50013602],
       [-0.50014475],
       [-0.49974744],
       [-0.49999402],
       [-0.50002409],
       [-0.50002475],
       [-0.49994369],
       [-0.49984635],
       [-0.50005492],
       [-0.48195272],
       [-0.50005671],
       [-0.50004963],
       [-0.5000186 ],
       [-0.50002738],
       [-0.50003221],
       [-0.50003003],
       [-0.49996801],
       [-0.50000802],
       [-0.50006635],
       [-0.50034192],
       [-0.50006256],
       [-0.50006185],
       [-0.49993372],
       [-0.49999368],
       [-0.50000391],
       [-0.49998298],
       [-0.49988598],
       [-0.49976872],
       [ 0.03147605]])
array([[-12.69747807],
       [ -1.47886088],
       [-13.37702423],
       [-13.21432915],
       [-12.22338064],
       [-14.85170226],
       [-15.68091161],
       [-15.63909053],
       [-14.90589727],
       [-13.01344028],
       [-15.25261685],
       [ -5.87055156],
       [-15.25029779],
       [-15.04470748],
       [-14.09949904],
       [-15.08129066],
       [-15.26174119],
       [-14.8539663 ],
       [-14.89631498],
       [-15.21937912],
       [-15.12712262],
       [-14.47045019],
       [-15.31776514],
       [-14.98972271],
       [-14.37799321],
       [-15.03917975],
       [-15.11186705],
       [-15.40726012],
       [-14.26836235],
       [-11.62949745],
       [  0.47527039]])
<<<<<<<<<<< STEP 16 >>>>>>>>>>>> + array([[-0.50013362],
       [-0.05524154],
       [-0.5001112 ],
       [-0.50011807],
       [-0.49980176],
       [-0.49999241],
       [-0.50001575],
       [-0.50001626],
       [-0.49995425],
       [-0.49988164],
       [-0.50003802],
       [-0.49006921],
       [-0.50003946],
       [-0.50003484],
       [-0.50001016],
       [-0.50001805],
       [-0.50002097],
       [-0.50001817],
       [-0.4999715 ],
       [-0.50000273],
       [-0.50005034],
       [-0.50026036],
       [-0.50004716],
       [-0.50004685],
       [-0.49994872],
       [-0.49999489],
       [-0.50000227],
       [-0.49998609],
       [-0.49991325],
       [-0.49983598],
       [ 0.03182184]])
array([[-13.19761169],
       [ -1.53410242],
       [-13.87713543],
       [-13.71444723],
       [-12.7231824 ],
       [-15.35169467],
       [-16.18092736],
       [-16.13910679],
       [-15.40585153],
       [-13.51332192],
       [-15.75265488],
       [ -6.36062076],
       [-15.75033725],
       [-15.54474232],
       [-14.59950921],
       [-15.58130871],
       [-15.76176215],
       [-15.35398448],
       [-15.39628648],
       [-15.71938185],
       [-15.62717296],
       [-14.97071054],
       [-15.8178123 ],
       [-15.48976956],
       [-14.87794192],
       [-15.53917465],
       [-15.61186931],
       [-15.90724621],
       [-14.7682756 ],
       [-12.12933342],
       [  0.50709223]])
<<<<<<<<<<< STEP 17 >>>>>>>>>>>> + array([[-0.50011268],
       [-0.06101661],
       [-0.50008945],
       [-0.50009483],
       [-0.49984505],
       [-0.49999233],
       [-0.50001039],
       [-0.50001079],
       [-0.49996333],
       [-0.49990888],
       [-0.5000266 ],
       [-0.4949608 ],
       [-0.50002774],
       [-0.50002471],
       [-0.50000521],
       [-0.500012  ],
       [-0.50001374],
       [-0.50001088],
       [-0.49997566],
       [-0.49999996],
       [-0.50003829],
       [-0.5001984 ],
       [-0.50003568],
       [-0.5000356 ],
       [-0.49996041],
       [-0.49999595],
       [-0.50000131],
       [-0.49998883],
       [-0.49993394],
       [-0.49988246],
       [ 0.03208194]])
array([[-13.69772437],
       [ -1.59511903],
       [-14.37722488],
       [-14.21454206],
       [-13.22302745],
       [-15.851687  ],
       [-16.68093775],
       [-16.63911759],
       [-15.90581485],
       [-14.0132308 ],
       [-16.25268147],
       [ -6.85558157],
       [-16.25036498],
       [-16.04476703],
       [-15.09951441],
       [-16.08132071],
       [-16.26177589],
       [-15.85399536],
       [-15.89626214],
       [-16.2193818 ],
       [-16.12721125],
       [-15.47090895],
       [-16.31784798],
       [-15.98980516],
       [-15.37790234],
       [-16.0391706 ],
       [-16.11187062],
       [-16.40723504],
       [-15.26820954],
       [-12.62921588],
       [  0.53917417]])
<<<<<<<<<<< STEP 18 >>>>>>>>>>>> + array([[-0.50009258],
       [-0.06836241],
       [-0.5000711 ],
       [-0.5000753 ],
       [-0.4998794 ],
       [-0.49999298],
       [-0.50000693],
       [-0.50000725],
       [-0.49997091],
       [-0.49992991],
       [-0.50001881],
       [-0.4977724 ],
       [-0.50001971],
       [-0.50001771],
       [-0.50000238],
       [-0.50000806],
       [-0.50000908],
       [-0.50000645],
       [-0.49997981],
       [-0.49999865],
       [-0.50002918],
       [-0.50015121],
       [-0.50002707],
       [-0.5000271 ],
       [-0.4999695 ],
       [-0.49999682],
       [-0.50000075],
       [-0.49999115],
       [-0.49994966],
       [-0.49991493],
       [ 0.03231312]])
array([[-14.19781694],
       [ -1.66348144],
       [-14.87729598],
       [-14.71461735],
       [-13.72290685],
       [-16.35167999],
       [-17.18094467],
       [-17.13912484],
       [-16.40578577],
       [-14.51316072],
       [-16.75270029],
       [ -7.35335397],
       [-16.75038469],
       [-16.54478474],
       [-15.59951679],
       [-16.58132877],
       [-16.76178497],
       [-16.35400181],
       [-16.39624194],
       [-16.71938045],
       [-16.62724043],
       [-15.97106016],
       [-16.81787505],
       [-16.48983226],
       [-15.87787184],
       [-16.53916741],
       [-16.61187137],
       [-16.90722618],
       [-15.76815921],
       [-13.12913081],
       [  0.57148729]])
<<<<<<<<<<< STEP 19 >>>>>>>>>>>> + array([[-0.50007468],
       [-0.07746039],
       [-0.50005601],
       [-0.50005927],
       [-0.49990654],
       [-0.49999393],
       [-0.50000467],
       [-0.50000494],
       [-0.49997712],
       [-0.49994616],
       [-0.50001345],
       [-0.49930645],
       [-0.50001415],
       [-0.50001282],
       [-0.50000083],
       [-0.50000547],
       [-0.50000606],
       [-0.50000378],
       [-0.4999836 ],
       [-0.49999815],
       [-0.50002226],
       [-0.50011516],
       [-0.50002057],
       [-0.50002065],
       [-0.49997654],
       [-0.49999751],
       [-0.50000041],
       [-0.49999304],
       [-0.49996163],
       [-0.49993788],
       [ 0.03255993]])
array([[-14.69789162],
       [ -1.74094183],
       [-15.37735199],
       [-15.21467662],
       [-14.22281339],
       [-16.85167392],
       [-17.68094934],
       [-17.63912978],
       [-16.90576289],
       [-15.01310688],
       [-17.25271373],
       [ -7.85266042],
       [-17.25039884],
       [-17.04479756],
       [-16.09951762],
       [-17.08133424],
       [-17.26179103],
       [-16.85400559],
       [-16.89622554],
       [-17.2193786 ],
       [-17.12726269],
       [-16.47117532],
       [-17.31789563],
       [-16.98985291],
       [-16.37784838],
       [-17.03916493],
       [-17.11187178],
       [-17.40721923],
       [-16.26812084],
       [-13.62906869],
       [  0.60404722]])
<<<<<<<<<<< STEP 20 >>>>>>>>>>>> + array([[-0.50005943],
       [-0.08857212],
       [-0.50004379],
       [-0.50004632],
       [-0.49992788],
       [-0.49999493],
       [-0.50000319],
       [-0.50000341],
       [-0.49998213],
       [-0.49995871],
       [-0.50000971],
       [-0.50008569],
       [-0.50001025],
       [-0.50000935],
       [-0.50000002],
       [-0.50000375],
       [-0.50000408],
       [-0.50000218],
       [-0.49998689],
       [-0.49999809],
       [-0.50001697],
       [-0.50008756],
       [-0.50001564],
       [-0.50001574],
       [-0.499982  ],
       [-0.49999806],
       [-0.50000022],
       [-0.49999458],
       [-0.49997076],
       [-0.4999543 ],
       [ 0.03285703]])
array([[-15.19795105],
       [ -1.82951395],
       [-15.87739579],
       [-15.71472294],
       [-14.72274128],
       [-17.35166885],
       [-18.18095253],
       [-18.13913319],
       [-17.40574502],
       [-15.51306559],
       [-17.75272344],
       [ -8.35274612],
       [-17.75040909],
       [-17.54480691],
       [-16.59951764],
       [-17.58133799],
       [-17.76179511],
       [-17.35400777],
       [-17.39621243],
       [-17.71937669],
       [-17.62727966],
       [-16.97126288],
       [-17.81791127],
       [-17.48986865],
       [-16.87783038],
       [-17.53916299],
       [-17.611872  ],
       [-17.9072138 ],
       [-16.7680916 ],
       [-14.12902299],
       [  0.63690425]])
<<<<<<<<<<< STEP 21 >>>>>>>>>>>> + array([[-0.50004678],
       [-0.10204638],
       [-0.50003403],
       [-0.50003598],
       [-0.49994461],
       [-0.49999587],
       [-0.5000022 ],
       [-0.50000239],
       [-0.49998614],
       [-0.4999684 ],
       [-0.50000706],
       [-0.50043492],
       [-0.50000748],
       [-0.50000687],
       [-0.49999963],
       [-0.50000259],
       [-0.50000277],
       [-0.50000123],
       [-0.49998965],
       [-0.49999824],
       [-0.50001294],
       [-0.50006638],
       [-0.50001189],
       [-0.50001199],
       [-0.49998621],
       [-0.49999849],
       [-0.5000001 ],
       [-0.4999958 ],
       [-0.49997775],
       [-0.49996618],
       [ 0.03323195]])
array([[-15.69799783],
       [ -1.93156033],
       [-16.37742982],
       [-16.21475891],
       [-15.22268588],
       [-17.85166471],
       [-18.68095472],
       [-18.63913558],
       [-17.90573116],
       [-16.01303399],
       [-18.2527305 ],
       [ -8.85318103],
       [-18.25041658],
       [-18.04481378],
       [-17.09951727],
       [-18.08134058],
       [-18.26179788],
       [-17.854009  ],
       [-17.89620208],
       [-18.21937493],
       [-18.12729259],
       [-17.47132925],
       [-18.31792316],
       [-17.98988063],
       [-17.37781659],
       [-18.03916147],
       [-18.1118721 ],
       [-18.4072096 ],
       [-17.26806935],
       [-14.62898917],
       [  0.6701362 ]])
<<<<<<<<<<< STEP 22 >>>>>>>>>>>> + array([[-0.5000365 ],
       [-0.11831933],
       [-0.50002629],
       [-0.50002779],
       [-0.49995767],
       [-0.49999669],
       [-0.50000153],
       [-0.5000017 ],
       [-0.4999893 ],
       [-0.49997588],
       [-0.50000518],
       [-0.50054928],
       [-0.5000055 ],
       [-0.50000508],
       [-0.49999948],
       [-0.5000018 ],
       [-0.50000189],
       [-0.50000067],
       [-0.49999192],
       [-0.49999847],
       [-0.50000984],
       [-0.5000501 ],
       [-0.50000903],
       [-0.50000912],
       [-0.49998947],
       [-0.49999882],
       [-0.50000003],
       [-0.49999677],
       [-0.49998309],
       [-0.49997486],
       [ 0.03370674]])
array([[-16.19803433],
       [ -2.04987966],
       [-16.8774561 ],
       [-16.7147867 ],
       [-15.72264355],
       [-18.3516614 ],
       [-19.18095625],
       [-19.13913728],
       [-18.40572046],
       [-16.51300987],
       [-18.75273568],
       [ -9.35373031],
       [-18.75042207],
       [-18.54481886],
       [-17.59951675],
       [-18.58134238],
       [-18.76179977],
       [-18.35400968],
       [-18.396194  ],
       [-18.7193734 ],
       [-18.62730244],
       [-17.97137936],
       [-18.81793219],
       [-18.48988975],
       [-17.87780606],
       [-18.5391603 ],
       [-18.61187213],
       [-18.90720637],
       [-17.76805244],
       [-15.12896404],
       [  0.70384295]])
<<<<<<<<<<< STEP 23 >>>>>>>>>>>> + array([[-0.50002825],
       [-0.13790032],
       [-0.50002019],
       [-0.50002134],
       [-0.49996784],
       [-0.49999738],
       [-0.50000107],
       [-0.50000122],
       [-0.4999918 ],
       [-0.49998166],
       [-0.50000381],
       [-0.50054286],
       [-0.50000405],
       [-0.50000377],
       [-0.49999945],
       [-0.50000125],
       [-0.50000129],
       [-0.50000035],
       [-0.49999375],
       [-0.49999873],
       [-0.50000747],
       [-0.5000376 ],
       [-0.50000684],
       [-0.50000692],
       [-0.49999199],
       [-0.49999908],
       [-0.49999999],
       [-0.49999753],
       [-0.49998719],
       [-0.49998127],
       [ 0.03429818]])
array([[-16.69806259],
       [ -2.18777998],
       [-17.37747629],
       [-17.21480804],
       [-16.22261138],
       [-18.85165878],
       [-19.68095732],
       [-19.6391385 ],
       [-18.90571226],
       [-17.01299153],
       [-19.25273949],
       [ -9.85427317],
       [-19.25042613],
       [-19.04482263],
       [-18.09951621],
       [-19.08134363],
       [-19.26180105],
       [-18.85401002],
       [-18.89618775],
       [-19.21937213],
       [-19.12730991],
       [-18.47141696],
       [-19.31793903],
       [-18.98989667],
       [-18.37779805],
       [-19.03915938],
       [-19.11187212],
       [-19.40720389],
       [-18.26803964],
       [-15.6289453 ],
       [  0.73814112]])
<<<<<<<<<<< STEP 24 >>>>>>>>>>>> + array([[-0.5000217 ],
       [-0.16132833],
       [-0.50001542],
       [-0.5000163 ],
       [-0.49997573],
       [-0.49999795],
       [-0.50000075],
       [-0.50000089],
       [-0.49999375],
       [-0.49998611],
       [-0.50000281],
       [-0.5004806 ],
       [-0.500003  ],
       [-0.5000028 ],
       [-0.49999948],
       [-0.50000087],
       [-0.50000087],
       [-0.50000016],
       [-0.49999522],
       [-0.49999896],
       [-0.50000565],
       [-0.50002798],
       [-0.50000517],
       [-0.50000523],
       [-0.49999393],
       [-0.49999928],
       [-0.49999996],
       [-0.49999812],
       [-0.49999034],
       [-0.49998602],
       [ 0.03501567]])
array([[-17.19808429],
       [ -2.34910831],
       [-17.87749171],
       [-17.71482434],
       [-16.72258711],
       [-19.35165673],
       [-20.18095807],
       [-20.13913939],
       [-19.40570601],
       [-17.51297763],
       [-19.7527423 ],
       [-10.35475378],
       [-19.75042913],
       [-19.54482542],
       [-18.59951569],
       [-19.5813445 ],
       [-19.76180193],
       [-19.35401018],
       [-19.39618297],
       [-19.71937109],
       [-19.62731556],
       [-18.97144494],
       [-19.8179442 ],
       [-19.48990191],
       [-18.87779198],
       [-19.53915866],
       [-19.61187208],
       [-19.90720201],
       [-18.76802997],
       [-16.12893133],
       [  0.77315679]])
<<<<<<<<<<< STEP 25 >>>>>>>>>>>> + array([[-0.50001655],
       [-0.1890743 ],
       [-0.5000117 ],
       [-0.50001237],
       [-0.49998184],
       [-0.49999842],
       [-0.50000052],
       [-0.50000066],
       [-0.49999527],
       [-0.49998953],
       [-0.50000208],
       [-0.50039827],
       [-0.50000222],
       [-0.50000208],
       [-0.49999954],
       [-0.5000006 ],
       [-0.50000058],
       [-0.50000005],
       [-0.49999637],
       [-0.49999917],
       [-0.50000426],
       [-0.50002061],
       [-0.50000389],
       [-0.50000394],
       [-0.49999542],
       [-0.49999943],
       [-0.49999995],
       [-0.49999858],
       [-0.49999275],
       [-0.49998958],
       [ 0.03585666]])
array([[-17.69810084],
       [ -2.53818261],
       [-18.37750341],
       [-18.21483672],
       [-17.22256895],
       [-19.85165515],
       [-20.68095859],
       [-20.63914005],
       [-19.90570128],
       [-18.01296717],
       [-20.25274438],
       [-10.85515205],
       [-20.25043134],
       [-20.0448275 ],
       [-19.09951523],
       [-20.0813451 ],
       [-20.26180251],
       [-19.85401024],
       [-19.89617934],
       [-20.21937027],
       [-20.12731982],
       [-19.47146555],
       [-20.31794809],
       [-19.98990585],
       [-19.3777874 ],
       [-20.03915809],
       [-20.11187203],
       [-20.40720059],
       [-19.26802272],
       [-16.6289209 ],
       [  0.80901345]])
<<<<<<<<<<< STEP 26 >>>>>>>>>>>> + array([[-0.50001252],
       [-0.22136126],
       [-0.50000882],
       [-0.50000933],
       [-0.49998654],
       [-0.49999878],
       [-0.50000037],
       [-0.50000049],
       [-0.49999645],
       [-0.49999216],
       [-0.50000153],
       [-0.50031471],
       [-0.50000164],
       [-0.50000154],
       [-0.49999961],
       [-0.5000004 ],
       [-0.50000038],
       [-0.5       ],
       [-0.49999728],
       [-0.49999935],
       [-0.50000319],
       [-0.50001497],
       [-0.50000291],
       [-0.50000295],
       [-0.49999657],
       [-0.49999955],
       [-0.49999994],
       [-0.49999894],
       [-0.49999459],
       [-0.49999224],
       [ 0.03679905]])
array([[-18.19811335],
       [ -2.75954387],
       [-18.87751223],
       [-18.71484605],
       [-17.72255549],
       [-20.35165393],
       [-21.18095896],
       [-21.13914054],
       [-20.40569773],
       [-18.51295933],
       [-20.75274592],
       [-11.35546676],
       [-20.75043298],
       [-20.54482904],
       [-19.59951484],
       [-20.5813455 ],
       [-20.76180289],
       [-20.35401024],
       [-20.39617662],
       [-20.71936962],
       [-20.62732301],
       [-19.97148052],
       [-20.81795099],
       [-20.48990881],
       [-19.87778397],
       [-20.53915765],
       [-20.61187197],
       [-20.90719954],
       [-19.76801732],
       [-17.12891314],
       [  0.8458125 ]])
<<<<<<<<<<< STEP 27 >>>>>>>>>>>> + array([[-0.50000939],
       [-0.25789144],
       [-0.5000066 ],
       [-0.50000699],
       [-0.49999014],
       [-0.49999907],
       [-0.50000025],
       [-0.50000037],
       [-0.49999736],
       [-0.49999418],
       [-0.50000113],
       [-0.50023914],
       [-0.5000012 ],
       [-0.50000114],
       [-0.49999967],
       [-0.50000027],
       [-0.50000024],
       [-0.49999997],
       [-0.49999798],
       [-0.4999995 ],
       [-0.50000238],
       [-0.5000107 ],
       [-0.50000216],
       [-0.5000022 ],
       [-0.49999745],
       [-0.49999965],
       [-0.49999994],
       [-0.49999922],
       [-0.499996  ],
       [-0.49999424],
       [ 0.03779206]])
array([[-18.69812274],
       [ -3.01743532],
       [-19.37751883],
       [-19.21485303],
       [-18.22254563],
       [-20.85165301],
       [-21.68095921],
       [-21.63914091],
       [-20.90569509],
       [-19.01295351],
       [-21.25274705],
       [-11.8557059 ],
       [-21.25043418],
       [-21.04483018],
       [-20.0995145 ],
       [-21.08134577],
       [-21.26180313],
       [-20.8540102 ],
       [-20.8961746 ],
       [-21.21936911],
       [-21.12732539],
       [-20.47149122],
       [-21.31795315],
       [-20.989911  ],
       [-20.37778142],
       [-21.03915729],
       [-21.1118719 ],
       [-21.40719875],
       [-20.26801332],
       [-17.62890739],
       [  0.88360457]])
<<<<<<<<<<< STEP 28 >>>>>>>>>>>> + array([[-0.50000699],
       [-0.29753821],
       [-0.5000049 ],
       [-0.50000519],
       [-0.49999287],
       [-0.4999993 ],
       [-0.50000017],
       [-0.50000028],
       [-0.49999805],
       [-0.49999571],
       [-0.50000083],
       [-0.50017543],
       [-0.50000088],
       [-0.50000084],
       [-0.49999972],
       [-0.50000017],
       [-0.50000014],
       [-0.49999996],
       [-0.49999852],
       [-0.49999961],
       [-0.50000176],
       [-0.50000748],
       [-0.50000159],
       [-0.50000163],
       [-0.49999812],
       [-0.49999972],
       [-0.49999994],
       [-0.49999943],
       [-0.49999707],
       [-0.49999575],
       [ 0.03874984]])
array([[-19.19812973],
       [ -3.31497353],
       [-19.87752372],
       [-19.71485822],
       [-18.7225385 ],
       [-21.35165231],
       [-22.18095938],
       [-22.13914119],
       [-21.40569313],
       [-19.51294921],
       [-21.75274787],
       [-12.35588133],
       [-21.75043506],
       [-21.54483102],
       [-20.59951423],
       [-21.58134593],
       [-21.76180326],
       [-21.35401016],
       [-21.39617312],
       [-21.71936873],
       [-21.62732714],
       [-20.9714987 ],
       [-21.81795475],
       [-21.48991263],
       [-20.87777954],
       [-21.53915701],
       [-21.61187184],
       [-21.90719818],
       [-20.76801038],
       [-18.12890314],
       [  0.92235441]])
<<<<<<<<<<< STEP 29 >>>>>>>>>>>> + array([[-0.50000516],
       [-0.3381853 ],
       [-0.50000361],
       [-0.50000383],
       [-0.49999491],
       [-0.49999948],
       [-0.50000011],
       [-0.50000021],
       [-0.49999857],
       [-0.49999686],
       [-0.50000061],
       [-0.50012449],
       [-0.50000064],
       [-0.50000061],
       [-0.49999977],
       [-0.5000001 ],
       [-0.50000007],
       [-0.49999995],
       [-0.49999893],
       [-0.49999971],
       [-0.50000129],
       [-0.50000512],
       [-0.50000117],
       [-0.50000119],
       [-0.49999862],
       [-0.49999978],
       [-0.49999994],
       [-0.49999958],
       [-0.49999787],
       [-0.49999687],
       [ 0.03955632]])
array([[-19.69813489],
       [ -3.65315883],
       [-20.37752733],
       [-20.21486205],
       [-19.22253341],
       [-21.85165179],
       [-22.68095949],
       [-22.63914141],
       [-21.90569171],
       [-20.01294607],
       [-22.25274848],
       [-12.85600581],
       [-22.2504357 ],
       [-22.04483163],
       [-21.099514  ],
       [-22.08134603],
       [-22.26180333],
       [-21.85401011],
       [-21.89617205],
       [-22.21936843],
       [-22.12732843],
       [-21.47150382],
       [-22.31795591],
       [-21.98991382],
       [-21.37777816],
       [-22.03915679],
       [-22.11187178],
       [-22.40719776],
       [-21.26800825],
       [-18.62890001],
       [  0.96191073]])
<<<<<<<<<<< STEP 30 >>>>>>>>>>>> + array([[-0.50000379],
       [-0.37698077],
       [-0.50000264],
       [-0.50000281],
       [-0.49999641],
       [-0.49999961],
       [-0.50000007],
       [-0.50000017],
       [-0.49999896],
       [-0.49999772],
       [-0.50000044],
       [-0.50008562],
       [-0.50000047],
       [-0.50000045],
       [-0.49999981],
       [-0.50000005],
       [-0.50000002],
       [-0.49999995],
       [-0.49999923],
       [-0.49999978],
       [-0.50000094],
       [-0.50000341],
       [-0.50000085],
       [-0.50000087],
       [-0.499999  ],
       [-0.49999982],
       [-0.49999994],
       [-0.4999997 ],
       [-0.49999846],
       [-0.49999771],
       [ 0.04008925]])
array([[-20.19813868],
       [ -4.0301396 ],
       [-20.87752998],
       [-20.71486486],
       [-19.72252982],
       [-22.35165139],
       [-23.18095957],
       [-23.13914157],
       [-22.40569067],
       [-20.51294379],
       [-22.75274892],
       [-13.35609144],
       [-22.75043617],
       [-22.54483208],
       [-21.59951382],
       [-22.58134608],
       [-22.76180336],
       [-22.35401006],
       [-22.39617127],
       [-22.71936821],
       [-22.62732938],
       [-21.97150723],
       [-22.81795676],
       [-22.4899147 ],
       [-21.87777715],
       [-22.53915661],
       [-22.61187172],
       [-22.90719747],
       [-21.76800671],
       [-19.12889771],
       [  1.00199998]])
<<<<<<<<<<< STEP 31 >>>>>>>>>>>> + array([[-0.50000277],
       [-0.41110593],
       [-0.50000193],
       [-0.50000205],
       [-0.4999975 ],
       [-0.49999971],
       [-0.50000005],
       [-0.50000013],
       [-0.49999925],
       [-0.49999835],
       [-0.50000032],
       [-0.50005726],
       [-0.50000034],
       [-0.50000033],
       [-0.49999985],
       [-0.50000002],
       [-0.5       ],
       [-0.49999996],
       [-0.49999945],
       [-0.49999983],
       [-0.50000069],
       [-0.50000222],
       [-0.50000062],
       [-0.50000063],
       [-0.49999927],
       [-0.49999986],
       [-0.49999995],
       [-0.49999979],
       [-0.49999889],
       [-0.49999832],
       [ 0.04025963]])
array([[-20.69814145],
       [ -4.44124553],
       [-21.37753191],
       [-21.21486692],
       [-20.22252732],
       [-22.8516511 ],
       [-23.68095961],
       [-23.6391417 ],
       [-22.90568992],
       [-21.01294213],
       [-23.25274924],
       [-13.8561487 ],
       [-23.25043651],
       [-23.04483241],
       [-22.09951366],
       [-23.08134611],
       [-23.26180335],
       [-22.85401002],
       [-22.89617073],
       [-23.21936804],
       [-23.12733006],
       [-22.47150944],
       [-23.31795738],
       [-22.98991533],
       [-22.37777642],
       [-23.03915647],
       [-23.11187167],
       [-23.40719725],
       [-22.2680056 ],
       [-19.62889603],
       [  1.04225961]])
<<<<<<<<<<< STEP 32 >>>>>>>>>>>> + array([[-0.50000202],
       [-0.43870645],
       [-0.50000141],
       [-0.5000015 ],
       [-0.49999826],
       [-0.49999978],
       [-0.50000003],
       [-0.5000001 ],
       [-0.49999946],
       [-0.4999988 ],
       [-0.50000023],
       [-0.50003741],
       [-0.50000024],
       [-0.50000024],
       [-0.49999988],
       [-0.5       ],
       [-0.49999998],
       [-0.49999996],
       [-0.49999961],
       [-0.49999987],
       [-0.5000005 ],
       [-0.50000141],
       [-0.50000045],
       [-0.50000046],
       [-0.49999947],
       [-0.49999989],
       [-0.49999996],
       [-0.49999985],
       [-0.49999921],
       [-0.49999877],
       [ 0.04004446]])
array([[-21.19814348],
       [ -4.87995198],
       [-21.87753332],
       [-21.71486842],
       [-20.72252558],
       [-23.35165089],
       [-24.18095964],
       [-24.1391418 ],
       [-23.40568938],
       [-21.51294094],
       [-23.75274948],
       [-14.35618611],
       [-23.75043675],
       [-23.54483265],
       [-22.59951354],
       [-23.58134611],
       [-23.76180334],
       [-23.35400998],
       [-23.39617034],
       [-23.71936792],
       [-23.62733056],
       [-22.97151085],
       [-23.81795783],
       [-23.48991579],
       [-22.8777759 ],
       [-23.53915636],
       [-23.61187162],
       [-23.9071971 ],
       [-22.76800481],
       [-20.1288948 ],
       [  1.08230407]])
<<<<<<<<<<< STEP 33 >>>>>>>>>>>> + array([[-0.50000148],
       [-0.45936525],
       [-0.50000103],
       [-0.5000011 ],
       [-0.49999879],
       [-0.49999984],
       [-0.50000002],
       [-0.50000008],
       [-0.49999961],
       [-0.49999913],
       [-0.50000017],
       [-0.50002401],
       [-0.50000018],
       [-0.50000017],
       [-0.4999999 ],
       [-0.49999999],
       [-0.49999998],
       [-0.49999997],
       [-0.49999972],
       [-0.49999991],
       [-0.50000036],
       [-0.50000087],
       [-0.50000032],
       [-0.50000034],
       [-0.49999962],
       [-0.49999991],
       [-0.49999996],
       [-0.49999989],
       [-0.49999943],
       [-0.4999991 ],
       [ 0.03948929]])
array([[-21.69814496],
       [ -5.33931723],
       [-22.37753434],
       [-22.21486952],
       [-21.22252437],
       [-23.85165072],
       [-24.68095966],
       [-24.63914187],
       [-23.90568899],
       [-22.01294007],
       [-24.25274965],
       [-14.85621012],
       [-24.25043693],
       [-24.04483282],
       [-23.09951345],
       [-24.0813461 ],
       [-24.26180331],
       [-23.85400995],
       [-23.89617006],
       [-24.21936782],
       [-24.12733092],
       [-23.47151172],
       [-24.31795815],
       [-23.98991613],
       [-23.37777551],
       [-24.03915627],
       [-24.11187159],
       [-24.407197  ],
       [-23.26800424],
       [-20.6288939 ],
       [  1.12179336]])
<<<<<<<<<<< STEP 34 >>>>>>>>>>>> + array([[-0.50000109],
       [-0.47386111],
       [-0.50000075],
       [-0.50000081],
       [-0.49999916],
       [-0.49999988],
       [-0.50000001],
       [-0.50000006],
       [-0.49999972],
       [-0.49999937],
       [-0.50000012],
       [-0.50001523],
       [-0.50000013],
       [-0.50000013],
       [-0.49999992],
       [-0.49999999],
       [-0.49999997],
       [-0.49999997],
       [-0.4999998 ],
       [-0.49999993],
       [-0.50000027],
       [-0.50000053],
       [-0.50000024],
       [-0.50000025],
       [-0.49999972],
       [-0.49999993],
       [-0.49999997],
       [-0.49999992],
       [-0.49999959],
       [-0.49999933],
       [ 0.03868093]])
array([[-22.19814604],
       [ -5.81317834],
       [-22.8775351 ],
       [-22.71487032],
       [-21.72252353],
       [-24.3516506 ],
       [-25.18095967],
       [-25.13914193],
       [-24.4056887 ],
       [-22.51293944],
       [-24.75274977],
       [-15.35622535],
       [-24.75043706],
       [-24.54483295],
       [-23.59951337],
       [-24.58134609],
       [-24.76180329],
       [-24.35400993],
       [-24.39616986],
       [-24.71936775],
       [-24.62733119],
       [-23.97151225],
       [-24.81795839],
       [-24.48991638],
       [-23.87777523],
       [-24.5391562 ],
       [-24.61187155],
       [-24.90719692],
       [-23.76800383],
       [-21.12889323],
       [  1.1604743 ]])
<<<<<<<<<<< STEP 35 >>>>>>>>>>>> + array([[-0.5000008 ],
       [-0.48354405],
       [-0.50000056],
       [-0.5000006 ],
       [-0.49999941],
       [-0.49999991],
       [-0.50000001],
       [-0.50000005],
       [-0.49999979],
       [-0.49999954],
       [-0.50000009],
       [-0.50000959],
       [-0.5000001 ],
       [-0.5000001 ],
       [-0.49999994],
       [-0.49999999],
       [-0.49999998],
       [-0.49999998],
       [-0.49999986],
       [-0.49999995],
       [-0.5000002 ],
       [-0.50000032],
       [-0.50000017],
       [-0.50000018],
       [-0.49999979],
       [-0.49999995],
       [-0.49999997],
       [-0.49999994],
       [-0.4999997 ],
       [-0.49999951],
       [ 0.03771292]])
array([[-22.69814685],
       [ -6.29672239],
       [-23.37753565],
       [-23.21487092],
       [-22.22252294],
       [-24.85165051],
       [-25.68095967],
       [-25.63914198],
       [-24.90568849],
       [-23.01293898],
       [-25.25274986],
       [-15.85623494],
       [-25.25043715],
       [-25.04483305],
       [-24.09951331],
       [-25.08134608],
       [-25.26180326],
       [-24.8540099 ],
       [-24.89616972],
       [-25.2193677 ],
       [-25.12733139],
       [-24.47151257],
       [-25.31795856],
       [-24.98991656],
       [-24.37777503],
       [-25.03915615],
       [-25.11187153],
       [-25.40719686],
       [-24.26800353],
       [-21.62889274],
       [  1.19818722]])
<<<<<<<<<<< STEP 36 >>>>>>>>>>>> + array([[-0.5000006 ],
       [-0.48979016],
       [-0.50000041],
       [-0.50000044],
       [-0.49999958],
       [-0.49999993],
       [-0.5       ],
       [-0.50000003],
       [-0.49999985],
       [-0.49999966],
       [-0.50000007],
       [-0.50000603],
       [-0.50000007],
       [-0.50000007],
       [-0.49999995],
       [-0.49999999],
       [-0.49999998],
       [-0.49999998],
       [-0.4999999 ],
       [-0.49999996],
       [-0.50000015],
       [-0.50000019],
       [-0.50000013],
       [-0.50000013],
       [-0.49999985],
       [-0.49999996],
       [-0.49999998],
       [-0.49999996],
       [-0.49999978],
       [-0.49999963],
       [ 0.03666323]])
array([[-23.19814744],
       [ -6.78651254],
       [-23.87753607],
       [-23.71487136],
       [-22.72252253],
       [-25.35165045],
       [-26.18095968],
       [-26.13914201],
       [-25.40568834],
       [-23.51293864],
       [-25.75274993],
       [-16.35624097],
       [-25.75043722],
       [-25.54483312],
       [-24.59951326],
       [-25.58134607],
       [-25.76180324],
       [-25.35400989],
       [-25.39616962],
       [-25.71936766],
       [-25.62733153],
       [-24.97151276],
       [-25.81795869],
       [-25.48991669],
       [-24.87777488],
       [-25.53915611],
       [-25.61187151],
       [-25.90719682],
       [-24.76800331],
       [-22.12889237],
       [  1.23485045]])
<<<<<<<<<<< STEP 37 >>>>>>>>>>>> + array([[-0.50000045],
       [-0.49372577],
       [-0.50000031],
       [-0.50000033],
       [-0.4999997 ],
       [-0.49999995],
       [-0.5       ],
       [-0.50000003],
       [-0.49999989],
       [-0.49999975],
       [-0.50000005],
       [-0.50000379],
       [-0.50000005],
       [-0.50000005],
       [-0.49999996],
       [-0.49999999],
       [-0.49999998],
       [-0.49999999],
       [-0.49999992],
       [-0.49999997],
       [-0.50000011],
       [-0.50000011],
       [-0.5000001 ],
       [-0.5000001 ],
       [-0.49999989],
       [-0.49999997],
       [-0.49999998],
       [-0.49999997],
       [-0.49999984],
       [-0.49999972],
       [ 0.03558732]])
array([[-23.69814789],
       [ -7.28023831],
       [-24.37753638],
       [-24.21487169],
       [-23.22252223],
       [-25.8516504 ],
       [-26.68095968],
       [-26.63914204],
       [-25.90568823],
       [-24.01293838],
       [-26.25274998],
       [-16.85624477],
       [-26.25043728],
       [-26.04483317],
       [-25.09951323],
       [-26.08134606],
       [-26.26180322],
       [-25.85400987],
       [-25.89616954],
       [-26.21936763],
       [-26.12733164],
       [-25.47151287],
       [-26.31795879],
       [-25.98991679],
       [-25.37777476],
       [-26.03915607],
       [-26.11187149],
       [-26.40719679],
       [-25.26800315],
       [-22.6288921 ],
       [  1.27043777]])
<<<<<<<<<<< STEP 38 >>>>>>>>>>>> + array([[-0.50000033],
       [-0.49616806],
       [-0.50000023],
       [-0.50000025],
       [-0.49999978],
       [-0.49999996],
       [-0.5       ],
       [-0.50000002],
       [-0.49999992],
       [-0.49999981],
       [-0.50000004],
       [-0.5000024 ],
       [-0.50000004],
       [-0.50000004],
       [-0.49999997],
       [-0.49999999],
       [-0.49999998],
       [-0.49999999],
       [-0.49999994],
       [-0.49999998],
       [-0.50000008],
       [-0.50000006],
       [-0.50000007],
       [-0.50000008],
       [-0.49999992],
       [-0.49999997],
       [-0.49999999],
       [-0.49999998],
       [-0.49999988],
       [-0.49999979],
       [ 0.03452048]])
array([[-24.19814822],
       [ -7.77640637],
       [-24.87753661],
       [-24.71487194],
       [-23.72252201],
       [-26.35165036],
       [-27.18095968],
       [-27.13914206],
       [-26.40568814],
       [-24.5129382 ],
       [-26.75275002],
       [-17.35624716],
       [-26.75043732],
       [-26.54483321],
       [-25.5995132 ],
       [-26.58134605],
       [-26.76180321],
       [-26.35400986],
       [-26.39616948],
       [-26.7193676 ],
       [-26.62733172],
       [-25.97151294],
       [-26.81795886],
       [-26.48991687],
       [-25.87777468],
       [-26.53915605],
       [-26.61187148],
       [-26.90719677],
       [-25.76800303],
       [-23.12889189],
       [  1.30495826]])
<<<<<<<<<<< STEP 39 >>>>>>>>>>>> + array([[-0.50000025],
       [-0.49766904],
       [-0.50000017],
       [-0.50000019],
       [-0.49999984],
       [-0.49999997],
       [-0.5       ],
       [-0.50000002],
       [-0.49999994],
       [-0.49999986],
       [-0.50000003],
       [-0.50000152],
       [-0.50000003],
       [-0.50000003],
       [-0.49999998],
       [-0.49999999],
       [-0.49999999],
       [-0.49999999],
       [-0.49999996],
       [-0.49999998],
       [-0.50000006],
       [-0.50000004],
       [-0.50000005],
       [-0.50000006],
       [-0.49999994],
       [-0.49999998],
       [-0.49999999],
       [-0.49999998],
       [-0.49999991],
       [-0.49999984],
       [ 0.03348317]])
array([[-24.69814847],
       [ -8.27407542],
       [-25.37753678],
       [-25.21487213],
       [-24.22252186],
       [-26.85165033],
       [-27.68095968],
       [-27.63914208],
       [-26.90568808],
       [-25.01293805],
       [-27.25275005],
       [-17.85624869],
       [-27.25043735],
       [-27.04483324],
       [-26.09951318],
       [-27.08134604],
       [-27.26180319],
       [-26.85400985],
       [-26.89616944],
       [-27.21936759],
       [-27.12733178],
       [-26.47151297],
       [-27.31795891],
       [-26.98991692],
       [-26.37777462],
       [-27.03915603],
       [-27.11187147],
       [-27.40719676],
       [-26.26800294],
       [-23.62889173],
       [  1.33844143]])
