<<<<<<<<<<< STEP 0 >>>>>>>>>>>> + array([[-0.50289855],
       [-0.51669856],
       [-0.50620304],
       [-0.53442551],
       [-0.50438544],
       [ 0.00446689],
       [-0.5053126 ],
       [-0.50330957],
       [-0.506647  ],
       [-0.52495314],
       [-0.51963166],
       [-0.01897454],
       [-0.51825333],
       [-0.09121558],
       [-0.52315911],
       [-0.16976176],
       [-0.49615293],
       [-0.51395043],
       [-0.53212839],
       [-0.52597261],
       [-0.00380163],
       [-0.51409361],
       [-0.51929526],
       [-0.05710895],
       [-0.51933781],
       [-0.52708647],
       [-0.52435003],
       [-0.50041951],
       [-0.53473513],
       [-0.5605679 ],
       [-0.52981037],
       [-0.52402883],
       [-0.53329225],
       [-0.35616553],
       [-0.51602133],
       [-0.05318456],
       [-0.53764683],
       [-0.53049285],
       [-0.50664542],
       [-0.09379117]])
array([[-6.41596097],
       [-7.15020363],
       [-7.07849999],
       [-7.89271864],
       [-5.9207265 ],
       [ 0.0755317 ],
       [-7.53542941],
       [-6.4146074 ],
       [-6.30551965],
       [-7.55474868],
       [-8.13552306],
       [-0.87705318],
       [-7.94983009],
       [-0.81659921],
       [-7.45317723],
       [-1.52502812],
       [-6.78119646],
       [-8.11756892],
       [-8.50302849],
       [-6.54961749],
       [-1.50637723],
       [-6.71979725],
       [-7.86795305],
       [-0.84132552],
       [-7.4555525 ],
       [-8.26130916],
       [-7.61951885],
       [-7.24309119],
       [-7.48491207],
       [-7.07707141],
       [-8.31971456],
       [-7.94212785],
       [-6.5971399 ],
       [-3.15185617],
       [-7.83274032],
       [-0.58970673],
       [-7.83059681],
       [-7.90987983],
       [-6.8722707 ],
       [-0.84947632]])
<<<<<<<<<<< STEP 1 >>>>>>>>>>>> + array([[-0.50183744],
       [-0.51122992],
       [-0.50395172],
       [-0.52549341],
       [-0.50468464],
       [ 0.00935703],
       [-0.50217842],
       [-0.50182791],
       [-0.50590022],
       [-0.51861931],
       [-0.5138522 ],
       [-0.00936302],
       [-0.51217762],
       [-0.08944355],
       [-0.51629359],
       [-0.18346774],
       [-0.49518528],
       [-0.50874675],
       [-0.52254039],
       [-0.51885475],
       [ 0.01582871],
       [-0.51201571],
       [-0.51331839],
       [-0.05280479],
       [-0.51401419],
       [-0.51987348],
       [-0.5184251 ],
       [-0.49736271],
       [-0.52677124],
       [-0.54607432],
       [-0.52189975],
       [-0.51562794],
       [-0.52606214],
       [-0.38349783],
       [-0.51091209],
       [-0.04652909],
       [-0.52881644],
       [-0.52238829],
       [-0.50391986],
       [-0.0932087 ]])
array([[-6.9177984 ],
       [-7.66143356],
       [-7.58245171],
       [-8.41821205],
       [-6.42541114],
       [ 0.08488873],
       [-8.03760783],
       [-6.91643531],
       [-6.81141987],
       [-8.07336799],
       [-8.64937526],
       [-0.8864162 ],
       [-8.46200771],
       [-0.90604276],
       [-7.96947082],
       [-1.70849586],
       [-7.27638174],
       [-8.62631567],
       [-9.02556888],
       [-7.06847224],
       [-1.49054852],
       [-7.23181296],
       [-8.38127144],
       [-0.8941303 ],
       [-7.96956668],
       [-8.78118263],
       [-8.13794395],
       [-7.7404539 ],
       [-8.0116833 ],
       [-7.62314573],
       [-8.84161431],
       [-8.45775579],
       [-7.12320204],
       [-3.535354  ],
       [-8.34365241],
       [-0.63623582],
       [-8.35941325],
       [-8.43226812],
       [-7.37619056],
       [-0.94268501]])
<<<<<<<<<<< STEP 2 >>>>>>>>>>>> + array([[-0.50118909],
       [-0.50751653],
       [-0.50261282],
       [-0.51891739],
       [-0.50477215],
       [ 0.01287019],
       [-0.50060417],
       [-0.50097613],
       [-0.50519488],
       [-0.51390344],
       [-0.51000121],
       [-0.00254805],
       [-0.50825065],
       [-0.08627433],
       [-0.51142392],
       [-0.20098208],
       [-0.49502924],
       [-0.50553269],
       [-0.51598646],
       [-0.51320115],
       [ 0.03060854],
       [-0.5104422 ],
       [-0.50923661],
       [-0.04926342],
       [-0.51022303],
       [-0.51466571],
       [-0.51408585],
       [-0.49610344],
       [-0.52068389],
       [-0.53510839],
       [-0.51620603],
       [-0.51017655],
       [-0.52038609],
       [-0.41435358],
       [-0.50745108],
       [-0.04104408],
       [-0.52214022],
       [-0.51651645],
       [-0.50210939],
       [-0.09280517]])
array([[-7.4189875 ],
       [-8.16895008],
       [-8.08506453],
       [-8.93712944],
       [-6.9301833 ],
       [ 0.09775892],
       [-8.538212  ],
       [-7.41741143],
       [-7.31661475],
       [-8.58727143],
       [-9.15937647],
       [-0.88896424],
       [-8.97025836],
       [-0.99231709],
       [-8.48089474],
       [-1.90947795],
       [-7.77141098],
       [-9.13184836],
       [-9.54155534],
       [-7.58167339],
       [-1.45993999],
       [-7.74225516],
       [-8.89050805],
       [-0.94339372],
       [-8.47978972],
       [-9.29584834],
       [-8.6520298 ],
       [-8.23655734],
       [-8.53236719],
       [-8.15825413],
       [-9.35782034],
       [-8.96793234],
       [-7.64358813],
       [-3.94970758],
       [-8.85110349],
       [-0.6772799 ],
       [-8.88155347],
       [-8.94878457],
       [-7.87829995],
       [-1.03549019]])
<<<<<<<<<<< STEP 3 >>>>>>>>>>>> + array([[-0.50078911],
       [-0.50499158],
       [-0.50180848],
       [-0.51405324],
       [-0.50468146],
       [ 0.01526325],
       [-0.49988787],
       [-0.50049374],
       [-0.50450924],
       [-0.51039089],
       [-0.50737581],
       [ 0.00206464],
       [-0.50567483],
       [-0.08196602],
       [-0.50796273],
       [-0.22273671],
       [-0.49530078],
       [-0.50353527],
       [-0.51144093],
       [-0.50887084],
       [ 0.04145432],
       [-0.50916499],
       [-0.50642016],
       [-0.04634288],
       [-0.50749778],
       [-0.51086884],
       [-0.51085924],
       [-0.49581643],
       [-0.51601312],
       [-0.52680574],
       [-0.51205939],
       [-0.50661204],
       [-0.51593989],
       [-0.44474105],
       [-0.50508652],
       [-0.03649569],
       [-0.51706365],
       [-0.51223048],
       [-0.50093804],
       [-0.09258202]])
array([[ -7.91977661],
       [ -8.67394166],
       [ -8.58687301],
       [ -9.45118268],
       [ -7.43486476],
       [  0.11302217],
       [ -9.03809987],
       [ -7.91790517],
       [ -7.82112399],
       [ -9.09766232],
       [ -9.66675228],
       [ -0.8868996 ],
       [ -9.47593318],
       [ -1.07428311],
       [ -8.98885747],
       [ -2.13221466],
       [ -8.26671176],
       [ -9.63538363],
       [-10.05299627],
       [ -8.09054423],
       [ -1.41848567],
       [ -8.25142015],
       [ -9.3969282 ],
       [ -0.98973661],
       [ -8.9872875 ],
       [ -9.80671718],
       [ -9.16288904],
       [ -8.73237377],
       [ -9.04838032],
       [ -8.68505987],
       [ -9.86987973],
       [ -9.47454438],
       [ -8.15952801],
       [ -4.39444863],
       [ -9.35619   ],
       [ -0.71377559],
       [ -9.39861712],
       [ -9.46101505],
       [ -8.37923799],
       [ -1.12807221]])
<<<<<<<<<<< STEP 4 >>>>>>>>>>>> + array([[-0.50053304],
       [-0.50327537],
       [-0.50130695],
       [-0.51045861],
       [-0.50444786],
       [ 0.01678316],
       [-0.49961799],
       [-0.5002211 ],
       [-0.50384927],
       [-0.50778384],
       [-0.50554218],
       [ 0.0050446 ],
       [-0.50396027],
       [-0.07701799],
       [-0.50551794],
       [-0.24915945],
       [-0.49577299],
       [-0.50228096],
       [-0.5082554 ],
       [-0.50569303],
       [ 0.04910395],
       [-0.50804891],
       [-0.50447021],
       [-0.04396895],
       [-0.50552835],
       [-0.50808765],
       [-0.50842641],
       [-0.49601817],
       [-0.51242178],
       [-0.52051336],
       [-0.50902029],
       [-0.50427475],
       [-0.51246799],
       [-0.47074284],
       [-0.50346677],
       [-0.03276232],
       [-0.51318782],
       [-0.50908739],
       [-0.50021611],
       [-0.09257844]])
array([[ -8.42030964],
       [ -9.17721704],
       [ -9.08817996],
       [ -9.96164129],
       [ -7.93931262],
       [  0.12980533],
       [ -9.53771786],
       [ -8.41812627],
       [ -8.32497326],
       [ -9.60544616],
       [-10.17229446],
       [ -0.881855  ],
       [ -9.97989345],
       [ -1.1513011 ],
       [ -9.49437541],
       [ -2.38137412],
       [ -8.76248474],
       [-10.13766459],
       [-10.56125168],
       [ -8.59623726],
       [ -1.36938172],
       [ -8.75946905],
       [ -9.90139841],
       [ -1.03370555],
       [ -9.49281585],
       [-10.31480483],
       [ -9.67131545],
       [ -9.22839193],
       [ -9.56080209],
       [ -9.20557323],
       [-10.37890002],
       [ -9.97881912],
       [ -8.67199601],
       [ -4.86519147],
       [ -9.85965678],
       [ -0.74653791],
       [ -9.91180494],
       [ -9.97010244],
       [ -8.8794541 ],
       [ -1.22065064]])
<<<<<<<<<<< STEP 5 >>>>>>>>>>>> + array([[-0.50035984],
       [-0.50211352],
       [-0.50097335],
       [-0.50781266],
       [-0.50410929],
       [ 0.01767194],
       [-0.49956039],
       [-0.50006503],
       [-0.50323235],
       [-0.50585801],
       [-0.50422877],
       [ 0.00689296],
       [-0.50280348],
       [-0.07201961],
       [-0.50381248],
       [-0.2805562 ],
       [-0.49631412],
       [-0.50148282],
       [-0.50600666],
       [-0.50347348],
       [ 0.05414498],
       [-0.50701108],
       [-0.50312351],
       [-0.04212391],
       [-0.50410017],
       [-0.50604753],
       [-0.50656963],
       [-0.49643595],
       [-0.50965632],
       [-0.51573841],
       [-0.50678642],
       [-0.50274557],
       [-0.50976455],
       [-0.48999155],
       [-0.50236047],
       [-0.02980636],
       [-0.51021975],
       [-0.50677693],
       [-0.49980598],
       [-0.09278208]])
array([[ -8.92066948],
       [ -9.67933055],
       [ -9.58915332],
       [-10.46945394],
       [ -8.44342191],
       [  0.14747728],
       [-10.03727825],
       [ -8.9181913 ],
       [ -8.82820561],
       [-10.11130417],
       [-10.67652323],
       [ -0.87496204],
       [-10.48269694],
       [ -1.22332071],
       [ -9.99818789],
       [ -2.66193032],
       [ -9.25879887],
       [-10.63914741],
       [-11.06725834],
       [ -9.09971074],
       [ -1.31523674],
       [ -9.26648013],
       [-10.40452192],
       [ -1.07582947],
       [ -9.99691602],
       [-10.82085237],
       [-10.17788508],
       [ -9.72482788],
       [-10.07045841],
       [ -9.72131163],
       [-10.88568643],
       [-10.48156469],
       [ -9.18176056],
       [ -5.35518302],
       [-10.36201725],
       [ -0.77634427],
       [-10.42202469],
       [-10.47687937],
       [ -9.37926008],
       [ -1.31343272]])
<<<<<<<<<<< STEP 6 >>>>>>>>>>>> + array([[-0.50023889],
       [-0.50133513],
       [-0.50073564],
       [-0.50587056],
       [-0.50370485],
       [ 0.01817609],
       [-0.49958932],
       [-0.49997545],
       [-0.50267619],
       [-0.50443823],
       [-0.50326334],
       [ 0.00798646],
       [-0.50201405],
       [-0.06742118],
       [-0.50263911],
       [-0.31686908],
       [-0.49685073],
       [-0.50096965],
       [-0.50440902],
       [-0.50200416],
       [ 0.05709765],
       [-0.50600834],
       [-0.50219859],
       [-0.04080079],
       [-0.50305911],
       [-0.50454901],
       [-0.50513803],
       [-0.49692509],
       [-0.50752186],
       [-0.51210625],
       [-0.50514022],
       [-0.50175144],
       [-0.50766066],
       [-0.50228041],
       [-0.50160946],
       [-0.02759445],
       [-0.50793969],
       [-0.50507638],
       [-0.49960368],
       [-0.09300657]])
array([[ -9.42090837],
       [-10.18066568],
       [-10.08988896],
       [-10.97532451],
       [ -8.94712675],
       [  0.16565337],
       [-10.53686757],
       [ -9.41816675],
       [ -9.3308818 ],
       [-10.6157424 ],
       [-11.17978657],
       [ -0.86697558],
       [-10.98471099],
       [ -1.29074189],
       [-10.500827  ],
       [ -2.9787994 ],
       [ -9.7556496 ],
       [-11.14011706],
       [-11.57166736],
       [ -9.60171489],
       [ -1.25813909],
       [ -9.77248847],
       [-10.90672051],
       [ -1.11663026],
       [-10.49997514],
       [-11.32540138],
       [-10.68302312],
       [-10.22175297],
       [-10.57798027],
       [-10.23341788],
       [-11.39082665],
       [-10.98331613],
       [ -9.68942122],
       [ -5.85746343],
       [-10.8636267 ],
       [ -0.80393872],
       [-10.92996438],
       [-10.98195575],
       [ -9.87886376],
       [ -1.40643929]])
<<<<<<<<<<< STEP 7 >>>>>>>>>>>> + array([[-0.50015713],
       [-0.50082427],
       [-0.50055857],
       [-0.50444283],
       [-0.50326962],
       [ 0.01854783],
       [-0.49964294],
       [-0.49992741],
       [-0.50219217],
       [-0.50338765],
       [-0.50253542],
       [ 0.0085512 ],
       [-0.50147032],
       [-0.06338833],
       [-0.50184011],
       [-0.35724512],
       [-0.49734551],
       [-0.50063965],
       [-0.50326535],
       [-0.50108528],
       [ 0.05846972],
       [-0.50502743],
       [-0.50156689],
       [-0.03995654],
       [-0.50229318],
       [-0.50344401],
       [-0.50402506],
       [-0.49741449],
       [-0.50586777],
       [-0.50933214],
       [-0.5039214 ],
       [-0.50111126],
       [-0.50601874],
       [-0.50894022],
       [-0.50110295],
       [-0.02602541],
       [-0.50618105],
       [-0.50382317],
       [-0.49953133],
       [-0.092827  ]])
array([[ -9.9210655 ],
       [-10.68148995],
       [-10.59044752],
       [-11.47976734],
       [ -9.45039637],
       [  0.1842012 ],
       [-11.03651051],
       [ -9.91809416],
       [ -9.83307397],
       [-11.11913005],
       [-11.68232199],
       [ -0.85842438],
       [-11.48618132],
       [ -1.35413022],
       [-11.00266711],
       [ -3.33604452],
       [-10.2529951 ],
       [-11.6407567 ],
       [-12.07493271],
       [-10.10280017],
       [ -1.19966936],
       [-10.2775159 ],
       [-11.4082874 ],
       [ -1.1565868 ],
       [-11.00226831],
       [-11.82884539],
       [-11.18704818],
       [-10.71916747],
       [-11.08384804],
       [-10.74275002],
       [-11.89474805],
       [-11.48442739],
       [-10.19543996],
       [ -6.36640365],
       [-11.36472965],
       [ -0.82996413],
       [-11.43614543],
       [-11.48577892],
       [-10.3783951 ],
       [ -1.49926629]])
<<<<<<<<<<< STEP 8 >>>>>>>>>>>> + array([[-0.50010809],
       [-0.50050023],
       [-0.50042502],
       [-0.50338603],
       [-0.50283066],
       [ 0.01902492],
       [-0.4996949 ],
       [-0.4999081 ],
       [-0.50178319],
       [-0.50260276],
       [-0.50197402],
       [ 0.00868765],
       [-0.50109264],
       [-0.05981758],
       [-0.50129814],
       [-0.39950357],
       [-0.4977834 ],
       [-0.50043035],
       [-0.50243887],
       [-0.500546  ],
       [ 0.05875141],
       [-0.5040786 ],
       [-0.50113681],
       [-0.03949597],
       [-0.50172258],
       [-0.50262333],
       [-0.50315413],
       [-0.4978715 ],
       [-0.50457912],
       [-0.50720219],
       [-0.50301215],
       [-0.50070398],
       [-0.50473036],
       [-0.51176639],
       [-0.50076303],
       [-0.02491501],
       [-0.50481802],
       [-0.50289773],
       [-0.49953354],
       [-0.09165521]])
array([[-10.42117359],
       [-11.18199018],
       [-11.09087255],
       [-11.98315338],
       [ -9.95322703],
       [  0.20322612],
       [-11.53620541],
       [-10.41800226],
       [-10.33485716],
       [-11.62173281],
       [-12.18429601],
       [ -0.84973673],
       [-11.98727395],
       [ -1.4139478 ],
       [-11.50396525],
       [ -3.73554809],
       [-10.75077851],
       [-12.14118705],
       [-12.57737158],
       [-10.60334617],
       [ -1.14091795],
       [-10.78159451],
       [-11.9094242 ],
       [ -1.19608277],
       [-11.50399089],
       [-12.33146872],
       [-11.69020231],
       [-11.21703897],
       [-11.58842716],
       [-11.2499522 ],
       [-12.3977602 ],
       [-11.98513138],
       [-10.70017032],
       [ -6.87817003],
       [-11.86549268],
       [ -0.85487914],
       [-11.94096345],
       [-11.98867665],
       [-10.87792864],
       [ -1.5909215 ]])
<<<<<<<<<<< STEP 9 >>>>>>>>>>>> + array([[-0.5000851 ],
       [-0.5003041 ],
       [-0.50032499],
       [-0.50259561],
       [-0.50240703],
       [ 0.01978023],
       [-0.49973738],
       [-0.49990885],
       [-0.50144496],
       [-0.50200878],
       [-0.50153404],
       [ 0.00843482],
       [-0.50082733],
       [-0.05647524],
       [-0.50092919],
       [-0.43995151],
       [-0.49816224],
       [-0.50030058],
       [-0.50183518],
       [-0.50025288],
       [ 0.05836675],
       [-0.50319111],
       [-0.50084317],
       [-0.03929467],
       [-0.50129268],
       [-0.50200819],
       [-0.50246957],
       [-0.49828094],
       [-0.50357028],
       [-0.50555865],
       [-0.50232727],
       [-0.50044837],
       [-0.50371371],
       [-0.51230049],
       [-0.50053529],
       [-0.02404569],
       [-0.50375676],
       [-0.50221179],
       [-0.49957352],
       [-0.08898191]])
array([[-10.92125869],
       [-11.68229428],
       [-11.59119754],
       [-12.48574899],
       [-10.45563406],
       [  0.22300635],
       [-12.03594278],
       [-10.91791112],
       [-10.83630212],
       [-12.12374159],
       [-12.68583005],
       [ -0.84130191],
       [-12.48810128],
       [ -1.47042305],
       [-12.00489444],
       [ -4.1754996 ],
       [-11.24894075],
       [-12.64148763],
       [-13.07920676],
       [-11.10359905],
       [ -1.0825512 ],
       [-11.28478562],
       [-12.41026737],
       [ -1.23537744],
       [-12.00528358],
       [-12.83347691],
       [-12.19267188],
       [-11.71531991],
       [-12.09199745],
       [-11.75551086],
       [-12.90008747],
       [-12.48557975],
       [-11.20388403],
       [ -7.39047053],
       [-12.36602797],
       [ -0.87892482],
       [-12.44472021],
       [-12.49088844],
       [-11.37750216],
       [ -1.67990342]])
