<<<<<<<<<<< STEP 0 >>>>>>>>>>>> + array([[-0.51863457],
       [ 0.03423086],
       [ 0.10618169],
       [-0.51811325],
       [-0.51765351],
       [-0.5215407 ],
       [-0.52831997],
       [-0.52185114],
       [-0.52972302],
       [-0.36992694],
       [-0.51659076],
       [-0.01432509],
       [-0.51767629],
       [-0.51528895],
       [-0.50932211],
       [-0.51801841],
       [-0.52844626],
       [-0.51571054],
       [-0.51883597],
       [-0.51797471],
       [-0.51675944],
       [-0.51648752],
       [-0.51793311],
       [-0.5155799 ],
       [-0.51099973],
       [-0.51764065],
       [-0.52591104],
       [-0.51953567],
       [ 0.05957669],
       [-0.51355635],
       [ 0.02100766]])
array([[-7.24635994],
       [ 0.14547994],
       [-0.77065121],
       [-7.26433882],
       [-7.49987762],
       [-8.0307498 ],
       [-7.28101996],
       [-7.98431299],
       [-5.47342035],
       [-3.35623082],
       [-7.61335332],
       [-0.82705555],
       [-7.72475903],
       [-7.33382046],
       [-6.58616948],
       [-7.46020366],
       [-5.93294588],
       [-7.23016747],
       [-7.26702686],
       [-7.65610541],
       [-7.40458209],
       [-6.89434221],
       [-7.5744025 ],
       [-7.29166552],
       [-6.98720598],
       [-7.45896058],
       [-6.41885103],
       [-7.86787573],
       [-0.59578315],
       [-6.92704492],
       [ 0.25717575]])
<<<<<<<<<<< STEP 1 >>>>>>>>>>>> + array([[-0.51333336],
       [ 0.03392565],
       [ 0.11837543],
       [-0.51292121],
       [-0.51169667],
       [-0.51457226],
       [-0.51950837],
       [-0.51498957],
       [-0.52245145],
       [-0.39959324],
       [-0.51130024],
       [-0.00282466],
       [-0.51205564],
       [-0.51046472],
       [-0.50611366],
       [-0.51231465],
       [-0.52042669],
       [-0.51052271],
       [-0.5135269 ],
       [-0.51209338],
       [-0.51180511],
       [-0.51281694],
       [-0.51254111],
       [-0.51094172],
       [-0.50699288],
       [-0.51196345],
       [-0.51798022],
       [-0.51317004],
       [ 0.08474932],
       [-0.50897838],
       [ 0.02011434]])
array([[-7.7596933 ],
       [ 0.17940559],
       [-0.65227578],
       [-7.77726003],
       [-8.01157429],
       [-8.54532206],
       [-7.80052834],
       [-8.49930256],
       [-5.9958718 ],
       [-3.75582405],
       [-8.12465355],
       [-0.8298802 ],
       [-8.23681468],
       [-7.84428517],
       [-7.09228313],
       [-7.97251831],
       [-6.45337257],
       [-7.74069018],
       [-7.78055376],
       [-8.16819879],
       [-7.9163872 ],
       [-7.40715916],
       [-8.0869436 ],
       [-7.80260724],
       [-7.49419886],
       [-7.97092404],
       [-6.93683125],
       [-8.38104577],
       [-0.51103383],
       [-7.4360233 ],
       [ 0.27729009]])
<<<<<<<<<<< STEP 2 >>>>>>>>>>>> + array([[-0.50968169],
       [ 0.03329415],
       [ 0.12358445],
       [-0.50935338],
       [-0.5077861 ],
       [-0.50994908],
       [-0.51359468],
       [-0.51040422],
       [-0.51698807],
       [-0.42797987],
       [-0.50779474],
       [ 0.00672625],
       [-0.50832314],
       [-0.50725887],
       [-0.50402733],
       [-0.50849948],
       [-0.51473513],
       [-0.50711419],
       [-0.50983573],
       [-0.50819276],
       [-0.50844528],
       [-0.50995939],
       [-0.508902  ],
       [-0.50780394],
       [-0.50441885],
       [-0.50818346],
       [-0.5125905 ],
       [-0.50897279],
       [ 0.10515009],
       [-0.50595386],
       [ 0.01934869]])
array([[-8.26937499],
       [ 0.21269974],
       [-0.52869134],
       [-8.28661341],
       [-8.51936039],
       [-9.05527114],
       [-8.31412302],
       [-9.00970678],
       [-6.51285987],
       [-4.18380392],
       [-8.63244829],
       [-0.82315396],
       [-8.74513782],
       [-8.35154404],
       [-7.59631046],
       [-8.48101779],
       [-6.96810771],
       [-8.24780437],
       [-8.29038949],
       [-8.67639155],
       [-8.42483248],
       [-7.91711855],
       [-8.5958456 ],
       [-8.31041118],
       [-7.99861771],
       [-8.4791075 ],
       [-7.44942175],
       [-8.89001856],
       [-0.40588374],
       [-7.94197716],
       [ 0.29663879]])
<<<<<<<<<<< STEP 3 >>>>>>>>>>>> + array([[-0.50711014],
       [ 0.0324809 ],
       [ 0.12405543],
       [-0.50684856],
       [-0.50521952],
       [-0.50686328],
       [-0.5095842 ],
       [-0.50730572],
       [-0.51288792],
       [-0.45178205],
       [-0.50544196],
       [ 0.01468568],
       [-0.50581421],
       [-0.50509765],
       [-0.50267085],
       [-0.50593084],
       [-0.51069813],
       [-0.50486004],
       [-0.50723619],
       [-0.50559921],
       [-0.50611817],
       [-0.50773689],
       [-0.506399  ],
       [-0.50563682],
       [-0.50278277],
       [-0.50565633],
       [-0.5089077 ],
       [-0.50618247],
       [ 0.12043807],
       [-0.50396727],
       [ 0.01872097]])
array([[-8.77648513],
       [ 0.24518064],
       [-0.4046359 ],
       [-8.79346197],
       [-9.02457992],
       [-9.56213441],
       [-8.82370721],
       [-9.5170125 ],
       [-7.02574779],
       [-4.63558597],
       [-9.13789026],
       [-0.80846827],
       [-9.25095203],
       [-8.85664169],
       [-8.09898132],
       [-8.98694863],
       [-7.47880584],
       [-8.75266441],
       [-8.79762568],
       [-9.18199076],
       [-8.93095065],
       [-8.42485544],
       [-9.1022446 ],
       [-8.81604799],
       [-8.50140048],
       [-8.98476383],
       [-7.95832945],
       [-9.39620102],
       [-0.28544567],
       [-8.44594444],
       [ 0.31535976]])
<<<<<<<<<<< STEP 4 >>>>>>>>>>>> + array([[-0.50526442],
       [ 0.03158461],
       [ 0.121493  ],
       [-0.50505694],
       [-0.50353251],
       [-0.50478814],
       [-0.5068334 ],
       [-0.50518758],
       [-0.50980125],
       [-0.46966251],
       [-0.50384271],
       [ 0.0213193 ],
       [-0.50410738],
       [-0.50362009],
       [-0.50178787],
       [-0.50418709],
       [-0.50782462],
       [-0.50335802],
       [-0.50537819],
       [-0.50386756],
       [-0.50447525],
       [-0.50600909],
       [-0.50464686],
       [-0.50411166],
       [-0.50175257],
       [-0.50395561],
       [-0.50637021],
       [-0.5043096 ],
       [ 0.13067433],
       [-0.50266612],
       [ 0.01821866]])
array([[ -9.28174955],
       [  0.27676525],
       [ -0.2831429 ],
       [ -9.29851891],
       [ -9.52811243],
       [-10.06692255],
       [ -9.33054062],
       [-10.02220009],
       [ -7.53554904],
       [ -5.10524848],
       [ -9.64173296],
       [ -0.78714897],
       [ -9.75505941],
       [ -9.36026178],
       [ -8.60076919],
       [ -9.49113572],
       [ -7.98663046],
       [ -9.25602244],
       [ -9.30300387],
       [ -9.68585832],
       [ -9.4354259 ],
       [ -8.93086453],
       [ -9.60689145],
       [ -9.32015965],
       [ -9.00315305],
       [ -9.48871944],
       [ -8.46469966],
       [ -9.90051063],
       [ -0.15477134],
       [ -8.94861055],
       [  0.33357842]])
<<<<<<<<<<< STEP 5 >>>>>>>>>>>> + array([[-0.50392032],
       [ 0.03066588],
       [ 0.11711275],
       [-0.50375683],
       [-0.50241855],
       [-0.50337933],
       [-0.50492375],
       [-0.50372229],
       [-0.50746658],
       [-0.48195449],
       [-0.50274242],
       [ 0.02682341],
       [-0.50293263],
       [-0.50259678],
       [-0.50121122],
       [-0.50299109],
       [-0.50576603],
       [-0.50234836],
       [-0.50403006],
       [-0.50270355],
       [-0.50329724],
       [-0.50466591],
       [-0.50340184],
       [-0.50302161],
       [-0.50110773],
       [-0.5027999 ],
       [-0.50460289],
       [-0.50303853],
       [ 0.13633572],
       [-0.50181218],
       [ 0.01781601]])
array([[ -9.78566986],
       [  0.30743113],
       [ -0.16603015],
       [ -9.80227574],
       [-10.03053098],
       [-10.57030188],
       [ -9.83546436],
       [-10.52592238],
       [ -8.04301562],
       [ -5.58720297],
       [-10.14447538],
       [ -0.76032556],
       [-10.25799203],
       [ -9.86285856],
       [ -9.10198041],
       [ -9.9941268 ],
       [ -8.49239649],
       [ -9.7583708 ],
       [ -9.80703393],
       [-10.18856187],
       [ -9.93872314],
       [ -9.43553044],
       [-10.11029329],
       [ -9.82318126],
       [ -9.50426079],
       [ -9.99151935],
       [ -8.96930255],
       [-10.40354916],
       [ -0.01843562],
       [ -9.45042274],
       [  0.35139443]])
<<<<<<<<<<< STEP 6 >>>>>>>>>>>> + array([[-0.50293144],
       [ 0.02975692],
       [ 0.11173903],
       [-0.50280349],
       [-0.50167698],
       [-0.5024119 ],
       [-0.5035815 ],
       [-0.50269638],
       [-0.5056928 ],
       [-0.48984085],
       [-0.50197664],
       [ 0.03135275],
       [-0.50211484],
       [-0.50187966],
       [-0.50083228],
       [-0.50216084],
       [-0.50427897],
       [-0.50166266],
       [-0.50303831],
       [-0.50191353],
       [-0.50244252],
       [-0.50362166],
       [-0.50250635],
       [-0.50223322],
       [-0.50070465],
       [-0.50200481],
       [-0.50335679],
       [-0.50216523],
       [ 0.13818175],
       [-0.50124765],
       [ 0.01748367]])
array([[-10.28860131],
       [  0.33718805],
       [ -0.05429111],
       [-10.30507922],
       [-10.53220796],
       [-11.07271378],
       [-10.33904587],
       [-11.02861876],
       [ -8.54870842],
       [ -6.07704381],
       [-10.64645202],
       [ -0.72897281],
       [-10.76010688],
       [-10.36473823],
       [ -9.60281269],
       [-10.49628764],
       [ -8.99667545],
       [-10.26003345],
       [-10.31007224],
       [-10.69047539],
       [-10.44116565],
       [ -9.9391521 ],
       [-10.61279964],
       [-10.32541448],
       [-10.00496544],
       [-10.49352415],
       [ -9.47265934],
       [-10.90571439],
       [  0.11974612],
       [ -9.95167039],
       [  0.3688781 ]])
<<<<<<<<<<< STEP 7 >>>>>>>>>>>> + array([[-0.50219875],
       [ 0.02887272],
       [ 0.10591193],
       [-0.50209921],
       [-0.50117775],
       [-0.5017392 ],
       [-0.50262662],
       [-0.50196962],
       [-0.50434085],
       [-0.49463533],
       [-0.50143767],
       [ 0.03503836],
       [-0.50153917],
       [-0.50137164],
       [-0.50058088],
       [-0.50157698],
       [-0.50319506],
       [-0.50119149],
       [-0.50230041],
       [-0.50137088],
       [-0.5018169 ],
       [-0.50280985],
       [-0.50185604],
       [-0.50165787],
       [-0.50045191],
       [-0.5014503 ],
       [-0.50246726],
       [-0.50155759],
       [ 0.13707926],
       [-0.50087016],
       [ 0.01719589]])
array([[-10.79080006],
       [  0.36606078],
       [  0.05162082],
       [-10.80717843],
       [-11.03338571],
       [-11.57445297],
       [-10.84167248],
       [-11.53058838],
       [ -9.05304927],
       [ -6.57167915],
       [-11.14788969],
       [ -0.69393445],
       [-11.26164605],
       [-10.86610987],
       [-10.10339356],
       [-10.99786463],
       [ -9.49987051],
       [-10.76122495],
       [-10.81237265],
       [-11.19184627],
       [-10.94298255],
       [-10.44196195],
       [-11.11465569],
       [-10.82707235],
       [-10.50541735],
       [-10.99497445],
       [ -9.9751266 ],
       [-11.40727199],
       [  0.25682539],
       [-10.45254055],
       [  0.38607399]])
<<<<<<<<<<< STEP 8 >>>>>>>>>>>> + array([[-0.50165318],
       [ 0.02802024],
       [ 0.09997718],
       [-0.50157614],
       [-0.50083727],
       [-0.50126552],
       [-0.50193973],
       [-0.50144915],
       [-0.50330875],
       [-0.49742148],
       [-0.50105426],
       [ 0.03799565],
       [-0.50112949],
       [-0.50100814],
       [-0.50041196],
       [-0.50116111],
       [-0.50239814],
       [-0.50086362],
       [-0.50174669],
       [-0.5009932 ],
       [-0.50135598],
       [-0.50217892],
       [-0.50138017],
       [-0.50123515],
       [-0.50029244],
       [-0.50105837],
       [-0.50182506],
       [-0.50112967],
       [ 0.13386218],
       [-0.50061428],
       [ 0.01693377]])
array([[-11.29245323],
       [  0.39408102],
       [  0.151598  ],
       [-11.30875457],
       [-11.53422298],
       [-12.07571849],
       [-11.34361221],
       [-12.03203753],
       [ -9.55635802],
       [ -7.06910063],
       [-11.64894395],
       [ -0.6559388 ],
       [-11.76277554],
       [-11.36711801],
       [-10.60380552],
       [-11.49902573],
       [-10.00226865],
       [-11.26208857],
       [-11.31411934],
       [-11.69283947],
       [-11.44433852],
       [-10.94414087],
       [-11.61603585],
       [-11.3283075 ],
       [-11.00570978],
       [-11.49603282],
       [-10.47695166],
       [-11.90840165],
       [  0.39068757],
       [-10.95315483],
       [  0.40300775]])
<<<<<<<<<<< STEP 9 >>>>>>>>>>>> + array([[-0.50124546],
       [ 0.02720367],
       [ 0.09415093],
       [-0.50118607],
       [-0.50060186],
       [-0.50092803],
       [-0.50144077],
       [-0.50107275],
       [-0.50252058],
       [-0.49897061],
       [-0.5007787 ],
       [ 0.04032713],
       [-0.50083493],
       [-0.50074565],
       [-0.50029674],
       [-0.50086134],
       [-0.50180767],
       [-0.50063246],
       [-0.50132871],
       [-0.5007268 ],
       [-0.50101472],
       [-0.50168882],
       [-0.50102983],
       [-0.50092292],
       [-0.50019097],
       [-0.50077799],
       [-0.50135696],
       [-0.500825  ],
       [ 0.1292488 ],
       [-0.50043836],
       [ 0.01668547]])
array([[-11.79369869],
       [  0.42128469],
       [  0.24574893],
       [-11.80994064],
       [-12.03482485],
       [-12.57664652],
       [-11.84505298],
       [-12.53311028],
       [-10.05887861],
       [ -7.56807124],
       [-12.14972265],
       [ -0.61561167],
       [-12.26361047],
       [-11.86786365],
       [-11.10410226],
       [-11.99988707],
       [-10.50407632],
       [-11.76272103],
       [-11.81544805],
       [-12.19356627],
       [-11.94535324],
       [-11.44582969],
       [-12.11706568],
       [-11.82923043],
       [-11.50590075],
       [-11.9968108 ],
       [-10.97830862],
       [-12.40922665],
       [  0.51993637],
       [-11.45359319],
       [  0.41969322]])
<<<<<<<<<<< STEP 10 >>>>>>>>>>>> + array([[-0.5009399 ],
       [ 0.02642647],
       [ 0.08856334],
       [-0.50089426],
       [-0.50043692],
       [-0.50068504],
       [-0.50107531],
       [-0.50079822],
       [-0.50191902],
       [-0.4997872 ],
       [-0.50057879],
       [ 0.04212324],
       [-0.50062109],
       [-0.50055452],
       [-0.50021681],
       [-0.50064296],
       [-0.5013673 ],
       [-0.50046739],
       [-0.50101198],
       [-0.50053647],
       [-0.50076109],
       [-0.50130834],
       [-0.50077065],
       [-0.50069136],
       [-0.50012582],
       [-0.50057533],
       [-0.5010131 ],
       [-0.50060604],
       [ 0.12380957],
       [-0.5003158 ],
       [ 0.01644469]])
array([[-12.2946386 ],
       [  0.44771116],
       [  0.33431227],
       [-12.3108349 ],
       [-12.53526176],
       [-13.07733156],
       [-12.34612829],
       [-13.0339085 ],
       [-10.56079762],
       [ -8.06785844],
       [-12.65030145],
       [ -0.57348844],
       [-12.76423156],
       [-12.36841817],
       [-11.60431907],
       [-12.50053004],
       [-11.00544363],
       [-12.26318842],
       [-12.31646003],
       [-12.69410274],
       [-12.44611434],
       [-11.94713803],
       [-12.61783634],
       [-12.32992179],
       [-12.00602658],
       [-12.49738613],
       [-11.47932173],
       [-12.90983269],
       [  0.64374594],
       [-11.95390899],
       [  0.43613791]])
<<<<<<<<<<< STEP 11 >>>>>>>>>>>> + array([[-0.50071039],
       [ 0.02569166],
       [ 0.08328728],
       [-0.50067539],
       [-0.50031989],
       [-0.50050849],
       [-0.50080576],
       [-0.50059652],
       [-0.50146029],
       [-0.50018435],
       [-0.50043252],
       [ 0.04346297],
       [-0.50046451],
       [-0.50041431],
       [-0.50016041],
       [-0.50048244],
       [-0.50103709],
       [-0.50034808],
       [-0.50077137],
       [-0.50039891],
       [-0.500572  ],
       [-0.50101316],
       [-0.50057814],
       [-0.50051904],
       [-0.5000836 ],
       [-0.50042758],
       [-0.50075895],
       [-0.5004474 ],
       [ 0.11796882],
       [-0.50022938],
       [ 0.01620876]])
array([[-12.79534899],
       [  0.47340282],
       [  0.41759956],
       [-12.8115103 ],
       [-13.03558165],
       [-13.57784006],
       [-12.84693405],
       [-13.53450502],
       [-11.06225791],
       [ -8.5680428 ],
       [-13.15073397],
       [ -0.53002547],
       [-13.26469607],
       [-12.86883248],
       [-12.10447948],
       [-13.00101247],
       [-11.50648072],
       [-12.7635365 ],
       [-12.8172314 ],
       [-13.19450165],
       [-12.94668634],
       [-12.44815119],
       [-13.11841448],
       [-12.83044083],
       [-12.50611018],
       [-12.99781371],
       [-11.98008068],
       [-13.41028009],
       [  0.76171476],
       [-12.45413838],
       [  0.45234667]])
<<<<<<<<<<< STEP 12 >>>>>>>>>>>> + array([[-0.50053766],
       [ 0.02500152],
       [ 0.07835765],
       [-0.50051087],
       [-0.50023592],
       [-0.50037921],
       [-0.50060579],
       [-0.50044741],
       [-0.50111084],
       [-0.50034966],
       [-0.50032467],
       [ 0.04441471],
       [-0.50034897],
       [-0.50031079],
       [-0.50011993],
       [-0.50036353],
       [-0.50078838],
       [-0.50026091],
       [-0.50058832],
       [-0.50029844],
       [-0.50043067],
       [-0.50078429],
       [-0.50043468],
       [-0.50039044],
       [-0.500056  ],
       [-0.5003191 ],
       [-0.50057017],
       [-0.50033169],
       [ 0.11202468],
       [-0.5001678 ],
       [ 0.01597708]])
array([[-13.29588665],
       [  0.49840434],
       [  0.49595721],
       [-13.31202117],
       [-13.53581757],
       [-14.07821927],
       [-13.34753984],
       [-14.03495243],
       [-11.56336875],
       [ -9.06839246],
       [-13.65105863],
       [ -0.48561076],
       [-13.76504504],
       [-13.36914327],
       [-12.60459941],
       [-13.501376  ],
       [-12.0072691 ],
       [-13.26379741],
       [-13.31781972],
       [-13.69480009],
       [-13.44711701],
       [-12.94893547],
       [-13.61884916],
       [-13.33083127],
       [-13.00616618],
       [-13.49813282],
       [-12.48065084],
       [-13.91061179],
       [  0.87373944],
       [-12.95430618],
       [  0.46832376]])
<<<<<<<<<<< STEP 13 >>>>>>>>>>>> + array([[-0.50040744],
       [ 0.02435731],
       [ 0.07378451],
       [-0.50038695],
       [-0.50017506],
       [-0.50028392],
       [-0.50045672],
       [-0.50033662],
       [-0.50084486],
       [-0.50039248],
       [-0.50024463],
       [ 0.0450374 ],
       [-0.50026316],
       [-0.50023392],
       [-0.50009044],
       [-0.50027488],
       [-0.50060041],
       [-0.50019661],
       [-0.50044891],
       [-0.50022441],
       [-0.50032479],
       [-0.50060693],
       [-0.50032746],
       [-0.50029423],
       [-0.50003779],
       [-0.50023899],
       [-0.50042938],
       [-0.50024681],
       [ 0.10617526],
       [-0.50012351],
       [ 0.01575   ]])
array([[-13.79629409],
       [  0.52276166],
       [  0.56974172],
       [-13.81240812],
       [-14.03599263],
       [-14.57850319],
       [-13.84799656],
       [-14.53528905],
       [-12.06421362],
       [ -9.56878494],
       [-14.15130327],
       [ -0.44057336],
       [-14.2653082 ],
       [-13.86937719],
       [-13.10468985],
       [-14.00165088],
       [-12.50786951],
       [-13.76399402],
       [-13.81826863],
       [-14.19502451],
       [-13.94744179],
       [-13.4495424 ],
       [-14.11917662],
       [-13.8311255 ],
       [-13.50620396],
       [-13.99837181],
       [-12.98108022],
       [-14.4108586 ],
       [  0.9799147 ],
       [-13.45442968],
       [  0.48407376]])
<<<<<<<<<<< STEP 14 >>>>>>>>>>>> + array([[-0.50030912],
       [ 0.0237592 ],
       [ 0.06956215],
       [-0.50029347],
       [-0.50013058],
       [-0.50021328],
       [-0.50034515],
       [-0.50025392],
       [-0.50064255],
       [-0.50037497],
       [-0.5001849 ],
       [ 0.04538173],
       [-0.50019906],
       [-0.50017656],
       [-0.50006866],
       [-0.50020844],
       [-0.50045792],
       [-0.50014878],
       [-0.50034267],
       [-0.50016945],
       [-0.50024531],
       [-0.50046956],
       [-0.50024712],
       [-0.50022209],
       [-0.50002567],
       [-0.50017953],
       [-0.50032403],
       [-0.50018423],
       [ 0.10054414],
       [-0.50009139],
       [ 0.01552816]])
array([[-14.29660321],
       [  0.54652086],
       [  0.63930388],
       [-14.31270159],
       [-14.53612321],
       [-15.07871647],
       [-14.34834171],
       [-15.03554297],
       [-12.56485617],
       [-10.06915991],
       [-14.65148817],
       [ -0.39519163],
       [-14.76550726],
       [-14.36955375],
       [-13.60475851],
       [-14.50185931],
       [-13.00832742],
       [-14.2641428 ],
       [-14.3186113 ],
       [-14.69519395],
       [-14.4476871 ],
       [-13.95001197],
       [-14.61942374],
       [-14.33134758],
       [-14.00622963],
       [-14.49855134],
       [-13.48140425],
       [-14.91104283],
       [  1.08045884],
       [-13.95452107],
       [  0.49960191]])
<<<<<<<<<<< STEP 15 >>>>>>>>>>>> + array([[-0.50023478],
       [ 0.02320631],
       [ 0.0656753 ],
       [-0.50022283],
       [-0.50009781],
       [-0.50016067],
       [-0.50026136],
       [-0.50019197],
       [-0.50048874],
       [-0.50033144],
       [-0.50014012],
       [ 0.04549133],
       [-0.50015096],
       [-0.50013359],
       [-0.50005239],
       [-0.50015842],
       [-0.50034966],
       [-0.50011297],
       [-0.50026166],
       [-0.50012838],
       [-0.50018554],
       [-0.50036321],
       [-0.5001868 ],
       [-0.50016789],
       [-0.50001755],
       [-0.50013522],
       [-0.50024498],
       [-0.5001379 ],
       [ 0.095202  ],
       [-0.50006794],
       [ 0.01531218]])
array([[-14.79683799],
       [  0.56972717],
       [  0.70497918],
       [-14.81292442],
       [-15.03622103],
       [-15.57887714],
       [-14.84860306],
       [-15.53573493],
       [-13.06534491],
       [-10.56949135],
       [-15.15162829],
       [ -0.3497003 ],
       [-15.26565822],
       [-14.86968734],
       [-14.1048109 ],
       [-15.00201774],
       [-13.50867708],
       [-14.76425578],
       [-14.81887296],
       [-15.19532233],
       [-14.94787264],
       [-14.45037517],
       [-15.11961054],
       [-14.83151547],
       [-14.50624719],
       [-14.99868657],
       [-13.98164923],
       [-15.41118073],
       [  1.17566084],
       [-14.45458901],
       [  0.51491409]])
<<<<<<<<<<< STEP 16 >>>>>>>>>>>> + array([[-0.5001785 ],
       [ 0.0226969 ],
       [ 0.06210338],
       [-0.50016938],
       [-0.50007353],
       [-0.50012133],
       [-0.50019825],
       [-0.5001454 ],
       [-0.50037182],
       [-0.50028011],
       [-0.5001064 ],
       [ 0.04540384],
       [-0.50011472],
       [-0.50010128],
       [-0.50004013],
       [-0.50012064],
       [-0.50026726],
       [-0.50008601],
       [-0.50019987],
       [-0.50009753],
       [-0.50014052],
       [-0.5002809 ],
       [-0.5001414 ],
       [-0.50012709],
       [-0.50001207],
       [-0.50010208],
       [-0.50018552],
       [-0.50010347],
       [ 0.09018339],
       [-0.50005071],
       [ 0.01510251]])
array([[-15.29701649],
       [  0.59242407],
       [  0.76708256],
       [-15.31309379],
       [-15.53629456],
       [-16.07899846],
       [-15.34880131],
       [-16.03588034],
       [-13.56571672],
       [-11.06977146],
       [-15.65173469],
       [ -0.30429646],
       [-15.76577294],
       [-15.36978862],
       [-14.60485103],
       [-15.50213837],
       [-14.00894434],
       [-15.26434179],
       [-15.31907283],
       [-15.69541986],
       [-15.44801317],
       [-14.95065607],
       [-15.61975194],
       [-15.33164257],
       [-15.00625925],
       [-15.49878865],
       [-14.48183476],
       [-15.9112842 ],
       [  1.26584423],
       [-14.95463971],
       [  0.53001661]])
<<<<<<<<<<< STEP 17 >>>>>>>>>>>> + array([[-0.50013585],
       [ 0.02222861],
       [ 0.05882327],
       [-0.50012888],
       [-0.50005544],
       [-0.50009181],
       [-0.5001506 ],
       [-0.50011032],
       [-0.50028294],
       [-0.50023007],
       [-0.50008094],
       [ 0.0451518 ],
       [-0.50008733],
       [-0.50007692],
       [-0.50003082],
       [-0.50009201],
       [-0.50020444],
       [-0.50006562],
       [-0.50015272],
       [-0.50007425],
       [-0.50010656],
       [-0.50021721],
       [-0.50010719],
       [-0.50009634],
       [-0.50000834],
       [-0.50007722],
       [-0.5001407 ],
       [-0.50007781],
       [ 0.08549905],
       [-0.50003798],
       [ 0.01489943]])
array([[-15.79715234],
       [  0.61465268],
       [  0.82590583],
       [-15.81322267],
       [-16.03634999],
       [-16.57909027],
       [-15.84895192],
       [-16.53599066],
       [-14.06599966],
       [-11.57000154],
       [-16.15181564],
       [ -0.25914466],
       [-16.26586027],
       [-15.86986554],
       [-15.10488186],
       [-16.00223038],
       [-14.50914878],
       [-15.76440741],
       [-15.81922556],
       [-16.19549411],
       [-15.94811973],
       [-15.45087328],
       [-16.11985913],
       [-15.83173891],
       [-15.50626759],
       [-15.99886587],
       [-14.98197546],
       [-16.41136201],
       [  1.35134328],
       [-15.45467769],
       [  0.54491603]])
<<<<<<<<<<< STEP 18 >>>>>>>>>>>> + array([[-0.50010348],
       [ 0.02179861],
       [ 0.05581118],
       [-0.50009815],
       [-0.5000419 ],
       [-0.50006959],
       [-0.50011456],
       [-0.50008382],
       [-0.50021539],
       [-0.50018537],
       [-0.50006166],
       [ 0.04476338],
       [-0.50006657],
       [-0.5000585 ],
       [-0.50002372],
       [-0.50007026],
       [-0.50015649],
       [-0.50005014],
       [-0.50011673],
       [-0.50005663],
       [-0.5000809 ],
       [-0.50016794],
       [-0.50008136],
       [-0.50007312],
       [-0.50000579],
       [-0.50005851],
       [-0.50010685],
       [-0.50005862],
       [ 0.08114473],
       [-0.50002853],
       [ 0.01470299]])
array([[-16.29725581],
       [  0.63645129],
       [  0.88171701],
       [-16.31332082],
       [-16.53639189],
       [-17.07915987],
       [-16.34906648],
       [-17.03607447],
       [-14.56621505],
       [-12.0701869 ],
       [-16.6518773 ],
       [ -0.21438128],
       [-16.76592685],
       [-16.36992404],
       [-15.60490558],
       [-16.50230065],
       [-15.00930527],
       [-16.26445755],
       [-16.31934229],
       [-16.69555074],
       [-16.44820063],
       [-15.95104122],
       [-16.61994049],
       [-16.33181203],
       [-16.00627338],
       [-16.49892438],
       [-15.48208232],
       [-16.91142064],
       [  1.43248801],
       [-15.95470623],
       [  0.55961903]])
<<<<<<<<<<< STEP 19 >>>>>>>>>>>> + array([[-0.50007889],
       [ 0.02140385],
       [ 0.05304377],
       [-0.50007482],
       [-0.50003172],
       [-0.50005283],
       [-0.50008724],
       [-0.50006376],
       [-0.50016402],
       [-0.50014734],
       [-0.50004703],
       [ 0.044263  ],
       [-0.50005081],
       [-0.50004455],
       [-0.50001828],
       [-0.50005372],
       [-0.50011986],
       [-0.50003836],
       [-0.50008925],
       [-0.50004325],
       [-0.50006149],
       [-0.50012984],
       [-0.50006182],
       [-0.50005556],
       [-0.50000403],
       [-0.50004441],
       [-0.50008124],
       [-0.50004425],
       [ 0.07710714],
       [-0.50002149],
       [ 0.01451316]])
array([[-16.7973347 ],
       [  0.65785514],
       [  0.93476078],
       [-16.81339564],
       [-17.03642362],
       [-17.5792127 ],
       [-16.84915371],
       [-17.53613823],
       [-15.06637907],
       [-12.57033424],
       [-17.15192433],
       [ -0.17011828],
       [-17.26597766],
       [-16.86996858],
       [-16.10492385],
       [-17.00235437],
       [-15.50942513],
       [-16.7644959 ],
       [-16.81943155],
       [-17.19559399],
       [-16.94826211],
       [-16.45117105],
       [-17.1200023 ],
       [-16.83186758],
       [-16.50627741],
       [-16.99896879],
       [-15.98216356],
       [-17.41146488],
       [  1.50959515],
       [-16.45472772],
       [  0.57413219]])
<<<<<<<<<<< STEP 20 >>>>>>>>>>>> + array([[-0.50006019],
       [ 0.02104115],
       [ 0.0504988 ],
       [-0.50005708],
       [-0.50002406],
       [-0.50004016],
       [-0.5000665 ],
       [-0.50004856],
       [-0.50012496],
       [-0.50011597],
       [-0.50003591],
       [ 0.0436718 ],
       [-0.50003881],
       [-0.50003396],
       [-0.50001409],
       [-0.5000411 ],
       [-0.50009184],
       [-0.50002937],
       [-0.50006826],
       [-0.50003307],
       [-0.50004678],
       [-0.50010037],
       [-0.50004703],
       [-0.50004226],
       [-0.50000281],
       [-0.50003375],
       [-0.50006184],
       [-0.50003345],
       [ 0.07336803],
       [-0.50001623],
       [ 0.01432975]])
array([[-17.29739488],
       [  0.67889629],
       [  0.98525958],
       [-17.31345272],
       [-17.53644768],
       [-18.07925286],
       [-17.34922021],
       [-18.03618679],
       [-15.56650403],
       [-13.07045022],
       [-17.65196023],
       [ -0.12644649],
       [-17.76601647],
       [-17.37000254],
       [-16.60493795],
       [-17.50239547],
       [-16.00951697],
       [-17.26452528],
       [-17.31949981],
       [-17.69562707],
       [-17.44830889],
       [-16.95127143],
       [-17.62004933],
       [-17.33190984],
       [-17.00628022],
       [-17.49900255],
       [-16.4822254 ],
       [-17.91149833],
       [  1.58296318],
       [-16.95474395],
       [  0.58846194]])
<<<<<<<<<<< STEP 21 >>>>>>>>>>>> + array([[-0.50004596],
       [ 0.02070734],
       [ 0.04815557],
       [-0.50004358],
       [-0.50001827],
       [-0.50003057],
       [-0.50005073],
       [-0.50003701],
       [-0.50009523],
       [-0.50009063],
       [-0.50002744],
       [ 0.04300806],
       [-0.50002968],
       [-0.50002591],
       [-0.50001087],
       [-0.50003147],
       [-0.50007041],
       [-0.50002251],
       [-0.50005222],
       [-0.50002531],
       [-0.50003563],
       [-0.50007759],
       [-0.50003581],
       [-0.50003218],
       [-0.50000197],
       [-0.50002568],
       [-0.50004712],
       [-0.50002532],
       [ 0.06990677],
       [-0.50001228],
       [ 0.01415254]])
array([[-17.79744084],
       [  0.69960362],
       [  1.03341515],
       [-17.8134963 ],
       [-18.03646595],
       [-18.57928343],
       [-17.84927094],
       [-18.5362238 ],
       [-16.06659926],
       [-13.57054085],
       [-18.15198767],
       [ -0.08343843],
       [-18.26604615],
       [-17.87002845],
       [-17.10494882],
       [-18.00242694],
       [-16.50958738],
       [-17.76454779],
       [-17.81955203],
       [-18.19565238],
       [-17.94834452],
       [-17.45134902],
       [-18.12008514],
       [-17.83194202],
       [-17.50628219],
       [-17.99902823],
       [-16.98227252],
       [-18.41152365],
       [  1.65286995],
       [-17.45475623],
       [  0.60261447]])
<<<<<<<<<<< STEP 22 >>>>>>>>>>>> + array([[-0.50003512],
       [ 0.02039936],
       [ 0.04599499],
       [-0.5000333 ],
       [-0.50001389],
       [-0.50002329],
       [-0.50003874],
       [-0.50002824],
       [-0.50007261],
       [-0.50007045],
       [-0.50002098],
       [ 0.04228756],
       [-0.5000227 ],
       [-0.50001978],
       [-0.50000839],
       [-0.50002412],
       [-0.50005399],
       [-0.50001726],
       [-0.50003996],
       [-0.50001939],
       [-0.50002716],
       [-0.50005998],
       [-0.50002729],
       [-0.50002452],
       [-0.50000138],
       [-0.50001957],
       [-0.50003593],
       [-0.50001919],
       [ 0.06670208],
       [-0.50000931],
       [ 0.01398125]])
array([[-18.29747595],
       [  0.72000298],
       [  1.07941014],
       [-18.3135296 ],
       [-18.53647985],
       [-19.07930672],
       [-18.34930968],
       [-19.03625204],
       [-16.56667188],
       [-14.0706113 ],
       [-18.65200865],
       [ -0.04115087],
       [-18.76606885],
       [-18.37004823],
       [-17.6049572 ],
       [-18.50245106],
       [-17.00964137],
       [-18.26456505],
       [-18.31959199],
       [-18.69567177],
       [-18.44837168],
       [-17.95140899],
       [-18.62011243],
       [-18.33196654],
       [-18.00628356],
       [-18.4990478 ],
       [-17.48230845],
       [-18.91154283],
       [  1.71957203],
       [-17.95476553],
       [  0.61659572]])
<<<<<<<<<<< STEP 23 >>>>>>>>>>>> + array([[-0.50002685],
       [ 0.0201143 ],
       [ 0.04399968],
       [-0.50002546],
       [-0.50001057],
       [-0.50001776],
       [-0.5000296 ],
       [-0.50002156],
       [-0.50005539],
       [-0.50005454],
       [-0.50001605],
       [ 0.04152384],
       [-0.50001738],
       [-0.50001512],
       [-0.50000647],
       [-0.50001849],
       [-0.50004142],
       [-0.50001324],
       [-0.50003059],
       [-0.50001486],
       [-0.50002072],
       [-0.50004636],
       [-0.50002082],
       [-0.50001871],
       [-0.50000097],
       [-0.50001492],
       [-0.50002743],
       [-0.50001456],
       [ 0.06373301],
       [-0.50000706],
       [ 0.01381557]])
array([[ -1.87975028e+01],
       [  7.40117280e-01],
       [  1.12340983e+00],
       [ -1.88135551e+01],
       [ -1.90364904e+01],
       [ -1.95793245e+01],
       [ -1.88493393e+01],
       [ -1.95362736e+01],
       [ -1.70667273e+01],
       [ -1.45706658e+01],
       [ -1.91520247e+01],
       [  3.72965988e-04],
       [ -1.92660862e+01],
       [ -1.88700634e+01],
       [ -1.81049637e+01],
       [ -1.90024695e+01],
       [ -1.75096828e+01],
       [ -1.87645783e+01],
       [ -1.88196226e+01],
       [ -1.91956866e+01],
       [ -1.89483924e+01],
       [ -1.84514554e+01],
       [ -1.91201332e+01],
       [ -1.88319853e+01],
       [ -1.85062845e+01],
       [ -1.89990627e+01],
       [ -1.79823359e+01],
       [ -1.94115574e+01],
       [  1.78330504e+00],
       [ -1.84547726e+01],
       [  6.30411294e-01]])
<<<<<<<<<<< STEP 24 >>>>>>>>>>>> + array([[-0.50002054],
       [ 0.01984944],
       [ 0.04215392],
       [-0.50001948],
       [-0.50000805],
       [-0.50001355],
       [-0.50002263],
       [-0.50001647],
       [-0.50004227],
       [-0.50004209],
       [-0.50001229],
       [ 0.04072849],
       [-0.50001331],
       [-0.50001156],
       [-0.50000499],
       [-0.50001418],
       [-0.50003178],
       [-0.50001016],
       [-0.50002342],
       [-0.50001139],
       [-0.50001582],
       [-0.50003583],
       [-0.50001589],
       [-0.50001428],
       [-0.50000068],
       [-0.50001139],
       [-0.50002095],
       [-0.50001106],
       [ 0.06097959],
       [-0.50000537],
       [ 0.01365521]])
array([[-19.29752335],
       [  0.75996672],
       [  1.16556374],
       [-19.31357453],
       [-19.53649847],
       [-20.07933802],
       [-19.34936191],
       [-20.03629008],
       [-17.56676953],
       [-15.07070793],
       [-19.65203699],
       [  0.04110146],
       [-19.76609954],
       [-19.37007491],
       [-18.60496867],
       [-19.50248373],
       [-18.00971457],
       [-19.26458844],
       [-19.31964601],
       [-19.69569802],
       [-19.44840821],
       [-18.95149119],
       [-19.62014914],
       [-19.33199953],
       [-19.0062852 ],
       [-19.49907411],
       [-18.48235683],
       [-19.91156845],
       [  1.84428463],
       [-18.95477796],
       [  0.64406651]])
<<<<<<<<<<< STEP 25 >>>>>>>>>>>> + array([[-0.50001573],
       [ 0.01960228],
       [ 0.04044351],
       [-0.50001491],
       [-0.50000614],
       [-0.50001035],
       [-0.50001731],
       [-0.50001259],
       [-0.50003227],
       [-0.50003241],
       [-0.50000941],
       [ 0.03991139],
       [-0.5000102 ],
       [-0.50000885],
       [-0.50000385],
       [-0.50001088],
       [-0.5000244 ],
       [-0.5000078 ],
       [-0.50001794],
       [-0.50000874],
       [-0.50001209],
       [-0.5000277 ],
       [-0.50001214],
       [-0.50001091],
       [-0.50000047],
       [-0.5000087 ],
       [-0.50001601],
       [-0.50000841],
       [ 0.05842313],
       [-0.50000409],
       [ 0.01349986]])
array([[-19.79753907],
       [  0.779569  ],
       [  1.20600725],
       [-19.81358945],
       [-20.03650461],
       [-20.57934837],
       [-19.84937922],
       [-20.53630267],
       [-18.0668018 ],
       [-15.57074034],
       [-20.1520464 ],
       [  0.08101285],
       [-20.26610974],
       [-19.87008376],
       [-19.10497252],
       [-20.00249461],
       [-18.50973897],
       [-19.76459624],
       [-19.81966395],
       [-20.19570677],
       [-19.9484203 ],
       [-19.45151889],
       [-20.12016129],
       [-19.83201044],
       [-19.50628568],
       [-19.99908281],
       [-18.98237285],
       [-20.41157686],
       [  1.90270776],
       [-19.45478205],
       [  0.65756637]])
<<<<<<<<<<< STEP 26 >>>>>>>>>>>> + array([[-0.50001205],
       [ 0.01937055],
       [ 0.03885572],
       [-0.50001142],
       [-0.50000468],
       [-0.50000791],
       [-0.50001325],
       [-0.50000963],
       [-0.50002465],
       [-0.50002492],
       [-0.50000721],
       [ 0.03908086],
       [-0.50000782],
       [-0.50000677],
       [-0.50000297],
       [-0.50000835],
       [-0.50001873],
       [-0.50000598],
       [-0.50001375],
       [-0.50000671],
       [-0.50000924],
       [-0.50002141],
       [-0.50000929],
       [-0.50000834],
       [-0.50000033],
       [-0.50000665],
       [-0.50001225],
       [-0.5000064 ],
       [ 0.05604634],
       [-0.50000311],
       [ 0.01334922]])
array([[-20.29755112],
       [  0.79893956],
       [  1.24486297],
       [-20.31360087],
       [-20.53650929],
       [-21.07935628],
       [-20.34939247],
       [-21.0363123 ],
       [-18.56682645],
       [-16.07076526],
       [-20.65205361],
       [  0.12009371],
       [-20.76611756],
       [-20.37009053],
       [-19.60497549],
       [-20.50250296],
       [-19.0097577 ],
       [-20.26460222],
       [-20.31967769],
       [-20.69571347],
       [-20.44842954],
       [-19.9515403 ],
       [-20.62017057],
       [-20.33201879],
       [-20.00628601],
       [-20.49908946],
       [-19.4823851 ],
       [-20.91158326],
       [  1.9587541 ],
       [-19.95478516],
       [  0.67091559]])
<<<<<<<<<<< STEP 27 >>>>>>>>>>>> + array([[-0.50000923],
       [ 0.0191522 ],
       [ 0.03737913],
       [-0.50000875],
       [-0.50000357],
       [-0.50000605],
       [-0.50001015],
       [-0.50000737],
       [-0.50001883],
       [-0.50001913],
       [-0.50000553],
       [ 0.03824392],
       [-0.500006  ],
       [-0.50000519],
       [-0.50000229],
       [-0.50000641],
       [-0.50001439],
       [-0.50000459],
       [-0.50001053],
       [-0.50000515],
       [-0.50000707],
       [-0.50001655],
       [-0.5000071 ],
       [-0.50000638],
       [-0.50000023],
       [-0.50000509],
       [-0.50000938],
       [-0.50000487],
       [ 0.05383342],
       [-0.50000237],
       [ 0.01320302]])
array([[-20.79756035],
       [  0.81809176],
       [  1.2822421 ],
       [-20.81360962],
       [-21.03651286],
       [-21.57936233],
       [-20.84940262],
       [-21.53631968],
       [-19.06684528],
       [-16.57078439],
       [-21.15205914],
       [  0.15833764],
       [-21.26612356],
       [-20.87009572],
       [-20.10497778],
       [-21.00250937],
       [-19.50977209],
       [-20.76460682],
       [-20.81968823],
       [-21.19571862],
       [-20.94843661],
       [-20.45155684],
       [-21.12017768],
       [-20.83202517],
       [-20.50628624],
       [-20.99909455],
       [-19.98239447],
       [-21.41158813],
       [  2.01258752],
       [-20.45478754],
       [  0.68411861]])
<<<<<<<<<<< STEP 28 >>>>>>>>>>>> + array([[-0.50000708],
       [ 0.0189454 ],
       [ 0.0360035 ],
       [-0.50000671],
       [-0.50000273],
       [-0.50000463],
       [-0.50000778],
       [-0.50000565],
       [-0.5000144 ],
       [-0.50001467],
       [-0.50000424],
       [ 0.03740642],
       [-0.5000046 ],
       [-0.50000397],
       [-0.50000176],
       [-0.50000493],
       [-0.50001105],
       [-0.50000353],
       [-0.50000807],
       [-0.50000395],
       [-0.50000541],
       [-0.50001279],
       [-0.50000544],
       [-0.50000489],
       [-0.50000016],
       [-0.5000039 ],
       [-0.50000718],
       [-0.50000371],
       [ 0.05176997],
       [-0.50000181],
       [ 0.01306099]])
array([[-21.29756743],
       [  0.83703715],
       [  1.3182456 ],
       [-21.31361633],
       [-21.53651558],
       [-22.07936695],
       [-21.34941039],
       [-22.03632532],
       [-19.56685967],
       [-17.07079906],
       [-21.65206338],
       [  0.19574405],
       [-21.76612816],
       [-21.37009969],
       [-20.60497954],
       [-21.5025143 ],
       [-20.00978314],
       [-21.26461034],
       [-21.3196963 ],
       [-21.69572258],
       [-21.44844203],
       [-20.95156964],
       [-21.62018312],
       [-21.33203006],
       [-21.0062864 ],
       [-21.49909844],
       [-20.48240165],
       [-21.91159185],
       [  2.06435748],
       [-20.95478935],
       [  0.6971796 ]])
<<<<<<<<<<< STEP 29 >>>>>>>>>>>> + array([[-0.50000543],
       [ 0.01874852],
       [ 0.03471968],
       [-0.50000515],
       [-0.50000208],
       [-0.50000354],
       [-0.50000596],
       [-0.50000433],
       [-0.50001101],
       [-0.50001125],
       [-0.50000325],
       [ 0.03657317],
       [-0.50000353],
       [-0.50000305],
       [-0.50000136],
       [-0.50000379],
       [-0.50000849],
       [-0.50000271],
       [-0.50000619],
       [-0.50000304],
       [-0.50000415],
       [-0.50000989],
       [-0.50000417],
       [-0.50000374],
       [-0.50000011],
       [-0.50000298],
       [-0.5000055 ],
       [-0.50000283],
       [ 0.04984295],
       [-0.50000138],
       [ 0.01292287]])
array([[-21.79757286],
       [  0.85578567],
       [  1.35296527],
       [-21.81362148],
       [-22.03651767],
       [-22.57937049],
       [-21.84941635],
       [-22.53632965],
       [-20.06687068],
       [-17.5708103 ],
       [-22.15206663],
       [  0.23231722],
       [-22.26613169],
       [-21.87010274],
       [-21.1049809 ],
       [-22.00251808],
       [-20.50979163],
       [-21.76461305],
       [-21.81970249],
       [-22.19572561],
       [-21.94844618],
       [-21.45157952],
       [-22.12018728],
       [-21.8320338 ],
       [-21.50628651],
       [-21.99910143],
       [-20.98240715],
       [-22.41159468],
       [  2.11420043],
       [-21.45479073],
       [  0.71010247]])
<<<<<<<<<<< STEP 30 >>>>>>>>>>>> + array([[-0.50000417],
       [ 0.01856015],
       [ 0.03351946],
       [-0.50000395],
       [-0.50000159],
       [-0.50000271],
       [-0.50000457],
       [-0.50000332],
       [-0.50000842],
       [-0.50000861],
       [-0.50000249],
       [ 0.03574814],
       [-0.50000271],
       [-0.50000234],
       [-0.50000105],
       [-0.50000291],
       [-0.50000652],
       [-0.50000208],
       [-0.50000475],
       [-0.50000233],
       [-0.50000318],
       [-0.50000764],
       [-0.50000319],
       [-0.50000287],
       [-0.50000007],
       [-0.50000229],
       [-0.50000422],
       [-0.50000216],
       [ 0.04804055],
       [-0.50000106],
       [ 0.01278845]])
array([[-22.29757703],
       [  0.87434582],
       [  1.38648473],
       [-22.31362544],
       [-22.53651926],
       [-23.0793732 ],
       [-22.34942092],
       [-23.03633297],
       [-20.5668791 ],
       [-18.07081892],
       [-22.65206912],
       [  0.26806536],
       [-22.7661344 ],
       [-22.37010507],
       [-21.60498195],
       [-22.50252099],
       [-21.00979815],
       [-22.26461513],
       [-22.31970724],
       [-22.69572795],
       [-22.44844935],
       [-21.95158717],
       [-22.62019048],
       [-22.33203667],
       [-22.00628658],
       [-22.49910371],
       [-21.48241137],
       [-22.91159684],
       [  2.16224098],
       [-21.95479179],
       [  0.72289092]])
<<<<<<<<<<< STEP 31 >>>>>>>>>>>> + array([[-0.5000032 ],
       [ 0.01837903],
       [ 0.03239551],
       [-0.50000303],
       [-0.50000121],
       [-0.50000208],
       [-0.50000351],
       [-0.50000254],
       [-0.50000644],
       [-0.5000066 ],
       [-0.50000191],
       [ 0.03493452],
       [-0.50000208],
       [-0.50000179],
       [-0.50000081],
       [-0.50000224],
       [-0.50000502],
       [-0.5000016 ],
       [-0.50000364],
       [-0.50000179],
       [-0.50000244],
       [-0.50000591],
       [-0.50000245],
       [-0.5000022 ],
       [-0.50000005],
       [-0.50000175],
       [-0.50000323],
       [-0.50000165],
       [ 0.04635214],
       [-0.50000081],
       [ 0.01265751]])
array([[-22.79758023],
       [  0.89272485],
       [  1.41888024],
       [-22.81362847],
       [-23.03652047],
       [-23.57937528],
       [-22.84942443],
       [-23.53633551],
       [-21.06688555],
       [-18.57082551],
       [-23.15207104],
       [  0.30299988],
       [-23.26613648],
       [-22.87010686],
       [-22.10498276],
       [-23.00252323],
       [-21.50980317],
       [-22.76461673],
       [-22.81971089],
       [-23.19572974],
       [-22.94845179],
       [-22.45159308],
       [-23.12019292],
       [-22.83203887],
       [-22.50628663],
       [-22.99910547],
       [-21.98241461],
       [-23.41159849],
       [  2.20859312],
       [-22.4547926 ],
       [  0.73554843]])
<<<<<<<<<<< STEP 32 >>>>>>>>>>>> + array([[-0.50000246],
       [ 0.01820409],
       [ 0.03134124],
       [-0.50000233],
       [-0.50000093],
       [-0.50000159],
       [-0.50000269],
       [-0.50000195],
       [-0.50000493],
       [-0.50000505],
       [-0.50000147],
       [ 0.03413486],
       [-0.5000016 ],
       [-0.50000138],
       [-0.50000062],
       [-0.50000172],
       [-0.50000386],
       [-0.50000123],
       [-0.5000028 ],
       [-0.50000138],
       [-0.50000187],
       [-0.50000457],
       [-0.50000188],
       [-0.50000169],
       [-0.50000003],
       [-0.50000134],
       [-0.50000248],
       [-0.50000126],
       [ 0.04476809],
       [-0.50000062],
       [ 0.01252984]])
array([[-23.29758269],
       [  0.91092894],
       [  1.45022148],
       [-23.3136308 ],
       [-23.5365214 ],
       [-24.07937687],
       [-23.34942712],
       [-24.03633746],
       [-21.56689048],
       [-19.07083057],
       [-23.65207251],
       [  0.33713474],
       [-23.76613807],
       [-23.37010824],
       [-22.60498338],
       [-23.50252495],
       [-22.00980702],
       [-23.26461796],
       [-23.31971368],
       [-23.69573112],
       [-23.44845366],
       [-22.95159764],
       [-23.6201948 ],
       [-23.33204056],
       [-23.00628667],
       [-23.49910681],
       [-22.48241709],
       [-23.91159975],
       [  2.25336121],
       [-22.95479322],
       [  0.74807827]])
<<<<<<<<<<< STEP 33 >>>>>>>>>>>> + array([[-0.50000189],
       [ 0.0180344 ],
       [ 0.03035075],
       [-0.50000179],
       [-0.50000071],
       [-0.50000122],
       [-0.50000207],
       [-0.5000015 ],
       [-0.50000378],
       [-0.50000387],
       [-0.50000113],
       [ 0.03335116],
       [-0.50000123],
       [-0.50000106],
       [-0.50000048],
       [-0.50000132],
       [-0.50000297],
       [-0.50000094],
       [-0.50000215],
       [-0.50000106],
       [-0.50000144],
       [-0.50000353],
       [-0.50000144],
       [-0.5000013 ],
       [-0.50000002],
       [-0.50000103],
       [-0.50000191],
       [-0.50000096],
       [ 0.04327975],
       [-0.50000047],
       [ 0.01240528]])
array([[-23.79758458],
       [  0.92896335],
       [  1.48057223],
       [-23.81363259],
       [-24.03652211],
       [-24.57937809],
       [-23.84942918],
       [-24.53633896],
       [-22.06689426],
       [-19.57083443],
       [-24.15207363],
       [  0.3704859 ],
       [-24.2661393 ],
       [-23.87010929],
       [-23.10498386],
       [-24.00252627],
       [-22.50980999],
       [-23.76461891],
       [-23.81971583],
       [-24.19573218],
       [-23.9484551 ],
       [-23.45160117],
       [-24.12019624],
       [-23.83204186],
       [-23.50628669],
       [-23.99910784],
       [-22.98241899],
       [-24.41160072],
       [  2.29664096],
       [-23.4547937 ],
       [  0.76048355]])
<<<<<<<<<<< STEP 34 >>>>>>>>>>>> + array([[-0.50000145],
       [ 0.01786917],
       [ 0.02941873],
       [-0.50000138],
       [-0.50000054],
       [-0.50000094],
       [-0.50000159],
       [-0.50000115],
       [-0.50000289],
       [-0.50000296],
       [-0.50000087],
       [ 0.03258494],
       [-0.50000094],
       [-0.50000081],
       [-0.50000037],
       [-0.50000102],
       [-0.50000228],
       [-0.50000073],
       [-0.50000165],
       [-0.50000081],
       [-0.5000011 ],
       [-0.50000273],
       [-0.50000111],
       [-0.500001  ],
       [-0.50000001],
       [-0.50000079],
       [-0.50000146],
       [-0.50000074],
       [ 0.04187929],
       [-0.50000036],
       [ 0.01228364]])
array([[-24.29758603],
       [  0.94683251],
       [  1.50999097],
       [-24.31363397],
       [-24.53652265],
       [-25.07937903],
       [-24.34943077],
       [-25.03634011],
       [-22.56689716],
       [-20.07083739],
       [-24.6520745 ],
       [  0.40307084],
       [-24.76614024],
       [-24.3701101 ],
       [-23.60498422],
       [-24.50252729],
       [-23.00981227],
       [-24.26461963],
       [-24.31971748],
       [-24.69573299],
       [-24.4484562 ],
       [-23.9516039 ],
       [-24.62019735],
       [-24.33204285],
       [-24.0062867 ],
       [-24.49910864],
       [-23.48242046],
       [-24.91160146],
       [  2.33852024],
       [-23.95479406],
       [  0.77276719]])
<<<<<<<<<<< STEP 35 >>>>>>>>>>>> + array([[-0.50000112],
       [ 0.0177077 ],
       [ 0.02854042],
       [-0.50000106],
       [-0.50000042],
       [-0.50000072],
       [-0.50000122],
       [-0.50000088],
       [-0.50000222],
       [-0.50000227],
       [-0.50000067],
       [ 0.03183734],
       [-0.50000072],
       [-0.50000062],
       [-0.50000028],
       [-0.50000078],
       [-0.50000175],
       [-0.50000056],
       [-0.50000127],
       [-0.50000063],
       [-0.50000085],
       [-0.50000211],
       [-0.50000085],
       [-0.50000076],
       [-0.50000001],
       [-0.50000061],
       [-0.50000112],
       [-0.50000056],
       [ 0.04055965],
       [-0.50000028],
       [ 0.01216479]])
array([[-24.79758715],
       [  0.96454021],
       [  1.53853139],
       [-24.81363503],
       [-25.03652307],
       [-25.57937975],
       [-24.84943199],
       [-25.53634099],
       [-23.06689937],
       [-20.57083966],
       [-25.15207517],
       [  0.43490818],
       [-25.26614097],
       [-24.87011073],
       [-24.10498451],
       [-25.00252807],
       [-23.50981402],
       [-24.76462019],
       [-24.81971874],
       [-25.19573362],
       [-24.94845705],
       [-24.45160602],
       [-25.1201982 ],
       [-24.83204362],
       [-24.50628671],
       [-24.99910925],
       [-23.98242158],
       [-25.41160202],
       [  2.37907989],
       [-24.45479434],
       [  0.78493198]])
<<<<<<<<<<< STEP 36 >>>>>>>>>>>> + array([[-0.50000086],
       [ 0.01754943],
       [ 0.02771151],
       [-0.50000081],
       [-0.50000032],
       [-0.50000055],
       [-0.50000094],
       [-0.50000068],
       [-0.5000017 ],
       [-0.50000174],
       [-0.50000051],
       [ 0.03110915],
       [-0.50000056],
       [-0.50000048],
       [-0.50000022],
       [-0.5000006 ],
       [-0.50000135],
       [-0.50000043],
       [-0.50000097],
       [-0.50000048],
       [-0.50000065],
       [-0.50000163],
       [-0.50000065],
       [-0.50000059],
       [-0.50000001],
       [-0.50000047],
       [-0.50000086],
       [-0.50000043],
       [ 0.03931446],
       [-0.50000021],
       [ 0.01204856]])
array([[-25.297588  ],
       [  0.98208964],
       [  1.5662429 ],
       [-25.31363584],
       [-25.53652339],
       [-26.0793803 ],
       [-25.34943292],
       [-26.03634166],
       [-23.56690107],
       [-21.0708414 ],
       [-25.65207568],
       [  0.46601732],
       [-25.76614153],
       [-25.37011121],
       [-24.60498473],
       [-25.50252867],
       [-24.00981537],
       [-25.26462062],
       [-25.31971971],
       [-25.6957341 ],
       [-25.4484577 ],
       [-24.95160765],
       [-25.62019886],
       [-25.33204421],
       [-25.00628672],
       [-25.49910971],
       [-24.48242244],
       [-25.91160245],
       [  2.41839436],
       [-24.95479455],
       [  0.79698054]])
<<<<<<<<<<< STEP 37 >>>>>>>>>>>> + array([[-0.50000066],
       [ 0.01739387],
       [ 0.02692813],
       [-0.50000063],
       [-0.50000024],
       [-0.50000042],
       [-0.50000072],
       [-0.50000052],
       [-0.5000013 ],
       [-0.50000133],
       [-0.50000039],
       [ 0.03040089],
       [-0.50000043],
       [-0.50000037],
       [-0.50000017],
       [-0.50000046],
       [-0.50000104],
       [-0.50000033],
       [-0.50000075],
       [-0.50000037],
       [-0.5000005 ],
       [-0.50000126],
       [-0.5000005 ],
       [-0.50000045],
       [-0.5       ],
       [-0.50000036],
       [-0.50000066],
       [-0.50000033],
       [ 0.03813795],
       [-0.50000016],
       [ 0.01193485]])
array([[-25.79758867],
       [  0.99948351],
       [  1.59317103],
       [-25.81363647],
       [-26.03652363],
       [-26.57938072],
       [-25.84943364],
       [-26.53634219],
       [-24.06690238],
       [-21.57084273],
       [-26.15207607],
       [  0.49641821],
       [-26.26614195],
       [-25.87011157],
       [-25.10498489],
       [-26.00252914],
       [-24.50981641],
       [-25.76462095],
       [-25.81972046],
       [-26.19573447],
       [-25.9484582 ],
       [-25.45160891],
       [-26.12019936],
       [-25.83204466],
       [-25.50628672],
       [-25.99911007],
       [-24.98242311],
       [-26.41160278],
       [  2.4565323 ],
       [-25.45479472],
       [  0.80891539]])
<<<<<<<<<<< STEP 38 >>>>>>>>>>>> + array([[-0.50000051],
       [ 0.01724062],
       [ 0.02618679],
       [-0.50000048],
       [-0.50000019],
       [-0.50000033],
       [-0.50000055],
       [-0.5000004 ],
       [-0.500001  ],
       [-0.50000102],
       [-0.5000003 ],
       [ 0.02971285],
       [-0.50000033],
       [-0.50000028],
       [-0.50000013],
       [-0.50000036],
       [-0.5000008 ],
       [-0.50000025],
       [-0.50000057],
       [-0.50000029],
       [-0.50000039],
       [-0.50000098],
       [-0.50000039],
       [-0.50000035],
       [-0.5       ],
       [-0.50000028],
       [-0.50000051],
       [-0.50000025],
       [ 0.03702488],
       [-0.50000013],
       [ 0.01182352]])
array([[-26.29758917],
       [  1.01672413],
       [  1.61935782],
       [-26.31363695],
       [-26.53652382],
       [-27.07938105],
       [-26.3494342 ],
       [-27.03634259],
       [-24.56690338],
       [-22.07084375],
       [-26.65207638],
       [  0.52613107],
       [-26.76614228],
       [-26.37011186],
       [-25.60498502],
       [-26.5025295 ],
       [-25.00981721],
       [-26.2646212 ],
       [-26.31972104],
       [-26.69573476],
       [-26.44845859],
       [-25.95160988],
       [-26.62019975],
       [-26.33204501],
       [-26.00628672],
       [-26.49911035],
       [-25.48242362],
       [-26.91160304],
       [  2.49355719],
       [-25.95479484],
       [  0.82073891]])
<<<<<<<<<<< STEP 39 >>>>>>>>>>>> + array([[-0.50000039],
       [ 0.01708936],
       [ 0.0254843 ],
       [-0.50000037],
       [-0.50000014],
       [-0.50000025],
       [-0.50000043],
       [-0.50000031],
       [-0.50000077],
       [-0.50000078],
       [-0.50000023],
       [ 0.02904514],
       [-0.50000025],
       [-0.50000022],
       [-0.5000001 ],
       [-0.50000027],
       [-0.50000062],
       [-0.50000019],
       [-0.50000044],
       [-0.50000022],
       [-0.5000003 ],
       [-0.50000075],
       [-0.5000003 ],
       [-0.50000027],
       [-0.5       ],
       [-0.50000021],
       [-0.50000039],
       [-0.50000019],
       [ 0.03597053],
       [-0.5000001 ],
       [ 0.01171446]])
array([[-26.79758957],
       [  1.03381349],
       [  1.64484212],
       [-26.81363732],
       [-27.03652396],
       [-27.5793813 ],
       [-26.84943462],
       [-27.53634289],
       [-25.06690415],
       [-22.57084453],
       [-27.15207661],
       [  0.55517621],
       [-27.26614254],
       [-26.87011207],
       [-26.10498512],
       [-27.00252977],
       [-25.50981783],
       [-26.7646214 ],
       [-26.81972148],
       [-27.19573498],
       [-26.94845889],
       [-26.45161064],
       [-27.12020004],
       [-26.83204527],
       [-26.50628672],
       [-26.99911056],
       [-25.98242401],
       [-27.41160323],
       [  2.52952772],
       [-26.45479494],
       [  0.83245337]])
