<<<<<<<<<<< STEP 0 >>>>>>>>>>>> + array([[-0.55211283],
       [-0.5275595 ],
       [-0.56446562],
       [-0.53141237],
       [-0.46415923],
       [-0.55545937],
       [-0.53211983],
       [-0.39490775],
       [-0.55045213],
       [-0.51279558],
       [-0.0048167 ],
       [-0.55242222],
       [-0.02113983],
       [-0.58285456],
       [-0.53041012],
       [-0.55232633],
       [-0.56409641],
       [-0.52521556],
       [-0.56521338],
       [-0.36044943],
       [-0.53308446],
       [-0.55324886],
       [-0.0069892 ],
       [-0.55386761],
       [-0.52662872],
       [-0.52252948],
       [ 0.00312974],
       [-0.62557738],
       [-0.12884082],
       [-0.06889294],
       [-0.55299342],
       [-0.01517079],
       [-0.4514825 ],
       [-0.526698  ],
       [-0.51849772],
       [-0.5289948 ],
       [-0.5555074 ],
       [-0.54732782],
       [-0.54855212],
       [-0.52034644]])
array([[-8.77800684],
       [-8.43595979],
       [-7.92025173],
       [-8.66474398],
       [-6.61796368],
       [-8.96512662],
       [-8.45917903],
       [-2.99175426],
       [-8.92577879],
       [-6.72957821],
       [-0.30625763],
       [-8.89466316],
       [-0.20040717],
       [-6.84823957],
       [-8.59887993],
       [-8.85014463],
       [-7.91140708],
       [-8.31230212],
       [-7.81508536],
       [-2.82449063],
       [-8.59289914],
       [-9.00724145],
       [-0.30028139],
       [-9.03191845],
       [-8.48807664],
       [-6.7729321 ],
       [-1.22325758],
       [-5.05175185],
       [-1.35450828],
       [-0.96550049],
       [-8.92582017],
       [-0.35049355],
       [-6.52376066],
       [-8.42230596],
       [-8.22117265],
       [-8.5214477 ],
       [-8.90814954],
       [-8.67487479],
       [-8.70770824],
       [-8.24405667]])
<<<<<<<<<<< STEP 1 >>>>>>>>>>>> + array([[-0.54048154],
       [-0.51672112],
       [-0.55393483],
       [-0.51843225],
       [-0.46364786],
       [-0.54155858],
       [-0.52090233],
       [-0.41976625],
       [-0.53725469],
       [-0.50954528],
       [-0.00087252],
       [-0.53947669],
       [-0.01821027],
       [-0.57109776],
       [-0.51778168],
       [-0.5397005 ],
       [-0.55352336],
       [-0.5161454 ],
       [-0.55486252],
       [-0.37650884],
       [-0.52087956],
       [-0.53894294],
       [-0.00561168],
       [-0.53928778],
       [-0.51522977],
       [-0.51921239],
       [-0.00955935],
       [-0.61950033],
       [-0.13659384],
       [-0.07019878],
       [-0.53963339],
       [-0.01312633],
       [-0.45132036],
       [-0.51623503],
       [-0.51056224],
       [-0.5176488 ],
       [-0.54230805],
       [-0.53662333],
       [-0.53760981],
       [-0.51202621]])
array([[-9.31848838],
       [-8.95268091],
       [-8.47418657],
       [-9.18317623],
       [-7.08161154],
       [-9.5066852 ],
       [-8.98008135],
       [-3.41152051],
       [-9.46303348],
       [-7.23912349],
       [-0.30713015],
       [-9.43413985],
       [-0.21861744],
       [-7.41933732],
       [-9.11666162],
       [-9.38984514],
       [-8.46493044],
       [-8.82844752],
       [-8.36994788],
       [-3.20099946],
       [-9.11377869],
       [-9.54618439],
       [-0.30589308],
       [-9.57120623],
       [-9.00330642],
       [-7.29214449],
       [-1.23281694],
       [-5.67125218],
       [-1.49110211],
       [-1.03569926],
       [-9.46545356],
       [-0.36361989],
       [-6.97508102],
       [-8.93854099],
       [-8.73173489],
       [-9.0390965 ],
       [-9.4504576 ],
       [-9.21149812],
       [-9.24531804],
       [-8.75608289]])
<<<<<<<<<<< STEP 2 >>>>>>>>>>>> + array([[-0.53222698],
       [-0.51021425],
       [-0.54512784],
       [-0.51071432],
       [-0.46491203],
       [-0.5321233 ],
       [-0.51397009],
       [-0.45522087],
       [-0.52841015],
       [-0.50701131],
       [ 0.00226377],
       [-0.53063606],
       [-0.01492915],
       [-0.56066608],
       [-0.51029695],
       [-0.53096135],
       [-0.54473013],
       [-0.51058004],
       [-0.5460815 ],
       [-0.40222211],
       [-0.51346409],
       [-0.52945651],
       [-0.00468189],
       [-0.52962074],
       [-0.50850361],
       [-0.51638121],
       [-0.02400063],
       [-0.60907705],
       [-0.14793284],
       [-0.07315826],
       [-0.53056839],
       [-0.01157294],
       [-0.45294984],
       [-0.50989493],
       [-0.5058603 ],
       [-0.51082302],
       [-0.53315772],
       [-0.52905716],
       [-0.52990995],
       [-0.507104  ]])
array([[ -9.85071536],
       [ -9.46289516],
       [ -9.01931441],
       [ -9.69389054],
       [ -7.54652357],
       [-10.0388085 ],
       [ -9.49405145],
       [ -3.86674138],
       [ -9.99144363],
       [ -7.7461348 ],
       [ -0.30486638],
       [ -9.96477591],
       [ -0.23354659],
       [ -7.9800034 ],
       [ -9.62695857],
       [ -9.92080649],
       [ -9.00966057],
       [ -9.33902756],
       [ -8.91602938],
       [ -3.60322157],
       [ -9.62724279],
       [-10.07564089],
       [ -0.31057496],
       [-10.10082696],
       [ -9.51181002],
       [ -7.8085257 ],
       [ -1.25681756],
       [ -6.28032924],
       [ -1.63903496],
       [ -1.10885752],
       [ -9.99602195],
       [ -0.37519283],
       [ -7.42803085],
       [ -9.44843591],
       [ -9.2375952 ],
       [ -9.54991952],
       [ -9.98361531],
       [ -9.74055528],
       [ -9.77522799],
       [ -9.26318689]])
<<<<<<<<<<< STEP 3 >>>>>>>>>>>> + array([[-0.52596233],
       [-0.50628497],
       [-0.53753825],
       [-0.50615033],
       [-0.46774729],
       [-0.52529703],
       [-0.5095782 ],
       [-0.49843852],
       [-0.52214031],
       [-0.50522815],
       [ 0.00473347],
       [-0.52420841],
       [-0.01190439],
       [-0.55119906],
       [-0.50588998],
       [-0.52454061],
       [-0.53718641],
       [-0.50709255],
       [-0.53843605],
       [-0.43777928],
       [-0.508869  ],
       [-0.52281054],
       [-0.00403637],
       [-0.52286119],
       [-0.50457846],
       [-0.51380025],
       [-0.03844266],
       [-0.59632359],
       [-0.16293978],
       [-0.07751435],
       [-0.52403596],
       [-0.01035547],
       [-0.45619215],
       [-0.50604593],
       [-0.50310679],
       [-0.50669628],
       [-0.52639151],
       [-0.52335669],
       [-0.52410648],
       [-0.50419071]])
array([[-10.37667769],
       [ -9.96918013],
       [ -9.55685266],
       [-10.20004087],
       [ -8.01427086],
       [-10.56410553],
       [-10.00362965],
       [ -4.36517989],
       [-10.51358394],
       [ -8.25136295],
       [ -0.3001329 ],
       [-10.48898433],
       [ -0.24545098],
       [ -8.53120246],
       [-10.13284854],
       [-10.4453471 ],
       [ -9.54684698],
       [ -9.84612011],
       [ -9.45446543],
       [ -4.04100085],
       [-10.13611178],
       [-10.59845143],
       [ -0.31461134],
       [-10.62368815],
       [-10.01638848],
       [ -8.32232594],
       [ -1.29526022],
       [ -6.87665283],
       [ -1.80197474],
       [ -1.18637188],
       [-10.52005792],
       [ -0.3855483 ],
       [ -7.88422301],
       [ -9.95448185],
       [ -9.74070199],
       [-10.0566158 ],
       [-10.51000682],
       [-10.26391197],
       [-10.29933447],
       [ -9.7673776 ]])
<<<<<<<<<<< STEP 4 >>>>>>>>>>>> + array([[-0.52080071],
       [-0.50388083],
       [-0.53072349],
       [-0.50349378],
       [-0.47215046],
       [-0.51992949],
       [-0.50667105],
       [-0.54028091],
       [-0.5173396 ],
       [-0.50424518],
       [ 0.00658253],
       [-0.51913584],
       [-0.00932815],
       [-0.54228325],
       [-0.50333328],
       [-0.51944716],
       [-0.53043805],
       [-0.50482189],
       [-0.53152003],
       [-0.47960386],
       [-0.50591764],
       [-0.51778961],
       [-0.00350907],
       [-0.51778283],
       [-0.50233341],
       [-0.51123727],
       [-0.05148543],
       [-0.58222746],
       [-0.18120029],
       [-0.08258771],
       [-0.51894654],
       [-0.00933124],
       [-0.46110046],
       [-0.50370499],
       [-0.50154444],
       [-0.50418765],
       [-0.52095993],
       [-0.51871489],
       [-0.51934906],
       [-0.5024638 ]])
array([[-10.8974784 ],
       [-10.47306096],
       [-10.08757615],
       [-10.70353465],
       [ -8.48642132],
       [-11.08403502],
       [-10.5103007 ],
       [ -4.9054608 ],
       [-11.03092355],
       [ -8.75560813],
       [ -0.29355037],
       [-11.00812016],
       [ -0.25477912],
       [ -9.07348571],
       [-10.63618183],
       [-10.96479426],
       [-10.07728502],
       [-10.350942  ],
       [ -9.98598546],
       [ -4.52060472],
       [-10.64202942],
       [-11.11624104],
       [ -0.31812041],
       [-11.14147098],
       [-10.51872189],
       [ -8.83356322],
       [ -1.34674565],
       [ -7.45888029],
       [ -1.98317503],
       [ -1.26895958],
       [-11.03900446],
       [ -0.39487954],
       [ -8.34532347],
       [-10.45818684],
       [-10.24224643],
       [-10.56080345],
       [-11.03096676],
       [-10.78262686],
       [-10.81868353],
       [-10.2698414 ]])
<<<<<<<<<<< STEP 5 >>>>>>>>>>>> + array([[-0.51624922],
       [-0.50237793],
       [-0.52442363],
       [-0.50199544],
       [-0.47796922],
       [-0.51537568],
       [-0.50463007],
       [-0.56853778],
       [-0.51337424],
       [-0.50396808],
       [ 0.00779572],
       [-0.51482146],
       [-0.00715248],
       [-0.53370644],
       [-0.50188878],
       [-0.51511353],
       [-0.52421721],
       [-0.50326263],
       [-0.52509423],
       [-0.51988398],
       [-0.50392297],
       [-0.51369573],
       [-0.00293097],
       [-0.51367905],
       [-0.50109487],
       [-0.50862085],
       [-0.06161101],
       [-0.56740314],
       [-0.20166344],
       [-0.08721137],
       [-0.51467883],
       [-0.00836636],
       [-0.4675843 ],
       [-0.5022779 ],
       [-0.50071405],
       [-0.50265001],
       [-0.51627451],
       [-0.5146744 ],
       [-0.51516527],
       [-0.50143637]])
array([[-11.41372762],
       [-10.97543889],
       [-10.61199978],
       [-11.20553009],
       [ -8.96439054],
       [-11.5994107 ],
       [-11.01493078],
       [ -5.47399858],
       [-11.54429778],
       [ -9.25957621],
       [ -0.28575465],
       [-11.52294163],
       [ -0.2619316 ],
       [ -9.60719215],
       [-11.1380706 ],
       [-11.47990779],
       [-10.60150224],
       [-10.85420463],
       [-10.51107969],
       [ -5.04048869],
       [-11.14595239],
       [-11.62993677],
       [ -0.32105138],
       [-11.65515003],
       [-11.01981676],
       [ -9.34218406],
       [ -1.40835666],
       [ -8.02628342],
       [ -2.18483847],
       [ -1.35617095],
       [-11.55368329],
       [ -0.4032459 ],
       [ -8.81290777],
       [-10.96046473],
       [-10.74296047],
       [-11.06345346],
       [-11.54724126],
       [-11.29730126],
       [-11.3338488 ],
       [-10.77127776]])
<<<<<<<<<<< STEP 6 >>>>>>>>>>>> + array([[-0.51221607],
       [-0.50142247],
       [-0.51871146],
       [-0.5011836 ],
       [-0.4844768 ],
       [-0.51144317],
       [-0.5031389 ],
       [-0.57744533],
       [-0.51001524],
       [-0.50402167],
       [ 0.00841848],
       [-0.51108831],
       [-0.00525712],
       [-0.52572816],
       [-0.50109655],
       [-0.51136303],
       [-0.51858496],
       [-0.50215254],
       [-0.51924933],
       [-0.54944742],
       [-0.50252284],
       [-0.51025607],
       [-0.00220137],
       [-0.51026191],
       [-0.50045063],
       [-0.50618683],
       [-0.06766957],
       [-0.55288189],
       [-0.2233456 ],
       [-0.09028578],
       [-0.5110182 ],
       [-0.00736261],
       [-0.47492192],
       [-0.50140281],
       [-0.50031413],
       [-0.50169103],
       [-0.51218339],
       [-0.51111978],
       [-0.5114572 ],
       [-0.50082395]])
array([[-11.92594369],
       [-11.47686137],
       [-11.13071125],
       [-11.70671369],
       [ -9.44886734],
       [-12.11085387],
       [-11.51806968],
       [ -6.05144391],
       [-12.05431303],
       [ -9.76359788],
       [ -0.27733617],
       [-12.03402994],
       [ -0.26718873],
       [-10.13292031],
       [-11.63916716],
       [-11.99127081],
       [-11.12008719],
       [-11.35635717],
       [-11.03032901],
       [ -5.58993612],
       [-11.64847523],
       [-12.14019284],
       [ -0.32325275],
       [-12.16541194],
       [-11.52026739],
       [ -9.84837089],
       [ -1.47602622],
       [ -8.57916531],
       [ -2.40818407],
       [ -1.44645673],
       [-12.06470149],
       [ -0.41060851],
       [ -9.28782969],
       [-11.46186754],
       [-11.2432746 ],
       [-11.56514449],
       [-12.05942465],
       [-11.80842104],
       [-11.845306  ],
       [-11.27210171]])
<<<<<<<<<<< STEP 7 >>>>>>>>>>>> + array([[-0.50886098],
       [-0.50081968],
       [-0.51388353],
       [-0.50075327],
       [-0.49052845],
       [-0.50822035],
       [-0.50206119],
       [-0.57208745],
       [-0.5072877 ],
       [-0.50397414],
       [ 0.00863244],
       [-0.50802226],
       [-0.00358051],
       [-0.51891683],
       [-0.50066687],
       [-0.50827124],
       [-0.51382427],
       [-0.50137245],
       [-0.51429926],
       [-0.56381507],
       [-0.50154714],
       [-0.50746841],
       [-0.00135337],
       [-0.5075082 ],
       [-0.500142  ],
       [-0.50426592],
       [-0.06977721],
       [-0.54005186],
       [-0.24662835],
       [-0.09160941],
       [-0.50801217],
       [-0.0062951 ],
       [-0.48188538],
       [-0.50086074],
       [-0.50013884],
       [-0.50107769],
       [-0.50880743],
       [-0.50815807],
       [-0.50836459],
       [-0.50046221]])
array([[-12.43480467],
       [-11.97768104],
       [-11.64459478],
       [-12.20746696],
       [ -9.93939579],
       [-12.61907422],
       [-12.02013087],
       [ -6.62353136],
       [-12.56160073],
       [-10.26757203],
       [ -0.26870373],
       [-12.5420522 ],
       [ -0.27076924],
       [-10.65183714],
       [-12.13983402],
       [-12.49954205],
       [-11.63391146],
       [-11.85772961],
       [-11.54462827],
       [ -6.15375119],
       [-12.15002236],
       [-12.64766125],
       [ -0.32460612],
       [-12.67292013],
       [-12.02040939],
       [-10.35263681],
       [ -1.54580344],
       [ -9.11921717],
       [ -2.65481242],
       [ -1.53806614],
       [-12.57271366],
       [ -0.41690361],
       [ -9.76971507],
       [-11.96272828],
       [-11.74341344],
       [-12.06622218],
       [-12.56823208],
       [-12.31657911],
       [-12.35367059],
       [-11.77256393]])
<<<<<<<<<<< STEP 8 >>>>>>>>>>>> + array([[ -5.06300260e-01],
       [ -5.00450569e-01],
       [ -5.10131369e-01],
       [ -5.00521034e-01],
       [ -4.95283432e-01],
       [ -5.05782637e-01],
       [ -5.01316850e-01],
       [ -5.61055698e-01],
       [ -5.05226915e-01],
       [ -5.03684051e-01],
       [  8.64867919e-03],
       [ -5.05696970e-01],
       [ -2.13411618e-03],
       [ -5.13636537e-01],
       [ -5.00430750e-01],
       [ -5.05910799e-01],
       [ -5.10119506e-01],
       [ -5.00849157e-01],
       [ -5.10446627e-01],
       [ -5.65646297e-01],
       [ -5.00895829e-01],
       [ -5.05359373e-01],
       [ -4.99770677e-04],
       [ -5.05427437e-01],
       [ -5.00008703e-01],
       [ -5.02935675e-01],
       [ -6.92272966e-02],
       [ -5.29811619e-01],
       [ -2.73645676e-01],
       [ -9.19015016e-02],
       [ -5.05720146e-01],
       [ -5.20464040e-03],
       [ -4.87518133e-01],
       [ -5.00522887e-01],
       [ -5.00064301e-01],
       [ -5.00680365e-01],
       [ -5.06240957e-01],
       [ -5.05879771e-01],
       [ -5.05995675e-01],
       [ -5.00253557e-01]])
array([[-12.94110493],
       [-12.47813161],
       [-12.15472615],
       [-12.70798799],
       [-10.43467922],
       [-13.12485686],
       [-12.52144772],
       [ -7.18458706],
       [-13.06682764],
       [-10.77125608],
       [ -0.26005505],
       [-13.04774917],
       [ -0.27290335],
       [-11.16547368],
       [-12.64026477],
       [-13.00545285],
       [-12.14403097],
       [-12.35857877],
       [-12.0550749 ],
       [ -6.71939748],
       [-12.65091819],
       [-13.15302062],
       [ -0.32510589],
       [-13.17834757],
       [-12.52041809],
       [-10.85557249],
       [ -1.61503073],
       [ -9.64902879],
       [ -2.9284581 ],
       [ -1.62996764],
       [-13.07843381],
       [ -0.42210825],
       [-10.25723321],
       [-12.46325117],
       [-12.24347775],
       [-12.56690255],
       [-13.07447304],
       [-12.82245888],
       [-12.85966626],
       [-12.27281748]])
<<<<<<<<<<< STEP 9 >>>>>>>>>>>> + array([[ -5.04476966e-01],
       [ -5.00232385e-01],
       [ -5.07397274e-01],
       [ -5.00389608e-01],
       [ -4.98560190e-01],
       [ -5.04058690e-01],
       [ -5.00825905e-01],
       [ -5.49745014e-01],
       [ -5.03762904e-01],
       [ -5.03248481e-01],
       [  8.59486767e-03],
       [ -5.04047176e-01],
       [ -9.42564942e-04],
       [ -5.09833085e-01],
       [ -5.00298942e-01],
       [ -5.04223325e-01],
       [ -5.07413954e-01],
       [ -5.00514228e-01],
       [ -5.07635929e-01],
       [ -5.60645265e-01],
       [ -5.00481844e-01],
       [ -5.03859292e-01],
       [  2.65504211e-04],
       [ -5.03943058e-01],
       [ -4.99959451e-01],
       [ -5.02052406e-01],
       [ -6.75250053e-02],
       [ -5.22205373e-01],
       [ -3.07388295e-01],
       [ -9.21084129e-02],
       [ -5.04082861e-01],
       [ -4.14282224e-03],
       [ -4.91561752e-01],
       [ -5.00313200e-01],
       [ -5.00030387e-01],
       [ -5.00425589e-01],
       [ -5.04417081e-01],
       [ -5.04240060e-01],
       [ -5.04302798e-01],
       [ -5.00137412e-01]])
array([[-13.4455819 ],
       [-12.978364  ],
       [-12.66212342],
       [-13.2083776 ],
       [-10.93323941],
       [-13.62891555],
       [-13.02227362],
       [ -7.73433207],
       [-13.57059054],
       [-11.27450456],
       [ -0.25146019],
       [-13.55179635],
       [ -0.27384592],
       [-11.67530676],
       [-13.14056372],
       [-13.50967618],
       [-12.65144492],
       [-12.859093  ],
       [-12.56271083],
       [ -7.28004275],
       [-13.15140004],
       [-13.65687991],
       [ -0.32484039],
       [-13.68229063],
       [-13.02037754],
       [-11.3576249 ],
       [ -1.68255574],
       [-10.17123416],
       [ -3.23584639],
       [ -1.72207605],
       [-13.58251667],
       [ -0.42625107],
       [-10.74879496],
       [-12.96356437],
       [-12.74350813],
       [-13.06732813],
       [-13.57889012],
       [-13.32669894],
       [-13.36396906],
       [-12.77295489]])
