<<<<<<<<<<< STEP 0 >>>>>>>>>>>> + array([[-0.51861495],
       [ 0.02845705],
       [ 0.07372859],
       [-0.51810224],
       [-0.49778736],
       [-0.52110956],
       [-0.52204809],
       [-0.52232419],
       [-0.5188365 ],
       [-0.50200559],
       [-0.51864487],
       [-0.07700843],
       [-0.51892444],
       [-0.51710294],
       [-0.51085555],
       [-0.51921614],
       [-0.52650983],
       [-0.51755563],
       [-0.51849456],
       [-0.51779551],
       [-0.5168404 ],
       [-0.51525035],
       [-0.51815954],
       [-0.51566132],
       [-0.5112566 ],
       [-0.51582396],
       [-0.52141261],
       [-0.51942645],
       [-0.27484566],
       [-0.48012953],
       [-0.50229111]])
array([[-7.21888184],
       [-0.02604427],
       [-1.03475936],
       [-7.22919223],
       [-4.98512644],
       [-8.06531274],
       [-8.00627632],
       [-7.98039361],
       [-5.45164842],
       [-5.51537928],
       [-7.69784468],
       [-1.25688194],
       [-7.6970855 ],
       [-7.43224185],
       [-6.53400301],
       [-7.84196978],
       [-5.60488152],
       [-7.28037106],
       [-7.34982284],
       [-7.64649667],
       [-7.41599442],
       [-6.82352604],
       [-7.63315102],
       [-7.28124579],
       [-6.98556964],
       [-7.45352672],
       [-6.45006686],
       [-7.92183877],
       [-2.67075001],
       [-4.7948414 ],
       [-6.57755196]])
<<<<<<<<<<< STEP 1 >>>>>>>>>>>> + array([[-0.51373162],
       [ 0.02666067],
       [ 0.08828584],
       [-0.5132941 ],
       [-0.49803624],
       [-0.51367332],
       [-0.51468166],
       [-0.51510314],
       [-0.51222136],
       [-0.49966522],
       [-0.51303036],
       [-0.07002664],
       [-0.51319171],
       [-0.51201877],
       [-0.50733074],
       [-0.5126206 ],
       [-0.51904145],
       [-0.51195047],
       [-0.51242095],
       [-0.511488  ],
       [-0.51210349],
       [-0.51171823],
       [-0.51287357],
       [-0.51124681],
       [-0.50631034],
       [-0.50977073],
       [-0.51364071],
       [-0.51260054],
       [-0.29682799],
       [-0.48408574],
       [-0.50157139]])
array([[ -7.73261346e+00],
       [  6.16393700e-04],
       [ -9.46473524e-01],
       [ -7.74248633e+00],
       [ -5.48316268e+00],
       [ -8.57898606e+00],
       [ -8.52095797e+00],
       [ -8.49549675e+00],
       [ -5.96386978e+00],
       [ -6.01504450e+00],
       [ -8.21087503e+00],
       [ -1.32690857e+00],
       [ -8.21027721e+00],
       [ -7.94426062e+00],
       [ -7.04133375e+00],
       [ -8.35459039e+00],
       [ -6.12392297e+00],
       [ -7.79232153e+00],
       [ -7.86224379e+00],
       [ -8.15798467e+00],
       [ -7.92809791e+00],
       [ -7.33524426e+00],
       [ -8.14602459e+00],
       [ -7.79249260e+00],
       [ -7.49187998e+00],
       [ -7.96329744e+00],
       [ -6.96370758e+00],
       [ -8.43443930e+00],
       [ -2.96757799e+00],
       [ -5.27892714e+00],
       [ -7.07912335e+00]])
<<<<<<<<<<< STEP 2 >>>>>>>>>>>> + array([[-0.51026368],
       [ 0.02458711],
       [ 0.09676971],
       [-0.50989632],
       [-0.4985119 ],
       [-0.50886238],
       [-0.50984693],
       [-0.51031694],
       [-0.50779707],
       [-0.49858219],
       [-0.50924819],
       [-0.06601406],
       [-0.5093355 ],
       [-0.50857952],
       [-0.5050167 ],
       [-0.50832724],
       [-0.51370471],
       [-0.50824413],
       [-0.50833606],
       [-0.50743071],
       [-0.50882389],
       [-0.50899237],
       [-0.50925649],
       [-0.50819554],
       [-0.50327139],
       [-0.50592093],
       [-0.50862656],
       [-0.50817743],
       [-0.32511384],
       [-0.48752692],
       [-0.50114296]])
array([[-8.24287714],
       [ 0.0252035 ],
       [-0.84970382],
       [-8.25238265],
       [-5.98167459],
       [-9.08784844],
       [-9.0308049 ],
       [-9.00581369],
       [-6.47166685],
       [-6.5136267 ],
       [-8.72012322],
       [-1.39292263],
       [-8.71961272],
       [-8.45284014],
       [-7.54635045],
       [-8.86291762],
       [-6.63762768],
       [-8.30056566],
       [-8.37057985],
       [-8.66541538],
       [-8.4369218 ],
       [-7.84423663],
       [-8.65528109],
       [-8.30068814],
       [-7.99515137],
       [-8.46921837],
       [-7.47233413],
       [-8.94261673],
       [-3.29269184],
       [-5.76645406],
       [-7.58026632]])
<<<<<<<<<<< STEP 3 >>>>>>>>>>>> + array([[-0.50774156],
       [ 0.02250245],
       [ 0.10070042],
       [-0.50743815],
       [-0.49892204],
       [-0.50575403],
       [-0.50665945],
       [-0.5071199 ],
       [-0.50487933],
       [-0.49817099],
       [-0.5066568 ],
       [-0.06454409],
       [-0.50669924],
       [-0.50620998],
       [-0.50348842],
       [-0.50552847],
       [-0.50990672],
       [-0.50576782],
       [-0.5055933 ],
       [-0.50482641],
       [-0.50650334],
       [-0.50689709],
       [-0.50673327],
       [-0.50603943],
       [-0.50146897],
       [-0.50350362],
       [-0.50541202],
       [-0.5053126 ],
       [-0.35657669],
       [-0.49031131],
       [-0.50086808]])
array([[-8.75061869],
       [ 0.04770596],
       [-0.7490034 ],
       [-8.7598208 ],
       [-6.48059663],
       [-9.59360247],
       [-9.53746435],
       [-9.51293359],
       [-6.97654618],
       [-7.01179769],
       [-9.22678002],
       [-1.45746671],
       [-9.22631196],
       [-8.95905012],
       [-8.04983887],
       [-9.36844609],
       [-7.1475344 ],
       [-8.80633349],
       [-8.87617315],
       [-9.17024179],
       [-8.94342515],
       [-8.35113372],
       [-9.16201435],
       [-8.80672757],
       [-8.49662034],
       [-8.97272199],
       [-7.97774615],
       [-9.44792933],
       [-3.64926853],
       [-6.25676536],
       [-8.0811344 ]])
<<<<<<<<<<< STEP 4 >>>>>>>>>>>> + array([[-0.5058728 ],
       [ 0.02057274],
       [ 0.10134305],
       [-0.50562594],
       [-0.49921322],
       [-0.50374589],
       [-0.5045445 ],
       [-0.50496411],
       [-0.50298374],
       [-0.498114  ],
       [-0.50484976],
       [-0.06525696],
       [-0.50486612],
       [-0.50454713],
       [-0.5024664 ],
       [-0.50369786],
       [-0.50720009],
       [-0.50409092],
       [-0.50375501],
       [-0.50315371],
       [-0.50483129],
       [-0.50529124],
       [-0.50494274],
       [-0.50448722],
       [-0.50044657],
       [-0.50200785],
       [-0.50336447],
       [-0.50345672],
       [-0.3878179 ],
       [-0.49249477],
       [-0.50067711]])
array([[ -9.25649149],
       [  0.06827869],
       [ -0.64766035],
       [ -9.26544674],
       [ -6.97980985],
       [-10.09734836],
       [-10.04200886],
       [-10.01789771],
       [ -7.47952991],
       [ -7.50991169],
       [ -9.73162978],
       [ -1.52272368],
       [ -9.73117808],
       [ -9.46359725],
       [ -8.55230526],
       [ -9.87214396],
       [ -7.65473449],
       [ -9.3104244 ],
       [ -9.37992816],
       [ -9.6733955 ],
       [ -9.44825644],
       [ -8.85642497],
       [ -9.66695709],
       [ -9.31121479],
       [ -8.99706691],
       [ -9.47472984],
       [ -8.48111063],
       [ -9.95138605],
       [ -4.03708643],
       [ -6.74926014],
       [ -8.58181152]])
<<<<<<<<<<< STEP 5 >>>>>>>>>>>> + array([[-0.50446971],
       [ 0.01890607],
       [ 0.09973731],
       [-0.50427145],
       [-0.4994099 ],
       [-0.50244817],
       [-0.50313096],
       [-0.50349585],
       [-0.50177482],
       [-0.49823789],
       [-0.50356835],
       [-0.06789479],
       [-0.50357045],
       [-0.50336028],
       [-0.50177124],
       [-0.5024951 ],
       [-0.50526367],
       [-0.50293813],
       [-0.50252603],
       [-0.50207669],
       [-0.50360951],
       [-0.50406258],
       [-0.50365412],
       [-0.50335348],
       [-0.49990384],
       [-0.5010995 ],
       [-0.50207087],
       [-0.50225458],
       [-0.4159378 ],
       [-0.49419041],
       [-0.50053495]])
array([[ -9.7609612 ],
       [  0.08718477],
       [ -0.54792304],
       [ -9.76971819],
       [ -7.47921975],
       [-10.59979653],
       [-10.54513982],
       [-10.52139356],
       [ -7.98130473],
       [ -8.00814958],
       [-10.23519813],
       [ -1.59061846],
       [-10.23474853],
       [ -9.96695753],
       [ -9.0540765 ],
       [-10.37463906],
       [ -8.15999817],
       [ -9.81336253],
       [ -9.88245419],
       [-10.17547219],
       [ -9.95186595],
       [ -9.36048755],
       [-10.17061121],
       [ -9.81456827],
       [ -9.49697075],
       [ -9.97582934],
       [ -8.9831815 ],
       [-10.45364063],
       [ -4.45302423],
       [ -7.24345055],
       [ -9.08234647]])
<<<<<<<<<<< STEP 6 >>>>>>>>>>>> + array([[-0.50340729],
       [ 0.01757011],
       [ 0.09670532],
       [-0.50324979],
       [-0.49954546],
       [-0.50160896],
       [-0.50217872],
       [-0.50248573],
       [-0.50102043],
       [-0.49844461],
       [-0.50264607],
       [-0.07231054],
       [-0.50264111],
       [-0.50250079],
       [-0.50128927],
       [-0.5017004 ],
       [-0.50387094],
       [-0.50213339],
       [-0.50170634],
       [-0.50138031],
       [-0.50270764],
       [-0.50312287],
       [-0.50271642],
       [-0.5025166 ],
       [-0.4996473 ],
       [-0.50056121],
       [-0.50126165],
       [-0.50147613],
       [-0.43918149],
       [-0.49550627],
       [-0.50042403]])
array([[-10.26436849],
       [  0.10475487],
       [ -0.45121772],
       [-10.27296798],
       [ -7.97876521],
       [-11.10140549],
       [-11.04731853],
       [-11.02387929],
       [ -8.48232516],
       [ -8.50659419],
       [-10.7378442 ],
       [ -1.66292901],
       [-10.73738963],
       [-10.46945831],
       [ -9.55536577],
       [-10.87633946],
       [ -8.66386911],
       [-10.31549592],
       [-10.38416054],
       [-10.6768525 ],
       [-10.4545736 ],
       [ -9.86361042],
       [-10.67332764],
       [-10.31708487],
       [ -9.99661805],
       [-10.47639055],
       [ -9.48444315],
       [-10.95511676],
       [ -4.89220572],
       [ -7.73895682],
       [ -9.58277049]])
<<<<<<<<<<< STEP 7 >>>>>>>>>>>> + array([[-0.50259899],
       [ 0.01659964],
       [ 0.09286117],
       [-0.50247499],
       [-0.49964326],
       [-0.50106525],
       [-0.50153163],
       [-0.50178374],
       [-0.50056078],
       [-0.49867749],
       [-0.50197394],
       [-0.0784702 ],
       [-0.5019661 ],
       [-0.501871  ],
       [-0.50094865],
       [-0.50117152],
       [-0.50286291],
       [-0.5015633 ],
       [-0.50116   ],
       [-0.5009273 ],
       [-0.50203721],
       [-0.50240359],
       [-0.50202829],
       [-0.5018943 ],
       [-0.49955459],
       [-0.50025224],
       [-0.50076088],
       [-0.50097186],
       [-0.45709652],
       [-0.49652861],
       [-0.50033544]])
array([[-10.76696748],
       [  0.12135451],
       [ -0.35835655],
       [-10.77544297],
       [ -8.47840846],
       [-11.60247074],
       [-11.54885016],
       [-11.52566303],
       [ -8.98288594],
       [ -9.00527168],
       [-11.23981814],
       [ -1.7413992 ],
       [-11.23935573],
       [-10.97132932],
       [-10.05631442],
       [-11.37751098],
       [ -9.16673202],
       [-10.81705922],
       [-10.88532053],
       [-11.1777798 ],
       [-10.9566108 ],
       [-10.36601401],
       [-11.17535593],
       [-10.81897917],
       [-10.49617264],
       [-10.9766428 ],
       [ -9.98520403],
       [-11.45608862],
       [ -5.34930224],
       [ -8.23548544],
       [-10.08310593]])
<<<<<<<<<<< STEP 8 >>>>>>>>>>>> + array([[-0.50198266],
       [ 0.01600438],
       [ 0.08863574],
       [-0.50188574],
       [-0.49971661],
       [-0.50071166],
       [-0.50108762],
       [-0.50129089],
       [-0.50028774],
       [-0.49890462],
       [-0.50147916],
       [-0.08645317],
       [-0.50147073],
       [-0.5014053 ],
       [-0.50070372],
       [-0.50081635],
       [-0.50212814],
       [-0.50115398],
       [-0.50079498],
       [-0.50063016],
       [-0.50153638],
       [-0.50185213],
       [-0.50152   ],
       [-0.50142924],
       [-0.49955012],
       [-0.50008239],
       [-0.50045428],
       [-0.5006446 ],
       [-0.47019379],
       [-0.49732307],
       [-0.50026428]])
array([[-11.26895014],
       [  0.13735889],
       [ -0.2697208 ],
       [-11.2773287 ],
       [ -8.97812507],
       [-12.1031824 ],
       [-12.04993778],
       [-12.02695392],
       [ -9.48317368],
       [ -9.5041763 ],
       [-11.7412973 ],
       [ -1.82785237],
       [-11.74082646],
       [-11.47273462],
       [-10.55701814],
       [-11.87832732],
       [ -9.66886016],
       [-11.31821319],
       [-11.38611551],
       [-11.67840996],
       [-11.45814719],
       [-10.86786614],
       [-11.67687593],
       [-11.32040841],
       [-10.99572276],
       [-11.47672518],
       [-10.4856583 ],
       [-11.95673323],
       [ -5.81949603],
       [ -8.7328085 ],
       [-10.58337021]])
<<<<<<<<<<< STEP 9 >>>>>>>>>>>> + array([[-0.50151236],
       [ 0.01577918],
       [ 0.08431451],
       [-0.50143703],
       [-0.49977278],
       [-0.5004803 ],
       [-0.50077971],
       [-0.50094133],
       [-0.50013006],
       [-0.49910971],
       [-0.50111201],
       [-0.09645201],
       [-0.50110413],
       [-0.50105851],
       [-0.50052496],
       [-0.5005752 ],
       [-0.50158855],
       [-0.50085659],
       [-0.50054969],
       [-0.50043318],
       [-0.50116098],
       [-0.50142844],
       [-0.50114263],
       [-0.50108047],
       [-0.49958867],
       [-0.49999479],
       [-0.50026847],
       [-0.50043139],
       [-0.47942989],
       [-0.49793976],
       [-0.50020735]])
array([[-11.77046249],
       [  0.15313807],
       [ -0.18540629],
       [-11.77876573],
       [ -9.47789785],
       [-12.6036627 ],
       [-12.55071749],
       [-12.52789525],
       [ -9.98330374],
       [-10.00328601],
       [-12.24240931],
       [ -1.92430438],
       [-12.24193059],
       [-11.97379313],
       [-11.0575431 ],
       [-12.37890253],
       [-10.17044871],
       [-11.81906978],
       [-11.88666521],
       [-12.17884314],
       [-11.95930816],
       [-11.36929459],
       [-12.17801856],
       [-11.82148887],
       [-11.49531143],
       [-11.97671997],
       [-10.98592677],
       [-12.45716462],
       [ -6.29892592],
       [ -9.23074826],
       [-11.08357756]])
<<<<<<<<<<< STEP 10 >>>>>>>>>>>> + array([[-0.50115348],
       [ 0.01591431],
       [ 0.08007768],
       [-0.50109519],
       [-0.49981603],
       [-0.50032765],
       [-0.50056382],
       [-0.50069095],
       [-0.50004208],
       [-0.4992862 ],
       [-0.50083785],
       [-0.10877147],
       [-0.50083099],
       [-0.50079889],
       [-0.50039288],
       [-0.50040944],
       [-0.50118941],
       [-0.50063829],
       [-0.50038339],
       [-0.50030098],
       [-0.50087886],
       [-0.50110221],
       [-0.50086127],
       [-0.50081825],
       [-0.49964431],
       [-0.49995437],
       [-0.50015698],
       [-0.50029167],
       [-0.48580451],
       [-0.49841757],
       [-0.50016217]])
array([[-12.27161597],
       [  0.16905238],
       [ -0.10532861],
       [-12.27986092],
       [ -9.97771388],
       [-13.10399034],
       [-13.05128131],
       [-13.0285862 ],
       [-10.48334582],
       [-10.50257221],
       [-12.74324716],
       [ -2.03307585],
       [-12.74276158],
       [-12.47459202],
       [-11.55793599],
       [-12.87931197],
       [-10.67163812],
       [-12.31970807],
       [-12.3870486 ],
       [-12.67914412],
       [-12.46018703],
       [-11.8703968 ],
       [-12.67887983],
       [-12.32230712],
       [-11.99495574],
       [-12.47667434],
       [-11.48608376],
       [-12.95745629],
       [ -6.78473043],
       [ -9.72916583],
       [-11.58373973]])
<<<<<<<<<<< STEP 11 >>>>>>>>>>>> + array([[-0.50087971],
       [ 0.01640318],
       [ 0.07603438],
       [-0.50083476],
       [-0.49984924],
       [-0.50022589],
       [-0.50041075],
       [-0.50050992],
       [-0.49999527],
       [-0.49943328],
       [-0.50063211],
       [-0.12382526],
       [-0.50062638],
       [-0.50060372],
       [-0.50029433],
       [-0.50029399],
       [-0.50089214],
       [-0.50047667],
       [-0.50026937],
       [-0.50021102],
       [-0.50066643],
       [-0.50085053],
       [-0.50065079],
       [-0.50062072],
       [-0.49970299],
       [-0.49993997],
       [-0.50009079],
       [-0.5001994 ],
       [-0.49016006],
       [-0.498787  ],
       [-0.50012663]])
array([[-12.77249568],
       [  0.18545556],
       [ -0.02929424],
       [-12.78069568],
       [-10.47756312],
       [-13.60421623],
       [-13.55169205],
       [-13.52909612],
       [-10.98334109],
       [-11.0020055 ],
       [-13.24387926],
       [ -2.15690111],
       [-13.24338796],
       [-12.97519574],
       [-12.05823032],
       [-13.37960596],
       [-11.17253026],
       [-12.82018474],
       [-12.88731797],
       [-13.17935514],
       [-12.96085346],
       [-12.37124733],
       [-13.17953062],
       [-12.82292784],
       [-12.49465874],
       [-12.97661431],
       [-11.98617454],
       [-13.45765569],
       [ -7.27489049],
       [-10.22795283],
       [-12.08386636]])
<<<<<<<<<<< STEP 12 >>>>>>>>>>>> + array([[-0.50067092],
       [ 0.01724623],
       [ 0.07224775],
       [-0.50063635],
       [-0.49987463],
       [-0.50015727],
       [-0.50030106],
       [-0.50037793],
       [-0.49997222],
       [-0.49955313],
       [-0.5004771 ],
       [-0.14212413],
       [-0.50047244],
       [-0.50045651],
       [-0.50022024],
       [-0.50021252],
       [-0.50066944],
       [-0.50035615],
       [-0.50019024],
       [-0.50014892],
       [-0.5005062 ],
       [-0.50065605],
       [-0.50049285],
       [-0.50047167],
       [-0.49975775],
       [-0.49993915],
       [-0.50005195],
       [-0.50013793],
       [-0.49313091],
       [-0.49907207],
       [-0.50009887]])
array([[-13.27316661],
       [  0.20270179],
       [  0.04295351],
       [-13.28133203],
       [-10.97743776],
       [-14.10437351],
       [-14.05199312],
       [-14.02947405],
       [-11.48331331],
       [-11.50155863],
       [-13.74435636],
       [ -2.29902525],
       [-13.7438604 ],
       [-13.47565225],
       [-12.55845056],
       [-13.87981848],
       [-11.6731997 ],
       [-13.32054089],
       [-13.38750821],
       [-13.67950406],
       [-13.46135967],
       [-12.87190338],
       [-13.68002346],
       [-13.32339951],
       [-12.99441648],
       [-13.47655346],
       [-12.48622649],
       [-13.95779361],
       [ -7.7680214 ],
       [-10.7270249 ],
       [-12.58396523]])
<<<<<<<<<<< STEP 13 >>>>>>>>>>>> + array([[-0.50051174],
       [ 0.0184508 ],
       [ 0.06875177],
       [-0.5004852 ],
       [-0.499894  ],
       [-0.50011043],
       [-0.5002217 ],
       [-0.50028097],
       [-0.49996251],
       [-0.49964923],
       [-0.50035995],
       [-0.16424063],
       [-0.50035622],
       [-0.5003452 ],
       [-0.50016421],
       [-0.50015431],
       [-0.50050179],
       [-0.50026576],
       [-0.50013463],
       [-0.50010544],
       [-0.50038517],
       [-0.50050559],
       [-0.50037404],
       [-0.50035904],
       [-0.49980564],
       [-0.49994478],
       [-0.5000295 ],
       [-0.50009657],
       [-0.4951654 ],
       [-0.49929165],
       [-0.50007733]])
array([[-13.77367834],
       [  0.22115258],
       [  0.11170528],
       [-13.78181723],
       [-11.47733176],
       [-14.60448394],
       [-14.55221481],
       [-14.52975501],
       [-11.98327582],
       [-12.00120785],
       [-14.24471631],
       [ -2.46326588],
       [-14.24421662],
       [-13.97599745],
       [-13.05861477],
       [-14.37997279],
       [-12.1737015 ],
       [-13.82080665],
       [-13.88764284],
       [-14.1796095 ],
       [-13.96174483],
       [-13.37240898],
       [-14.1803975 ],
       [-13.82375855],
       [-13.49422212],
       [-13.97649824],
       [-12.98625599],
       [-14.45789018],
       [ -8.2631868 ],
       [-11.22631656],
       [-13.08404256]])
<<<<<<<<<<< STEP 14 >>>>>>>>>>>> + array([[-0.50039038],
       [ 0.02002643],
       [ 0.06556146],
       [-0.50037003],
       [-0.49990883],
       [-0.50007806],
       [-0.50016377],
       [-0.50020928],
       [-0.49996001],
       [-0.49972541],
       [-0.50027123],
       [-0.19072522],
       [-0.50026827],
       [-0.50026087],
       [-0.50012169],
       [-0.50011225],
       [-0.50037514],
       [-0.50019771],
       [-0.5000951 ],
       [-0.50007461],
       [-0.5002936 ],
       [-0.50038911],
       [-0.50028445],
       [-0.50027381],
       [-0.49984591],
       [-0.49995291],
       [-0.50001677],
       [-0.50006845],
       [-0.4965693 ],
       [-0.49946052],
       [-0.50006068]])
array([[-14.27406872],
       [  0.24117901],
       [  0.17726674],
       [-14.28218726],
       [-11.97724059],
       [-15.104562  ],
       [-15.05237858],
       [-15.02996429],
       [-12.48323583],
       [-12.50093326],
       [-14.74498754],
       [ -2.6539911 ],
       [-14.74448489],
       [-14.47625832],
       [-13.55873646],
       [-14.88008505],
       [-12.67407663],
       [-14.32100436],
       [-14.38773794],
       [-14.6796841 ],
       [-14.46203843],
       [-13.87279809],
       [-14.68068195],
       [-14.32403236],
       [-13.99406803],
       [-14.47645115],
       [-13.48627277],
       [-14.95795863],
       [ -8.75975609],
       [-11.72577707],
       [-13.58410325]])
<<<<<<<<<<< STEP 15 >>>>>>>>>>>> + array([[-0.50029786],
       [ 0.02197482],
       [ 0.06267825],
       [-0.50028228],
       [-0.49992035],
       [-0.50005543],
       [-0.50012119],
       [-0.50015601],
       [-0.49996122],
       [-0.49978534],
       [-0.50020395],
       [-0.22193974],
       [-0.50020161],
       [-0.50019691],
       [-0.50008939],
       [-0.50008159],
       [-0.50027926],
       [-0.50014634],
       [-0.50006675],
       [-0.50005251],
       [-0.50022423],
       [-0.50029893],
       [-0.50021677],
       [-0.50020923],
       [-0.49987893],
       [-0.49996143],
       [-0.50000973],
       [-0.50004912],
       [-0.49754733],
       [-0.49959017],
       [-0.50004783]])
array([[-14.77436658],
       [  0.26315383],
       [  0.23994499],
       [-14.78246954],
       [-12.47716095],
       [-15.60461743],
       [-15.55249977],
       [-15.5301203 ],
       [-12.98319705],
       [-13.0007186 ],
       [-15.2451915 ],
       [ -2.87593083],
       [-15.2446865 ],
       [-14.97645522],
       [-14.05882585],
       [-15.38016664],
       [-13.17435589],
       [-14.8211507 ],
       [-14.88780469],
       [-15.17973662],
       [-14.96226266],
       [-14.37309703],
       [-15.18089872],
       [-14.82424159],
       [-14.49394696],
       [-14.97641258],
       [-13.9862825 ],
       [-15.45800774],
       [ -9.25730342],
       [-12.22536724],
       [-14.08415108]])
<<<<<<<<<<< STEP 16 >>>>>>>>>>>> + array([[-0.50022732],
       [ 0.02427382],
       [ 0.06009167],
       [-0.5002154 ],
       [-0.49992959],
       [-0.50003945],
       [-0.50008972],
       [-0.50011628],
       [-0.49996417],
       [-0.49983223],
       [-0.50015293],
       [-0.25778176],
       [-0.50015108],
       [-0.50014838],
       [-0.5000649 ],
       [-0.5000591 ],
       [-0.50020669],
       [-0.50010759],
       [-0.5000463 ],
       [-0.50003658],
       [-0.50017158],
       [-0.50022916],
       [-0.50016551],
       [-0.5001602 ],
       [-0.49990551],
       [-0.49996932],
       [-0.50000596],
       [-0.50003568],
       [-0.49823554],
       [-0.49968951],
       [-0.5000379 ]])
array([[-15.27459391],
       [  0.28742765],
       [  0.30003666],
       [-15.28268494],
       [-12.97709053],
       [-16.10465688],
       [-16.05258949],
       [-16.03023658],
       [-13.48316122],
       [-13.50055083],
       [-15.74534442],
       [ -3.13371259],
       [-15.74483758],
       [-15.4766036 ],
       [-14.55889075],
       [-15.88022574],
       [-13.67456258],
       [-15.32125829],
       [-15.38785099],
       [-15.6797732 ],
       [-15.46243424],
       [-14.87332619],
       [-15.68106423],
       [-15.32440179],
       [-14.99385246],
       [-15.4763819 ],
       [-14.48628846],
       [-15.95804342],
       [ -9.75553896],
       [-12.72505675],
       [-14.58418898]])
<<<<<<<<<<< STEP 17 >>>>>>>>>>>> + array([[-0.50017354],
       [ 0.02685727],
       [ 0.0577787 ],
       [-0.50016442],
       [-0.49993735],
       [-0.50002809],
       [-0.50006638],
       [-0.5000866 ],
       [-0.49996784],
       [-0.49986883],
       [-0.50011429],
       [-0.29733049],
       [-0.50011282],
       [-0.50011159],
       [-0.50004643],
       [-0.50004257],
       [-0.50015191],
       [-0.50007843],
       [-0.50003155],
       [-0.50002507],
       [-0.50013155],
       [-0.50017526],
       [-0.50012662],
       [-0.50012291],
       [-0.49992664],
       [-0.49997614],
       [-0.50000401],
       [-0.50002623],
       [-0.49872431],
       [-0.49976544],
       [-0.50003019]])
array([[-15.77476744],
       [  0.31428492],
       [  0.35781536],
       [-15.78284936],
       [-13.47702789],
       [-16.60468497],
       [-16.55265587],
       [-16.53032317],
       [-13.98312907],
       [-14.00041966],
       [-16.24545871],
       [ -3.43104309],
       [-16.2449504 ],
       [-15.97671519],
       [-15.05893718],
       [-16.38026832],
       [-14.17471449],
       [-15.82133672],
       [-15.88788254],
       [-16.17979827],
       [-15.9625658 ],
       [-15.37350144],
       [-16.18119085],
       [-15.8245247 ],
       [-15.4937791 ],
       [-15.97635804],
       [-14.98629246],
       [-16.45806965],
       [-10.25426327],
       [-13.22482219],
       [-15.08421917]])
<<<<<<<<<<< STEP 18 >>>>>>>>>>>> + array([[-0.50013251],
       [ 0.02959893],
       [ 0.05570272],
       [-0.50012554],
       [-0.49994429],
       [-0.50001998],
       [-0.50004906],
       [-0.50006441],
       [-0.49997171],
       [-0.4998974 ],
       [-0.50008512],
       [-0.33857854],
       [-0.50008396],
       [-0.50008375],
       [-0.50003268],
       [-0.50003045],
       [-0.50011082],
       [-0.50005666],
       [-0.50002099],
       [-0.50001682],
       [-0.50010104],
       [-0.50013372],
       [-0.50009703],
       [-0.50009447],
       [-0.49994327],
       [-0.49998178],
       [-0.50000302],
       [-0.50001949],
       [-0.49907408],
       [-0.49982327],
       [-0.50002416]])
array([[-16.27489996],
       [  0.34388385],
       [  0.41351808],
       [-16.2829749 ],
       [-13.97697217],
       [-17.10470495],
       [-17.05270493],
       [-17.03038759],
       [-14.48310077],
       [-14.50031706],
       [-16.74554384],
       [ -3.76962162],
       [-16.74503436],
       [-16.47679894],
       [-15.55896986],
       [-16.88029876],
       [-14.67482531],
       [-16.32139338],
       [-16.38790354],
       [-16.67981509],
       [-16.46266684],
       [-15.87363516],
       [-16.68128788],
       [-16.32461917],
       [-15.99372237],
       [-16.47633982],
       [-15.48629548],
       [-16.95808914],
       [-10.75333734],
       [-13.72464546],
       [-15.58424333]])
<<<<<<<<<<< STEP 19 >>>>>>>>>>>> + array([[-0.50010122],
       [ 0.03231451],
       [ 0.0538152 ],
       [-0.50009589],
       [-0.49995082],
       [-0.50001419],
       [-0.50003623],
       [-0.50004787],
       [-0.49997551],
       [-0.49991973],
       [-0.50006323],
       [-0.37855856],
       [-0.5000623 ],
       [-0.50006276],
       [-0.5000226 ],
       [-0.50002162],
       [-0.50008029],
       [-0.50004058],
       [-0.50001356],
       [-0.50001099],
       [-0.50007772],
       [-0.50010183],
       [-0.50007446],
       [-0.50007272],
       [-0.49995626],
       [-0.49998628],
       [-0.50000249],
       [-0.50001462],
       [-0.49932569],
       [-0.49986712],
       [-0.50001937]])
array([[-16.77500118],
       [  0.37619836],
       [  0.46733328],
       [-16.78307079],
       [-14.476923  ],
       [-17.60471913],
       [-17.55274117],
       [-17.53043546],
       [-14.98307629],
       [-15.00023679],
       [-17.24560707],
       [ -4.14818018],
       [-17.24509666],
       [-16.9768617 ],
       [-16.05899245],
       [-17.38032038],
       [-15.1749056 ],
       [-16.82143396],
       [-16.8879171 ],
       [-17.17982609],
       [-16.96274456],
       [-16.37373699],
       [-17.18136234],
       [-16.82469189],
       [-16.49367864],
       [-16.9763261 ],
       [-15.98629797],
       [-17.45810376],
       [-11.25266303],
       [-14.22451258],
       [-16.0842627 ]])
<<<<<<<<<<< STEP 20 >>>>>>>>>>>> + array([[-0.50007734],
       [ 0.03479412],
       [ 0.05206233],
       [-0.50007327],
       [-0.49995717],
       [-0.50001007],
       [-0.50002675],
       [-0.50003557],
       [-0.49997914],
       [-0.49993723],
       [-0.50004689],
       [-0.41408843],
       [-0.50004615],
       [-0.500047  ],
       [-0.50001538],
       [-0.50001526],
       [-0.50005789],
       [-0.50002886],
       [-0.50000846],
       [-0.50000697],
       [-0.50005983],
       [-0.50007744],
       [-0.50005719],
       [-0.50005603],
       [-0.49996636],
       [-0.49998977],
       [-0.50000216],
       [-0.50001105],
       [-0.49950725],
       [-0.4999002 ],
       [-0.50001552]])
array([[-17.27507852],
       [  0.41099249],
       [  0.5193956 ],
       [-17.28314406],
       [-14.97688016],
       [-18.1047292 ],
       [-18.05276792],
       [-18.03047103],
       [-15.48305543],
       [-15.50017402],
       [-17.74565395],
       [ -4.56226861],
       [-17.74514281],
       [-17.47690869],
       [-16.55900783],
       [-17.88033564],
       [-15.67496349],
       [-17.32146282],
       [-17.38792556],
       [-17.67983306],
       [-17.46280439],
       [-16.87381442],
       [-17.68141954],
       [-17.32474792],
       [-16.99364499],
       [-17.47631587],
       [-16.48630014],
       [-17.9581148 ],
       [-11.75217028],
       [-14.72441278],
       [-16.58427822]])
<<<<<<<<<<< STEP 21 >>>>>>>>>>>> + array([[-0.50005912],
       [ 0.0368571 ],
       [ 0.05039574],
       [-0.500056  ],
       [-0.49996333],
       [-0.50000715],
       [-0.50001978],
       [-0.50002646],
       [-0.49998251],
       [-0.49995098],
       [-0.50003478],
       [-0.44286714],
       [-0.50003419],
       [-0.50003521],
       [-0.50001034],
       [-0.50001075],
       [-0.50004166],
       [-0.50002046],
       [-0.50000507],
       [-0.50000428],
       [-0.50004608],
       [-0.50005886],
       [-0.50004395],
       [-0.50004318],
       [-0.49997416],
       [-0.49999241],
       [-0.5000019 ],
       [-0.5000084 ],
       [-0.4996385 ],
       [-0.49992504],
       [-0.5000124 ]])
array([[-17.77513763],
       [  0.44784959],
       [  0.56979134],
       [-17.78320007],
       [-15.47684349],
       [-18.60473635],
       [-18.5527877 ],
       [-18.53049749],
       [-15.98303793],
       [-16.000125  ],
       [-18.24568873],
       [ -5.00513575],
       [-18.245177  ],
       [-17.97694391],
       [-17.05901817],
       [-18.38034639],
       [-16.17500515],
       [-17.82148328],
       [-17.88793063],
       [-18.17983734],
       [-17.96285046],
       [-17.37387328],
       [-18.18146349],
       [-17.8247911 ],
       [-17.49361915],
       [-17.97630828],
       [-16.98630204],
       [-18.4581232 ],
       [-12.25180878],
       [-15.22433783],
       [-17.08429062]])
<<<<<<<<<<< STEP 22 >>>>>>>>>>>> + array([[-0.5000452 ],
       [ 0.03839906],
       [ 0.0487817 ],
       [-0.50004282],
       [-0.49996917],
       [-0.5000051 ],
       [-0.50001466],
       [-0.50001973],
       [-0.49998555],
       [-0.4999618 ],
       [-0.50002584],
       [-0.46418585],
       [-0.50002538],
       [-0.50002642],
       [-0.5000069 ],
       [-0.50000757],
       [-0.50003001],
       [-0.50001451],
       [-0.5000029 ],
       [-0.50000254],
       [-0.50003548],
       [-0.50004475],
       [-0.50003378],
       [-0.50003327],
       [-0.49998017],
       [-0.49999438],
       [-0.50000165],
       [-0.5000064 ],
       [-0.49973358],
       [-0.49994363],
       [-0.50000987]])
array([[-18.27518284],
       [  0.48624864],
       [  0.61857304],
       [-18.28324289],
       [-15.97681266],
       [-19.10474146],
       [-19.05280236],
       [-19.03051722],
       [-16.48302349],
       [-16.5000868 ],
       [-18.74571457],
       [ -5.4693216 ],
       [-18.74520238],
       [-18.47697032],
       [-17.55902507],
       [-18.88035396],
       [-16.67503516],
       [-18.32149779],
       [-18.38793353],
       [-18.67983988],
       [-18.46288594],
       [-17.87391804],
       [-18.68149727],
       [-18.32482437],
       [-17.99359932],
       [-18.47630266],
       [-17.48630369],
       [-18.9581296 ],
       [-12.75154236],
       [-15.72428146],
       [-17.58430049]])
<<<<<<<<<<< STEP 23 >>>>>>>>>>>> + array([[-0.50003457],
       [ 0.03940376],
       [ 0.04720386],
       [-0.50003275],
       [-0.49997453],
       [-0.50000366],
       [-0.50001091],
       [-0.50001475],
       [-0.49998823],
       [-0.4999703 ],
       [-0.50001926],
       [-0.47878671],
       [-0.50001889],
       [-0.50001987],
       [-0.5000046 ],
       [-0.50000536],
       [-0.50002172],
       [-0.50001034],
       [-0.50000157],
       [-0.50000145],
       [-0.50002731],
       [-0.50003405],
       [-0.50002596],
       [-0.50002562],
       [-0.49998479],
       [-0.49999583],
       [-0.5000014 ],
       [-0.50000489],
       [-0.49980265],
       [-0.49995753],
       [-0.50000781]])
array([[-18.77521741],
       [  0.5256524 ],
       [  0.6657769 ],
       [-18.78327564],
       [-16.4767872 ],
       [-19.60474512],
       [-19.55281327],
       [-19.53053197],
       [-16.98301172],
       [-17.0000571 ],
       [-19.24573383],
       [ -5.94810831],
       [-19.24522127],
       [-18.97699019],
       [-18.05902967],
       [-19.38035932],
       [-17.17505688],
       [-18.82150813],
       [-18.8879351 ],
       [-19.17984134],
       [-18.96291325],
       [-18.37395209],
       [-19.18152323],
       [-18.82485   ],
       [-18.49358412],
       [-18.9762985 ],
       [-17.98630509],
       [-19.4581345 ],
       [-13.25134501],
       [-16.22423899],
       [-18.0843083 ]])
<<<<<<<<<<< STEP 24 >>>>>>>>>>>> + array([[-0.50002646],
       [ 0.03992125],
       [ 0.04565955],
       [-0.50002506],
       [-0.49997928],
       [-0.50000265],
       [-0.50000815],
       [-0.50001107],
       [-0.49999053],
       [-0.49997696],
       [-0.5000144 ],
       [-0.4881593 ],
       [-0.50001412],
       [-0.50001498],
       [-0.50000307],
       [-0.50000382],
       [-0.50001581],
       [-0.50000741],
       [-0.50000077],
       [-0.50000079],
       [-0.50002101],
       [-0.50002594],
       [-0.50001994],
       [-0.50001972],
       [-0.49998834],
       [-0.4999969 ],
       [-0.50000117],
       [-0.50000374],
       [-0.49985307],
       [-0.49996793],
       [-0.50000614]])
array([[-19.27524387],
       [  0.56557365],
       [  0.71143645],
       [-19.2833007 ],
       [-16.97676648],
       [-20.10474776],
       [-20.05282141],
       [-20.03054304],
       [-17.48300225],
       [-17.50003406],
       [-19.74574823],
       [ -6.43626761],
       [-19.74523539],
       [-19.47700517],
       [-18.55903274],
       [-19.88036315],
       [-17.67507269],
       [-19.32151554],
       [-19.38793587],
       [-19.67984213],
       [-19.46293426],
       [-18.87397803],
       [-19.68154317],
       [-19.32486972],
       [-18.99357246],
       [-19.4762954 ],
       [-18.48630625],
       [-19.95813824],
       [-13.75119808],
       [-16.72420692],
       [-18.58431444]])
<<<<<<<<<<< STEP 25 >>>>>>>>>>>> + array([[-0.50002025],
       [ 0.04003446],
       [ 0.0441536 ],
       [-0.50001918],
       [-0.49998335],
       [-0.50000193],
       [-0.50000611],
       [-0.50000833],
       [-0.49999246],
       [-0.49998217],
       [-0.50001081],
       [-0.4938647 ],
       [-0.50001059],
       [-0.50001133],
       [-0.50000207],
       [-0.50000275],
       [-0.50001158],
       [-0.50000535],
       [-0.50000032],
       [-0.5000004 ],
       [-0.50001615],
       [-0.50001979],
       [-0.50001531],
       [-0.50001517],
       [-0.49999106],
       [-0.49999769],
       [-0.50000096],
       [-0.50000287],
       [-0.49989007],
       [-0.49997572],
       [-0.50000481]])
array([[-19.77526412],
       [  0.60560812],
       [  0.75559005],
       [-19.78331989],
       [-17.47674983],
       [-20.60474969],
       [-20.55282752],
       [-20.53055137],
       [-17.98299471],
       [-18.00001623],
       [-20.24575904],
       [ -6.93013231],
       [-20.24524598],
       [-19.9770165 ],
       [-19.05903481],
       [-20.3803659 ],
       [-18.17508427],
       [-19.82152089],
       [-19.88793619],
       [-20.17984254],
       [-19.96295041],
       [-19.37399782],
       [-20.18155849],
       [-19.82488488],
       [-19.49356352],
       [-19.97629309],
       [-18.98630721],
       [-20.4581411 ],
       [-14.25108815],
       [-17.22418264],
       [-19.08431925]])
<<<<<<<<<<< STEP 26 >>>>>>>>>>>> + array([[-0.50001551],
       [ 0.03983252],
       [ 0.0426931 ],
       [-0.50001469],
       [-0.49998676],
       [-0.50000141],
       [-0.5000046 ],
       [-0.50000629],
       [-0.49999404],
       [-0.49998622],
       [-0.50000815],
       [-0.49717931],
       [-0.50000798],
       [-0.50000859],
       [-0.50000141],
       [-0.500002  ],
       [-0.50000855],
       [-0.5000039 ],
       [-0.50000008],
       [-0.50000018],
       [-0.50001241],
       [-0.50001511],
       [-0.50001176],
       [-0.50001166],
       [-0.49999315],
       [-0.49999827],
       [-0.50000077],
       [-0.50000219],
       [-0.49991738],
       [-0.49998158],
       [-0.50000375]])
array([[-20.27527962],
       [  0.64544064],
       [  0.79828315],
       [-20.28333458],
       [-17.9767366 ],
       [-21.1047511 ],
       [-21.05283212],
       [-21.03055767],
       [-18.48298875],
       [-18.50000245],
       [-20.74576719],
       [ -7.42731162],
       [-20.74525396],
       [-20.47702509],
       [-19.55903622],
       [-20.88036789],
       [-18.67509282],
       [-20.32152479],
       [-20.38793627],
       [-20.67984272],
       [-20.46296282],
       [-19.87401293],
       [-20.68157024],
       [-20.32489654],
       [-19.99355667],
       [-20.47629135],
       [-19.48630798],
       [-20.9581433 ],
       [-14.75100553],
       [-17.72416421],
       [-19.584323  ]])
<<<<<<<<<<< STEP 27 >>>>>>>>>>>> + array([[-0.50001188],
       [ 0.03939611],
       [ 0.04128451],
       [-0.50001125],
       [-0.49998955],
       [-0.50000105],
       [-0.50000347],
       [-0.50000477],
       [-0.49999532],
       [-0.49998937],
       [-0.50000616],
       [-0.49901456],
       [-0.50000603],
       [-0.50000652],
       [-0.50000097],
       [-0.50000146],
       [-0.50000635],
       [-0.50000287],
       [-0.49999995],
       [-0.50000006],
       [-0.50000953],
       [-0.50001155],
       [-0.50000903],
       [-0.50000896],
       [-0.49999475],
       [-0.49999869],
       [-0.50000062],
       [-0.50000168],
       [-0.49993767],
       [-0.49998599],
       [-0.50000291]])
array([[-20.7752915 ],
       [  0.68483675],
       [  0.83956766],
       [-20.78334583],
       [-18.47672615],
       [-21.60475215],
       [-21.55283559],
       [-21.53056244],
       [-18.98298407],
       [-18.99999181],
       [-21.24577335],
       [ -7.92632618],
       [-21.24525999],
       [-20.97703161],
       [-20.05903719],
       [-21.38036935],
       [-19.17509917],
       [-20.82152766],
       [-20.88793622],
       [-21.17984278],
       [-20.96297235],
       [-20.37402447],
       [-21.18157927],
       [-20.8249055 ],
       [-20.49355142],
       [-20.97629005],
       [-19.98630859],
       [-21.45814498],
       [-15.2509432 ],
       [-18.22415021],
       [-20.08432591]])
<<<<<<<<<<< STEP 28 >>>>>>>>>>>> + array([[-0.5000091 ],
       [ 0.03879207],
       [ 0.03993242],
       [-0.50000862],
       [-0.49999181],
       [-0.50000078],
       [-0.50000263],
       [-0.50000362],
       [-0.49999634],
       [-0.4999918 ],
       [-0.50000467],
       [-0.49997035],
       [-0.50000457],
       [-0.50000496],
       [-0.50000068],
       [-0.50000108],
       [-0.50000474],
       [-0.50000212],
       [-0.4999999 ],
       [-0.5       ],
       [-0.50000732],
       [-0.50000884],
       [-0.50000693],
       [-0.50000688],
       [-0.49999597],
       [-0.49999901],
       [-0.50000049],
       [-0.50000129],
       [-0.49995282],
       [-0.49998933],
       [-0.50000226]])
array([[-21.2753006 ],
       [  0.72362882],
       [  0.87950009],
       [-21.28335445],
       [-18.97671795],
       [-22.10475293],
       [-22.05283823],
       [-22.03056606],
       [-19.48298042],
       [-19.49998362],
       [-21.74577803],
       [ -8.42629653],
       [-21.74526455],
       [-21.47703657],
       [-20.55903786],
       [-21.88037043],
       [-19.67510391],
       [-21.32152978],
       [-21.38793612],
       [-21.67984278],
       [-21.46297967],
       [-20.87403331],
       [-21.6815862 ],
       [-21.32491239],
       [-20.99354739],
       [-21.47628906],
       [-20.48630908],
       [-21.95814627],
       [-15.75089602],
       [-18.72413953],
       [-20.58432817]])
<<<<<<<<<<< STEP 29 >>>>>>>>>>>> + array([[-0.50000698],
       [ 0.038073  ],
       [ 0.03863941],
       [-0.50000661],
       [-0.4999936 ],
       [-0.50000058],
       [-0.500002  ],
       [-0.50000276],
       [-0.49999715],
       [-0.49999369],
       [-0.50000355],
       [-0.50042153],
       [-0.50000347],
       [-0.50000379],
       [-0.50000048],
       [-0.5000008 ],
       [-0.50000356],
       [-0.50000158],
       [-0.49999988],
       [-0.49999997],
       [-0.50000562],
       [-0.50000677],
       [-0.50000532],
       [-0.50000529],
       [-0.49999691],
       [-0.49999925],
       [-0.50000038],
       [-0.50000099],
       [-0.49996418],
       [-0.49999186],
       [-0.50000175]])
array([[-21.77530758],
       [  0.76170182],
       [  0.9181395 ],
       [-21.78336106],
       [-19.47671156],
       [-22.60475351],
       [-22.55284023],
       [-22.53056881],
       [-19.98297757],
       [-19.99997731],
       [-22.24578158],
       [ -8.92671805],
       [-22.24526802],
       [-21.97704036],
       [-21.05903834],
       [-22.38037123],
       [-20.17510747],
       [-21.82153136],
       [-21.88793601],
       [-22.17984275],
       [-21.9629853 ],
       [-21.37404008],
       [-22.18159152],
       [-21.82491768],
       [-21.4935443 ],
       [-21.97628831],
       [-20.98630946],
       [-22.45814726],
       [-16.2508602 ],
       [-19.22413139],
       [-21.08432991]])
<<<<<<<<<<< STEP 30 >>>>>>>>>>>> + array([[-0.50000535],
       [ 0.03727911],
       [ 0.03740634],
       [-0.50000507],
       [-0.49999502],
       [-0.50000044],
       [-0.50000152],
       [-0.5000021 ],
       [-0.49999779],
       [-0.49999514],
       [-0.5000027 ],
       [-0.50059408],
       [-0.50000264],
       [-0.50000289],
       [-0.50000034],
       [-0.5000006 ],
       [-0.50000269],
       [-0.50000118],
       [-0.49999989],
       [-0.49999996],
       [-0.50000432],
       [-0.50000518],
       [-0.50000408],
       [-0.50000406],
       [-0.49999763],
       [-0.49999943],
       [-0.5000003 ],
       [-0.50000076],
       [-0.49997275],
       [-0.49999378],
       [-0.50000135]])
array([[-22.27531293],
       [  0.79898094],
       [  0.95554584],
       [-22.28336613],
       [-19.97670658],
       [-23.10475395],
       [-23.05284175],
       [-23.03057091],
       [-20.48297536],
       [-20.49997245],
       [-22.74578428],
       [ -9.42731213],
       [-22.74527067],
       [-22.47704325],
       [-21.55903868],
       [-22.88037183],
       [-20.67511016],
       [-22.32153254],
       [-22.3879359 ],
       [-22.67984271],
       [-22.46298962],
       [-21.87404526],
       [-22.6815956 ],
       [-22.32492174],
       [-21.99354193],
       [-22.47628774],
       [-21.48630976],
       [-22.95814802],
       [-16.75083295],
       [-19.72412517],
       [-21.58433126]])
<<<<<<<<<<< STEP 31 >>>>>>>>>>>> + array([[-0.50000411],
       [ 0.0364405 ],
       [ 0.03623271],
       [-0.50000389],
       [-0.49999614],
       [-0.50000033],
       [-0.50000116],
       [-0.5000016 ],
       [-0.49999829],
       [-0.49999626],
       [-0.50000206],
       [-0.50062045],
       [-0.50000202],
       [-0.50000221],
       [-0.50000025],
       [-0.50000045],
       [-0.50000203],
       [-0.50000089],
       [-0.4999999 ],
       [-0.49999996],
       [-0.50000332],
       [-0.50000398],
       [-0.50000314],
       [-0.50000312],
       [-0.49999818],
       [-0.49999957],
       [-0.50000023],
       [-0.50000058],
       [-0.49997922],
       [-0.49999524],
       [-0.50000104]])
array([[-22.77531704],
       [  0.83542144],
       [  0.99177854],
       [-22.78337002],
       [-20.47670272],
       [-23.60475428],
       [-23.55284291],
       [-23.53057252],
       [-20.98297365],
       [-20.99996871],
       [-23.24578634],
       [ -9.92793258],
       [-23.24527268],
       [-22.97704546],
       [-22.05903893],
       [-23.38037228],
       [-21.17511219],
       [-22.82153344],
       [-22.88793579],
       [-23.17984267],
       [-22.96299294],
       [-22.37404924],
       [-23.18159874],
       [-22.82492486],
       [-22.49354011],
       [-22.97628731],
       [-21.98631   ],
       [-23.4581486 ],
       [-17.25081217],
       [-20.22412041],
       [-22.0843323 ]])
<<<<<<<<<<< STEP 32 >>>>>>>>>>>> + array([[-0.50000315],
       [ 0.03557936],
       [ 0.03511709],
       [-0.50000298],
       [-0.49999701],
       [-0.50000025],
       [-0.50000089],
       [-0.50000123],
       [-0.49999868],
       [-0.49999712],
       [-0.50000158],
       [-0.50057619],
       [-0.50000154],
       [-0.50000169],
       [-0.50000018],
       [-0.50000034],
       [-0.50000154],
       [-0.50000067],
       [-0.49999991],
       [-0.49999996],
       [-0.50000255],
       [-0.50000305],
       [-0.50000241],
       [-0.5000024 ],
       [-0.4999986 ],
       [-0.49999967],
       [-0.50000018],
       [-0.50000045],
       [-0.49998413],
       [-0.49999636],
       [-0.5000008 ]])
array([[-23.27532019],
       [  0.8710008 ],
       [  1.02689564],
       [-23.28337301],
       [-20.97669973],
       [-24.10475453],
       [-24.0528438 ],
       [-24.03057374],
       [-21.48297232],
       [-21.49996583],
       [-23.74578792],
       [-10.42850876],
       [-23.74527422],
       [-23.47704715],
       [-22.55903911],
       [-23.88037262],
       [-21.67511374],
       [-23.32153411],
       [-23.38793571],
       [-23.67984263],
       [-23.46299548],
       [-22.87405229],
       [-23.68160115],
       [-23.32492725],
       [-22.99353871],
       [-23.47628698],
       [-22.48631018],
       [-23.95814904],
       [-17.7507963 ],
       [-20.72411677],
       [-22.58433311]])
<<<<<<<<<<< STEP 33 >>>>>>>>>>>> + array([[-0.50000242],
       [ 0.03471186],
       [ 0.03405743],
       [-0.50000229],
       [-0.49999769],
       [-0.50000019],
       [-0.50000068],
       [-0.50000094],
       [-0.49999898],
       [-0.49999779],
       [-0.50000121],
       [-0.50050307],
       [-0.50000118],
       [-0.5000013 ],
       [-0.50000013],
       [-0.50000026],
       [-0.50000117],
       [-0.50000051],
       [-0.49999993],
       [-0.49999997],
       [-0.50000196],
       [-0.50000234],
       [-0.50000185],
       [-0.50000184],
       [-0.49999893],
       [-0.49999975],
       [-0.50000014],
       [-0.50000034],
       [-0.49998787],
       [-0.49999721],
       [-0.50000062]])
array([[-23.77532261],
       [  0.90571266],
       [  1.06095306],
       [-23.7833753 ],
       [-21.47669742],
       [-24.60475472],
       [-24.55284447],
       [-24.53057468],
       [-21.9829713 ],
       [-21.99996362],
       [-24.24578912],
       [-10.92901183],
       [-24.2452754 ],
       [-23.97704844],
       [-23.05903924],
       [-24.38037288],
       [-22.17511491],
       [-23.82153462],
       [-23.88793564],
       [-24.1798426 ],
       [-23.96299744],
       [-23.37405463],
       [-24.181603  ],
       [-23.82492909],
       [-23.49353764],
       [-23.97628673],
       [-22.98631032],
       [-24.45814938],
       [-18.25078417],
       [-21.22411398],
       [-23.08433372]])
<<<<<<<<<<< STEP 34 >>>>>>>>>>>> + array([[-0.50000186],
       [ 0.0338496 ],
       [ 0.03305124],
       [-0.50000176],
       [-0.49999821],
       [-0.50000014],
       [-0.50000052],
       [-0.50000072],
       [-0.49999921],
       [-0.4999983 ],
       [-0.50000092],
       [-0.50042319],
       [-0.5000009 ],
       [-0.50000099],
       [-0.5000001 ],
       [-0.5000002 ],
       [-0.5000009 ],
       [-0.50000039],
       [-0.49999994],
       [-0.49999997],
       [-0.5000015 ],
       [-0.5000018 ],
       [-0.50000142],
       [-0.50000141],
       [-0.49999918],
       [-0.49999981],
       [-0.50000011],
       [-0.50000026],
       [-0.49999071],
       [-0.49999786],
       [-0.50000048]])
array([[-24.27532446],
       [  0.93956226],
       [  1.09400431],
       [-24.28337706],
       [-21.97669563],
       [-25.10475486],
       [-25.05284499],
       [-25.0305754 ],
       [-22.48297051],
       [-22.49996192],
       [-24.74579005],
       [-11.42943502],
       [-24.7452763 ],
       [-24.47704944],
       [-23.55903934],
       [-24.88037307],
       [-22.67511581],
       [-24.32153501],
       [-24.38793558],
       [-24.67984257],
       [-24.46299895],
       [-23.87405643],
       [-24.68160442],
       [-24.32493051],
       [-23.99353681],
       [-24.47628654],
       [-23.48631042],
       [-24.95814965],
       [-18.75077488],
       [-21.72411184],
       [-23.5843342 ]])
<<<<<<<<<<< STEP 35 >>>>>>>>>>>> + array([[-0.50000143],
       [ 0.03300075],
       [ 0.03209586],
       [-0.50000135],
       [-0.49999862],
       [-0.50000011],
       [-0.5000004 ],
       [-0.50000055],
       [-0.49999939],
       [-0.49999869],
       [-0.50000071],
       [-0.50034747],
       [-0.50000069],
       [-0.50000076],
       [-0.50000007],
       [-0.50000015],
       [-0.50000068],
       [-0.5000003 ],
       [-0.49999995],
       [-0.49999998],
       [-0.50000116],
       [-0.50000138],
       [-0.50000109],
       [-0.50000109],
       [-0.49999937],
       [-0.49999985],
       [-0.50000008],
       [-0.5000002 ],
       [-0.49999288],
       [-0.49999836],
       [-0.50000037]])
array([[-24.77532589],
       [  0.97256301],
       [  1.12610017],
       [-24.78337841],
       [-22.47669426],
       [-25.60475497],
       [-25.55284539],
       [-25.53057595],
       [-22.9829699 ],
       [-22.99996061],
       [-25.24579075],
       [-11.92978249],
       [-25.24527699],
       [-24.9770502 ],
       [-24.05903941],
       [-25.38037322],
       [-23.17511649],
       [-24.8215353 ],
       [-24.88793553],
       [-25.17984255],
       [-24.9630001 ],
       [-24.37405781],
       [-25.18160551],
       [-24.8249316 ],
       [-24.49353618],
       [-24.97628639],
       [-23.98631051],
       [-25.45814985],
       [-19.25076776],
       [-22.2241102 ],
       [-24.08433457]])
<<<<<<<<<<< STEP 36 >>>>>>>>>>>> + array([[-0.5000011 ],
       [ 0.03217092],
       [ 0.03118853],
       [-0.50000104],
       [-0.49999894],
       [-0.50000008],
       [-0.50000031],
       [-0.50000042],
       [-0.49999953],
       [-0.49999899],
       [-0.50000054],
       [-0.50028059],
       [-0.50000053],
       [-0.50000058],
       [-0.50000006],
       [-0.50000011],
       [-0.50000052],
       [-0.50000023],
       [-0.49999996],
       [-0.49999998],
       [-0.50000089],
       [-0.50000106],
       [-0.50000084],
       [-0.50000084],
       [-0.49999951],
       [-0.49999989],
       [-0.50000006],
       [-0.50000015],
       [-0.49999454],
       [-0.49999874],
       [-0.50000028]])
array([[-25.27532699],
       [  1.00473393],
       [  1.1572887 ],
       [-25.28337945],
       [-22.97669319],
       [-26.10475506],
       [-26.0528457 ],
       [-26.03057638],
       [-23.48296944],
       [-23.49995961],
       [-25.7457913 ],
       [-12.43006309],
       [-25.74527752],
       [-25.47705078],
       [-24.55903946],
       [-25.88037334],
       [-23.67511701],
       [-25.32153553],
       [-25.38793549],
       [-25.67984253],
       [-25.46300099],
       [-24.87405887],
       [-25.68160635],
       [-25.32493243],
       [-24.99353569],
       [-25.47628627],
       [-24.48631057],
       [-25.95815   ],
       [-19.7507623 ],
       [-22.72410894],
       [-24.58433485]])
<<<<<<<<<<< STEP 37 >>>>>>>>>>>> + array([[-0.50000084],
       [ 0.03136385],
       [ 0.03032648],
       [-0.5000008 ],
       [-0.49999918],
       [-0.50000006],
       [-0.50000023],
       [-0.50000032],
       [-0.49999964],
       [-0.49999923],
       [-0.50000042],
       [-0.50022393],
       [-0.50000041],
       [-0.50000045],
       [-0.50000004],
       [-0.50000009],
       [-0.5000004 ],
       [-0.50000017],
       [-0.49999997],
       [-0.49999998],
       [-0.50000068],
       [-0.50000082],
       [-0.50000065],
       [-0.50000064],
       [-0.49999963],
       [-0.49999991],
       [-0.50000005],
       [-0.50000012],
       [-0.49999581],
       [-0.49999903],
       [-0.50000022]])
array([[-25.77532783],
       [  1.03609778],
       [  1.18761518],
       [-25.78338024],
       [-23.47669237],
       [-26.60475512],
       [-26.55284593],
       [-26.5305767 ],
       [-23.98296907],
       [-23.99995883],
       [-26.24579171],
       [-12.93028702],
       [-26.24527793],
       [-25.97705123],
       [-25.05903951],
       [-26.38037342],
       [-24.17511742],
       [-25.8215357 ],
       [-25.88793546],
       [-26.17984251],
       [-25.96300167],
       [-25.37405968],
       [-26.18160699],
       [-25.82493307],
       [-25.49353532],
       [-25.97628619],
       [-24.98631062],
       [-26.45815012],
       [-20.25075811],
       [-23.22410797],
       [-25.08433507]])
<<<<<<<<<<< STEP 38 >>>>>>>>>>>> + array([[-0.50000065],
       [ 0.03058187],
       [ 0.02950702],
       [-0.50000061],
       [-0.49999937],
       [-0.50000005],
       [-0.50000018],
       [-0.50000025],
       [-0.49999972],
       [-0.4999994 ],
       [-0.50000032],
       [-0.50017718],
       [-0.50000031],
       [-0.50000035],
       [-0.50000003],
       [-0.50000007],
       [-0.50000031],
       [-0.50000013],
       [-0.49999998],
       [-0.49999999],
       [-0.50000053],
       [-0.50000063],
       [-0.5000005 ],
       [-0.50000049],
       [-0.49999971],
       [-0.49999993],
       [-0.50000004],
       [-0.50000009],
       [-0.49999678],
       [-0.49999926],
       [-0.50000017]])
array([[-26.27532848],
       [  1.06667965],
       [  1.2171222 ],
       [-26.28338086],
       [-23.97669174],
       [-27.10475517],
       [-27.05284611],
       [-27.03057695],
       [-24.4829688 ],
       [-24.49995824],
       [-26.74579203],
       [-13.4304642 ],
       [-26.74527824],
       [-26.47705158],
       [-25.55903954],
       [-26.88037349],
       [-24.67511772],
       [-26.32153583],
       [-26.38793544],
       [-26.6798425 ],
       [-26.4630022 ],
       [-25.87406031],
       [-26.68160749],
       [-26.32493357],
       [-25.99353503],
       [-26.47628612],
       [-25.48631066],
       [-26.95815021],
       [-20.7507549 ],
       [-23.72410723],
       [-25.58433523]])
<<<<<<<<<<< STEP 39 >>>>>>>>>>>> + array([[-0.5000005 ],
       [ 0.02982627],
       [ 0.02872753],
       [-0.50000047],
       [-0.49999951],
       [-0.50000004],
       [-0.50000014],
       [-0.50000019],
       [-0.49999979],
       [-0.49999954],
       [-0.50000025],
       [-0.50013931],
       [-0.50000024],
       [-0.50000027],
       [-0.50000002],
       [-0.50000005],
       [-0.50000024],
       [-0.5000001 ],
       [-0.49999998],
       [-0.49999999],
       [-0.5000004 ],
       [-0.50000048],
       [-0.50000038],
       [-0.50000038],
       [-0.49999978],
       [-0.49999995],
       [-0.50000003],
       [-0.50000007],
       [-0.49999753],
       [-0.49999943],
       [-0.50000013]])
array([[-26.77532897],
       [  1.09650592],
       [  1.24584973],
       [-26.78338133],
       [-24.47669126],
       [-27.60475521],
       [-27.55284625],
       [-27.53057714],
       [-24.98296858],
       [-24.99995778],
       [-27.24579228],
       [-13.93060351],
       [-27.24527848],
       [-26.97705184],
       [-26.05903956],
       [-27.38037354],
       [-25.17511796],
       [-26.82153593],
       [-26.88793542],
       [-27.17984249],
       [-26.9630026 ],
       [-26.37406079],
       [-27.18160787],
       [-26.82493395],
       [-26.49353481],
       [-26.97628607],
       [-25.98631069],
       [-27.45815028],
       [-21.25075242],
       [-24.22410666],
       [-26.08433536]])
