<<<<<<<<<<< STEP 0 >>>>>>>>>>>> + array([[-0.49712139],
       [ 0.05340234],
       [ 0.24780946],
       [-0.50216905],
       [-0.51586565],
       [-0.522863  ],
       [-0.51945215],
       [-0.52021584],
       [-0.51422003],
       [-0.3529411 ],
       [-0.52677319],
       [-0.06989888],
       [-0.51927705],
       [-0.51762856],
       [-0.51010518],
       [-0.51614208],
       [-0.51709317],
       [-0.51691232],
       [-0.52159607],
       [-0.51682294],
       [-0.51689446],
       [-0.51330324],
       [-0.51791253],
       [-0.51611225],
       [-0.50853236],
       [-0.51375729],
       [-0.51489196],
       [-0.51694087],
       [-0.50668621],
       [-0.1833536 ],
       [-0.50492813]])
array([[-6.01732325],
       [ 0.66593627],
       [-2.39480848],
       [-6.04761184],
       [-7.54372758],
       [-7.59536286],
       [-8.15339846],
       [-8.12072196],
       [-7.34551679],
       [-3.89337476],
       [-6.75256203],
       [-1.1774045 ],
       [-7.65560607],
       [-7.45097193],
       [-6.59923629],
       [-7.52974087],
       [-7.71802903],
       [-7.28462662],
       [-5.93849279],
       [-7.6912383 ],
       [-7.54320433],
       [-6.77648789],
       [-7.75602853],
       [-7.41184531],
       [-6.97071875],
       [-7.49307507],
       [-7.59693406],
       [-7.96460824],
       [-6.72539701],
       [-3.0244755 ],
       [-6.6558701 ]])
<<<<<<<<<<< STEP 1 >>>>>>>>>>>> + array([[-0.5065323 ],
       [ 0.05042842],
       [ 0.27851858],
       [-0.50913304],
       [-0.51033799],
       [-0.51519617],
       [-0.51315663],
       [-0.51380163],
       [-0.50918464],
       [-0.37501498],
       [-0.51888527],
       [-0.06567128],
       [-0.51342239],
       [-0.51229993],
       [-0.50695353],
       [-0.51084956],
       [-0.51155779],
       [-0.51165978],
       [-0.51486168],
       [-0.51125915],
       [-0.51182117],
       [-0.51022063],
       [-0.51246842],
       [-0.51126463],
       [-0.50502977],
       [-0.50880363],
       [-0.50970777],
       [-0.5111813 ],
       [-0.50360908],
       [-0.18299002],
       [-0.50340751]])
array([[-6.52385555],
       [ 0.71636469],
       [-2.11628989],
       [-6.55674488],
       [-8.05406557],
       [-8.11055903],
       [-8.66655509],
       [-8.63452358],
       [-7.85470143],
       [-4.26838974],
       [-7.2714473 ],
       [-1.24307578],
       [-8.16902846],
       [-7.96327185],
       [-7.10618982],
       [-8.04059043],
       [-8.22958681],
       [-7.7962864 ],
       [-6.45335447],
       [-8.20249745],
       [-8.0550255 ],
       [-7.28670852],
       [-8.26849695],
       [-7.92310994],
       [-7.47574852],
       [-8.0018787 ],
       [-8.10664183],
       [-8.47578955],
       [-7.22900608],
       [-3.20746552],
       [-7.15927761]])
<<<<<<<<<<< STEP 2 >>>>>>>>>>>> + array([[-0.51016301],
       [ 0.04745558],
       [ 0.28345238],
       [-0.51126442],
       [-0.50672472],
       [-0.51019464],
       [-0.50903259],
       [-0.5096005 ],
       [-0.5059328 ],
       [-0.39913817],
       [-0.51362698],
       [-0.06314828],
       [-0.50955392],
       [-0.50879614],
       [-0.50483138],
       [-0.50735008],
       [-0.50790865],
       [-0.50817014],
       [-0.51030569],
       [-0.50756961],
       [-0.50852934],
       [-0.50780501],
       [-0.50892953],
       [-0.508118  ],
       [-0.50278636],
       [-0.5055886 ],
       [-0.50634375],
       [-0.50747007],
       [-0.5017241 ],
       [-0.19041163],
       [-0.50244591]])
array([[-7.03401856],
       [ 0.76382028],
       [-1.83283751],
       [-7.0680093 ],
       [-8.56079029],
       [-8.62075367],
       [-9.17558768],
       [-9.14412408],
       [-8.36063423],
       [-4.66752791],
       [-7.78507428],
       [-1.30622406],
       [-8.67858239],
       [-8.47206799],
       [-7.6110212 ],
       [-8.54794051],
       [-8.73749547],
       [-8.30445655],
       [-6.96366016],
       [-8.71006706],
       [-8.56355484],
       [-7.79451353],
       [-8.77742648],
       [-8.43122793],
       [-7.97853489],
       [-8.50746731],
       [-8.61298558],
       [-8.98325961],
       [-7.73073018],
       [-3.39787715],
       [-7.66172352]])
<<<<<<<<<<< STEP 3 >>>>>>>>>>>> + array([[-0.5104085 ],
       [ 0.04462164],
       [ 0.27229536],
       [-0.51074253],
       [-0.50436198],
       [-0.50689052],
       [-0.50627856],
       [-0.50677947],
       [-0.50382767],
       [-0.42228844],
       [-0.51000289],
       [-0.06173363],
       [-0.50692062],
       [-0.50641114],
       [-0.50339153],
       [-0.50501466],
       [-0.5054698 ],
       [-0.50580737],
       [-0.50720534],
       [-0.50510903],
       [-0.50629049],
       [-0.50594003],
       [-0.50652954],
       [-0.5059789 ],
       [-0.50138884],
       [-0.50350545],
       [-0.5041465 ],
       [-0.50503904],
       [-0.50060889],
       [-0.20594046],
       [-0.50180329]])
array([[-7.54442706],
       [ 0.80844191],
       [-1.56054215],
       [-7.57875183],
       [-9.06515228],
       [-9.1276442 ],
       [-9.68186623],
       [-9.65090355],
       [-8.8644619 ],
       [-5.08981635],
       [-8.29507717],
       [-1.36795768],
       [-9.18550301],
       [-8.97847913],
       [-8.11441273],
       [-9.05295517],
       [-9.24296526],
       [-8.81026391],
       [-7.4708655 ],
       [-9.21517608],
       [-9.06984533],
       [-8.30045356],
       [-9.28395601],
       [-8.93720684],
       [-8.47992373],
       [-9.01097276],
       [-9.11713208],
       [-9.48829865],
       [-8.23133907],
       [-3.60381762],
       [-8.16352681]])
<<<<<<<<<<< STEP 4 >>>>>>>>>>>> + array([[-0.50920774],
       [ 0.04202682],
       [ 0.25278523],
       [-0.50919671],
       [-0.50281949],
       [-0.50468253],
       [-0.50440467],
       [-0.50483823],
       [-0.50246343],
       [-0.44243511],
       [-0.507424  ],
       [-0.06099493],
       [-0.50507455],
       [-0.50473077],
       [-0.50240659],
       [-0.5034427 ],
       [-0.50381788],
       [-0.50417675],
       [-0.50507986],
       [-0.50346049],
       [-0.50469503],
       [-0.50451557],
       [-0.50483207],
       [-0.50445632],
       [-0.50055233],
       [-0.50216209],
       [-0.50270415],
       [-0.5034205 ],
       [-0.4999842 ],
       [-0.22945142],
       [-0.50134828]])
array([[ -8.05363481],
       [  0.85046874],
       [ -1.30775692],
       [ -8.08794854],
       [ -9.56797176],
       [ -9.63232673],
       [-10.1862709 ],
       [-10.15574178],
       [ -9.36692533],
       [ -5.53225146],
       [ -8.80250117],
       [ -1.42895261],
       [ -9.69057756],
       [ -9.48320991],
       [ -8.61681932],
       [ -9.55639787],
       [ -9.74678314],
       [ -9.31444066],
       [ -7.97594536],
       [ -9.71863657],
       [ -9.57454036],
       [ -8.80496914],
       [ -9.78878809],
       [ -9.44166316],
       [ -8.98047606],
       [ -9.51313485],
       [ -9.61983623],
       [ -9.99171915],
       [ -8.73132327],
       [ -3.83326904],
       [ -8.66487509]])
<<<<<<<<<<< STEP 5 >>>>>>>>>>>> + array([[-0.5076029 ],
       [ 0.0397172 ],
       [ 0.22999334],
       [-0.50745869],
       [-0.50181492],
       [-0.50319352],
       [-0.50311026],
       [-0.50347652],
       [-0.5015794 ],
       [-0.45868779],
       [-0.50554495],
       [-0.0606899 ],
       [-0.50375024],
       [-0.50351557],
       [-0.50172654],
       [-0.50237659],
       [-0.50268574],
       [-0.50303259],
       [-0.50361093],
       [-0.50235158],
       [-0.50352032],
       [-0.50343381],
       [-0.50359476],
       [-0.50333696],
       [-0.50007767],
       [-0.50130198],
       [-0.50175469],
       [-0.50232907],
       [-0.49966388],
       [-0.26005046],
       [-0.50101255]])
array([[ -8.5612377 ],
       [  0.89018594],
       [ -1.07776358],
       [ -8.59540724],
       [-10.06978668],
       [-10.13552025],
       [-10.68938116],
       [-10.6592183 ],
       [ -9.86850472],
       [ -5.99093925],
       [ -9.30804612],
       [ -1.48964251],
       [-10.19432781],
       [ -9.98672548],
       [ -9.11854586],
       [-10.05877446],
       [-10.24946888],
       [ -9.81747325],
       [ -8.4795563 ],
       [-10.22098815],
       [-10.07806067],
       [ -9.30840295],
       [-10.29238285],
       [ -9.94500012],
       [ -9.48055372],
       [-10.01443683],
       [-10.12159092],
       [-10.49404822],
       [ -9.23098715],
       [ -4.0933195 ],
       [ -9.16588763]])
<<<<<<<<<<< STEP 6 >>>>>>>>>>>> + array([[-0.5060516 ],
       [ 0.03769396],
       [ 0.20694549],
       [-0.50587207],
       [-0.50116246],
       [-0.50218311],
       [-0.50220674],
       [-0.50250934],
       [-0.50100723],
       [-0.47106586],
       [-0.5041563 ],
       [-0.06078111],
       [-0.50278577],
       [-0.50262276],
       [-0.50125198],
       [-0.5016489 ],
       [-0.50190227],
       [-0.50221902],
       [-0.50258731],
       [-0.50160303],
       [-0.50264122],
       [-0.50261384],
       [-0.50267842],
       [-0.50250061],
       [-0.49982859],
       [-0.50075676],
       [-0.50112968],
       [-0.50158727],
       [-0.49952582],
       [-0.29586856],
       [-0.50075985]])
array([[ -9.06728931],
       [  0.9278799 ],
       [ -0.87081809],
       [ -9.10127931],
       [-10.57094914],
       [-10.63770337],
       [-11.19158789],
       [-11.16172764],
       [-10.36951195],
       [ -6.46200511],
       [ -9.81220242],
       [ -1.55042362],
       [-10.69711357],
       [-10.48934824],
       [ -9.61979784],
       [-10.56042335],
       [-10.75137115],
       [-10.31969227],
       [ -8.9821436 ],
       [-10.72259118],
       [-10.5807019 ],
       [ -9.81101678],
       [-10.79506127],
       [-10.44750073],
       [ -9.98038232],
       [-10.5151936 ],
       [-10.6227206 ],
       [-10.99563549],
       [ -9.73051298],
       [ -4.38918806],
       [ -9.66664749]])
<<<<<<<<<<< STEP 7 >>>>>>>>>>>> + array([[-0.50471757],
       [ 0.03593336],
       [ 0.18527776],
       [-0.50454439],
       [-0.50074016],
       [-0.50149518],
       [-0.50157195],
       [-0.50181749],
       [-0.50063793],
       [-0.48010357],
       [-0.50312244],
       [-0.0614172 ],
       [-0.50207694],
       [-0.50196141],
       [-0.50091693],
       [-0.50114964],
       [-0.50135585],
       [-0.50163442],
       [-0.50186807],
       [-0.50109632],
       [-0.50198013],
       [-0.50199214],
       [-0.50199591],
       [-0.50187259],
       [-0.49971536],
       [-0.50041626],
       [-0.50071964],
       [-0.50108148],
       [-0.49949228],
       [-0.33410333],
       [-0.50056876]])
array([[ -9.57200688],
       [  0.96381325],
       [ -0.68554033],
       [ -9.6058237 ],
       [-11.0716893 ],
       [-11.13919854],
       [-11.69315984],
       [-11.66354513],
       [-10.87014988],
       [ -6.94210867],
       [-10.31532486],
       [ -1.61184083],
       [-11.19919051],
       [-10.99130965],
       [-10.12071477],
       [-11.06157299],
       [-11.252727  ],
       [-10.82132669],
       [ -9.48401168],
       [-11.2236875 ],
       [-11.08268203],
       [-10.31300892],
       [-11.29705718],
       [-10.94937331],
       [-10.48009768],
       [-11.01560986],
       [-11.12344024],
       [-11.49671697],
       [-10.23000526],
       [ -4.72329139],
       [-10.16721625]])
<<<<<<<<<<< STEP 8 >>>>>>>>>>>> + array([[-0.50363294],
       [ 0.03440422],
       [ 0.16574148],
       [-0.50348156],
       [-0.5004682 ],
       [-0.50102634],
       [-0.50112424],
       [-0.50132068],
       [-0.50040077],
       [-0.48650322],
       [-0.50234976],
       [-0.06288006],
       [-0.50155306],
       [-0.50146951],
       [-0.50067752],
       [-0.50080578],
       [-0.50097236],
       [-0.5012107 ],
       [-0.50135863],
       [-0.50075271],
       [-0.50148327],
       [-0.50152029],
       [-0.50148729],
       [-0.50140123],
       [-0.49968089],
       [-0.50020843],
       [-0.50045261],
       [-0.50073675],
       [-0.49951527],
       [-0.3714398 ],
       [-0.50042467]])
array([[-10.07563982],
       [  0.99821747],
       [ -0.51979885],
       [-10.10930526],
       [-11.5721575 ],
       [-11.64022488],
       [-12.19428408],
       [-12.16486581],
       [-11.37055065],
       [ -7.42861189],
       [-10.81767462],
       [ -1.67472089],
       [-11.70074358],
       [-11.49277917],
       [-10.62139229],
       [-11.56237877],
       [-11.75369936],
       [-11.32253739],
       [ -9.9853703 ],
       [-11.72444021],
       [-11.5841653 ],
       [-10.81452922],
       [-11.79854447],
       [-11.45077455],
       [-10.97977857],
       [-11.51581829],
       [-11.62389285],
       [-11.99745372],
       [-10.72952053],
       [ -5.0947312 ],
       [-10.66764092]])
<<<<<<<<<<< STEP 9 >>>>>>>>>>>> + array([[-0.50277739],
       [ 0.033078  ],
       [ 0.14856415],
       [-0.50265146],
       [-0.50029427],
       [-0.50070694],
       [-0.50080763],
       [-0.50096305],
       [-0.5002496 ],
       [-0.49093139],
       [-0.50177089],
       [-0.06550445],
       [-0.50116429],
       [-0.50110277],
       [-0.5005044 ],
       [-0.50056819],
       [-0.50070173],
       [-0.50090127],
       [-0.50099491],
       [-0.50051947],
       [-0.50111067],
       [-0.50116175],
       [-0.50110868],
       [-0.50104823],
       [-0.49968972],
       [-0.50008596],
       [-0.50028065],
       [-0.50050238],
       [-0.49956584],
       [-0.40483711],
       [-0.50031656]])
array([[-10.57841721],
       [  1.03129547],
       [ -0.3712347 ],
       [-10.61195672],
       [-12.07245177],
       [-12.14093182],
       [-12.69509171],
       [-12.66582887],
       [-11.87080025],
       [ -7.91954329],
       [-11.31944551],
       [ -1.74022533],
       [-12.20190786],
       [-11.99388194],
       [-11.12189669],
       [-12.06294695],
       [-12.25440109],
       [-11.82343866],
       [-10.48636522],
       [-12.22495968],
       [-12.08527597],
       [-11.31569097],
       [-12.29965315],
       [-11.95182277],
       [-11.47946829],
       [-12.01590425],
       [-12.12417351],
       [-12.49795611],
       [-11.22908637],
       [ -5.49956831],
       [-11.16795748]])
<<<<<<<<<<< STEP 10 >>>>>>>>>>>> + array([[-0.50211415],
       [ 0.03193255],
       [ 0.13368543],
       [-0.50201236],
       [-0.50018394],
       [-0.50048944],
       [-0.50058315],
       [-0.50070501],
       [-0.50015411],
       [-0.49394   ],
       [-0.50133633],
       [-0.06959888],
       [-0.50087478],
       [-0.50082883],
       [-0.50037779],
       [-0.50040346],
       [-0.50050967],
       [-0.50067374],
       [-0.50073315],
       [-0.5003609 ],
       [-0.50083185],
       [-0.50088895],
       [-0.5008272 ],
       [-0.50078439],
       [-0.49972014],
       [-0.50001752],
       [-0.50017147],
       [-0.50034352],
       [-0.49962685],
       [-0.43233304],
       [-0.50023586]])
array([[-11.08053136],
       [  1.06322802],
       [ -0.23754927],
       [-11.11396908],
       [-12.57263571],
       [-12.64142126],
       [-13.19567487],
       [-13.16653387],
       [-12.37095437],
       [ -8.41348328],
       [-11.82078184],
       [ -1.80982421],
       [-12.70278265],
       [-12.49471077],
       [-11.62227448],
       [-12.56335041],
       [-12.75491075],
       [-12.32411241],
       [-10.98709837],
       [-12.72532058],
       [-12.58610781],
       [-11.81657991],
       [-12.80048035],
       [-12.45260717],
       [-11.97918843],
       [-12.51592177],
       [-12.62434498],
       [-12.99829963],
       [-11.72871321],
       [ -5.93190135],
       [-11.66819333]])
<<<<<<<<<<< STEP 11 >>>>>>>>>>>> + array([[-0.50160527],
       [ 0.03095268],
       [ 0.12090122],
       [-0.50152449],
       [-0.50011448],
       [-0.50034115],
       [-0.50042342],
       [-0.50051826],
       [-0.50009437],
       [-0.49595535],
       [-0.5010095 ],
       [-0.07540982],
       [-0.50065851],
       [-0.50062382],
       [-0.50028424],
       [-0.50028869],
       [-0.50037252],
       [-0.50050536],
       [-0.50054319],
       [-0.50025276],
       [-0.5006235 ],
       [-0.50068104],
       [-0.50061804],
       [-0.50058748],
       [-0.49975913],
       [-0.49998239],
       [-0.50010322],
       [-0.50023604],
       [-0.49968847],
       [-0.45338136],
       [-0.50017584]])
array([[-11.58213662],
       [  1.09418071],
       [ -0.11664804],
       [-11.61549357],
       [-13.07275019],
       [-13.14176241],
       [-13.69609829],
       [-13.66705214],
       [-12.87104873],
       [ -8.90943864],
       [-12.32179134],
       [ -1.88523403],
       [-13.20344116],
       [-12.99533458],
       [-12.12255872],
       [-13.0636391 ],
       [-13.25528327],
       [-12.82461777],
       [-11.48764155],
       [-13.22557334],
       [-13.08673131],
       [-12.31726095],
       [-13.30109839],
       [-12.95319465],
       [-12.47894756],
       [-13.01590416],
       [-13.1244482 ],
       [-13.49853567],
       [-12.22840169],
       [ -6.38528271],
       [-12.16836917]])
<<<<<<<<<<< STEP 12 >>>>>>>>>>>> + array([[-0.50121726],
       [ 0.03012956],
       [ 0.10994998],
       [-0.50115394],
       [-0.50007099],
       [-0.50023969],
       [-0.50030921],
       [-0.50038258],
       [-0.50005729],
       [-0.49729242],
       [-0.50076323],
       [-0.08314408],
       [-0.50049646],
       [-0.50047011],
       [-0.50021448],
       [-0.50020818],
       [-0.50027388],
       [-0.50038001],
       [-0.50040414],
       [-0.50017856],
       [-0.50046791],
       [-0.5005223 ],
       [-0.50046259],
       [-0.50044058],
       [-0.49979917],
       [-0.49996698],
       [-0.50006121],
       [-0.5001633 ],
       [-0.49974545],
       [-0.46857953],
       [-0.50013131]])
array([[ -1.20833539e+01],
       [  1.12431027e+00],
       [ -6.69806545e-03],
       [ -1.21166475e+01],
       [ -1.35728212e+01],
       [ -1.36420021e+01],
       [ -1.41964075e+01],
       [ -1.41674347e+01],
       [ -1.33711060e+01],
       [ -9.40673106e+00],
       [ -1.28225546e+01],
       [ -1.96837811e+00],
       [ -1.37039376e+01],
       [ -1.34958047e+01],
       [ -1.26227732e+01],
       [ -1.35638473e+01],
       [ -1.37555571e+01],
       [ -1.33249978e+01],
       [ -1.19880457e+01],
       [ -1.37257519e+01],
       [ -1.35871992e+01],
       [ -1.28177832e+01],
       [ -1.38015610e+01],
       [ -1.34536352e+01],
       [ -1.29787467e+01],
       [ -1.35158711e+01],
       [ -1.36245094e+01],
       [ -1.39986990e+01],
       [ -1.27281471e+01],
       [ -6.85386224e+00],
       [ -1.26685005e+01]])
<<<<<<<<<<< STEP 13 >>>>>>>>>>>> + array([[-0.50092254],
       [ 0.02946014],
       [ 0.10056365],
       [-0.50087331],
       [-0.50004382],
       [-0.50016984],
       [-0.50022705],
       [-0.50028354],
       [-0.50003442],
       [-0.49817538],
       [-0.50057734],
       [-0.09302325],
       [-0.5003747 ],
       [-0.50035465],
       [-0.50016205],
       [-0.50015121],
       [-0.50020237],
       [-0.5002862 ],
       [-0.50030149],
       [-0.5001272 ],
       [-0.5003517 ],
       [-0.50040085],
       [-0.50034694],
       [-0.50033098],
       [-0.49983629],
       [-0.49996267],
       [-0.50003575],
       [-0.50011392],
       [-0.49979537],
       [-0.47909441],
       [-0.50009831]])
array([[-12.58427643],
       [  1.1537704 ],
       [  0.09386558],
       [-12.61752082],
       [-14.072865  ],
       [-14.14217194],
       [-14.69663454],
       [-14.66771827],
       [-13.87114045],
       [ -9.90490644],
       [-13.32313191],
       [ -2.06140136],
       [-14.20431232],
       [-13.99615934],
       [-13.12293525],
       [-14.06399849],
       [-14.25575951],
       [-13.82528398],
       [-12.48834719],
       [-14.22587911],
       [-14.08755092],
       [-13.3181841 ],
       [-14.30190792],
       [-13.95396621],
       [-13.47858302],
       [-14.01583381],
       [-14.12454515],
       [-14.49881288],
       [-13.22794251],
       [ -7.33295664],
       [-13.16859879]])
<<<<<<<<<<< STEP 14 >>>>>>>>>>>> + array([[-0.50069916],
       [ 0.02894677],
       [ 0.09249537],
       [-0.50066111],
       [-0.5000268 ],
       [-0.50012134],
       [-0.50016754],
       [-0.50021088],
       [-0.50002037],
       [-0.49875856],
       [-0.50043679],
       [-0.1053346 ],
       [-0.50028297],
       [-0.50026774],
       [-0.50012238],
       [-0.5001105 ],
       [-0.50015011],
       [-0.50021564],
       [-0.50022511],
       [-0.50009125],
       [-0.50026486],
       [-0.50030776],
       [-0.50026079],
       [-0.50024914],
       [-0.49986873],
       [-0.49996413],
       [-0.50002054],
       [-0.50008023],
       [-0.49983758],
       [-0.48616595],
       [-0.50007386]])
array([[-13.08497559],
       [  1.18271717],
       [  0.18636094],
       [-13.11818193],
       [-14.5728918 ],
       [-14.64229327],
       [-15.19680208],
       [-15.16792915],
       [-14.37116082],
       [-10.403665  ],
       [-13.82356869],
       [ -2.16673596],
       [-14.70459529],
       [-14.49642708],
       [-13.62305763],
       [-14.56410899],
       [-14.75590962],
       [-14.32549962],
       [-12.98857229],
       [-14.72597036],
       [-14.58781578],
       [-13.81849186],
       [-14.80216871],
       [-14.45421534],
       [-13.97845175],
       [-14.51579793],
       [-14.62456569],
       [-14.99889311],
       [-13.72778009],
       [ -7.8191226 ],
       [-13.66867265]])
<<<<<<<<<<< STEP 15 >>>>>>>>>>>> + array([[-0.50053004],
       [ 0.02859677],
       [ 0.08553134],
       [-0.50050075],
       [-0.50001609],
       [-0.50008733],
       [-0.50012414],
       [-0.50015729],
       [-0.50001173],
       [-0.49914539],
       [-0.50033035],
       [-0.12045967],
       [-0.5002137 ],
       [-0.50020222],
       [-0.50009222],
       [-0.5000811 ],
       [-0.50011161],
       [-0.50016236],
       [-0.50016786],
       [-0.50006578],
       [-0.50019989],
       [-0.50023629],
       [-0.5001965 ],
       [-0.50018795],
       [-0.49989603],
       [-0.49996823],
       [-0.50001161],
       [-0.50005707],
       [-0.49987238],
       [-0.49084368],
       [-0.50005573]])
array([[-13.58550563],
       [  1.21131394],
       [  0.27189228],
       [-13.61868268],
       [-15.07290789],
       [-15.1423806 ],
       [-15.69692622],
       [-15.66808643],
       [-14.87117255],
       [-10.90281038],
       [-14.32389904],
       [ -2.28719563],
       [-15.20480898],
       [-14.9966293 ],
       [-14.12314984],
       [-15.0641901 ],
       [-15.25602123],
       [-14.82566198],
       [-13.48874015],
       [-15.22603614],
       [-15.08801567],
       [-14.31872815],
       [-15.30236521],
       [-14.9544033 ],
       [-14.47834778],
       [-15.01576616],
       [-15.1245773 ],
       [-15.49895018],
       [-14.22765247],
       [ -8.30996628],
       [-14.16872838]])
<<<<<<<<<<< STEP 16 >>>>>>>>>>>> + array([[-0.50040205],
       [ 0.02842173],
       [ 0.07949298],
       [-0.50037956],
       [-0.50000928],
       [-0.50006324],
       [-0.50009227],
       [-0.50011757],
       [-0.50000643],
       [-0.49940389],
       [-0.50024964],
       [-0.13887549],
       [-0.50016128],
       [-0.50015273],
       [-0.50006919],
       [-0.50005966],
       [-0.50008306],
       [-0.500122  ],
       [-0.50012471],
       [-0.50004751],
       [-0.50015121],
       [-0.50018134],
       [-0.50014843],
       [-0.50014215],
       [-0.4999184 ],
       [-0.49997321],
       [-0.50000646],
       [-0.50004103],
       [-0.49990055],
       [-0.49391444],
       [-0.50004227]])
array([[-14.08590768],
       [  1.23973567],
       [  0.35138526],
       [-14.11906224],
       [-15.57291717],
       [-15.64244384],
       [-16.19701848],
       [-16.168204  ],
       [-15.37117898],
       [-11.40221428],
       [-14.82414868],
       [ -2.42607112],
       [-15.70497027],
       [-15.49678203],
       [-14.62321904],
       [-15.56424976],
       [-15.75610429],
       [-15.32578398],
       [-13.98886487],
       [-15.72608364],
       [-15.58816688],
       [-14.81890949],
       [-15.80251364],
       [-15.45454544],
       [-14.97826618],
       [-15.51573937],
       [-15.62458377],
       [-15.99899122],
       [-14.72755302],
       [ -8.80388072],
       [-14.66877065]])
<<<<<<<<<<< STEP 17 >>>>>>>>>>>> + array([[-0.50030518],
       [ 0.02843604],
       [ 0.074234  ],
       [-0.50028794],
       [-0.5000049 ],
       [-0.500046  ],
       [-0.50006873],
       [-0.50008801],
       [-0.50000316],
       [-0.49957833],
       [-0.50018837],
       [-0.16112125],
       [-0.50012156],
       [-0.5001153 ],
       [-0.50005158],
       [-0.50004389],
       [-0.50006175],
       [-0.50009135],
       [-0.50009206],
       [-0.50003426],
       [-0.50011469],
       [-0.50013905],
       [-0.5001124 ],
       [-0.50010779],
       [-0.49993642],
       [-0.49997816],
       [-0.50000357],
       [-0.50002982],
       [-0.49992305],
       [-0.49592801],
       [-0.50003225]])
array([[-14.58621286],
       [  1.26817171],
       [  0.42561926],
       [-14.61935018],
       [-16.07292207],
       [-16.14248984],
       [-16.69708721],
       [-16.66829201],
       [-15.87118214],
       [-11.9017926 ],
       [-15.32433705],
       [ -2.58719237],
       [-16.20509182],
       [-15.99689733],
       [-15.12327062],
       [-16.06429365],
       [-16.25616604],
       [-15.82587533],
       [-14.48895692],
       [-16.2261179 ],
       [-16.08828157],
       [-15.31904854],
       [-16.30262605],
       [-15.95465323],
       [-15.4782026 ],
       [-16.01571754],
       [-16.12458734],
       [-16.49902104],
       [-15.22747607],
       [ -9.29980873],
       [-15.1688029 ]])
<<<<<<<<<<< STEP 18 >>>>>>>>>>>> + array([[-0.50023183],
       [ 0.02865398],
       [ 0.06963544],
       [-0.50021863],
       [-0.50000207],
       [-0.50003355],
       [-0.50005124],
       [-0.50006591],
       [-0.50000115],
       [-0.49969738],
       [-0.50014183],
       [-0.1877125 ],
       [-0.50009142],
       [-0.50008696],
       [-0.5000381 ],
       [-0.50003221],
       [-0.50004578],
       [-0.50006805],
       [-0.50006729],
       [-0.50002456],
       [-0.50008723],
       [-0.50010649],
       [-0.50008535],
       [-0.50008198],
       [-0.49995073],
       [-0.49998264],
       [-0.50000201],
       [-0.50002191],
       [-0.49994085],
       [-0.49725294],
       [-0.50002478]])
array([[-15.08644469],
       [  1.29682569],
       [  0.49525471],
       [-15.11956881],
       [-16.57292414],
       [-16.64252339],
       [-17.19713845],
       [-17.16835792],
       [-16.37118329],
       [-12.40148998],
       [-15.82447889],
       [ -2.77490487],
       [-16.70518325],
       [-16.49698429],
       [-15.62330872],
       [-16.56432586],
       [-16.75621183],
       [-16.32594338],
       [-14.98902421],
       [-16.72614246],
       [-16.5883688 ],
       [-15.81915503],
       [-16.8027114 ],
       [-16.45473521],
       [-15.97815332],
       [-16.51570017],
       [-16.62458935],
       [-16.99904295],
       [-15.72741692],
       [ -9.79706167],
       [-15.66882768]])
<<<<<<<<<<< STEP 19 >>>>>>>>>>>> + array([[-0.50017626],
       [ 0.02908456],
       [ 0.06560001],
       [-0.50016616],
       [-0.50000022],
       [-0.50002449],
       [-0.50003821],
       [-0.50004936],
       [-0.49999992],
       [-0.49977964],
       [-0.50010649],
       [-0.21897382],
       [-0.50006855],
       [-0.50006548],
       [-0.5000278 ],
       [-0.50002351],
       [-0.50003378],
       [-0.50005035],
       [-0.50004851],
       [-0.50001742],
       [-0.50006655],
       [-0.50008142],
       [-0.50006499],
       [-0.50006254],
       [-0.49996198],
       [-0.49998647],
       [-0.5000012 ],
       [-0.50001628],
       [-0.4999548 ],
       [-0.49813054],
       [-0.50001918]])
array([[-15.58662095],
       [  1.32591025],
       [  0.56085471],
       [-15.61973497],
       [-17.07292435],
       [-17.14254788],
       [-17.69717666],
       [-17.66840729],
       [-16.87118321],
       [-12.90126963],
       [-16.32458537],
       [ -2.99387869],
       [-17.2052518 ],
       [-16.99704977],
       [-16.12333652],
       [-17.06434937],
       [-17.25624561],
       [-16.82599373],
       [-15.48907273],
       [-17.22615988],
       [-17.08843535],
       [-16.31923644],
       [-17.3027764 ],
       [-16.95479775],
       [-16.47811531],
       [-17.01568664],
       [-17.12459055],
       [-17.49905923],
       [-16.22737172],
       [-10.29519221],
       [-16.16884687]])
<<<<<<<<<<< STEP 20 >>>>>>>>>>>> + array([[-0.50013412],
       [ 0.02972355],
       [ 0.06204655],
       [-0.50012639],
       [-0.49999902],
       [-0.50001786],
       [-0.50002847],
       [-0.50003693],
       [-0.49999918],
       [-0.49983726],
       [-0.50007966],
       [-0.2547691 ],
       [-0.50005121],
       [-0.50004921],
       [-0.50001997],
       [-0.50001703],
       [-0.50002477],
       [-0.50003692],
       [-0.50003434],
       [-0.50001216],
       [-0.50005093],
       [-0.50006213],
       [-0.50004963],
       [-0.50004786],
       [-0.49997078],
       [-0.49998964],
       [-0.50000081],
       [-0.50001223],
       [-0.49996566],
       [-0.49871687],
       [-0.50001497]])
array([[-16.08675507],
       [  1.3556338 ],
       [  0.62290127],
       [-16.11986136],
       [-17.57292338],
       [-17.64256574],
       [-18.19720513],
       [-18.16844422],
       [-17.37118239],
       [-13.40110689],
       [-16.82466504],
       [ -3.24864779],
       [-17.70530301],
       [-17.49709898],
       [-16.62335649],
       [-17.5643664 ],
       [-17.75627038],
       [-17.32603065],
       [-15.98910707],
       [-17.72617204],
       [-17.58848628],
       [-16.81929857],
       [-17.80282603],
       [-17.45484561],
       [-16.97808608],
       [-17.51567628],
       [-17.62459135],
       [-17.99907146],
       [-16.72733738],
       [-10.79390908],
       [-16.66886183]])
<<<<<<<<<<< STEP 21 >>>>>>>>>>>> + array([[-0.50010215],
       [ 0.0305434 ],
       [ 0.05890492],
       [-0.50009623],
       [-0.49999829],
       [-0.50001299],
       [-0.50002118],
       [-0.5000276 ],
       [-0.49999876],
       [-0.49987822],
       [-0.50005936],
       [-0.29416411],
       [-0.5000381 ],
       [-0.5000369 ],
       [-0.50001407],
       [-0.50001222],
       [-0.50001801],
       [-0.5000268 ],
       [-0.50002374],
       [-0.5000083 ],
       [-0.50003909],
       [-0.5000473 ],
       [-0.500038  ],
       [-0.50003674],
       [-0.4999776 ],
       [-0.49999218],
       [-0.50000063],
       [-0.50000927],
       [-0.49997405],
       [-0.49911232],
       [-0.50001176]])
array([[-16.58685722],
       [  1.3861772 ],
       [  0.68180619],
       [-16.61995759],
       [-18.07292167],
       [-18.14257874],
       [-18.69722631],
       [-18.66847182],
       [-17.87118115],
       [-13.90098511],
       [-17.3247244 ],
       [ -3.5428119 ],
       [-18.20534111],
       [-17.99713588],
       [-17.12337056],
       [-18.06437862],
       [-18.25628839],
       [-17.82605745],
       [-16.48913081],
       [-18.22618034],
       [-18.08852537],
       [-17.31934588],
       [-18.30286403],
       [-17.95488235],
       [-17.47806368],
       [-18.01566846],
       [-18.12459199],
       [-18.49908073],
       [-17.22731143],
       [-11.2930214 ],
       [-17.16887359]])
<<<<<<<<<<< STEP 22 >>>>>>>>>>>> + array([[-0.50007786],
       [ 0.03148472],
       [ 0.05611167],
       [-0.50007333],
       [-0.49999789],
       [-0.50000942],
       [-0.50001572],
       [-0.5000206 ],
       [-0.49999856],
       [-0.49990779],
       [-0.50004406],
       [-0.33518221],
       [-0.50002822],
       [-0.50002761],
       [-0.50000969],
       [-0.50000866],
       [-0.50001298],
       [-0.50001924],
       [-0.50001595],
       [-0.5000055 ],
       [-0.50003009],
       [-0.50003595],
       [-0.50002917],
       [-0.50002829],
       [-0.49998287],
       [-0.49999418],
       [-0.50000057],
       [-0.5000071 ],
       [-0.49998049],
       [-0.49938151],
       [-0.5000093 ]])
array([[-17.08693508],
       [  1.41766192],
       [  0.73791785],
       [-17.12003092],
       [-18.57291956],
       [-18.64258816],
       [-19.19724203],
       [-19.16849242],
       [-18.37117971],
       [-14.4008929 ],
       [-17.82476846],
       [ -3.87799411],
       [-18.70536933],
       [-18.49716349],
       [-17.62338025],
       [-18.56438728],
       [-18.75630137],
       [-18.3260767 ],
       [-16.98914676],
       [-18.72618584],
       [-18.58855546],
       [-17.81938182],
       [-18.8028932 ],
       [-18.45491064],
       [-17.97804655],
       [-18.51566264],
       [-18.62459255],
       [-18.99908783],
       [-17.72729192],
       [-11.7924029 ],
       [-17.66888289]])
<<<<<<<<<<< STEP 23 >>>>>>>>>>>> + array([[-0.50005939],
       [ 0.03245606],
       [ 0.05360769],
       [-0.50005592],
       [-0.49999773],
       [-0.50000682],
       [-0.50001166],
       [-0.50001536],
       [-0.49999851],
       [-0.49992952],
       [-0.5000326 ],
       [-0.37494234],
       [-0.50002084],
       [-0.50002062],
       [-0.50000651],
       [-0.50000607],
       [-0.50000928],
       [-0.50001367],
       [-0.50001035],
       [-0.50000352],
       [-0.50002321],
       [-0.50002727],
       [-0.50002244],
       [-0.50002182],
       [-0.49998692],
       [-0.49999572],
       [-0.50000053],
       [-0.50000547],
       [-0.49998539],
       [-0.49956624],
       [-0.50000738]])
array([[-17.58699447],
       [  1.45011797],
       [  0.79152554],
       [-17.62008684],
       [-19.07291729],
       [-19.14259498],
       [-19.69725369],
       [-19.66850778],
       [-18.87117822],
       [-14.90082242],
       [-18.32480106],
       [ -4.25293645],
       [-19.20539017],
       [-18.99718411],
       [-18.12338676],
       [-19.06439334],
       [-19.25631065],
       [-18.82609037],
       [-17.48915711],
       [-19.22618935],
       [-19.08857867],
       [-18.31940909],
       [-19.30291564],
       [-18.95493246],
       [-18.47803347],
       [-19.01565836],
       [-19.12459308],
       [-19.49909331],
       [-18.22727731],
       [-12.29196914],
       [-18.16889027]])
<<<<<<<<<<< STEP 24 >>>>>>>>>>>> + array([[-0.50004533],
       [ 0.03334825],
       [ 0.05133853],
       [-0.50004268],
       [-0.49999776],
       [-0.50000492],
       [-0.50000864],
       [-0.50001145],
       [-0.49999856],
       [-0.49994577],
       [-0.50002408],
       [-0.4103757 ],
       [-0.50001535],
       [-0.5000154 ],
       [-0.50000426],
       [-0.50000421],
       [-0.50000659],
       [-0.50000963],
       [-0.50000646],
       [-0.50000215],
       [-0.50001793],
       [-0.50002067],
       [-0.50001728],
       [-0.50001686],
       [-0.49999003],
       [-0.49999688],
       [-0.5000005 ],
       [-0.50000424],
       [-0.49998908],
       [-0.49969382],
       [-0.50000587]])
array([[-18.0870398 ],
       [  1.48346622],
       [  0.84286407],
       [-18.12012952],
       [-19.57291505],
       [-19.6425999 ],
       [-20.19726233],
       [-20.16851923],
       [-19.37117678],
       [-15.40076819],
       [-18.82482514],
       [ -4.66331215],
       [-19.70540552],
       [-19.49719951],
       [-18.62339102],
       [-19.56439755],
       [-19.75631724],
       [-19.3261    ],
       [-17.98916357],
       [-19.7261915 ],
       [-19.5885966 ],
       [-18.81942976],
       [-19.80293291],
       [-19.45494933],
       [-18.9780235 ],
       [-19.51565524],
       [-19.62459359],
       [-19.99909755],
       [-18.72726639],
       [-12.79166296],
       [-18.66889614]])
<<<<<<<<<<< STEP 25 >>>>>>>>>>>> + array([[-0.50003463],
       [ 0.03406116],
       [ 0.04925704],
       [-0.50003259],
       [-0.49999792],
       [-0.50000356],
       [-0.50000641],
       [-0.50000854],
       [-0.49999869],
       [-0.4999581 ],
       [-0.50001779],
       [-0.43925838],
       [-0.50001131],
       [-0.5000115 ],
       [-0.50000273],
       [-0.5000029 ],
       [-0.50000467],
       [-0.50000676],
       [-0.50000385],
       [-0.50000125],
       [-0.50001385],
       [-0.50001566],
       [-0.50001331],
       [-0.50001303],
       [-0.4999924 ],
       [-0.49999773],
       [-0.50000046],
       [-0.50000329],
       [-0.49999185],
       [-0.49978238],
       [-0.50000465]])
array([[-18.58707442],
       [  1.51752738],
       [  0.89212111],
       [-18.62016211],
       [-20.07291297],
       [-20.14260346],
       [-20.69726875],
       [-20.66852777],
       [-19.87117547],
       [-15.90072629],
       [-19.32484293],
       [ -5.10257053],
       [-20.20541683],
       [-19.99721101],
       [-19.12339375],
       [-20.06440045],
       [-20.2563219 ],
       [-19.82610676],
       [-18.48916743],
       [-20.22619275],
       [-20.08861045],
       [-19.31944542],
       [-20.30294623],
       [-19.95496236],
       [-19.4780159 ],
       [-20.01565297],
       [-20.12459405],
       [-20.49910084],
       [-19.22725824],
       [-13.29144534],
       [-19.16890079]])
<<<<<<<<<<< STEP 26 >>>>>>>>>>>> + array([[-0.50002646],
       [ 0.03452933],
       [ 0.04732625],
       [-0.5000249 ],
       [-0.49999815],
       [-0.50000258],
       [-0.50000477],
       [-0.50000639],
       [-0.49999884],
       [-0.49996758],
       [-0.50001316],
       [-0.46087807],
       [-0.50000835],
       [-0.5000086 ],
       [-0.50000171],
       [-0.50000199],
       [-0.50000331],
       [-0.50000474],
       [-0.50000218],
       [-0.50000068],
       [-0.5000107 ],
       [-0.50001188],
       [-0.50001026],
       [-0.50001007],
       [-0.4999942 ],
       [-0.49999835],
       [-0.50000041],
       [-0.50000255],
       [-0.4999939 ],
       [-0.49984415],
       [-0.50000368]])
array([[-19.08710089],
       [  1.55205671],
       [  0.93944736],
       [-19.12018701],
       [-20.57291112],
       [-20.64260603],
       [-21.19727352],
       [-21.16853415],
       [-20.37117431],
       [-16.40069386],
       [-19.82485609],
       [ -5.56344859],
       [-20.70542518],
       [-20.49721961],
       [-19.62339546],
       [-20.56440244],
       [-20.75632521],
       [-20.32611149],
       [-18.98916961],
       [-20.72619343],
       [-20.58862115],
       [-19.8194573 ],
       [-20.80295648],
       [-20.45497243],
       [-19.9780101 ],
       [-20.51565132],
       [-20.62459446],
       [-20.99910339],
       [-19.72725214],
       [-13.79128949],
       [-19.66890447]])
<<<<<<<<<<< STEP 27 >>>>>>>>>>>> + array([[-0.50002023],
       [ 0.0347322 ],
       [ 0.04552026],
       [-0.50001904],
       [-0.49999841],
       [-0.50000188],
       [-0.50000356],
       [-0.50000479],
       [-0.49999901],
       [-0.49997491],
       [-0.50000977],
       [-0.47590817],
       [-0.50000619],
       [-0.50000645],
       [-0.50000105],
       [-0.50000138],
       [-0.50000235],
       [-0.50000333],
       [-0.50000115],
       [-0.50000033],
       [-0.50000826],
       [-0.50000902],
       [-0.5000079 ],
       [-0.50000777],
       [-0.49999558],
       [-0.4999988 ],
       [-0.50000035],
       [-0.50000198],
       [-0.49999543],
       [-0.49988749],
       [-0.5000029 ]])
array([[-19.58712112],
       [  1.58678891],
       [  0.98496762],
       [-19.62020605],
       [-21.07290952],
       [-21.14260791],
       [-21.69727708],
       [-21.66853894],
       [-20.87117333],
       [-16.90066877],
       [-20.32486586],
       [ -6.03935677],
       [-21.20543137],
       [-20.99722606],
       [-20.12339651],
       [-21.06440382],
       [-21.25632756],
       [-20.82611483],
       [-19.48917076],
       [-21.22619376],
       [-21.0886294 ],
       [-20.31946632],
       [-21.30296438],
       [-20.9549802 ],
       [-20.47800568],
       [-21.01565011],
       [-21.12459481],
       [-21.49910537],
       [-20.22724758],
       [-14.29117698],
       [-20.16890737]])
<<<<<<<<<<< STEP 28 >>>>>>>>>>>> + array([[-0.50001548],
       [ 0.03468667],
       [ 0.04382241],
       [-0.50001456],
       [-0.49999867],
       [-0.50000137],
       [-0.50000266],
       [-0.5000036 ],
       [-0.49999918],
       [-0.4999806 ],
       [-0.50000729],
       [-0.48575367],
       [-0.5000046 ],
       [-0.50000486],
       [-0.50000064],
       [-0.50000096],
       [-0.50000169],
       [-0.50000236],
       [-0.50000054],
       [-0.50000013],
       [-0.50000637],
       [-0.50000686],
       [-0.50000608],
       [-0.50000599],
       [-0.49999663],
       [-0.49999912],
       [-0.5000003 ],
       [-0.50000153],
       [-0.49999657],
       [-0.4999181 ],
       [-0.50000227]])
array([[-20.0871366 ],
       [  1.62147558],
       [  1.02879004],
       [-20.12022061],
       [-21.57290819],
       [-21.64260928],
       [-22.19727974],
       [-22.16854254],
       [-21.37117251],
       [-17.40064938],
       [-20.82487315],
       [ -6.52511044],
       [-21.70543597],
       [-21.49723092],
       [-20.62339715],
       [-21.56440478],
       [-21.75632925],
       [-21.32611719],
       [-19.9891713 ],
       [-21.72619389],
       [-21.58863577],
       [-20.81947317],
       [-21.80297046],
       [-21.45498619],
       [-20.97800231],
       [-21.51564923],
       [-21.62459511],
       [-21.99910691],
       [-20.72724414],
       [-14.79109508],
       [-20.66890964]])
<<<<<<<<<<< STEP 29 >>>>>>>>>>>> + array([[-0.50001184],
       [ 0.03443116],
       [ 0.04222229],
       [-0.50001114],
       [-0.49999891],
       [-0.50000101],
       [-0.500002  ],
       [-0.50000272],
       [-0.49999933],
       [-0.49998502],
       [-0.50000546],
       [-0.49191183],
       [-0.50000344],
       [-0.50000366],
       [-0.50000038],
       [-0.50000067],
       [-0.50000122],
       [-0.50000169],
       [-0.5000002 ],
       [-0.50000002],
       [-0.5000049 ],
       [-0.50000522],
       [-0.50000468],
       [-0.50000462],
       [-0.49999742],
       [-0.49999935],
       [-0.50000025],
       [-0.50000119],
       [-0.49999741],
       [-0.49993991],
       [-0.50000177]])
array([[-20.58714844],
       [  1.65590673],
       [  1.07101232],
       [-20.62023176],
       [-22.0729071 ],
       [-22.14261029],
       [-22.69728174],
       [-22.66854526],
       [-21.87117184],
       [-17.90063439],
       [-21.32487861],
       [ -7.01702227],
       [-22.20543941],
       [-21.99723458],
       [-21.12339753],
       [-22.06440545],
       [-22.25633046],
       [-21.82611887],
       [-20.4891715 ],
       [-22.22619391],
       [-22.08864068],
       [-21.3194784 ],
       [-22.30297514],
       [-21.95499081],
       [-21.47799973],
       [-22.01564858],
       [-22.12459536],
       [-22.49910809],
       [-21.22724156],
       [-15.29103499],
       [-21.16891141]])
<<<<<<<<<<< STEP 30 >>>>>>>>>>>> + array([[-0.50000907],
       [ 0.03401111],
       [ 0.04071293],
       [-0.50000853],
       [-0.49999912],
       [-0.50000075],
       [-0.50000151],
       [-0.50000205],
       [-0.49999946],
       [-0.49998844],
       [-0.5000041 ],
       [-0.49562498],
       [-0.50000258],
       [-0.50000277],
       [-0.50000023],
       [-0.50000047],
       [-0.50000089],
       [-0.50000122],
       [-0.50000002],
       [-0.49999997],
       [-0.50000378],
       [-0.50000398],
       [-0.50000359],
       [-0.50000356],
       [-0.49999803],
       [-0.49999952],
       [-0.5000002 ],
       [-0.50000092],
       [-0.49999804],
       [-0.49995559],
       [-0.50000138]])
array([[-21.08715751],
       [  1.68991784],
       [  1.11172525],
       [-21.12024029],
       [-22.57290622],
       [-22.64261104],
       [-23.19728326],
       [-23.16854731],
       [-22.3711713 ],
       [-18.40062284],
       [-21.82488271],
       [ -7.51264725],
       [-22.70544199],
       [-22.49723735],
       [-21.62339776],
       [-22.56440592],
       [-22.75633135],
       [-22.32612009],
       [-20.98917152],
       [-22.72619388],
       [-22.58864445],
       [-21.81948238],
       [-22.80297873],
       [-22.45499437],
       [-21.97799776],
       [-22.5156481 ],
       [-22.62459555],
       [-22.99910901],
       [-21.7272396 ],
       [-15.79099057],
       [-21.66891279]])
<<<<<<<<<<< STEP 31 >>>>>>>>>>>> + array([[-0.50000695],
       [ 0.03346978],
       [ 0.03928899],
       [-0.50000653],
       [-0.4999993 ],
       [-0.50000056],
       [-0.50000114],
       [-0.50000156],
       [-0.49999957],
       [-0.49999109],
       [-0.50000309],
       [-0.49779341],
       [-0.50000195],
       [-0.5000021 ],
       [-0.50000013],
       [-0.50000034],
       [-0.50000065],
       [-0.50000089],
       [-0.49999993],
       [-0.49999995],
       [-0.5000029 ],
       [-0.50000304],
       [-0.50000276],
       [-0.50000273],
       [-0.49999849],
       [-0.49999964],
       [-0.50000016],
       [-0.50000071],
       [-0.49999852],
       [-0.49996696],
       [-0.50000107]])
array([[-21.58716445],
       [  1.72338763],
       [  1.15101425],
       [-21.62024682],
       [-23.07290551],
       [-23.1426116 ],
       [-23.6972844 ],
       [-23.66854887],
       [-22.87117087],
       [-18.90061393],
       [-22.3248858 ],
       [ -8.01044066],
       [-23.20544394],
       [-22.99723946],
       [-22.12339789],
       [-23.06440626],
       [-23.256332  ],
       [-22.82612097],
       [-21.48917145],
       [-23.22619383],
       [-23.08864736],
       [-22.31948542],
       [-23.30298149],
       [-22.9549971 ],
       [-22.47799625],
       [-23.01564774],
       [-23.12459571],
       [-23.49910971],
       [-22.22723812],
       [-16.29095753],
       [-22.16891386]])
<<<<<<<<<<< STEP 32 >>>>>>>>>>>> + array([[-0.50000532],
       [ 0.03284415],
       [ 0.03794573],
       [-0.50000501],
       [-0.49999944],
       [-0.50000042],
       [-0.50000087],
       [-0.50000118],
       [-0.49999966],
       [-0.49999314],
       [-0.50000234],
       [-0.49901896],
       [-0.50000147],
       [-0.5000016 ],
       [-0.50000008],
       [-0.50000025],
       [-0.50000048],
       [-0.50000065],
       [-0.4999999 ],
       [-0.49999994],
       [-0.50000223],
       [-0.50000233],
       [-0.50000212],
       [-0.5000021 ],
       [-0.49999885],
       [-0.49999973],
       [-0.50000013],
       [-0.50000054],
       [-0.49999887],
       [-0.49997528],
       [-0.50000083]])
array([[-22.08716977],
       [  1.75623177],
       [  1.18895998],
       [-22.12025182],
       [-23.57290495],
       [-23.64261202],
       [-24.19728527],
       [-24.16855006],
       [-23.37117053],
       [-19.40060707],
       [-22.82488814],
       [ -8.50945962],
       [-23.70544541],
       [-23.49724106],
       [-22.62339797],
       [-23.56440651],
       [-23.75633249],
       [-23.32612162],
       [-21.98917135],
       [-23.72619377],
       [-23.58864959],
       [-22.81948775],
       [-23.80298362],
       [-23.4549992 ],
       [-22.9779951 ],
       [-23.51564748],
       [-23.62459584],
       [-23.99911026],
       [-22.72723699],
       [-16.79093281],
       [-22.66891469]])
<<<<<<<<<<< STEP 33 >>>>>>>>>>>> + array([[-0.50000408],
       [ 0.03216383],
       [ 0.03667858],
       [-0.50000384],
       [-0.49999956],
       [-0.50000032],
       [-0.50000066],
       [-0.5000009 ],
       [-0.49999973],
       [-0.49999472],
       [-0.50000178],
       [-0.49968427],
       [-0.50000112],
       [-0.50000122],
       [-0.50000004],
       [-0.50000018],
       [-0.50000036],
       [-0.50000048],
       [-0.49999989],
       [-0.49999994],
       [-0.50000172],
       [-0.50000178],
       [-0.50000163],
       [-0.50000162],
       [-0.49999912],
       [-0.4999998 ],
       [-0.5000001 ],
       [-0.50000042],
       [-0.49999914],
       [-0.49998141],
       [-0.50000064]])
array([[-22.58717385],
       [  1.78839561],
       [  1.22563856],
       [-22.62025566],
       [-24.07290452],
       [-24.14261234],
       [-24.69728593],
       [-24.66855096],
       [-23.87117027],
       [-19.90060179],
       [-23.32488992],
       [ -9.00914388],
       [-24.20544652],
       [-23.99724228],
       [-23.12339801],
       [-24.06440669],
       [-24.25633284],
       [-23.8261221 ],
       [-22.48917124],
       [-24.22619371],
       [-24.0886513 ],
       [-23.31948953],
       [-24.30298525],
       [-23.95500082],
       [-23.47799422],
       [-24.01564727],
       [-24.12459594],
       [-24.49911068],
       [-23.22723613],
       [-17.29091422],
       [-23.16891533]])
<<<<<<<<<<< STEP 34 >>>>>>>>>>>> + array([[-0.50000313],
       [ 0.03145168],
       [ 0.03548306],
       [-0.50000294],
       [-0.49999966],
       [-0.50000024],
       [-0.5000005 ],
       [-0.50000069],
       [-0.49999979],
       [-0.49999594],
       [-0.50000135],
       [-0.50002469],
       [-0.50000085],
       [-0.50000093],
       [-0.50000002],
       [-0.50000013],
       [-0.50000027],
       [-0.50000036],
       [-0.4999999 ],
       [-0.49999995],
       [-0.50000132],
       [-0.50000137],
       [-0.50000125],
       [-0.50000124],
       [-0.49999932],
       [-0.49999985],
       [-0.50000008],
       [-0.50000032],
       [-0.49999934],
       [-0.49998597],
       [-0.50000049]])
array([[-23.08717698],
       [  1.81984729],
       [  1.26112162],
       [-23.1202586 ],
       [-24.57290417],
       [-24.64261258],
       [-25.19728643],
       [-25.16855165],
       [-24.37117006],
       [-20.40059773],
       [-23.82489127],
       [ -9.50916857],
       [-24.70544737],
       [-24.49724321],
       [-23.62339804],
       [-24.56440682],
       [-24.75633311],
       [-24.32612246],
       [-22.98917113],
       [-24.72619366],
       [-24.58865262],
       [-23.8194909 ],
       [-24.8029865 ],
       [-24.45500206],
       [-23.97799354],
       [-24.51564712],
       [-24.62459602],
       [-24.999111  ],
       [-23.72723547],
       [-17.79090018],
       [-23.66891583]])
<<<<<<<<<<< STEP 35 >>>>>>>>>>>> + array([[-0.5000024 ],
       [ 0.0307248 ],
       [ 0.03435474],
       [-0.50000226],
       [-0.49999973],
       [-0.50000018],
       [-0.50000038],
       [-0.50000053],
       [-0.49999984],
       [-0.49999688],
       [-0.50000103],
       [-0.50018164],
       [-0.50000065],
       [-0.50000071],
       [-0.50000001],
       [-0.5000001 ],
       [-0.5000002 ],
       [-0.50000027],
       [-0.49999991],
       [-0.49999996],
       [-0.50000101],
       [-0.50000105],
       [-0.50000096],
       [-0.50000095],
       [-0.49999948],
       [-0.49999988],
       [-0.50000006],
       [-0.50000025],
       [-0.4999995 ],
       [-0.49998937],
       [-0.50000038]])
array([[-23.58717938],
       [  1.85057208],
       [  1.29547636],
       [-23.62026086],
       [-25.07290391],
       [-25.14261276],
       [-25.69728681],
       [-25.66855217],
       [-24.8711699 ],
       [-20.90059461],
       [-24.32489231],
       [-10.0093502 ],
       [-25.20544802],
       [-24.99724392],
       [-24.12339805],
       [-25.06440692],
       [-25.25633332],
       [-24.82612273],
       [-23.48917104],
       [-25.22619362],
       [-25.08865364],
       [-24.31949195],
       [-25.30298746],
       [-24.95500302],
       [-24.47799302],
       [-25.015647  ],
       [-25.12459608],
       [-25.49911125],
       [-24.22723497],
       [-18.29088955],
       [-24.16891621]])
<<<<<<<<<<< STEP 36 >>>>>>>>>>>> + array([[-0.50000184],
       [ 0.02999571],
       [ 0.03328929],
       [-0.50000173],
       [-0.49999979],
       [-0.50000014],
       [-0.50000029],
       [-0.5000004 ],
       [-0.49999987],
       [-0.4999976 ],
       [-0.50000079],
       [-0.50023846],
       [-0.50000049],
       [-0.50000054],
       [-0.50000001],
       [-0.50000007],
       [-0.50000015],
       [-0.5000002 ],
       [-0.49999992],
       [-0.49999996],
       [-0.50000078],
       [-0.5000008 ],
       [-0.50000074],
       [-0.50000073],
       [-0.4999996 ],
       [-0.49999991],
       [-0.50000005],
       [-0.50000019],
       [-0.49999962],
       [-0.49999192],
       [-0.50000029]])
array([[-24.08718122],
       [  1.88056779],
       [  1.32876564],
       [-24.12026259],
       [-25.5729037 ],
       [-25.6426129 ],
       [-26.1972871 ],
       [-26.16855258],
       [-25.37116977],
       [-21.4005922 ],
       [-24.82489309],
       [-10.50958866],
       [-25.70544851],
       [-25.49724446],
       [-24.62339806],
       [-25.56440699],
       [-25.75633347],
       [-25.32612293],
       [-23.98917096],
       [-25.72619359],
       [-25.58865442],
       [-24.81949275],
       [-25.8029882 ],
       [-25.45500375],
       [-24.97799262],
       [-25.51564692],
       [-25.62459613],
       [-25.99911144],
       [-24.72723459],
       [-18.79088147],
       [-24.6689165 ]])
<<<<<<<<<<< STEP 37 >>>>>>>>>>>> + array([[-0.50000141],
       [ 0.02927342],
       [ 0.03228254],
       [-0.50000133],
       [-0.49999984],
       [-0.50000011],
       [-0.50000022],
       [-0.50000031],
       [-0.4999999 ],
       [-0.49999815],
       [-0.5000006 ],
       [-0.50024334],
       [-0.50000038],
       [-0.50000042],
       [-0.5       ],
       [-0.50000006],
       [-0.50000012],
       [-0.50000015],
       [-0.49999994],
       [-0.49999997],
       [-0.5000006 ],
       [-0.50000062],
       [-0.50000057],
       [-0.50000056],
       [-0.49999969],
       [-0.49999993],
       [-0.50000004],
       [-0.50000015],
       [-0.49999971],
       [-0.49999385],
       [-0.50000023]])
array([[-24.58718264],
       [  1.90984121],
       [  1.36104818],
       [-24.62026392],
       [-26.07290354],
       [-26.142613  ],
       [-26.69728733],
       [-26.66855288],
       [-25.87116968],
       [-21.90059036],
       [-25.32489369],
       [-11.009832  ],
       [-26.20544889],
       [-25.99724488],
       [-25.12339806],
       [-26.06440705],
       [-26.25633358],
       [-25.82612308],
       [-24.4891709 ],
       [-26.22619356],
       [-26.08865501],
       [-25.31949337],
       [-26.30298877],
       [-25.95500431],
       [-25.47799232],
       [-26.01564685],
       [-26.12459616],
       [-26.49911158],
       [-25.2272343 ],
       [-19.29087532],
       [-25.16891673]])
<<<<<<<<<<< STEP 38 >>>>>>>>>>>> + array([[-0.50000109],
       [ 0.02856419],
       [ 0.03133053],
       [-0.50000102],
       [-0.49999988],
       [-0.50000008],
       [-0.50000017],
       [-0.50000024],
       [-0.49999992],
       [-0.49999858],
       [-0.50000046],
       [-0.50022354],
       [-0.50000029],
       [-0.50000032],
       [-0.5       ],
       [-0.50000004],
       [-0.50000009],
       [-0.50000012],
       [-0.49999995],
       [-0.49999998],
       [-0.50000046],
       [-0.50000047],
       [-0.50000044],
       [-0.50000043],
       [-0.49999977],
       [-0.49999995],
       [-0.50000003],
       [-0.50000011],
       [-0.49999978],
       [-0.49999531],
       [-0.50000017]])
array([[-25.08718372],
       [  1.9384054 ],
       [  1.39237872],
       [-25.12026494],
       [-26.57290341],
       [-26.64261308],
       [-27.1972875 ],
       [-27.16855312],
       [-26.3711696 ],
       [-22.40058894],
       [-25.82489416],
       [-11.51005554],
       [-26.70544918],
       [-26.49724519],
       [-25.62339806],
       [-26.56440709],
       [-26.75633367],
       [-26.3261232 ],
       [-24.98917085],
       [-26.72619353],
       [-26.58865547],
       [-25.81949384],
       [-26.8029892 ],
       [-26.45500475],
       [-25.97799208],
       [-26.5156468 ],
       [-26.62459619],
       [-26.9991117 ],
       [-25.72723407],
       [-19.79087063],
       [-25.6689169 ]])
<<<<<<<<<<< STEP 39 >>>>>>>>>>>> + array([[-0.50000083],
       [ 0.02787232],
       [ 0.03042951],
       [-0.50000078],
       [-0.4999999 ],
       [-0.50000006],
       [-0.50000013],
       [-0.50000018],
       [-0.49999994],
       [-0.49999891],
       [-0.50000035],
       [-0.50019404],
       [-0.50000022],
       [-0.50000024],
       [-0.5       ],
       [-0.50000003],
       [-0.50000007],
       [-0.50000009],
       [-0.49999996],
       [-0.49999998],
       [-0.50000035],
       [-0.50000036],
       [-0.50000034],
       [-0.50000033],
       [-0.49999982],
       [-0.49999996],
       [-0.50000002],
       [-0.50000009],
       [-0.49999983],
       [-0.49999641],
       [-0.50000013]])
array([[-25.58718456],
       [  1.96627772],
       [  1.42280822],
       [-25.62026573],
       [-27.07290332],
       [-27.14261314],
       [-27.69728763],
       [-27.6685533 ],
       [-26.87116954],
       [-22.90058784],
       [-26.32489451],
       [-12.01024958],
       [-27.2054494 ],
       [-26.99724544],
       [-26.12339806],
       [-27.06440712],
       [-27.25633374],
       [-26.82612329],
       [-25.48917081],
       [-27.22619352],
       [-27.08865583],
       [-26.3194942 ],
       [-27.30298954],
       [-26.95500508],
       [-26.4779919 ],
       [-27.01564676],
       [-27.12459621],
       [-27.49911178],
       [-26.2272339 ],
       [-20.29086704],
       [-26.16891703]])
