<<<<<<<<<<< STEP 0 >>>>>>>>>>>> + array([[-0.51853438],
       [ 0.05977293],
       [ 0.10363527],
       [-0.51802468],
       [-0.51662242],
       [-0.52126774],
       [-0.52091578],
       [-0.52111219],
       [-0.52254489],
       [-0.4285922 ],
       [-0.51599058],
       [ 0.0426782 ],
       [-0.51660366],
       [-0.51524095],
       [-0.50742408],
       [-0.51790773],
       [-0.51755911],
       [-0.5146931 ],
       [-0.51829569],
       [-0.52160641],
       [-0.51711872],
       [-0.51524913],
       [-0.51823567],
       [-0.51590045],
       [-0.51067204],
       [-0.51848115],
       [-0.52771468],
       [-0.5193852 ],
       [ 0.00748011],
       [-0.4816291 ],
       [ 0.01645194]])
array([[-7.25613504],
       [ 0.5754539 ],
       [-0.74716726],
       [-7.27110768],
       [-7.52935095],
       [-8.12157112],
       [-8.05391419],
       [-8.02284915],
       [-5.43655085],
       [-4.30851077],
       [-7.61002559],
       [-0.2142371 ],
       [-7.61386327],
       [-7.38618339],
       [-6.55651472],
       [-7.50371314],
       [-7.61156439],
       [-7.25886649],
       [-7.33887734],
       [-6.05616646],
       [-7.43089594],
       [-6.85366133],
       [-7.62752112],
       [-7.30348434],
       [-7.00889015],
       [-7.5252351 ],
       [-6.1835234 ],
       [-7.87563845],
       [-1.24689668],
       [-4.85890578],
       [ 0.21313762]])
<<<<<<<<<<< STEP 1 >>>>>>>>>>>> + array([[-0.51338744],
       [ 0.05755576],
       [ 0.11316707],
       [-0.51297102],
       [-0.51076224],
       [-0.51422932],
       [-0.51416419],
       [-0.51442615],
       [-0.51741988],
       [-0.44761291],
       [-0.51098217],
       [ 0.05085784],
       [-0.51140413],
       [-0.51052262],
       [-0.50474928],
       [-0.51206632],
       [-0.51179964],
       [-0.50985716],
       [-0.51301173],
       [-0.51483247],
       [-0.5121331 ],
       [-0.51164115],
       [-0.51281228],
       [-0.51123836],
       [-0.50652165],
       [-0.51230135],
       [-0.5189727 ],
       [-0.51300999],
       [ 0.03888823],
       [-0.48752809],
       [ 0.01543641]])
array([[-7.76952247],
       [ 0.63300966],
       [-0.6340002 ],
       [-7.78407869],
       [-8.04011319],
       [-8.63580044],
       [-8.56807838],
       [-8.5372753 ],
       [-5.95397073],
       [-4.75612367],
       [-8.12100776],
       [-0.16337926],
       [-8.1252674 ],
       [-7.896706  ],
       [-7.061264  ],
       [-8.01577946],
       [-8.12336402],
       [-7.76872365],
       [-7.85188906],
       [-6.57099893],
       [-7.94302904],
       [-7.36530248],
       [-8.14033339],
       [-7.8147227 ],
       [-7.5154118 ],
       [-8.03753645],
       [-6.7024961 ],
       [-8.38864844],
       [-1.20800845],
       [-5.34643387],
       [ 0.22857402]])
<<<<<<<<<<< STEP 2 >>>>>>>>>>>> + array([[-0.50978696],
       [ 0.05531319],
       [ 0.11688474],
       [-0.50944917],
       [-0.50701007],
       [-0.50963153],
       [-0.50971373],
       [-0.50998632],
       [-0.51362922],
       [-0.46444923],
       [-0.50764054],
       [ 0.05673311],
       [-0.50793357],
       [-0.50736096],
       [-0.50304329],
       [-0.50822549],
       [-0.5080234 ],
       [-0.50668386],
       [-0.50939053],
       [-0.51034543],
       [-0.50871952],
       [-0.50890052],
       [-0.50912915],
       [-0.50805392],
       [-0.50395167],
       [-0.50828133],
       [-0.51315836],
       [-0.50884312],
       [ 0.06601511],
       [-0.4922975 ],
       [ 0.01461085]])
array([[-8.27930943],
       [ 0.68832285],
       [-0.51711545],
       [-8.29352786],
       [-8.54712326],
       [-9.14543197],
       [-9.07779211],
       [-9.04726162],
       [-6.46759994],
       [-5.2205729 ],
       [-8.6286483 ],
       [-0.10664616],
       [-8.63320097],
       [-8.40406696],
       [-7.56430729],
       [-8.52400496],
       [-8.63138742],
       [-8.27540751],
       [-8.36127959],
       [-7.08134436],
       [-8.45174855],
       [-7.874203  ],
       [-8.64946254],
       [-8.32277662],
       [-8.01936347],
       [-8.54581778],
       [-7.21565446],
       [-8.89749156],
       [-1.14199333],
       [-5.83873137],
       [ 0.24318488]])
<<<<<<<<<<< STEP 3 >>>>>>>>>>>> + array([[-0.50721723],
       [ 0.05318141],
       [ 0.11681113],
       [-0.50694593],
       [-0.50461307],
       [-0.50661159],
       [-0.50675328],
       [-0.50700519],
       [-0.51074822],
       [-0.47745414],
       [-0.50537701],
       [ 0.06078339],
       [-0.5055836 ],
       [-0.50520834],
       [-0.5019547 ],
       [-0.50568515],
       [-0.50552818],
       [-0.50458237],
       [-0.50687872],
       [-0.50733983],
       [-0.50633671],
       [-0.50681792],
       [-0.506583  ],
       [-0.50583685],
       [-0.50238814],
       [-0.50566171],
       [-0.50927108],
       [-0.50609987],
       [ 0.08896566],
       [-0.49571535],
       [ 0.01399417]])
array([[-8.78652666],
       [ 0.74150427],
       [-0.40030433],
       [-8.8004738 ],
       [-9.05173633],
       [-9.65204357],
       [-9.58454538],
       [-9.55426681],
       [-6.97834817],
       [-5.69802704],
       [-9.13402532],
       [-0.04586277],
       [-9.13878457],
       [-8.9092753 ],
       [-8.06626199],
       [-9.0296901 ],
       [-9.1369156 ],
       [-8.77998988],
       [-8.86815831],
       [-7.58868419],
       [-8.95808527],
       [-8.38102092],
       [-9.15604554],
       [-8.82861347],
       [-8.52175161],
       [-9.05147949],
       [-7.72492554],
       [-9.40359143],
       [-1.05302768],
       [-6.33444672],
       [ 0.25717905]])
<<<<<<<<<<< STEP 4 >>>>>>>>>>>> + array([[-0.50535471],
       [ 0.05121914],
       [ 0.11436953],
       [-0.50513905],
       [-0.50307843],
       [-0.50460947],
       [-0.50476107],
       [-0.50497793],
       [-0.50850857],
       [-0.48655041],
       [-0.50382209],
       [ 0.06339696],
       [-0.5039705 ],
       [-0.50372125],
       [-0.50125902],
       [-0.50398858],
       [-0.50386207],
       [-0.50317628],
       [-0.50510885],
       [-0.50529325],
       [-0.5046457 ],
       [-0.50523242],
       [-0.50479429],
       [-0.50426774],
       [-0.50144983],
       [-0.50394169],
       [-0.50664251],
       [-0.50427423],
       [ 0.10790415],
       [-0.49795132],
       [ 0.01357582]])
array([[ -9.29188137],
       [  0.79272341],
       [ -0.2859348 ],
       [ -9.30561285],
       [ -9.55481476],
       [-10.15665303],
       [-10.08930645],
       [-10.05924474],
       [ -7.48685674],
       [ -6.18457745],
       [ -9.6378474 ],
       [  0.01753419],
       [ -9.64275507],
       [ -9.41299655],
       [ -8.56752101],
       [ -9.53367868],
       [ -9.64077766],
       [ -9.28316615],
       [ -9.37326716],
       [ -8.09397744],
       [ -9.46273097],
       [ -8.88625333],
       [ -9.66083983],
       [ -9.33288121],
       [ -9.02320144],
       [ -9.55542118],
       [ -8.23156805],
       [ -9.90786567],
       [ -0.94512353],
       [ -6.83239804],
       [  0.27075487]])
<<<<<<<<<<< STEP 5 >>>>>>>>>>>> + array([[-0.50399   ],
       [ 0.0494355 ],
       [ 0.11052044],
       [-0.50382017],
       [-0.50208872],
       [-0.5032647 ],
       [-0.50340203],
       [-0.50358023],
       [-0.50674073],
       [-0.49246106],
       [-0.50274055],
       [ 0.06488052],
       [-0.50284929],
       [-0.5026809 ],
       [-0.50081346],
       [-0.50284053],
       [-0.50273527],
       [-0.50222518],
       [-0.50383924],
       [-0.50387309],
       [-0.5034295 ],
       [-0.50402206],
       [-0.50352011],
       [-0.50314238],
       [-0.50089122],
       [-0.50279697],
       [-0.50483618],
       [-0.50304198],
       [ 0.12295417],
       [-0.49930409],
       [ 0.01332625]])
array([[ -9.79587137],
       [  0.8421589 ],
       [ -0.17541436],
       [ -9.80943302],
       [-10.05690347],
       [-10.65991773],
       [-10.59270848],
       [-10.56282497],
       [ -7.99359747],
       [ -6.67703851],
       [-10.14058796],
       [  0.08241471],
       [-10.14560436],
       [ -9.91567745],
       [ -9.06833447],
       [-10.03651921],
       [-10.14351294],
       [ -9.78539134],
       [ -9.87710641],
       [ -8.59785053],
       [ -9.96616047],
       [ -9.39027539],
       [-10.16435994],
       [ -9.83602358],
       [ -9.52409266],
       [-10.05821815],
       [ -8.73640423],
       [-10.41090765],
       [ -0.82216936],
       [ -7.33170213],
       [  0.28408112]])
<<<<<<<<<<< STEP 6 >>>>>>>>>>>> + array([[-0.50298263],
       [ 0.04781192],
       [ 0.10589194],
       [-0.50284994],
       [-0.50144252],
       [-0.50234683],
       [-0.50246094],
       [-0.5026028 ],
       [-0.50533275],
       [-0.49608871],
       [-0.50198012],
       [ 0.06547367],
       [-0.50206123],
       [-0.5019453 ],
       [-0.50052743],
       [-0.50205136],
       [-0.50196219],
       [-0.50157471],
       [-0.50291164],
       [-0.50286831],
       [-0.50254554],
       [-0.50309531],
       [-0.50260179],
       [-0.50232675],
       [-0.50055885],
       [-0.50202077],
       [-0.50357077],
       [-0.50219628],
       [ 0.1341941 ],
       [-0.50005795],
       [ 0.01320621]])
array([[-10.298854  ],
       [  0.88997082],
       [ -0.06952242],
       [-10.31228297],
       [-10.558346  ],
       [-11.16226456],
       [-11.09516942],
       [-11.06542777],
       [ -8.49893022],
       [ -7.17312722],
       [-10.64256808],
       [  0.14788838],
       [-10.64766559],
       [-10.41762274],
       [ -9.5688619 ],
       [-10.53857058],
       [-10.64547513],
       [-10.28696604],
       [-10.38001805],
       [ -9.10071885],
       [-10.46870601],
       [ -9.8933707 ],
       [-10.66696173],
       [-10.33835033],
       [-10.02465151],
       [-10.56023892],
       [ -9.239975  ],
       [-10.91310393],
       [ -0.68797527],
       [ -7.83176009],
       [  0.29728733]])
<<<<<<<<<<< STEP 7 >>>>>>>>>>>> + array([[-0.50223528],
       [ 0.04631803],
       [ 0.10088576],
       [-0.50213227],
       [-0.50101355],
       [-0.50170908],
       [-0.50179916],
       [-0.50190968],
       [-0.50420647],
       [-0.49820783],
       [-0.50144046],
       [ 0.06536322],
       [-0.50150182],
       [-0.50142046],
       [-0.50034339],
       [-0.50149957],
       [-0.50142371],
       [-0.50112497],
       [-0.50222223],
       [-0.50214422],
       [-0.5018977 ],
       [-0.50238373],
       [-0.50193346],
       [-0.50173068],
       [-0.50035939],
       [-0.50148275],
       [-0.50266616],
       [-0.50160537],
       [ 0.14172844],
       [-0.50043252],
       [ 0.01317417]])
array([[-10.80108927],
       [  0.93628886],
       [  0.03136334],
       [-10.81441524],
       [-11.05935955],
       [-11.66397364],
       [-11.59696858],
       [-11.56733745],
       [ -9.00313669],
       [ -7.67133505],
       [-11.14400854],
       [  0.2132516 ],
       [-11.14916741],
       [-10.91904321],
       [-10.06920528],
       [-11.04007014],
       [-11.14689883],
       [-10.78809101],
       [-10.88224027],
       [ -9.60286307],
       [-10.97060371],
       [-10.39575443],
       [-11.16889519],
       [-10.84008101],
       [-10.52501089],
       [-11.06172167],
       [ -9.74264116],
       [-11.4147093 ],
       [ -0.54624683],
       [ -8.33219261],
       [  0.3104615 ]])
<<<<<<<<<<< STEP 8 >>>>>>>>>>>> + array([[-0.50167884],
       [ 0.04492221],
       [ 0.0957555 ],
       [-0.50159927],
       [-0.50072323],
       [-0.50125794],
       [-0.50132688],
       [-0.50141176],
       [-0.50330474],
       [-0.49938365],
       [-0.50105434],
       [ 0.06469696],
       [-0.50110123],
       [-0.50104311],
       [-0.50022472],
       [-0.50110716],
       [-0.50104302],
       [-0.50081075],
       [-0.50170245],
       [-0.50161388],
       [-0.50141978],
       [-0.50183614],
       [-0.50144312],
       [-0.50129217],
       [-0.50023746],
       [-0.50110124],
       [-0.50200702],
       [-0.50118513],
       [ 0.14577444],
       [-0.50058038],
       [ 0.01319198]])
array([[-11.30276811],
       [  0.98121107],
       [  0.12711884],
       [-11.31601451],
       [-11.56008277],
       [-12.16523158],
       [-12.09829546],
       [-12.0687492 ],
       [ -9.50644143],
       [ -8.1707187 ],
       [-11.64506288],
       [  0.27794856],
       [-11.65026863],
       [-11.42008632],
       [-10.56943001],
       [-11.54117731],
       [-11.64794185],
       [-11.28890177],
       [-11.38394273],
       [-10.10447694],
       [-11.47202349],
       [-10.89759057],
       [-11.67033831],
       [-11.34137318],
       [-11.02524836],
       [-11.56282291],
       [-10.24464818],
       [-11.91589443],
       [ -0.40047239],
       [ -8.83277298],
       [  0.32365348]])
<<<<<<<<<<< STEP 9 >>>>>>>>>>>> + array([[-0.50126339],
       [ 0.0435978 ],
       [ 0.09066087],
       [-0.50120216],
       [-0.50052275],
       [-0.50093348],
       [-0.50098533],
       [-0.50104995],
       [-0.50258419],
       [-0.49999396],
       [-0.50077608],
       [ 0.06359555],
       [-0.50081212],
       [-0.50076996],
       [-0.50014804],
       [-0.50082378],
       [-0.50077017],
       [-0.50058902],
       [-0.50130639],
       [-0.50122027],
       [-0.50106534],
       [-0.50141411],
       [-0.50108098],
       [-0.50096784],
       [-0.50016089],
       [-0.50082501],
       [-0.50151892],
       [-0.50088146],
       [ 0.14670817],
       [-0.50060107],
       [ 0.01322853]])
array([[-11.8040315 ],
       [  1.02480887],
       [  0.21777971],
       [-11.81721667],
       [-12.06060553],
       [-12.66616506],
       [-12.59928079],
       [-12.56979915],
       [-10.00902562],
       [ -8.67071266],
       [-12.14583896],
       [  0.34154411],
       [-12.15108075],
       [-11.92085628],
       [-11.06957805],
       [-12.04200109],
       [-12.14871202],
       [-11.78949078],
       [-11.88524912],
       [-10.60569722],
       [-11.97308884],
       [-11.39900468],
       [-12.17141929],
       [-11.84234102],
       [-11.52540925],
       [-12.06364791],
       [-10.7461671 ],
       [-12.41677589],
       [ -0.25376422],
       [ -9.33337405],
       [  0.33688201]])
<<<<<<<<<<< STEP 10 >>>>>>>>>>>> + array([[-0.50095248],
       [ 0.04232592],
       [ 0.08570315],
       [-0.5009055 ],
       [-0.5003817 ],
       [-0.50069686],
       [-0.50073555],
       [-0.50078453],
       [-0.50201084],
       [-0.50027812],
       [-0.5005742 ],
       [ 0.06216147],
       [-0.50060199],
       [-0.50057101],
       [-0.50009833],
       [-0.50061645],
       [-0.50057227],
       [-0.50043106],
       [-0.50100256],
       [-0.50092526],
       [-0.50080135],
       [-0.50108863],
       [-0.50081206],
       [-0.50072687],
       [-0.50011127],
       [-0.50062156],
       [-0.50115306],
       [-0.5006591 ],
       [ 0.1450479 ],
       [-0.50055669],
       [ 0.01326156]])
array([[-12.30498397],
       [  1.06713479],
       [  0.30348285],
       [-12.31812217],
       [-12.56098723],
       [-13.16686192],
       [-13.10001634],
       [-13.07058368],
       [-10.51103646],
       [ -9.17099079],
       [-12.64641316],
       [  0.40370558],
       [-12.65168274],
       [-12.42142729],
       [-11.56967638],
       [-12.54261753],
       [-12.64928429],
       [-12.28992184],
       [-12.38625168],
       [-11.10662248],
       [-12.47389018],
       [-11.9000933 ],
       [-12.67223135],
       [-12.34306789],
       [-12.02552052],
       [-12.56426948],
       [-11.24732016],
       [-12.91743499],
       [ -0.10871632],
       [ -9.83393074],
       [  0.35014357]])
<<<<<<<<<<< STEP 11 >>>>>>>>>>>> + array([[-0.5007193 ],
       [ 0.04109552],
       [ 0.08094684],
       [-0.50068333],
       [-0.50028085],
       [-0.50052241],
       [-0.50055125],
       [-0.50058831],
       [-0.50155726],
       [-0.50038224],
       [-0.50042682],
       [ 0.060484  ],
       [-0.50044827],
       [-0.50042528],
       [-0.50006597],
       [-0.5004632 ],
       [-0.5004273 ],
       [-0.50031753],
       [-0.50076873],
       [-0.50070267],
       [-0.50060403],
       [-0.50083759],
       [-0.5006115 ],
       [-0.50054717],
       [-0.50007809],
       [-0.50046987],
       [-0.50087663],
       [-0.50049465],
       [ 0.1413895 ],
       [-0.50048435],
       [ 0.01327767]])
array([[-12.80570328],
       [  1.10823031],
       [  0.3844297 ],
       [-12.81880551],
       [-13.06126807],
       [-13.66738433],
       [-13.60056759],
       [-13.57117199],
       [-11.01259373],
       [ -9.67137303],
       [-13.14683998],
       [  0.46418957],
       [-13.15213101],
       [-12.92185257],
       [-12.06974235],
       [-13.04308074],
       [-13.14971159],
       [-12.79023937],
       [-12.88702041],
       [-11.60732515],
       [-12.97449421],
       [-12.4009309 ],
       [-13.17284284],
       [-12.84361507],
       [-12.52559861],
       [-13.06473935],
       [-11.74819679],
       [-13.41792964],
       [  0.03267318],
       [-10.33441509],
       [  0.36342124]])
<<<<<<<<<<< STEP 12 >>>>>>>>>>>> + array([[-0.50054407],
       [ 0.03990189],
       [ 0.07643226],
       [-0.50051658],
       [-0.50020781],
       [-0.50039279],
       [-0.50041436],
       [-0.5004424 ],
       [-0.50120079],
       [-0.50039275],
       [-0.50031861],
       [ 0.05864102],
       [-0.50033515],
       [-0.50031796],
       [-0.50004477],
       [-0.50034908],
       [-0.50032027],
       [-0.50023526],
       [-0.50058866],
       [-0.50053404],
       [-0.50045611],
       [-0.50064407],
       [-0.50046139],
       [-0.50041274],
       [-0.50005533],
       [-0.50035585],
       [-0.50066679],
       [-0.50037215],
       [ 0.13632723],
       [-0.50040507],
       [ 0.01327083]])
array([[-13.30624735],
       [  1.14813221],
       [  0.46086196],
       [-13.31932208],
       [-13.56147589],
       [-14.16777712],
       [-14.10098194],
       [-14.0716144 ],
       [-11.51379451],
       [-10.17176577],
       [-13.64715859],
       [  0.52283059],
       [-13.65246616],
       [-13.42217052],
       [-12.56978712],
       [-13.54342982],
       [-13.65003186],
       [-13.29047464],
       [-13.38760907],
       [-12.10785919],
       [-13.47495033],
       [-12.90157497],
       [-13.67330423],
       [-13.34402781],
       [-13.02565394],
       [-13.5650952 ],
       [-12.24886358],
       [-13.91830179],
       [  0.16900041],
       [-10.83482016],
       [  0.37669207]])
<<<<<<<<<<< STEP 13 >>>>>>>>>>>> + array([[-0.50041214],
       [ 0.03874439],
       [ 0.07218248],
       [-0.50039114],
       [-0.50015442],
       [-0.50029594],
       [-0.50031217],
       [-0.50033342],
       [-0.50092249],
       [-0.50035913],
       [-0.50023872],
       [ 0.05669896],
       [-0.50025146],
       [-0.50023853],
       [-0.50003075],
       [-0.50026365],
       [-0.50024077],
       [-0.50017519],
       [-0.50045013],
       [-0.50040601],
       [-0.50034497],
       [-0.50049501],
       [-0.50034872],
       [-0.5003119 ],
       [-0.50003942],
       [-0.50026975],
       [-0.50050717],
       [-0.50028047],
       [ 0.13038996],
       [-0.50032982],
       [ 0.01324029]])
array([[-13.80665948],
       [  1.18687659],
       [  0.53304444],
       [-13.81971323],
       [-14.06163031],
       [-14.66807305],
       [-14.60129411],
       [-14.57194782],
       [-12.014717  ],
       [-10.67212491],
       [-14.14739731],
       [  0.57952955],
       [-14.15271762],
       [-13.92240906],
       [-13.06981787],
       [-14.04369347],
       [-14.15027263],
       [-13.79064983],
       [-13.8880592 ],
       [-12.6082652 ],
       [-13.97529529],
       [-13.40206998],
       [-14.17365295],
       [-13.84433971],
       [-13.52569336],
       [-14.06536495],
       [-12.74937075],
       [-14.41858226],
       [  0.29939037],
       [-11.33514998],
       [  0.38993236]])
<<<<<<<<<<< STEP 14 >>>>>>>>>>>> + array([[-0.50031262],
       [ 0.0376244 ],
       [ 0.06820775],
       [-0.5002966 ],
       [-0.50011511],
       [-0.50022332],
       [-0.50023561],
       [-0.50025174],
       [-0.50070655],
       [-0.50030864],
       [-0.50017945],
       [ 0.05471245],
       [-0.50018925],
       [-0.50017949],
       [-0.50002139],
       [-0.50019945],
       [-0.50018145],
       [-0.50013103],
       [-0.50034377],
       [-0.50030873],
       [-0.50026127],
       [-0.50038028],
       [-0.50026397],
       [-0.50023607],
       [-0.50002815],
       [-0.50020458],
       [-0.50038569],
       [-0.50021165],
       [ 0.12400625],
       [-0.50026354],
       [ 0.01318842]])
array([[-14.3069721 ],
       [  1.224501  ],
       [  0.60125219],
       [-14.32000983],
       [-14.56174542],
       [-15.16829637],
       [-15.10152971],
       [-15.07219956],
       [-12.51542356],
       [-11.17243354],
       [-14.64757676],
       [  0.634242  ],
       [-14.65290687],
       [-14.42258854],
       [-13.56983926],
       [-14.54389292],
       [-14.65045408],
       [-14.29078086],
       [-14.38840297],
       [-13.10857393],
       [-14.47555657],
       [-13.90245026],
       [-14.67391692],
       [-14.34457579],
       [-14.02572151],
       [-14.56556953],
       [-13.24975644],
       [-14.91879391],
       [  0.42339662],
       [-11.83541352],
       [  0.40312078]])
<<<<<<<<<<< STEP 15 >>>>>>>>>>>> + array([[-0.50023743],
       [ 0.03654388],
       [ 0.06450853],
       [-0.50022521],
       [-0.50008603],
       [-0.50016873],
       [-0.50017809],
       [-0.50019037],
       [-0.5005399 ],
       [-0.50025543],
       [-0.50013528],
       [ 0.05272447],
       [-0.50014282],
       [-0.50013541],
       [-0.50001507],
       [-0.50015108],
       [-0.50013702],
       [-0.50009837],
       [-0.50026226],
       [-0.50023479],
       [-0.50019814],
       [-0.50029205],
       [-0.50020008],
       [-0.50017894],
       [-0.50002012],
       [-0.5001552 ],
       [-0.50029325],
       [-0.50015988],
       [ 0.11749662],
       [-0.50020776],
       [ 0.01311904]])
array([[-14.80720953],
       [  1.26104488],
       [  0.66576072],
       [-14.82023504],
       [-15.06183145],
       [-15.66846511],
       [-15.60170781],
       [-15.57238993],
       [-13.01596346],
       [-11.67268897],
       [-15.14771204],
       [  0.68696647],
       [-15.15304969],
       [-14.92272395],
       [-14.06985433],
       [-15.044044  ],
       [-15.15059109],
       [-14.79087923],
       [-14.88866523],
       [-13.60880872],
       [-14.97575471],
       [-14.4027423 ],
       [-15.17411699],
       [-14.84475473],
       [-14.52574163],
       [-15.06572473],
       [-13.75004969],
       [-15.41895379],
       [  0.54089324],
       [-12.33562127],
       [  0.41623982]])
<<<<<<<<<<< STEP 16 >>>>>>>>>>>> + array([[-0.50018053],
       [ 0.03550445],
       [ 0.06107811],
       [-0.50017122],
       [-0.50006443],
       [-0.50012763],
       [-0.5001348 ],
       [-0.50014415],
       [-0.50041184],
       [-0.50020625],
       [-0.50010223],
       [ 0.05076727],
       [-0.50010802],
       [-0.50010239],
       [-0.50001074],
       [-0.50011458],
       [-0.50010364],
       [-0.50007409],
       [-0.50019993],
       [-0.50017859],
       [-0.50015044],
       [-0.50022425],
       [-0.50015183],
       [-0.50013581],
       [-0.50001438],
       [-0.50011777],
       [-0.50022295],
       [-0.50012088],
       [ 0.11108389],
       [-0.50016219],
       [ 0.01303626]])
array([[-15.30739006],
       [  1.29654933],
       [  0.72683883],
       [-15.32040626],
       [-15.56189588],
       [-16.16859273],
       [-16.10184261],
       [-16.07253408],
       [-13.51637529],
       [-12.17289522],
       [-15.64781426],
       [  0.73773374],
       [-15.65315771],
       [-15.42282635],
       [-14.56986506],
       [-15.54415858],
       [-15.65069474],
       [-15.29095332],
       [-15.38886516],
       [-14.1089873 ],
       [-15.47590514],
       [-14.90296655],
       [-15.67426883],
       [-15.34489054],
       [-15.02575602],
       [-15.5658425 ],
       [-14.25027265],
       [-15.91907467],
       [  0.65197713],
       [-12.83578347],
       [  0.42927608]])
<<<<<<<<<<< STEP 17 >>>>>>>>>>>> + array([[-0.50013742],
       [ 0.03450699],
       [ 0.05790482],
       [-0.50013031],
       [-0.50004834],
       [-0.50009663],
       [-0.50010215],
       [-0.50010929],
       [-0.50031377],
       [-0.50016375],
       [-0.50007742],
       [ 0.0488638 ],
       [-0.50008186],
       [-0.50007758],
       [-0.50000773],
       [-0.50008698],
       [-0.50007852],
       [-0.50005595],
       [-0.50015234],
       [-0.50013587],
       [-0.50011435],
       [-0.50017217],
       [-0.50011535],
       [-0.5001032 ],
       [-0.50001027],
       [-0.5000894 ],
       [-0.50016951],
       [-0.50009148],
       [ 0.10491152],
       [-0.50012572],
       [ 0.01294385]])
array([[-15.80752748],
       [  1.33105632],
       [  0.78474365],
       [-15.82053657],
       [-16.06194422],
       [-16.66868937],
       [-16.60194476],
       [-16.57264337],
       [-14.01668906],
       [-12.67305896],
       [-16.14789168],
       [  0.78659754],
       [-16.15323957],
       [-15.92290393],
       [-15.06987279],
       [-16.04424556],
       [-16.15077325],
       [-15.79100927],
       [-15.8890175 ],
       [-14.60912317],
       [-15.97601949],
       [-15.40313872],
       [-16.17438418],
       [-15.84499374],
       [-15.52576629],
       [-16.06593191],
       [-14.75044216],
       [-16.41916615],
       [  0.75688865],
       [-13.33590918],
       [  0.44221992]])
<<<<<<<<<<< STEP 18 >>>>>>>>>>>> + array([[-0.5001047 ],
       [ 0.03355167],
       [ 0.05497381],
       [-0.50009928],
       [-0.50003633],
       [-0.50007323],
       [-0.5000775 ],
       [-0.50008295],
       [-0.50023887],
       [-0.50012847],
       [-0.50005874],
       [ 0.04702939],
       [-0.50006215],
       [-0.50005888],
       [-0.50000562],
       [-0.50006609],
       [-0.50005956],
       [-0.50004235],
       [-0.50011605],
       [-0.50010341],
       [-0.500087  ],
       [-0.50013219],
       [-0.50008773],
       [-0.50007851],
       [-0.50000733],
       [-0.5000679 ],
       [-0.50012891],
       [-0.50006929],
       [ 0.09906345],
       [-0.50009695],
       [ 0.01284498]])
array([[-16.30763218],
       [  1.36460799],
       [  0.83971746],
       [-16.32063585],
       [-16.56198056],
       [-17.1687626 ],
       [-17.10202226],
       [-17.07272632],
       [-14.51692793],
       [-13.17318744],
       [-16.64795042],
       [  0.83362693],
       [-16.65330172],
       [-16.42296281],
       [-15.56987841],
       [-16.54431165],
       [-16.65083281],
       [-16.29105162],
       [-16.38913355],
       [-15.10922658],
       [-16.47610649],
       [-15.90327091],
       [-16.67447191],
       [-16.34507225],
       [-16.02577362],
       [-16.5659998 ],
       [-15.25057107],
       [-16.91923544],
       [  0.8559521 ],
       [-13.83600613],
       [  0.45506491]])
<<<<<<<<<<< STEP 19 >>>>>>>>>>>> + array([[-0.50007984],
       [ 0.03263794],
       [ 0.05226859],
       [-0.50007571],
       [-0.50002735],
       [-0.50005555],
       [-0.50005885],
       [-0.50006303],
       [-0.50018177],
       [-0.50009994],
       [-0.50004464],
       [ 0.04527343],
       [-0.50004725],
       [-0.50004476],
       [-0.50000412],
       [-0.50005027],
       [-0.50004524],
       [-0.50003212],
       [-0.5000884 ],
       [-0.50007873],
       [-0.50006626],
       [-0.5001015 ],
       [-0.50006678],
       [-0.50005979],
       [-0.50000523],
       [-0.50005159],
       [-0.50009806],
       [-0.50005253],
       [ 0.09358145],
       [-0.50007448],
       [ 0.01274217]])
array([[-16.80771202],
       [  1.39724593],
       [  0.89198605],
       [-16.82071156],
       [-17.06200791],
       [-17.66881815],
       [-17.60208111],
       [-17.57278935],
       [-15.0171097 ],
       [-13.67328737],
       [-17.14799506],
       [  0.87890035],
       [-17.15334897],
       [-16.92300756],
       [-16.06988253],
       [-17.04436191],
       [-17.15087805],
       [-16.79108373],
       [-16.88922195],
       [-15.60930531],
       [-16.97617275],
       [-16.40337241],
       [-17.17453869],
       [-16.84513204],
       [-16.52577885],
       [-17.06605139],
       [-15.75066914],
       [-17.41928797],
       [  0.94953355],
       [-14.33608061],
       [  0.46780708]])
<<<<<<<<<<< STEP 20 >>>>>>>>>>>> + array([[-0.50006094],
       [ 0.03176473],
       [ 0.04977201],
       [-0.50005779],
       [-0.50002061],
       [-0.50004218],
       [-0.50004474],
       [-0.50004793],
       [-0.50013829],
       [-0.50007726],
       [-0.50003397],
       [ 0.04360081],
       [-0.50003597],
       [-0.50003407],
       [-0.50000304],
       [-0.50003826],
       [-0.50003439],
       [-0.5000244 ],
       [-0.50006734],
       [-0.50005997],
       [-0.5000505 ],
       [-0.50007794],
       [-0.50005089],
       [-0.50004557],
       [-0.50000372],
       [-0.50003922],
       [-0.50007463],
       [-0.50003985],
       [ 0.08847895],
       [-0.50005706],
       [ 0.01263732]])
array([[-17.30777296],
       [  1.42901067],
       [  0.94175805],
       [-17.32076934],
       [-17.56202852],
       [-18.16886033],
       [-18.10212584],
       [-18.07283728],
       [-15.51724799],
       [-14.17336464],
       [-17.64802902],
       [  0.92250116],
       [-17.65338494],
       [-17.42304163],
       [-16.56988557],
       [-17.54440017],
       [-17.65091244],
       [-17.29110813],
       [-17.38928929],
       [-16.10936528],
       [-17.47622325],
       [-16.90345035],
       [-17.67458958],
       [-17.34517761],
       [-17.02578257],
       [-17.56609061],
       [-16.25074377],
       [-17.91932782],
       [  1.03801249],
       [-14.83613767],
       [  0.4804444 ]])
<<<<<<<<<<< STEP 21 >>>>>>>>>>>> + array([[-0.50004655],
       [ 0.03093063],
       [ 0.04746708],
       [-0.50004414],
       [-0.50001556],
       [-0.50003205],
       [-0.50003404],
       [-0.50003649],
       [-0.50010522],
       [-0.50005946],
       [-0.50002588],
       [ 0.04201319],
       [-0.50002742],
       [-0.50002596],
       [-0.50000226],
       [-0.50002915],
       [-0.50002617],
       [-0.50001856],
       [-0.50005132],
       [-0.5000457 ],
       [-0.50003853],
       [-0.50005986],
       [-0.5000388 ],
       [-0.50003476],
       [-0.50000264],
       [-0.50002983],
       [-0.50005682],
       [-0.50003026],
       [ 0.08375126],
       [-0.50004364],
       [ 0.01253182]])
array([[-17.80781951],
       [  1.4599413 ],
       [  0.98922513],
       [-17.82081348],
       [-18.06204408],
       [-18.66889238],
       [-18.60215988],
       [-18.57287377],
       [-16.01735321],
       [-14.6734241 ],
       [-18.1480549 ],
       [  0.96451435],
       [-18.15341236],
       [-17.92306759],
       [-17.06988783],
       [-18.04442932],
       [-18.15093862],
       [-17.7911267 ],
       [-17.88934061],
       [-16.60941098],
       [-17.97626178],
       [-17.40351021],
       [-18.17462838],
       [-17.84521238],
       [-17.52578521],
       [-18.06612044],
       [-16.75080059],
       [-18.41935808],
       [  1.12176375],
       [-15.33618131],
       [  0.49297621]])
<<<<<<<<<<< STEP 22 >>>>>>>>>>>> + array([[-0.50003558],
       [ 0.03013396],
       [ 0.04533745],
       [-0.50003374],
       [-0.50001175],
       [-0.50002437],
       [-0.50002592],
       [-0.5000278 ],
       [-0.50008007],
       [-0.50004562],
       [-0.50001974],
       [ 0.0405099 ],
       [-0.50002092],
       [-0.5000198 ],
       [-0.50000168],
       [-0.50002222],
       [-0.50001994],
       [-0.50001414],
       [-0.50003912],
       [-0.50003485],
       [-0.50002942],
       [-0.50004599],
       [-0.50002961],
       [-0.50002654],
       [-0.50000188],
       [-0.50002271],
       [-0.50004329],
       [-0.500023  ],
       [ 0.07938279],
       [-0.50003333],
       [ 0.01242665]])
array([[-18.30785509],
       [  1.49007526],
       [  1.03456258],
       [-18.32084722],
       [-18.56205583],
       [-19.16891675],
       [-19.1021858 ],
       [-19.07290157],
       [-16.51743327],
       [-15.17346972],
       [-18.64807464],
       [  1.00502425],
       [-18.65343328],
       [-18.42308739],
       [-17.56988951],
       [-18.54445154],
       [-18.65095856],
       [-18.29114084],
       [-18.38937972],
       [-17.10944583],
       [-18.47629119],
       [-17.90355619],
       [-18.674658  ],
       [-18.34523892],
       [-18.02578709],
       [-18.56614315],
       [-17.25084387],
       [-18.91938107],
       [  1.20114654],
       [-15.83621464],
       [  0.50540286]])
<<<<<<<<<<< STEP 23 >>>>>>>>>>>> + array([[-0.50002722],
       [ 0.02937295],
       [ 0.0433677 ],
       [-0.50002581],
       [-0.50000889],
       [-0.50001855],
       [-0.50001975],
       [-0.5000212 ],
       [-0.50006094],
       [-0.50003491],
       [-0.50001507],
       [ 0.03908874],
       [-0.50001598],
       [-0.50001512],
       [-0.50000126],
       [-0.50001695],
       [-0.5000152 ],
       [-0.50001078],
       [-0.50002983],
       [-0.50002659],
       [-0.50002247],
       [-0.50003533],
       [-0.50002262],
       [-0.50002028],
       [-0.50000133],
       [-0.5000173 ],
       [-0.50003299],
       [-0.50001749],
       [ 0.07535195],
       [-0.50002544],
       [ 0.0123225 ]])
array([[-18.80788231],
       [  1.51944821],
       [  1.07793028],
       [-18.82087303],
       [-19.06206472],
       [-19.6689353 ],
       [-19.60220555],
       [-19.57292277],
       [-17.01749422],
       [-15.67350463],
       [-19.14808971],
       [  1.04411299],
       [-19.15344926],
       [-18.92310251],
       [-18.06989077],
       [-19.04446849],
       [-19.15097376],
       [-18.79115162],
       [-18.88940955],
       [-17.60947242],
       [-18.97631367],
       [-18.40359153],
       [-19.17468061],
       [-18.8452592 ],
       [-18.52578842],
       [-19.06616044],
       [-17.75087687],
       [-19.41939856],
       [  1.27649849],
       [-16.33624008],
       [  0.51772537]])
<<<<<<<<<<< STEP 24 >>>>>>>>>>>> + array([[-0.50002083],
       [ 0.02864577],
       [ 0.04154351],
       [-0.50001976],
       [-0.50000673],
       [-0.50001413],
       [-0.50001506],
       [-0.50001618],
       [-0.50004641],
       [-0.50002667],
       [-0.50001151],
       [ 0.0377465 ],
       [-0.50001221],
       [-0.50001155],
       [-0.50000095],
       [-0.50001294],
       [-0.5000116 ],
       [-0.50000823],
       [-0.50002275],
       [-0.50002029],
       [-0.50001718],
       [-0.50002715],
       [-0.50001729],
       [-0.50001551],
       [-0.50000094],
       [-0.50001318],
       [-0.50002516],
       [-0.50001331],
       [ 0.07163435],
       [-0.5000194 ],
       [ 0.01221982]])
array([[-19.30790314],
       [  1.54809398],
       [  1.11947379],
       [-19.32089279],
       [-19.56207146],
       [-20.16894943],
       [-20.10222061],
       [-20.07293895],
       [-17.51754062],
       [-16.1735313 ],
       [-19.64810123],
       [  1.08185949],
       [-19.65346147],
       [-19.42311406],
       [-18.56989172],
       [-19.54448143],
       [-19.65098536],
       [-19.29115985],
       [-19.3894323 ],
       [-18.10949271],
       [-19.47633085],
       [-18.90361868],
       [-19.6746979 ],
       [-19.34527471],
       [-19.02578935],
       [-19.56617363],
       [-18.25090203],
       [-19.91941188],
       [  1.34813285],
       [-16.83625948],
       [  0.52994519]])
<<<<<<<<<<< STEP 25 >>>>>>>>>>>> + array([[-0.50001595],
       [ 0.0279506 ],
       [ 0.03985171],
       [-0.50001513],
       [-0.5000051 ],
       [-0.50001077],
       [-0.5000115 ],
       [-0.50001235],
       [-0.50003535],
       [-0.50002035],
       [-0.5000088 ],
       [ 0.0364794 ],
       [-0.50000934],
       [-0.50000884],
       [-0.50000071],
       [-0.50000989],
       [-0.50000886],
       [-0.50000629],
       [-0.50001737],
       [-0.5000155 ],
       [-0.50001315],
       [-0.50002087],
       [-0.50001322],
       [-0.50001186],
       [-0.50000066],
       [-0.50001005],
       [-0.5000192 ],
       [-0.50001014],
       [ 0.0682049 ],
       [-0.5000148 ],
       [ 0.01211888]])
array([[-19.80791909],
       [  1.57604459],
       [  1.1593255 ],
       [-19.82090792],
       [-20.06207656],
       [-20.6689602 ],
       [-20.60223211],
       [-20.5729513 ],
       [-18.01757597],
       [-16.67355165],
       [-20.14811003],
       [  1.11833889],
       [-20.1534708 ],
       [-19.9231229 ],
       [-19.06989243],
       [-20.04449132],
       [-20.15099421],
       [-19.79116614],
       [-19.88944967],
       [-18.60950821],
       [-19.976344  ],
       [-19.40363955],
       [-20.17471112],
       [-19.84528657],
       [-19.52579002],
       [-20.06618368],
       [-18.75092122],
       [-20.41942202],
       [  1.41633775],
       [-17.33627428],
       [  0.54206407]])
<<<<<<<<<<< STEP 26 >>>>>>>>>>>> + array([[-0.50001223],
       [ 0.02728567],
       [ 0.0382803 ],
       [-0.5000116 ],
       [-0.50000387],
       [-0.50000821],
       [-0.50000878],
       [-0.50000944],
       [-0.50002694],
       [-0.50001552],
       [-0.50000674],
       [ 0.03528333],
       [-0.50000715],
       [-0.50000676],
       [-0.50000054],
       [-0.50000756],
       [-0.50000677],
       [-0.50000481],
       [-0.50001326],
       [-0.50001184],
       [-0.50001006],
       [-0.50001605],
       [-0.50001012],
       [-0.50000908],
       [-0.50000046],
       [-0.50000767],
       [-0.50001466],
       [-0.50000773],
       [ 0.06503899],
       [-0.50001128],
       [ 0.01201984]])
array([[-20.30793132],
       [  1.60333025],
       [  1.1976058 ],
       [-20.32091952],
       [-20.56208043],
       [-21.16896842],
       [-21.10224089],
       [-21.07296073],
       [-18.51760292],
       [-17.17356717],
       [-20.64811677],
       [  1.15362222],
       [-20.65347795],
       [-20.42312966],
       [-19.56989297],
       [-20.54449887],
       [-20.65100098],
       [-20.29117094],
       [-20.38946293],
       [-19.10952005],
       [-20.47635406],
       [-19.9036556 ],
       [-20.67472124],
       [-20.34529565],
       [-20.02579048],
       [-20.56619135],
       [-19.25093588],
       [-20.91942974],
       [  1.48137673],
       [-17.83628556],
       [  0.55408391]])
<<<<<<<<<<< STEP 27 >>>>>>>>>>>> + array([[-0.50000937],
       [ 0.02664927],
       [ 0.03681839],
       [-0.50000889],
       [-0.50000294],
       [-0.50000627],
       [-0.50000671],
       [-0.50000722],
       [-0.50002054],
       [-0.50001183],
       [-0.50000516],
       [ 0.03415406],
       [-0.50000547],
       [-0.50000518],
       [-0.50000041],
       [-0.50000578],
       [-0.50000517],
       [-0.50000368],
       [-0.50001013],
       [-0.50000905],
       [-0.50000771],
       [-0.50001234],
       [-0.50000775],
       [-0.50000696],
       [-0.50000032],
       [-0.50000586],
       [-0.5000112 ],
       [-0.50000589],
       [ 0.06211325],
       [-0.5000086 ],
       [ 0.01192277]])
array([[-20.80794069],
       [  1.62997952],
       [  1.2344242 ],
       [-20.82092841],
       [-21.06208337],
       [-21.66897469],
       [-21.6022476 ],
       [-21.57296795],
       [-19.01762346],
       [-17.673579  ],
       [-21.14812193],
       [  1.18777627],
       [-21.15348343],
       [-20.92313484],
       [-20.06989338],
       [-21.04450465],
       [-21.15100615],
       [-20.79117462],
       [-20.88947306],
       [-19.6095291 ],
       [-20.97636177],
       [-20.40366795],
       [-21.17472899],
       [-20.84530261],
       [-20.5257908 ],
       [-21.0661972 ],
       [-19.75094708],
       [-21.41943564],
       [  1.54348998],
       [-18.33629416],
       [  0.56600668]])
<<<<<<<<<<< STEP 28 >>>>>>>>>>>> + array([[-0.50000719],
       [ 0.02603978],
       [ 0.03545613],
       [-0.50000682],
       [-0.50000223],
       [-0.50000479],
       [-0.50000513],
       [-0.50000552],
       [-0.50001567],
       [-0.50000901],
       [-0.50000395],
       [ 0.0330874 ],
       [-0.50000419],
       [-0.50000397],
       [-0.50000031],
       [-0.50000442],
       [-0.50000396],
       [-0.50000282],
       [-0.50000774],
       [-0.50000692],
       [-0.50000591],
       [-0.5000095 ],
       [-0.50000594],
       [-0.50000533],
       [-0.50000023],
       [-0.50000447],
       [-0.50000856],
       [-0.5000045 ],
       [ 0.05940593],
       [-0.50000656],
       [ 0.01182768]])
array([[-21.30794788],
       [  1.6560193 ],
       [  1.26988033],
       [-21.32093523],
       [-21.56208561],
       [-22.16897948],
       [-22.10225273],
       [-22.07297347],
       [-19.51763913],
       [-18.17358801],
       [-21.64812588],
       [  1.22086368],
       [-21.65348762],
       [-21.42313881],
       [-20.56989369],
       [-21.54450907],
       [-21.6510101 ],
       [-21.29117744],
       [-21.3894808 ],
       [-20.10953602],
       [-21.47636767],
       [-20.90367744],
       [-21.67473492],
       [-21.34530795],
       [-21.02579103],
       [-21.56620168],
       [-20.25095564],
       [-21.91944014],
       [  1.60289592],
       [-18.83630072],
       [  0.57783436]])
<<<<<<<<<<< STEP 29 >>>>>>>>>>>> + array([[-0.50000552],
       [ 0.02545567],
       [ 0.03418464],
       [-0.50000523],
       [-0.5000017 ],
       [-0.50000366],
       [-0.50000393],
       [-0.50000423],
       [-0.50001196],
       [-0.50000687],
       [-0.50000303],
       [ 0.0320793 ],
       [-0.50000322],
       [-0.50000304],
       [-0.50000023],
       [-0.50000339],
       [-0.50000303],
       [-0.50000216],
       [-0.50000592],
       [-0.5000053 ],
       [-0.50000453],
       [-0.50000731],
       [-0.50000455],
       [-0.50000409],
       [-0.50000016],
       [-0.50000342],
       [-0.50000654],
       [-0.50000344],
       [ 0.05689704],
       [-0.50000501],
       [ 0.01173456]])
array([[-21.8079534 ],
       [  1.68147497],
       [  1.30406497],
       [-21.82094047],
       [-22.0620873 ],
       [-22.66898314],
       [-22.60225666],
       [-22.5729777 ],
       [-20.0176511 ],
       [-18.67359488],
       [-22.14812891],
       [  1.25294297],
       [-22.15349084],
       [-21.92314185],
       [-21.06989392],
       [-22.04451246],
       [-22.15101313],
       [-21.79117959],
       [-21.88948672],
       [-20.60954132],
       [-21.9763722 ],
       [-21.40368475],
       [-22.17473947],
       [-21.84531204],
       [-21.52579119],
       [-22.0662051 ],
       [-20.75096218],
       [-22.41944357],
       [  1.65979296],
       [-19.33630573],
       [  0.58956892]])
<<<<<<<<<<< STEP 30 >>>>>>>>>>>> + array([[-0.50000424],
       [ 0.02489551],
       [ 0.03299592],
       [-0.50000402],
       [-0.50000129],
       [-0.5000028 ],
       [-0.500003  ],
       [-0.50000324],
       [-0.50000913],
       [-0.50000523],
       [-0.50000232],
       [ 0.03112584],
       [-0.50000247],
       [-0.50000233],
       [-0.50000018],
       [-0.50000259],
       [-0.50000232],
       [-0.50000165],
       [-0.50000453],
       [-0.50000406],
       [-0.50000347],
       [-0.50000562],
       [-0.50000349],
       [-0.50000314],
       [-0.50000011],
       [-0.50000262],
       [-0.50000501],
       [-0.50000263],
       [ 0.05456835],
       [-0.50000382],
       [ 0.01164335]])
array([[-22.30795763],
       [  1.70637048],
       [  1.33706088],
       [-22.32094449],
       [-22.5620886 ],
       [-23.16898593],
       [-23.10225966],
       [-23.07298093],
       [-20.51766023],
       [-19.17360011],
       [-22.64813123],
       [  1.28406881],
       [-22.6534933 ],
       [-22.42314418],
       [-21.5698941 ],
       [-22.54451505],
       [-22.65101545],
       [-22.29118125],
       [-22.38949125],
       [-21.10954538],
       [-22.47637567],
       [-21.90369037],
       [-22.67474296],
       [-22.34531517],
       [-22.02579129],
       [-22.56620771],
       [-21.25096719],
       [-22.9194462 ],
       [  1.71436131],
       [-19.83630955],
       [  0.60121227]])
<<<<<<<<<<< STEP 31 >>>>>>>>>>>> + array([[-0.50000325],
       [ 0.02435794],
       [ 0.03188277],
       [-0.50000309],
       [-0.50000098],
       [-0.50000214],
       [-0.5000023 ],
       [-0.50000248],
       [-0.50000698],
       [-0.50000399],
       [-0.50000178],
       [ 0.03022334],
       [-0.50000189],
       [-0.50000179],
       [-0.50000013],
       [-0.50000199],
       [-0.50000178],
       [-0.50000127],
       [-0.50000347],
       [-0.50000311],
       [-0.50000267],
       [-0.50000433],
       [-0.50000268],
       [-0.50000241],
       [-0.50000007],
       [-0.500002  ],
       [-0.50000383],
       [-0.50000201],
       [ 0.05240338],
       [-0.50000292],
       [ 0.01155398]])
array([[-22.80796089],
       [  1.73072842],
       [  1.36894365],
       [-22.82094757],
       [-23.06208958],
       [-23.66898807],
       [-23.60226196],
       [-23.57298341],
       [-21.01766721],
       [-19.6736041 ],
       [-23.14813302],
       [  1.31429215],
       [-23.1534952 ],
       [-22.92314597],
       [-22.06989423],
       [-23.04451704],
       [-23.15101723],
       [-22.79118251],
       [-22.88949471],
       [-21.60954849],
       [-22.97637834],
       [-22.4036947 ],
       [-23.17474564],
       [-22.84531758],
       [-22.52579137],
       [-23.06620972],
       [-21.75097102],
       [-23.41944821],
       [  1.7667647 ],
       [-20.33631247],
       [  0.61276624]])
<<<<<<<<<<< STEP 32 >>>>>>>>>>>> + array([[-0.5000025 ],
       [ 0.02384169],
       [ 0.03083873],
       [-0.50000237],
       [-0.50000075],
       [-0.50000164],
       [-0.50000176],
       [-0.5000019 ],
       [-0.50000533],
       [-0.50000304],
       [-0.50000137],
       [ 0.02936832],
       [-0.50000145],
       [-0.50000137],
       [-0.5000001 ],
       [-0.50000152],
       [-0.50000136],
       [-0.50000097],
       [-0.50000265],
       [-0.50000238],
       [-0.50000205],
       [-0.50000333],
       [-0.50000205],
       [-0.50000185],
       [-0.50000005],
       [-0.50000153],
       [-0.50000294],
       [-0.50000154],
       [ 0.05038725],
       [-0.50000223],
       [ 0.01146637]])
array([[-23.30796339],
       [  1.75457011],
       [  1.39978238],
       [-23.32094995],
       [-23.56209033],
       [-24.16898971],
       [-24.10226373],
       [-24.07298531],
       [-21.51767254],
       [-20.17360714],
       [-23.64813439],
       [  1.34366048],
       [-23.65349665],
       [-23.42314735],
       [-22.56989434],
       [-23.54451857],
       [-23.65101859],
       [-23.29118349],
       [-23.38949737],
       [-22.10955087],
       [-23.47638039],
       [-22.90369803],
       [-23.67474769],
       [-23.34531943],
       [-23.02579141],
       [-23.56621125],
       [-22.25097396],
       [-23.91944974],
       [  1.81715195],
       [-20.8363147 ],
       [  0.62423262]])
<<<<<<<<<<< STEP 33 >>>>>>>>>>>> + array([[-0.50000192],
       [ 0.02334559],
       [ 0.02985797],
       [-0.50000182],
       [-0.50000057],
       [-0.50000125],
       [-0.50000135],
       [-0.50000146],
       [-0.50000408],
       [-0.50000232],
       [-0.50000105],
       [ 0.02855755],
       [-0.50000112],
       [-0.50000106],
       [-0.50000008],
       [-0.50000117],
       [-0.50000104],
       [-0.50000075],
       [-0.50000203],
       [-0.50000182],
       [-0.50000157],
       [-0.50000257],
       [-0.50000158],
       [-0.50000142],
       [-0.50000003],
       [-0.50000117],
       [-0.50000225],
       [-0.50000118],
       [ 0.04850656],
       [-0.5000017 ],
       [ 0.01138045]])
array([[-23.80796531],
       [  1.7779157 ],
       [  1.42964035],
       [-23.82095177],
       [-24.0620909 ],
       [-24.66899097],
       [-24.60226508],
       [-24.57298677],
       [-22.01767662],
       [-20.67360945],
       [-24.14813544],
       [  1.37221803],
       [-24.15349777],
       [-23.9231484 ],
       [-23.06989441],
       [-24.04451973],
       [-24.15101963],
       [-23.79118423],
       [-23.8894994 ],
       [-22.60955269],
       [-23.97638196],
       [-23.4037006 ],
       [-24.17474927],
       [-23.84532085],
       [-23.52579145],
       [-24.06621242],
       [-22.75097621],
       [-24.41945092],
       [  1.86565851],
       [-21.3363164 ],
       [  0.63561307]])
<<<<<<<<<<< STEP 34 >>>>>>>>>>>> + array([[-0.50000148],
       [ 0.02286854],
       [ 0.02893525],
       [-0.5000014 ],
       [-0.50000044],
       [-0.50000096],
       [-0.50000104],
       [-0.50000112],
       [-0.50000312],
       [-0.50000177],
       [-0.50000081],
       [ 0.02778802],
       [-0.50000086],
       [-0.50000081],
       [-0.50000006],
       [-0.5000009 ],
       [-0.5000008 ],
       [-0.50000057],
       [-0.50000156],
       [-0.5000014 ],
       [-0.50000121],
       [-0.50000198],
       [-0.50000121],
       [-0.50000109],
       [-0.50000002],
       [-0.5000009 ],
       [-0.50000172],
       [-0.5000009 ],
       [ 0.0467493 ],
       [-0.5000013 ],
       [ 0.01129614]])
array([[-24.30796679],
       [  1.80078423],
       [  1.4585756 ],
       [-24.32095317],
       [-24.56209134],
       [-25.16899193],
       [-25.10226611],
       [-25.07298789],
       [-22.51767974],
       [-21.17361122],
       [-24.64813625],
       [  1.40000605],
       [-24.65349862],
       [-24.42314921],
       [-23.56989447],
       [-24.54452063],
       [-24.65102043],
       [-24.2911848 ],
       [-24.38950096],
       [-23.10955409],
       [-24.47638317],
       [-23.90370258],
       [-24.67475048],
       [-24.34532194],
       [-24.02579147],
       [-24.56621332],
       [-23.25097793],
       [-24.91945182],
       [  1.91240781],
       [-21.8363177 ],
       [  0.64690921]])
<<<<<<<<<<< STEP 35 >>>>>>>>>>>> + array([[-0.50000114],
       [ 0.0224095 ],
       [ 0.02806586],
       [-0.50000108],
       [-0.50000033],
       [-0.50000074],
       [-0.5000008 ],
       [-0.50000086],
       [-0.50000239],
       [-0.50000135],
       [-0.50000062],
       [ 0.02705691],
       [-0.50000066],
       [-0.50000062],
       [-0.50000005],
       [-0.50000069],
       [-0.50000061],
       [-0.50000044],
       [-0.50000119],
       [-0.50000107],
       [-0.50000093],
       [-0.50000152],
       [-0.50000093],
       [-0.50000084],
       [-0.50000001],
       [-0.50000069],
       [-0.50000132],
       [-0.50000069],
       [ 0.04510466],
       [-0.500001  ],
       [ 0.01121336]])
array([[-24.80796792],
       [  1.82319373],
       [  1.48664146],
       [-24.82095425],
       [-25.06209167],
       [-25.66899266],
       [-25.60226691],
       [-25.57298875],
       [-23.01768213],
       [-21.67361257],
       [-25.14813687],
       [  1.42706296],
       [-25.15349928],
       [-24.92314984],
       [-24.06989452],
       [-25.04452132],
       [-25.15102105],
       [-24.79118524],
       [-24.88950215],
       [-23.60955516],
       [-24.9763841 ],
       [-24.4037041 ],
       [-25.17475141],
       [-24.84532278],
       [-24.52579148],
       [-25.06621401],
       [-23.75097925],
       [-25.41945251],
       [  1.95751247],
       [-22.3363187 ],
       [  0.65812257]])
<<<<<<<<<<< STEP 36 >>>>>>>>>>>> + array([[-0.50000087],
       [ 0.02196752],
       [ 0.02724552],
       [-0.50000083],
       [-0.50000025],
       [-0.50000056],
       [-0.50000061],
       [-0.50000066],
       [-0.50000183],
       [-0.50000103],
       [-0.50000048],
       [ 0.02636166],
       [-0.50000051],
       [-0.50000048],
       [-0.50000003],
       [-0.50000053],
       [-0.50000047],
       [-0.50000034],
       [-0.50000092],
       [-0.50000082],
       [-0.50000071],
       [-0.50000117],
       [-0.50000072],
       [-0.50000065],
       [-0.50000001],
       [-0.50000053],
       [-0.50000101],
       [-0.50000053],
       [ 0.04356293],
       [-0.50000076],
       [ 0.01113202]])
array([[-25.3079688 ],
       [  1.84516125],
       [  1.51388699],
       [-25.32095508],
       [-25.56209193],
       [-26.16899323],
       [-26.10226752],
       [-26.07298941],
       [-23.51768396],
       [-22.17361359],
       [-25.64813734],
       [  1.45342462],
       [-25.65349979],
       [-25.42315032],
       [-24.56989455],
       [-25.54452185],
       [-25.65102152],
       [-25.29118558],
       [-25.38950307],
       [-24.10955599],
       [-25.47638481],
       [-24.90370528],
       [-25.67475213],
       [-25.34532343],
       [-25.02579149],
       [-25.56621454],
       [-24.25098027],
       [-25.91945303],
       [  2.0010754 ],
       [-22.83631946],
       [  0.66925459]])
<<<<<<<<<<< STEP 37 >>>>>>>>>>>> + array([[-0.50000067],
       [ 0.02154169],
       [ 0.0264704 ],
       [-0.50000064],
       [-0.50000019],
       [-0.50000043],
       [-0.50000047],
       [-0.50000051],
       [-0.5000014 ],
       [-0.50000079],
       [-0.50000037],
       [ 0.02569986],
       [-0.50000039],
       [-0.50000037],
       [-0.50000003],
       [-0.50000041],
       [-0.50000036],
       [-0.50000026],
       [-0.5000007 ],
       [-0.50000063],
       [-0.50000055],
       [-0.5000009 ],
       [-0.50000055],
       [-0.5000005 ],
       [-0.5       ],
       [-0.50000041],
       [-0.50000078],
       [-0.50000041],
       [ 0.04211541],
       [-0.50000058],
       [ 0.01105206]])
array([[-25.80796947],
       [  1.86670294],
       [  1.54035739],
       [-25.82095572],
       [-26.06209212],
       [-26.66899366],
       [-26.60226799],
       [-26.57298991],
       [-24.01768536],
       [-22.67361438],
       [-26.14813771],
       [  1.47912448],
       [-26.15350018],
       [-25.92315069],
       [-25.06989458],
       [-26.04452225],
       [-26.15102188],
       [-25.79118584],
       [-25.88950377],
       [-24.60955662],
       [-25.97638536],
       [-25.40370618],
       [-26.17475268],
       [-25.84532392],
       [-25.5257915 ],
       [-26.06621494],
       [-24.75098104],
       [-26.41945344],
       [  2.04319082],
       [-23.33632004],
       [  0.68030665]])
<<<<<<<<<<< STEP 38 >>>>>>>>>>>> + array([[-0.50000052],
       [ 0.02113119],
       [ 0.02573702],
       [-0.50000049],
       [-0.50000015],
       [-0.50000033],
       [-0.50000036],
       [-0.50000039],
       [-0.50000107],
       [-0.5000006 ],
       [-0.50000028],
       [ 0.0250693 ],
       [-0.5000003 ],
       [-0.50000028],
       [-0.50000002],
       [-0.50000031],
       [-0.50000028],
       [-0.5000002 ],
       [-0.50000054],
       [-0.50000049],
       [-0.50000042],
       [-0.5000007 ],
       [-0.50000042],
       [-0.50000038],
       [-0.5       ],
       [-0.50000031],
       [-0.5000006 ],
       [-0.50000031],
       [ 0.04075426],
       [-0.50000045],
       [ 0.0109734 ]])
array([[-26.30796999],
       [  1.88783414],
       [  1.56609441],
       [-26.32095621],
       [-26.56209227],
       [-27.16899399],
       [-27.10226835],
       [-27.0729903 ],
       [-24.51768644],
       [-23.17361498],
       [-26.64813799],
       [  1.50419378],
       [-26.65350048],
       [-26.42315097],
       [-25.5698946 ],
       [-26.54452257],
       [-26.65102216],
       [-26.29118604],
       [-26.38950431],
       [-25.10955711],
       [-26.47638578],
       [-25.90370688],
       [-26.6747531 ],
       [-26.34532431],
       [-26.0257915 ],
       [-26.56621526],
       [-25.25098164],
       [-26.91945375],
       [  2.08394507],
       [-23.83632049],
       [  0.69128005]])
<<<<<<<<<<< STEP 39 >>>>>>>>>>>> + array([[-0.5000004 ],
       [ 0.02073523],
       [ 0.02504223],
       [-0.50000038],
       [-0.50000011],
       [-0.50000026],
       [-0.50000028],
       [-0.5000003 ],
       [-0.50000082],
       [-0.50000046],
       [-0.50000022],
       [ 0.02446796],
       [-0.50000023],
       [-0.50000022],
       [-0.50000002],
       [-0.50000024],
       [-0.50000021],
       [-0.50000015],
       [-0.50000041],
       [-0.50000037],
       [-0.50000033],
       [-0.50000054],
       [-0.50000033],
       [-0.50000029],
       [-0.5       ],
       [-0.50000024],
       [-0.50000046],
       [-0.50000024],
       [ 0.03947242],
       [-0.50000034],
       [ 0.01089599]])
array([[-26.80797039],
       [  1.90856937],
       [  1.59113664],
       [-26.82095659],
       [-27.06209239],
       [-27.66899425],
       [-27.60226862],
       [-27.5729906 ],
       [-25.01768726],
       [-23.67361544],
       [-27.14813821],
       [  1.52866174],
       [-27.15350071],
       [-26.92315119],
       [-26.06989461],
       [-27.04452281],
       [-27.15102238],
       [-26.7911862 ],
       [-26.88950472],
       [-25.60955748],
       [-26.97638611],
       [-26.40370742],
       [-27.17475343],
       [-26.8453246 ],
       [-26.5257915 ],
       [-27.06621549],
       [-25.7509821 ],
       [-27.41945399],
       [  2.12341749],
       [-24.33632083],
       [  0.70217604]])
