<<<<<<<<<<< STEP 0 >>>>>>>>>>>> + array([[-0.55585643],
       [-0.11257703],
       [-0.59587998],
       [-0.5555287 ],
       [-0.25795844],
       [-0.46205593],
       [-1.17619427],
       [-1.08091665],
       [-0.91189908],
       [-0.42143773],
       [-1.00160471],
       [-0.10284616],
       [-1.00024928],
       [-0.91846351],
       [-0.73740332],
       [-0.95741005],
       [-0.98171106],
       [-0.92148854],
       [-0.98352288],
       [-1.04777271],
       [-0.9616604 ],
       [-0.96950653],
       [-1.00452584],
       [-0.92756894],
       [-0.23213517],
       [-0.96819487],
       [-0.93907283],
       [-1.04082293],
       [-0.82684456],
       [-0.31312211],
       [-0.87610814]])
array([[-0.55585643],
       [-0.11257703],
       [-0.59587998],
       [-0.5555287 ],
       [-0.25795844],
       [-0.46205593],
       [-1.17619427],
       [-1.08091665],
       [-0.91189908],
       [-0.42143773],
       [-1.00160471],
       [-0.10284616],
       [-1.00024928],
       [-0.91846351],
       [-0.73740332],
       [-0.95741005],
       [-0.98171106],
       [-0.92148854],
       [-0.98352288],
       [-1.04777271],
       [-0.9616604 ],
       [-0.96950653],
       [-1.00452584],
       [-0.92756894],
       [-0.23213517],
       [-0.96819487],
       [-0.93907283],
       [-1.04082293],
       [-0.82684456],
       [-0.31312211],
       [-0.87610814]])
<<<<<<<<<<< STEP 1 >>>>>>>>>>>> + array([[-0.61457   ],
       [-0.17070912],
       [-0.66253522],
       [-0.61897877],
       [-0.35903248],
       [-0.64930447],
       [-1.09389632],
       [-1.03045639],
       [-0.86071414],
       [-0.51102355],
       [-0.94408711],
       [-0.15781684],
       [-0.95406096],
       [-0.88694209],
       [-0.68847179],
       [-0.91055654],
       [-0.94834501],
       [-0.89085798],
       [-0.91108174],
       [-0.95124797],
       [-0.91223191],
       [-0.8255231 ],
       [-0.95427848],
       [-0.88288635],
       [-0.26379377],
       [-0.90178581],
       [-0.91679103],
       [-0.99345439],
       [-0.77407846],
       [-0.3975469 ],
       [-0.77521151]])
array([[-1.17042643],
       [-0.28328615],
       [-1.25841519],
       [-1.17450747],
       [-0.61699092],
       [-1.11136039],
       [-2.27009059],
       [-2.11137304],
       [-1.77261321],
       [-0.93246128],
       [-1.94569182],
       [-0.260663  ],
       [-1.95431024],
       [-1.8054056 ],
       [-1.42587511],
       [-1.86796659],
       [-1.93005608],
       [-1.81234652],
       [-1.89460462],
       [-1.99902068],
       [-1.87389231],
       [-1.79502963],
       [-1.95880432],
       [-1.81045529],
       [-0.49592894],
       [-1.86998068],
       [-1.85586387],
       [-2.03427731],
       [-1.60092302],
       [-0.710669  ],
       [-1.65131964]])
<<<<<<<<<<< STEP 2 >>>>>>>>>>>> + array([[-0.6515728 ],
       [-0.19445181],
       [-0.70054243],
       [-0.65801226],
       [-0.46170988],
       [-0.77944809],
       [-0.98420226],
       [-0.95211403],
       [-0.80449343],
       [-0.57683472],
       [-0.86738944],
       [-0.1897574 ],
       [-0.87876043],
       [-0.82984781],
       [-0.64673081],
       [-0.83753834],
       [-0.86959682],
       [-0.83435735],
       [-0.81985204],
       [-0.85582989],
       [-0.8515668 ],
       [-0.71237447],
       [-0.88503297],
       [-0.82705308],
       [-0.29390235],
       [-0.8320271 ],
       [-0.85465644],
       [-0.9152947 ],
       [-0.71718348],
       [-0.4610098 ],
       [-0.67791719]])
array([[-1.82199923],
       [-0.47773796],
       [-1.95895763],
       [-1.83251974],
       [-1.0787008 ],
       [-1.89080848],
       [-3.25429285],
       [-3.06348707],
       [-2.57710664],
       [-1.509296  ],
       [-2.81308126],
       [-0.4504204 ],
       [-2.83307067],
       [-2.63525342],
       [-2.07260592],
       [-2.70550492],
       [-2.7996529 ],
       [-2.64670387],
       [-2.71445666],
       [-2.85485058],
       [-2.72545911],
       [-2.5074041 ],
       [-2.84383728],
       [-2.63750838],
       [-0.78983129],
       [-2.70200778],
       [-2.71052031],
       [-2.94957201],
       [-2.3181065 ],
       [-1.17167881],
       [-2.32923683]])
<<<<<<<<<<< STEP 3 >>>>>>>>>>>> + array([[-0.64787131],
       [-0.2037022 ],
       [-0.69171438],
       [-0.65562655],
       [-0.53956593],
       [-0.81062872],
       [-0.87082584],
       [-0.8584618 ],
       [-0.74267149],
       [-0.60427875],
       [-0.7829266 ],
       [-0.20579811],
       [-0.79173188],
       [-0.75998209],
       [-0.60968474],
       [-0.75744433],
       [-0.77855766],
       [-0.75949408],
       [-0.73228635],
       [-0.76846768],
       [-0.78166759],
       [-0.64128645],
       [-0.80489254],
       [-0.76319222],
       [-0.32545281],
       [-0.75936726],
       [-0.77764356],
       [-0.82540055],
       [-0.66426377],
       [-0.4983116 ],
       [-0.60845229]])
array([[-2.46987054],
       [-0.68144017],
       [-2.650672  ],
       [-2.48814628],
       [-1.61826672],
       [-2.7014372 ],
       [-4.12511869],
       [-3.92194887],
       [-3.31977813],
       [-2.11357476],
       [-3.59600787],
       [-0.65621851],
       [-3.62480255],
       [-3.39523551],
       [-2.68229065],
       [-3.46294926],
       [-3.57821056],
       [-3.40619796],
       [-3.44674301],
       [-3.62331826],
       [-3.5071267 ],
       [-3.14869055],
       [-3.64872982],
       [-3.40070059],
       [-1.1152841 ],
       [-3.46137504],
       [-3.48816386],
       [-3.77497257],
       [-2.98237028],
       [-1.66999041],
       [-2.93768912]])
<<<<<<<<<<< STEP 4 >>>>>>>>>>>> + array([[-0.60970957],
       [-0.20679536],
       [-0.64625541],
       [-0.61846528],
       [-0.57023568],
       [-0.76255344],
       [-0.76452907],
       [-0.76070368],
       [-0.67922141],
       [-0.59720369],
       [-0.70245097],
       [-0.21167466],
       [-0.70813378],
       [-0.68869556],
       [-0.5799064 ],
       [-0.68324441],
       [-0.69636642],
       [-0.6858141 ],
       [-0.65995471],
       [-0.69187328],
       [-0.70606676],
       [-0.59902861],
       [-0.72079446],
       [-0.69378907],
       [-0.34900431],
       [-0.68857427],
       [-0.70155274],
       [-0.73557076],
       [-0.61769147],
       [-0.51000805],
       [-0.56465137]])
array([[-3.07958011],
       [-0.88823552],
       [-3.29692742],
       [-3.10661157],
       [-2.1885024 ],
       [-3.46399064],
       [-4.88964775],
       [-4.68265256],
       [-3.99899954],
       [-2.71077844],
       [-4.29845883],
       [-0.86789317],
       [-4.33293633],
       [-4.08393107],
       [-3.26219706],
       [-4.14619367],
       [-4.27457698],
       [-4.09201206],
       [-4.10669772],
       [-4.31519153],
       [-4.21319347],
       [-3.74771916],
       [-4.36952427],
       [-4.09448966],
       [-1.46428841],
       [-4.14994931],
       [-4.1897166 ],
       [-4.51054333],
       [-3.60006175],
       [-2.17999846],
       [-3.50234049]])
<<<<<<<<<<< STEP 5 >>>>>>>>>>>> + array([[-0.56316786],
       [-0.20642619],
       [-0.59288434],
       [-0.57214805],
       [-0.56188606],
       [-0.6884081 ],
       [-0.6769799 ],
       [-0.67562722],
       [-0.62338414],
       [-0.57326609],
       [-0.63538136],
       [-0.20966815],
       [-0.63888337],
       [-0.62683012],
       [-0.55719141],
       [-0.62352751],
       [-0.63150001],
       [-0.62530914],
       [-0.60563437],
       [-0.63047994],
       [-0.63778551],
       [-0.57295761],
       [-0.64686508],
       [-0.63035912],
       [-0.35651526],
       [-0.6286705 ],
       [-0.63710155],
       [-0.65879886],
       [-0.57978962],
       [-0.50606798],
       [-0.53773149]])
array([[-3.64274797],
       [-1.09466172],
       [-3.88981176],
       [-3.67875962],
       [-2.75038846],
       [-4.15239874],
       [-5.56662765],
       [-5.35827977],
       [-4.62238368],
       [-3.28404454],
       [-4.9338402 ],
       [-1.07756132],
       [-4.9718197 ],
       [-4.7107612 ],
       [-3.81938847],
       [-4.76972118],
       [-4.906077  ],
       [-4.7173212 ],
       [-4.71233209],
       [-4.94567148],
       [-4.85097897],
       [-4.32067677],
       [-5.01638936],
       [-4.72484878],
       [-1.82080367],
       [-4.77861982],
       [-4.82681815],
       [-5.16934219],
       [-4.17985137],
       [-2.68606643],
       [-4.04007199]])
<<<<<<<<<<< STEP 6 >>>>>>>>>>>> + array([[-0.52781229],
       [-0.20332294],
       [-0.55158548],
       [-0.53617875],
       [-0.53899729],
       [-0.62378622],
       [-0.61378171],
       [-0.61290817],
       [-0.58096126],
       [-0.54774968],
       [-0.58674536],
       [-0.200649  ],
       [-0.58896979],
       [-0.58115905],
       [-0.54022351],
       [-0.58059111],
       [-0.58535969],
       [-0.58161944],
       [-0.56794222],
       [-0.58582266],
       [-0.5869567 ],
       [-0.55513404],
       [-0.59260731],
       [-0.58265875],
       [-0.35271746],
       [-0.58416753],
       [-0.58931319],
       [-0.60222147],
       [-0.55168636],
       [-0.49721424],
       [-0.5216005 ]])
array([[-4.17056025],
       [-1.29798465],
       [-4.44139724],
       [-4.21493837],
       [-3.28938576],
       [-4.77618496],
       [-6.18040936],
       [-5.97118795],
       [-5.20334494],
       [-3.83179422],
       [-5.52058556],
       [-1.27821033],
       [-5.56078949],
       [-5.29192025],
       [-4.35961197],
       [-5.35031229],
       [-5.49143669],
       [-5.29894064],
       [-5.28027431],
       [-5.53149414],
       [-5.43793567],
       [-4.87581082],
       [-5.60899667],
       [-5.30750753],
       [-2.17352113],
       [-5.36278735],
       [-5.41613134],
       [-5.77156366],
       [-4.73153773],
       [-3.18328067],
       [-4.56167249]])
<<<<<<<<<<< STEP 7 >>>>>>>>>>>> + array([[-0.50693977],
       [-0.19729813],
       [-0.52555399],
       [-0.51416711],
       [-0.51766573],
       [-0.57767668],
       [-0.57178444],
       [-0.57102607],
       [-0.55163783],
       [-0.52760607],
       [-0.55460636],
       [-0.18560869],
       [-0.55607445],
       [-0.5508144 ],
       [-0.52789656],
       [-0.55175173],
       [-0.55461885],
       [-0.552424  ],
       [-0.54314358],
       [-0.55543658],
       [-0.55339741],
       [-0.54182114],
       [-0.55696519],
       [-0.55093921],
       [-0.34712975],
       [-0.55367415],
       [-0.55675277],
       [-0.56420168],
       [-0.53228094],
       [-0.48962062],
       [-0.51224795]])
array([[-4.67750002],
       [-1.49528278],
       [-4.96695123],
       [-4.72910548],
       [-3.80705148],
       [-5.35386164],
       [-6.75219381],
       [-6.54221402],
       [-5.75498277],
       [-4.35940029],
       [-6.07519192],
       [-1.46381902],
       [-6.11686394],
       [-5.84273465],
       [-4.88750854],
       [-5.90206402],
       [-6.04605554],
       [-5.85136464],
       [-5.82341789],
       [-6.08693071],
       [-5.99133307],
       [-5.41763196],
       [-6.16596186],
       [-5.85844675],
       [-2.52065088],
       [-5.91646151],
       [-5.97288411],
       [-6.33576534],
       [-5.26381868],
       [-3.67290129],
       [-5.07392044]])
<<<<<<<<<<< STEP 8 >>>>>>>>>>>> + array([[-0.49668394],
       [-0.18856856],
       [-0.51090716],
       [-0.50258131],
       [-0.50299269],
       [-0.54744439],
       [-0.54494173],
       [-0.54429737],
       [-0.53238172],
       [-0.5139939 ],
       [-0.53427011],
       [-0.16547498],
       [-0.53526402],
       [-0.53162895],
       [-0.51918589],
       [-0.53302499],
       [-0.53478723],
       [-0.53360592],
       [-0.52727997],
       [-0.53550113],
       [-0.53243681],
       [-0.53155778],
       [-0.53471008],
       [-0.53102929],
       [-0.34607085],
       [-0.53367648],
       [-0.53553564],
       [-0.53978943],
       [-0.51952414],
       [-0.48531648],
       [-0.50694041]])
array([[-5.17418397],
       [-1.68385135],
       [-5.47785839],
       [-5.23168679],
       [-4.31004417],
       [-5.90130603],
       [-7.29713554],
       [-7.08651139],
       [-6.28736449],
       [-4.87339419],
       [-6.60946203],
       [-1.629294  ],
       [-6.65212796],
       [-6.3743636 ],
       [-5.40669443],
       [-6.43508901],
       [-6.58084277],
       [-6.38497056],
       [-6.35069786],
       [-6.62243184],
       [-6.52376988],
       [-5.94918974],
       [-6.70067194],
       [-6.38947603],
       [-2.86672173],
       [-6.45013799],
       [-6.50841975],
       [-6.87555477],
       [-5.78334281],
       [-4.15821777],
       [-5.58086085]])
<<<<<<<<<<< STEP 9 >>>>>>>>>>>> + array([[-0.49278272],
       [-0.17822265],
       [-0.50338154],
       [-0.49738232],
       [-0.49477418],
       [-0.52842105],
       [-0.52805728],
       [-0.52754832],
       [-0.52007295],
       [-0.50573111],
       [-0.52160224],
       [-0.14106272],
       [-0.52228554],
       [-0.51972919],
       [-0.51315084],
       [-0.52104854],
       [-0.52216541],
       [-0.52163757],
       [-0.51726154],
       [-0.52265712],
       [-0.51963672],
       [-0.52366339],
       [-0.52109131],
       [-0.51882683],
       [-0.35189792],
       [-0.52086939],
       [-0.52202036],
       [-0.52444233],
       [-0.51141937],
       [-0.48408605],
       [-0.50395658]])
array([[-5.66696669],
       [-1.862074  ],
       [-5.98123993],
       [-5.72906911],
       [-4.80481835],
       [-6.42972708],
       [-7.82519282],
       [-7.61405971],
       [-6.80743744],
       [-5.3791253 ],
       [-7.13106427],
       [-1.77035672],
       [-7.1744135 ],
       [-6.89409279],
       [-5.91984527],
       [-6.95613755],
       [-7.10300817],
       [-6.90660813],
       [-6.8679594 ],
       [-7.14508896],
       [-7.0434066 ],
       [-6.47285313],
       [-7.22176325],
       [-6.90830286],
       [-3.21861965],
       [-6.97100738],
       [-7.03044011],
       [-7.3999971 ],
       [-6.29476219],
       [-4.64230383],
       [-6.08481742]])
