<<<<<<<<<<< STEP 0 >>>>>>>>>>>> + array([[-0.90659683],
       [-0.02971805],
       [-0.48329653],
       [-0.91796882],
       [-0.94731058],
       [-0.49935321],
       [-1.07097134],
       [-1.08251632],
       [-0.45000386],
       [-0.48384428],
       [-1.01035588],
       [-0.58233113],
       [-0.99967324],
       [-0.93426768],
       [-0.82917742],
       [-1.01871329],
       [-0.53907778],
       [-0.60358561],
       [-0.95676535],
       [-0.98400658],
       [-0.96318801],
       [-0.92291239],
       [-1.03015654],
       [-0.92557067],
       [-0.87808044],
       [-0.92272203],
       [-0.72507547],
       [-1.02857927],
       [-0.81648668],
       [-0.32086273],
       [-0.87323938]])
array([[-0.90659683],
       [-0.02971805],
       [-0.48329653],
       [-0.91796882],
       [-0.94731058],
       [-0.49935321],
       [-1.07097134],
       [-1.08251632],
       [-0.45000386],
       [-0.48384428],
       [-1.01035588],
       [-0.58233113],
       [-0.99967324],
       [-0.93426768],
       [-0.82917742],
       [-1.01871329],
       [-0.53907778],
       [-0.60358561],
       [-0.95676535],
       [-0.98400658],
       [-0.96318801],
       [-0.92291239],
       [-1.03015654],
       [-0.92557067],
       [-0.87808044],
       [-0.92272203],
       [-0.72507547],
       [-1.02857927],
       [-0.81648668],
       [-0.32086273],
       [-0.87323938]])
<<<<<<<<<<< STEP 1 >>>>>>>>>>>> + array([[-0.88578363],
       [-0.03539459],
       [-0.57944453],
       [-0.89213455],
       [-0.90541621],
       [-0.61516652],
       [-1.0090238 ],
       [-1.03021111],
       [-0.57844794],
       [-0.5753027 ],
       [-0.95430658],
       [-0.66653769],
       [-0.95273827],
       [-0.90077384],
       [-0.76983829],
       [-0.94207935],
       [-0.62689969],
       [-0.6902682 ],
       [-0.87026577],
       [-0.90487777],
       [-0.92724144],
       [-0.79114094],
       [-0.97644501],
       [-0.89814048],
       [-0.80148447],
       [-0.86116912],
       [-0.81098801],
       [-0.97043531],
       [-0.74364454],
       [-0.31653629],
       [-0.78043967]])
array([[-1.79238046],
       [-0.06511264],
       [-1.06274106],
       [-1.81010337],
       [-1.8527268 ],
       [-1.11451974],
       [-2.07999514],
       [-2.11272743],
       [-1.0284518 ],
       [-1.05914698],
       [-1.96466246],
       [-1.24886882],
       [-1.95241151],
       [-1.83504151],
       [-1.59901571],
       [-1.96079264],
       [-1.16597747],
       [-1.29385381],
       [-1.82703112],
       [-1.88888436],
       [-1.89042946],
       [-1.71405333],
       [-2.00660155],
       [-1.82371115],
       [-1.67956491],
       [-1.78389115],
       [-1.53606348],
       [-1.99901458],
       [-1.56013123],
       [-0.63739901],
       [-1.65367906]])
<<<<<<<<<<< STEP 2 >>>>>>>>>>>> + array([[-0.85250444],
       [-0.01808322],
       [-0.63118421],
       [-0.85297698],
       [-0.84279221],
       [-0.6678172 ],
       [-0.93356995],
       [-0.95038142],
       [-0.70434462],
       [-0.65695318],
       [-0.87898375],
       [-0.69169565],
       [-0.87971176],
       [-0.84322281],
       [-0.71657099],
       [-0.86315782],
       [-0.69681965],
       [-0.74292021],
       [-0.78929597],
       [-0.83354856],
       [-0.86563776],
       [-0.68403157],
       [-0.89975257],
       [-0.84258467],
       [-0.72778091],
       [-0.80272858],
       [-0.82666628],
       [-0.89438408],
       [-0.68317327],
       [-0.28683923],
       [-0.69209079]])
array([[-2.6448849 ],
       [-0.08319585],
       [-1.69392526],
       [-2.66308035],
       [-2.69551901],
       [-1.78233694],
       [-3.01356509],
       [-3.06310885],
       [-1.73279642],
       [-1.71610016],
       [-2.84364621],
       [-1.94056447],
       [-2.83212327],
       [-2.67826433],
       [-2.3155867 ],
       [-2.82395046],
       [-1.86279712],
       [-2.03677402],
       [-2.61632709],
       [-2.72243292],
       [-2.75606722],
       [-2.3980849 ],
       [-2.90635412],
       [-2.66629582],
       [-2.40734582],
       [-2.58661973],
       [-2.36272976],
       [-2.89339865],
       [-2.24330449],
       [-0.92423825],
       [-2.34576984]])
<<<<<<<<<<< STEP 3 >>>>>>>>>>>> + array([[-0.79291427],
       [ 0.00595069],
       [-0.60439581],
       [-0.7901061 ],
       [-0.77239904],
       [-0.63581883],
       [-0.84553688],
       [-0.85543269],
       [-0.77846354],
       [-0.70392659],
       [-0.79374397],
       [-0.67335722],
       [-0.79544237],
       [-0.77072931],
       [-0.6699651 ],
       [-0.78919246],
       [-0.72624068],
       [-0.7453109 ],
       [-0.7253047 ],
       [-0.7679731 ],
       [-0.78856223],
       [-0.6106887 ],
       [-0.81185623],
       [-0.7708501 ],
       [-0.66802915],
       [-0.7464568 ],
       [-0.78423411],
       [-0.81226339],
       [-0.642792  ],
       [-0.25726065],
       [-0.62628184]])
array([[-3.43779916],
       [-0.07724517],
       [-2.29832107],
       [-3.45318646],
       [-3.46791805],
       [-2.41815577],
       [-3.85910197],
       [-3.91854154],
       [-2.51125996],
       [-2.42002675],
       [-3.63739019],
       [-2.61392169],
       [-3.62756564],
       [-3.44899364],
       [-2.9855518 ],
       [-3.61314292],
       [-2.58903781],
       [-2.78208492],
       [-3.34163178],
       [-3.49040602],
       [-3.54462944],
       [-3.0087736 ],
       [-3.71821035],
       [-3.43714593],
       [-3.07537497],
       [-3.33307653],
       [-3.14696386],
       [-3.70566204],
       [-2.88609649],
       [-1.1814989 ],
       [-2.97205169]])
<<<<<<<<<<< STEP 4 >>>>>>>>>>>> + array([[-0.71613853],
       [ 0.02936119],
       [-0.4995679 ],
       [-0.71302345],
       [-0.70187064],
       [-0.54451427],
       [-0.75244965],
       [-0.75690546],
       [-0.76583888],
       [-0.70139345],
       [-0.70963122],
       [-0.63466525],
       [-0.71166423],
       [-0.69525172],
       [-0.62626565],
       [-0.71542442],
       [-0.7010474 ],
       [-0.70297646],
       [-0.66693401],
       [-0.70188524],
       [-0.70776075],
       [-0.56795135],
       [-0.72337004],
       [-0.69539954],
       [-0.62229489],
       [-0.68891455],
       [-0.71388591],
       [-0.729169  ],
       [-0.61090309],
       [-0.24322273],
       [-0.58099863]])
array([[-4.1539377 ],
       [-0.04788398],
       [-2.79788897],
       [-4.16620991],
       [-4.16978869],
       [-2.96267005],
       [-4.61155162],
       [-4.675447  ],
       [-3.27709885],
       [-3.1214202 ],
       [-4.34702141],
       [-3.24858695],
       [-4.33922987],
       [-4.14424536],
       [-3.61181745],
       [-4.32856735],
       [-3.29008521],
       [-3.48506138],
       [-4.00856579],
       [-4.19229126],
       [-4.25239019],
       [-3.57672495],
       [-4.44158039],
       [-4.13254547],
       [-3.69766986],
       [-4.02199108],
       [-3.86084978],
       [-4.43483104],
       [-3.49699958],
       [-1.42472162],
       [-3.55305032]])
<<<<<<<<<<< STEP 5 >>>>>>>>>>>> + array([[-0.64451093],
       [ 0.04866215],
       [-0.35682655],
       [-0.64230569],
       [-0.63940024],
       [-0.44771267],
       [-0.67045297],
       [-0.67176396],
       [-0.70178141],
       [-0.66408102],
       [-0.63833332],
       [-0.59351493],
       [-0.64031785],
       [-0.62974403],
       [-0.58695219],
       [-0.64886379],
       [-0.6463266 ],
       [-0.64380606],
       [-0.61369513],
       [-0.64115444],
       [-0.6381479 ],
       [-0.54580391],
       [-0.64840562],
       [-0.63027523],
       [-0.58690344],
       [-0.63539355],
       [-0.64539668],
       [-0.65637312],
       [-0.58112999],
       [-0.24201104],
       [-0.55088874]])
array([[ -4.79844863e+00],
       [  7.78169207e-04],
       [ -3.15471552e+00],
       [ -4.80851560e+00],
       [ -4.80918893e+00],
       [ -3.41038271e+00],
       [ -5.28200459e+00],
       [ -5.34721096e+00],
       [ -3.97888026e+00],
       [ -3.78550122e+00],
       [ -4.98535473e+00],
       [ -3.84210188e+00],
       [ -4.97954772e+00],
       [ -4.77398940e+00],
       [ -4.19876964e+00],
       [ -4.97743113e+00],
       [ -3.93641181e+00],
       [ -4.12886743e+00],
       [ -4.62226092e+00],
       [ -4.83344570e+00],
       [ -4.89053809e+00],
       [ -4.12252886e+00],
       [ -5.08998602e+00],
       [ -4.76282069e+00],
       [ -4.28457330e+00],
       [ -4.65738463e+00],
       [ -4.50624645e+00],
       [ -5.09120416e+00],
       [ -4.07812957e+00],
       [ -1.66673266e+00],
       [ -4.10393906e+00]])
<<<<<<<<<<< STEP 6 >>>>>>>>>>>> + array([[-0.591692  ],
       [ 0.06263921],
       [-0.20895372],
       [-0.59036903],
       [-0.59203405],
       [-0.3879344 ],
       [-0.61023332],
       [-0.61010169],
       [-0.63758862],
       [-0.62040787],
       [-0.58705126],
       [-0.56060228],
       [-0.58879097],
       [-0.58210892],
       [-0.55655538],
       [-0.59824086],
       [-0.59627278],
       [-0.59324722],
       [-0.57276182],
       [-0.59414059],
       [-0.58798909],
       [-0.53371445],
       [-0.59470274],
       [-0.58318617],
       [-0.56026702],
       [-0.59302338],
       [-0.59491914],
       [-0.60237674],
       [-0.556289  ],
       [-0.25569773],
       [-0.53166333]])
array([[-5.39014063],
       [ 0.06341738],
       [-3.36366924],
       [-5.39888463],
       [-5.40122298],
       [-3.79831711],
       [-5.89223791],
       [-5.95731265],
       [-4.61646888],
       [-4.40590909],
       [-5.57240599],
       [-4.40270416],
       [-5.56833869],
       [-5.35609832],
       [-4.75532502],
       [-5.57567199],
       [-4.53268459],
       [-4.72211465],
       [-5.19502274],
       [-5.42758629],
       [-5.47852718],
       [-4.6562433 ],
       [-5.68468876],
       [-5.34600686],
       [-4.84484033],
       [-5.25040801],
       [-5.10116559],
       [-5.69358091],
       [-4.63441857],
       [-1.9224304 ],
       [-4.63560239]])
<<<<<<<<<<< STEP 7 >>>>>>>>>>>> + array([[-0.55739497],
       [ 0.07152267],
       [-0.05903018],
       [-0.55663963],
       [-0.55963417],
       [-0.38118373],
       [-0.57041777],
       [-0.56978665],
       [-0.59053979],
       [-0.58466639],
       [-0.55388546],
       [-0.53802207],
       [-0.55531005],
       [-0.55111344],
       [-0.53572821],
       [-0.56376147],
       [-0.56215301],
       [-0.55822538],
       [-0.54518117],
       [-0.56163376],
       [-0.55548239],
       [-0.52583391],
       [-0.55989999],
       [-0.552562  ],
       [-0.54111061],
       [-0.56282191],
       [-0.562808  ],
       [-0.56617727],
       [-0.53794126],
       [-0.29468898],
       [-0.51978462]])
array([[-5.9475356 ],
       [ 0.13494005],
       [-3.42269943],
       [-5.95552426],
       [-5.96085715],
       [-4.17950084],
       [-6.46265568],
       [-6.5270993 ],
       [-5.20700867],
       [-4.99057548],
       [-6.12629145],
       [-4.94072622],
       [-6.12364875],
       [-5.90721176],
       [-5.29105322],
       [-6.13943346],
       [-5.09483759],
       [-5.28034003],
       [-5.7402039 ],
       [-5.98922004],
       [-6.03400957],
       [-5.18207722],
       [-6.24458875],
       [-5.89856886],
       [-5.38595094],
       [-5.81322991],
       [-5.66397359],
       [-6.25975818],
       [-5.17235983],
       [-2.21711938],
       [-5.15538701]])
<<<<<<<<<<< STEP 8 >>>>>>>>>>>> + array([[-0.53636361],
       [ 0.07612899],
       [ 0.09727269],
       [-0.53591966],
       [-0.53832442],
       [-0.42482044],
       [-0.54509346],
       [-0.54443674],
       [-0.55898569],
       [-0.55841764],
       [-0.53348274],
       [-0.52366009],
       [-0.53458213],
       [-0.53197665],
       [-0.52227691],
       [-0.54124419],
       [-0.54151537],
       [-0.53598293],
       [-0.52771034],
       [-0.54010589],
       [-0.53540496],
       [-0.51993973],
       [-0.53830484],
       [-0.5335937 ],
       [-0.52759068],
       [-0.54208593],
       [-0.54343117],
       [-0.54280129],
       [-0.52506406],
       [-0.36473258],
       [-0.51261121]])
array([[-6.4838992 ],
       [ 0.21106904],
       [-3.32542673],
       [-6.49144391],
       [-6.49918157],
       [-4.60432128],
       [-7.00774914],
       [-7.07153605],
       [-5.76599436],
       [-5.54899312],
       [-6.65977418],
       [-5.46438631],
       [-6.65823088],
       [-6.43918841],
       [-5.81333013],
       [-6.68067765],
       [-5.63635297],
       [-5.81632296],
       [-6.26791424],
       [-6.52932593],
       [-6.56941452],
       [-5.70201695],
       [-6.78289359],
       [-6.43216256],
       [-5.91354162],
       [-6.35531584],
       [-6.20740476],
       [-6.80255947],
       [-5.69742388],
       [-2.58185196],
       [-5.66799822]])
<<<<<<<<<<< STEP 9 >>>>>>>>>>>> + array([[-0.52385941],
       [ 0.07729888],
       [ 0.23889325],
       [-0.5235622 ],
       [-0.52434084],
       [-0.48977227],
       [-0.52908565],
       [-0.52863701],
       [-0.53800422],
       [-0.53923294],
       [-0.52124027],
       [-0.51499453],
       [-0.52202789],
       [-0.52047115],
       [-0.51378607],
       [-0.52661395],
       [-0.52915547],
       [-0.52241851],
       [-0.51691587],
       [-0.52590306],
       [-0.52329337],
       [-0.51525531],
       [-0.52514731],
       [-0.52212423],
       [-0.51796489],
       [-0.52782324],
       [-0.53111349],
       [-0.52776395],
       [-0.51606419],
       [-0.44663922],
       [-0.50837109]])
array([[-7.00775861],
       [ 0.28836792],
       [-3.08653348],
       [-7.01500611],
       [-7.02352241],
       [-5.09409355],
       [-7.53683479],
       [-7.60017306],
       [-6.30399858],
       [-6.08822606],
       [-7.18101446],
       [-5.97938084],
       [-7.18025876],
       [-6.95965955],
       [-6.3271162 ],
       [-7.20729161],
       [-6.16550844],
       [-6.33874148],
       [-6.78483011],
       [-7.05522899],
       [-7.09270789],
       [-6.21727226],
       [-7.3080409 ],
       [-6.95428679],
       [-6.43150651],
       [-6.88313908],
       [-6.73851824],
       [-7.33032342],
       [-6.21348807],
       [-3.02849117],
       [-6.1763693 ]])
