<<<<<<<<<<< STEP 0 >>>>>>>>>>>> + array([[-0.51832794],
       [ 0.06602779],
       [ 0.1088318 ],
       [-0.51789669],
       [-0.5171935 ],
       [-0.52133598],
       [-0.52930857],
       [-0.5213701 ],
       [-0.38987172],
       [-0.49275783],
       [-0.51637933],
       [ 0.04756403],
       [-0.51693389],
       [-0.51550836],
       [-0.50791379],
       [-0.51773403],
       [-0.52874628],
       [-0.51494986],
       [-0.51843836],
       [-0.51768323],
       [-0.5170041 ],
       [-0.51516548],
       [-0.51819024],
       [-0.51583929],
       [-0.51132172],
       [-0.51818226],
       [-0.51872147],
       [-0.51952358],
       [ 0.06156709],
       [-0.42801026],
       [-0.04739819]])
array([[-7.2285534 ],
       [ 0.59096122],
       [-0.72151557],
       [-7.25751159],
       [-7.51765603],
       [-8.13710261],
       [-7.27193736],
       [-7.99846398],
       [-3.83432739],
       [-5.29595261],
       [-7.61274976],
       [-0.1291891 ],
       [-7.62081945],
       [-7.38846328],
       [-6.55176697],
       [-7.51249151],
       [-6.21829131],
       [-7.24096191],
       [-7.36688914],
       [-7.69397569],
       [-7.43689357],
       [-6.90703128],
       [-7.63538858],
       [-7.31471561],
       [-7.04377873],
       [-7.53436139],
       [-7.55912897],
       [-7.87077987],
       [-1.62634758],
       [-4.14376058],
       [-0.3948423 ]])
<<<<<<<<<<< STEP 1 >>>>>>>>>>>> + array([[-0.51320778],
       [ 0.06428606],
       [ 0.11794253],
       [-0.51286037],
       [-0.51128378],
       [-0.51431859],
       [-0.51998834],
       [-0.5146289 ],
       [-0.419687  ],
       [-0.49452004],
       [-0.51124115],
       [ 0.05320124],
       [-0.51163248],
       [-0.51070248],
       [-0.50507734],
       [-0.51198072],
       [-0.51986215],
       [-0.51000833],
       [-0.5129807 ],
       [-0.51173162],
       [-0.51203236],
       [-0.51161161],
       [-0.51277002],
       [-0.51118237],
       [-0.50713356],
       [-0.5121967 ],
       [-0.51258153],
       [-0.51316293],
       [ 0.13071059],
       [-0.44854277],
       [-0.0519813 ]])
array([[-7.74176118],
       [ 0.65524728],
       [-0.60357305],
       [-7.77037196],
       [-8.02893981],
       [-8.6514212 ],
       [-7.79192569],
       [-8.51309288],
       [-4.25401439],
       [-5.79047265],
       [-8.12399091],
       [-0.07598786],
       [-8.13245193],
       [-7.89916576],
       [-7.05684431],
       [-8.02447223],
       [-6.73815346],
       [-7.75097024],
       [-7.87986985],
       [-8.20570731],
       [-7.94892593],
       [-7.41864289],
       [-8.14815861],
       [-7.82589798],
       [-7.55091229],
       [-8.04655809],
       [-8.0717105 ],
       [-8.3839428 ],
       [-1.49563699],
       [-4.59230335],
       [-0.4468236 ]])
<<<<<<<<<<< STEP 2 >>>>>>>>>>>> + array([[-0.50962709],
       [ 0.06229101],
       [ 0.12161123],
       [-0.50934982],
       [-0.50746881],
       [-0.50972653],
       [-0.51380327],
       [-0.51014219],
       [-0.45092088],
       [-0.4968403 ],
       [-0.50779685],
       [ 0.05711752],
       [-0.50807854],
       [-0.50746881],
       [-0.50325481],
       [-0.50819522],
       [-0.51383305],
       [-0.50675334],
       [-0.50930277],
       [-0.50785288],
       [-0.50863193],
       [-0.50891875],
       [-0.50909039],
       [-0.50800357],
       [-0.50451075],
       [-0.50829857],
       [-0.50857319],
       [-0.50899806],
       [ 0.19030048],
       [-0.46720199],
       [-0.05684079]])
array([[-8.25138826],
       [ 0.71753829],
       [-0.48196182],
       [-8.27972178],
       [-8.53640862],
       [-9.16114773],
       [-8.30572896],
       [-9.02323507],
       [-4.70493527],
       [-6.28731295],
       [-8.63178776],
       [-0.01887035],
       [-8.64053047],
       [-8.40663457],
       [-7.56009913],
       [-8.53266745],
       [-7.25198651],
       [-8.25772359],
       [-8.38917262],
       [-8.71356018],
       [-8.45755786],
       [-7.92756164],
       [-8.657249  ],
       [-8.33390155],
       [-8.05542303],
       [-8.55485665],
       [-8.58028369],
       [-8.89294086],
       [-1.30533651],
       [-5.05950534],
       [-0.50366439]])
<<<<<<<<<<< STEP 3 >>>>>>>>>>>> + array([[-0.50707474],
       [ 0.0601924 ],
       [ 0.12171385],
       [-0.50685569],
       [-0.50500999],
       [-0.50670887],
       [-0.50966635],
       [-0.5071263 ],
       [-0.47620377],
       [-0.49880997],
       [-0.50545784],
       [ 0.06003496],
       [-0.50566549],
       [-0.50526191],
       [-0.50208233],
       [-0.50569148],
       [-0.50973741],
       [-0.50459397],
       [-0.50679867],
       [-0.50532256],
       [-0.50626289],
       [-0.50687247],
       [-0.50654979],
       [-0.50579318],
       [-0.50288888],
       [-0.50575613],
       [-0.50594562],
       [-0.50625331],
       [ 0.23238625],
       [-0.48145089],
       [-0.0619535 ]])
array([[-8.758463  ],
       [ 0.77773069],
       [-0.36024797],
       [-8.78657747],
       [-9.04141861],
       [-9.6678566 ],
       [-8.81539532],
       [-9.53036138],
       [-5.18113903],
       [-6.78612293],
       [-9.1372456 ],
       [ 0.04116461],
       [-9.14619596],
       [-8.91189649],
       [-8.06218146],
       [-9.03835893],
       [-7.76172393],
       [-8.76231756],
       [-8.89597129],
       [-9.21888275],
       [-8.96382076],
       [-8.43443411],
       [-9.16379879],
       [-8.83969473],
       [-8.55831191],
       [-9.06061278],
       [-9.0862293 ],
       [-9.39919417],
       [-1.07295026],
       [-5.54095622],
       [-0.56561789]])
<<<<<<<<<<< STEP 4 >>>>>>>>>>>> + array([[-0.5052303 ],
       [ 0.05808046],
       [ 0.11948055],
       [-0.50505882],
       [-0.50341676],
       [-0.50470491],
       [-0.50686604],
       [-0.50507372],
       [-0.4924537 ],
       [-0.50008739],
       [-0.50385337],
       [ 0.06225379],
       [-0.50400981],
       [-0.50373893],
       [-0.50132962],
       [-0.50401679],
       [-0.50693668],
       [-0.50315252],
       [-0.50505631],
       [-0.50366148],
       [-0.50458563],
       [-0.50530749],
       [-0.5047677 ],
       [-0.50423149],
       [-0.50188756],
       [-0.50407693],
       [-0.50420133],
       [-0.50442068],
       [ 0.25394343],
       [-0.49078514],
       [-0.06734265]])
array([[ -9.2636933 ],
       [  0.83581115],
       [ -0.24076742],
       [ -9.29163629],
       [ -9.54483537],
       [-10.17256151],
       [ -9.32226136],
       [-10.0354351 ],
       [ -5.67359274],
       [ -7.28621031],
       [ -9.64109897],
       [  0.1034184 ],
       [ -9.65020577],
       [ -9.41563542],
       [ -8.56351107],
       [ -9.54237573],
       [ -8.2686606 ],
       [ -9.26547008],
       [ -9.4010276 ],
       [ -9.72254422],
       [ -9.46840639],
       [ -8.9397416 ],
       [ -9.6685665 ],
       [ -9.34392622],
       [ -9.06019947],
       [ -9.56468972],
       [ -9.59043063],
       [ -9.90361485],
       [ -0.81900683],
       [ -6.03174137],
       [ -0.63296054]])
<<<<<<<<<<< STEP 5 >>>>>>>>>>>> + array([[-0.50388532],
       [ 0.05599617],
       [ 0.11568463],
       [-0.50375208],
       [-0.50236936],
       [-0.5033502 ],
       [-0.50493923],
       [-0.50365519],
       [-0.50092776],
       [-0.50073405],
       [-0.50274404],
       [ 0.06376089],
       [-0.50286366],
       [-0.50267882],
       [-0.50084894],
       [-0.50287661],
       [-0.50499783],
       [-0.50218437],
       [-0.50380611],
       [-0.50255672],
       [-0.503382  ],
       [-0.50410141],
       [-0.50349955],
       [-0.50311352],
       [-0.50126025],
       [-0.50294023],
       [-0.50301798],
       [-0.50317208],
       [ 0.2577115 ],
       [-0.4961775 ],
       [-0.07311256]])
array([[ -9.76757862],
       [  0.89180732],
       [ -0.12508279],
       [ -9.79538837],
       [-10.04720473],
       [-10.67591171],
       [ -9.82720059],
       [-10.53909029],
       [ -6.1745205 ],
       [ -7.78694436],
       [-10.14384302],
       [  0.16717929],
       [-10.15306943],
       [ -9.91831424],
       [ -9.06436001],
       [-10.04525234],
       [ -8.77365844],
       [ -9.76765445],
       [ -9.9048337 ],
       [-10.22510094],
       [ -9.97178839],
       [ -9.44384301],
       [-10.17206605],
       [ -9.84703974],
       [ -9.56145972],
       [-10.06762995],
       [-10.09344862],
       [-10.40678693],
       [ -0.56129533],
       [ -6.52791886],
       [ -0.7060731 ]])
<<<<<<<<<<< STEP 6 >>>>>>>>>>>> + array([[-0.50289824],
       [ 0.05394511],
       [ 0.11084826],
       [-0.50279528],
       [-0.5016664 ],
       [-0.50241436],
       [-0.50358916],
       [-0.50265862],
       [-0.50444048],
       [-0.50095809],
       [-0.50197126],
       [ 0.06447859],
       [-0.50206336],
       [-0.50193511],
       [-0.50054381],
       [-0.50208407],
       [-0.50363492],
       [-0.5015293 ],
       [-0.50288182],
       [-0.50180893],
       [-0.5025086 ],
       [-0.5031667 ],
       [-0.50258568],
       [-0.50230455],
       [-0.50085644],
       [-0.50214746],
       [-0.50219433],
       [-0.50230155],
       [ 0.24924358],
       [-0.49898557],
       [-0.07944455]])
array([[-10.27047687],
       [  0.94575243],
       [ -0.01423453],
       [-10.29818365],
       [-10.54887112],
       [-11.17832607],
       [-10.33078975],
       [-11.04174891],
       [ -6.67896098],
       [ -8.28790245],
       [-10.64581427],
       [  0.23165787],
       [-10.6551328 ],
       [-10.42024934],
       [ -9.56490382],
       [-10.54733641],
       [ -9.27729336],
       [-10.26918375],
       [-10.40771552],
       [-10.72690987],
       [-10.47429699],
       [ -9.94700971],
       [-10.67465173],
       [-10.3493443 ],
       [-10.06231616],
       [-10.56977741],
       [-10.59564295],
       [-10.90908849],
       [ -0.31205175],
       [ -7.02690444],
       [ -0.78551765]])
<<<<<<<<<<< STEP 7 >>>>>>>>>>>> + array([[-0.50216987],
       [ 0.05192664],
       [ 0.10537747],
       [-0.50209064],
       [-0.50118468],
       [-0.50175496],
       [-0.50262772],
       [-0.50194806],
       [-0.50534068],
       [-0.50095089],
       [-0.50142834],
       [ 0.06441534],
       [-0.50149936],
       [-0.50140898],
       [-0.50035081],
       [-0.50152273],
       [-0.50266283],
       [-0.501082  ],
       [-0.5021847 ],
       [-0.50129363],
       [-0.50186911],
       [-0.50244089],
       [-0.50192022],
       [-0.50171397],
       [-0.50058889],
       [-0.5015803 ],
       [-0.50160813],
       [-0.50168235],
       [ 0.23396015],
       [-0.50030015],
       [-0.08655306]])
array([[-10.77264674],
       [  0.99767906],
       [  0.09114294],
       [-10.80027428],
       [-11.0500558 ],
       [-11.68008103],
       [-10.83341747],
       [-11.54369696],
       [ -7.18430166],
       [ -8.78885334],
       [-11.14724262],
       [  0.29607322],
       [-11.15663216],
       [-10.92165832],
       [-10.06525463],
       [-11.04885914],
       [ -9.77995619],
       [-10.77026575],
       [-10.90990022],
       [-11.2282035 ],
       [-10.97616609],
       [-10.4494506 ],
       [-11.17657195],
       [-10.85105827],
       [-10.56290505],
       [-11.07135771],
       [-11.09725107],
       [-11.41077084],
       [ -0.0780916 ],
       [ -7.52720459],
       [ -0.87207071]])
<<<<<<<<<<< STEP 8 >>>>>>>>>>>> + array([[-0.50162968],
       [ 0.04995043],
       [ 0.09960839],
       [-0.50156889],
       [-0.50084905],
       [-0.50128349],
       [-0.50193455],
       [-0.50143551],
       [-0.50506201],
       [-0.50084025],
       [-0.50104329],
       [ 0.06367629],
       [-0.50109798],
       [-0.5010334 ],
       [-0.50022864],
       [-0.50111948],
       [-0.50196149],
       [-0.50077333],
       [-0.50165447],
       [-0.50093313],
       [-0.50139757],
       [-0.50187794],
       [-0.50143172],
       [-0.5012797 ],
       [-0.50040778],
       [-0.50116787],
       [-0.50118451],
       [-0.50123578],
       [ 0.21586297],
       [-0.50082122],
       [-0.09465684]])
array([[-11.27427642],
       [  1.04762949],
       [  0.19075133],
       [-11.30184318],
       [-11.55090485],
       [-12.18136453],
       [-11.33535202],
       [-12.04513247],
       [ -7.68936367],
       [ -9.28969359],
       [-11.64828591],
       [  0.35974951],
       [-11.65773014],
       [-11.42269172],
       [-10.56548327],
       [-11.54997862],
       [-10.28191767],
       [-11.27103908],
       [-11.41155469],
       [-11.72913663],
       [-11.47756366],
       [-10.95132854],
       [-11.67800367],
       [-11.35233796],
       [-11.06331283],
       [-11.57252558],
       [-11.59843558],
       [-11.91200662],
       [  0.13777137],
       [ -8.0280258 ],
       [ -0.96672755]])
<<<<<<<<<<< STEP 9 >>>>>>>>>>>> + array([[-0.50122719],
       [ 0.04803397],
       [ 0.09380745],
       [-0.50118067],
       [-0.50061246],
       [-0.50094311],
       [-0.50143049],
       [-0.50106264],
       [-0.50435137],
       [-0.50069802],
       [-0.50076751],
       [ 0.06241358],
       [-0.50080955],
       [-0.50076283],
       [-0.50015089],
       [-0.50082699],
       [-0.50145128],
       [-0.50055792],
       [-0.50125091],
       [-0.50067797],
       [-0.50104799],
       [-0.5014425 ],
       [-0.50107093],
       [-0.5009585 ],
       [-0.50028365],
       [-0.5008654 ],
       [-0.50087563],
       [-0.50091099],
       [ 0.19742907],
       [-0.50094958],
       [-0.10398315]])
array([[-11.77550361],
       [  1.09566346],
       [  0.28455878],
       [-11.80302385],
       [-12.05151731],
       [-12.68230764],
       [-11.83678252],
       [-12.54619511],
       [ -8.19371504],
       [ -9.79039161],
       [-12.14905342],
       [  0.42216309],
       [-12.15853969],
       [-11.92345455],
       [-11.06563416],
       [-12.05080561],
       [-10.78336896],
       [-11.771597  ],
       [-11.9128056 ],
       [-12.2298146 ],
       [-11.97861165],
       [-11.45277105],
       [-12.1790746 ],
       [-11.85329647],
       [-11.56359648],
       [-12.07339098],
       [-12.09931121],
       [-12.41291761],
       [  0.33520044],
       [ -8.52897539],
       [ -1.0707107 ]])
<<<<<<<<<<< STEP 10 >>>>>>>>>>>> + array([[-0.50092612],
       [ 0.04619407],
       [ 0.08816773],
       [-0.50089058],
       [-0.50044431],
       [-0.50069579],
       [-0.50106173],
       [-0.50078966],
       [-0.50355854],
       [-0.5005593 ],
       [-0.50056814],
       [ 0.06077985],
       [-0.50060039],
       [-0.50056623],
       [-0.50010099],
       [-0.50061341],
       [-0.50107791],
       [-0.50040594],
       [-0.50094457],
       [-0.50049569],
       [-0.50078773],
       [-0.5011067 ],
       [-0.50080321],
       [-0.50071984],
       [-0.50019806],
       [-0.50064268],
       [-0.50064925],
       [-0.50067362],
       [ 0.17996941],
       [-0.50089997],
       [-0.11478772]])
array([[-12.27642973],
       [  1.14185754],
       [  0.37272652],
       [-12.30391442],
       [-12.55196162],
       [-13.18300343],
       [-12.33784425],
       [-13.04698478],
       [ -8.69727358],
       [-10.29095092],
       [-12.64962157],
       [  0.48294293],
       [-12.65914008],
       [-12.42402078],
       [-11.56573515],
       [-12.55141902],
       [-11.28444686],
       [-12.27200294],
       [-12.41375017],
       [-12.73031029],
       [-12.47939938],
       [-11.95387774],
       [-12.67987781],
       [-12.3540163 ],
       [-12.06379454],
       [-12.57403366],
       [-12.59996047],
       [-12.91359122],
       [  0.51516984],
       [ -9.02987536],
       [ -1.18549842]])
<<<<<<<<<<< STEP 11 >>>>>>>>>>>> + array([[-0.50070016],
       [ 0.04444162],
       [ 0.08281609],
       [-0.50067304],
       [-0.50032403],
       [-0.50051522],
       [-0.50079069],
       [-0.50058882],
       [-0.5028293 ],
       [-0.50043837],
       [-0.50042281],
       [ 0.05890342],
       [-0.50044751],
       [-0.5004223 ],
       [-0.50006864],
       [-0.50045665],
       [-0.50080339],
       [-0.50029763],
       [-0.50071278],
       [-0.50036448],
       [-0.50059331],
       [-0.50084839],
       [-0.50060382],
       [-0.50054183],
       [-0.50013887],
       [-0.5004783 ],
       [-0.50048276],
       [-0.50049954],
       [ 0.1640484 ],
       [-0.50078175],
       [-0.12737404]])
array([[-12.77712989],
       [  1.18629915],
       [  0.45554261],
       [-12.80458746],
       [-13.05228565],
       [-13.68351865],
       [-12.83863494],
       [-13.54757359],
       [ -9.20010287],
       [-10.79138928],
       [-13.15004438],
       [  0.54184635],
       [-13.1595876 ],
       [-12.92444308],
       [-12.06580379],
       [-13.05187567],
       [-11.78525025],
       [-12.77230057],
       [-12.91446295],
       [-13.23067477],
       [-12.9799927 ],
       [-12.45472613],
       [-13.18048163],
       [-12.85455813],
       [-12.5639334 ],
       [-13.07451196],
       [-13.10044322],
       [-13.41409076],
       [  0.67921824],
       [ -9.53065711],
       [ -1.31287246]])
<<<<<<<<<<< STEP 12 >>>>>>>>>>>> + array([[-0.50053012],
       [ 0.04278046],
       [ 0.0778279 ],
       [-0.50050945],
       [-0.50023752],
       [-0.50038286],
       [-0.50059069],
       [-0.50044042],
       [-0.50221203],
       [-0.50033889],
       [-0.5003161 ],
       [ 0.05688126],
       [-0.500335  ],
       [-0.50031624],
       [-0.50004744],
       [-0.50034109],
       [-0.50060076],
       [-0.50021974],
       [-0.50053785],
       [-0.5002694 ],
       [-0.50044768],
       [-0.50065007],
       [-0.50045486],
       [-0.50040864],
       [-0.50009783],
       [-0.50035674],
       [-0.50035993],
       [-0.50037152],
       [ 0.14980912],
       [-0.50064779],
       [-0.14210475]])
array([[-13.27766001],
       [  1.22907961],
       [  0.53337051],
       [-13.30509691],
       [-13.55252317],
       [-14.18390151],
       [-13.33922563],
       [-14.04801401],
       [ -9.70231491],
       [-11.29172817],
       [-13.65036048],
       [  0.59872761],
       [-13.6599226 ],
       [-13.42475932],
       [-12.56585122],
       [-13.55221676],
       [-12.28585101],
       [-13.27252031],
       [-13.4150008 ],
       [-13.73094417],
       [-13.48044037],
       [-12.95537619],
       [-13.68093649],
       [-13.35496677],
       [-13.06403124],
       [-13.5748687 ],
       [-13.60080315],
       [-13.91446229],
       [  0.82902736],
       [-10.0313049 ],
       [ -1.45497721]])
<<<<<<<<<<< STEP 13 >>>>>>>>>>>> + array([[-0.50040188],
       [ 0.0412086 ],
       [ 0.07324298],
       [-0.50038612],
       [-0.50017496],
       [-0.50028545],
       [-0.5004426 ],
       [-0.50033036],
       [-0.50171185],
       [-0.50025978],
       [-0.50023729],
       [ 0.05478103],
       [-0.50025173],
       [-0.50023768],
       [-0.5000334 ],
       [-0.50025555],
       [-0.50045069],
       [-0.50016329],
       [-0.50040604],
       [-0.50020007],
       [-0.50033832],
       [-0.500498  ],
       [-0.50034327],
       [-0.50030872],
       [-0.50006932],
       [-0.50026664],
       [-0.50026904],
       [-0.50027713],
       [ 0.13718214],
       [-0.50052165],
       [-0.15940125]])
array([[-13.77806189],
       [  1.27028821],
       [  0.60661349],
       [-13.80548303],
       [-14.05269813],
       [-14.68418697],
       [-13.83966823],
       [-14.54834437],
       [-10.20402676],
       [-11.79198795],
       [-14.15059777],
       [  0.65350864],
       [-14.16017433],
       [-13.924997  ],
       [-13.06588463],
       [-14.05247231],
       [-12.7863017 ],
       [-13.7726836 ],
       [-13.91540683],
       [-14.23114424],
       [-13.9807787 ],
       [-13.45587419],
       [-14.18127976],
       [-13.85527548],
       [-13.56410056],
       [-14.07513534],
       [-14.10107219],
       [-14.41473942],
       [  0.9662095 ],
       [-10.53182655],
       [ -1.61437846]])
<<<<<<<<<<< STEP 14 >>>>>>>>>>>> + array([[-0.50030497],
       [ 0.03971996],
       [ 0.06907896],
       [-0.50029296],
       [-0.50012949],
       [-0.50021352],
       [-0.50033258],
       [-0.50024846],
       [-0.50131667],
       [-0.50019814],
       [-0.50017878],
       [ 0.05264639],
       [-0.5001898 ],
       [-0.50017922],
       [-0.50002404],
       [-0.50019199],
       [-0.50033919],
       [-0.50012212],
       [-0.5003068 ],
       [-0.50014923],
       [-0.50025604],
       [-0.50038148],
       [-0.50025949],
       [-0.50023358],
       [-0.50004944],
       [-0.50019967],
       [-0.50020158],
       [-0.50020734],
       [ 0.126005  ],
       [-0.50041224],
       [-0.17972334]])
array([[-14.27836686],
       [  1.31000817],
       [  0.67569245],
       [-14.305776  ],
       [-14.55282762],
       [-15.18440048],
       [-14.34000081],
       [-15.04859283],
       [-10.70534342],
       [-12.29218609],
       [-14.65077655],
       [  0.70615503],
       [-14.66036413],
       [-14.42517622],
       [-13.56590866],
       [-14.5526643 ],
       [-13.28664089],
       [-14.27280572],
       [-14.41571363],
       [-14.73129346],
       [-14.48103473],
       [-13.95625568],
       [-14.68153925],
       [-14.35550906],
       [-14.06415   ],
       [-14.57533501],
       [-14.60127376],
       [-14.91494676],
       [  1.0922145 ],
       [-11.03223879],
       [ -1.7941018 ]])
<<<<<<<<<<< STEP 15 >>>>>>>>>>>> + array([[-0.50023163],
       [ 0.03830596],
       [ 0.06534065],
       [-0.50022247],
       [-0.50009629],
       [-0.5001602 ],
       [-0.5002506 ],
       [-0.50018734],
       [-0.50100926],
       [-0.50015075],
       [-0.50013517],
       [ 0.05050299],
       [-0.50014355],
       [-0.50013556],
       [-0.50001774],
       [-0.5001446 ],
       [-0.50025612],
       [-0.50009191],
       [-0.50023209],
       [-0.50011175],
       [-0.500194  ],
       [-0.50029225],
       [-0.50019645],
       [-0.50017697],
       [-0.50003554],
       [-0.50014977],
       [-0.50015135],
       [-0.5001556 ],
       [ 0.11608532],
       [-0.50032148],
       [-0.20351362]])
array([[-14.77859849],
       [  1.34831413],
       [  0.7410331 ],
       [-14.80599846],
       [-15.05292391],
       [-15.68456068],
       [-14.84025141],
       [-15.54878017],
       [-11.20635269],
       [-12.79233684],
       [-15.15091172],
       [  0.75665802],
       [-15.16050768],
       [-14.92531178],
       [-14.0659264 ],
       [-15.0528089 ],
       [-13.78689701],
       [-14.77289763],
       [-14.91594572],
       [-15.23140521],
       [-14.98122874],
       [-14.45654793],
       [-15.1817357 ],
       [-14.85568603],
       [-14.56418554],
       [-15.07548478],
       [-15.10142511],
       [-15.41510236],
       [  1.20829982],
       [-11.53256027],
       [ -1.99761542]])
<<<<<<<<<<< STEP 16 >>>>>>>>>>>> + array([[-0.50017603],
       [ 0.03695698],
       [ 0.06202514],
       [-0.50016905],
       [-0.50007193],
       [-0.50012055],
       [-0.50018935],
       [-0.50014158],
       [-0.50077247],
       [-0.50011461],
       [-0.50010255],
       [ 0.04836422],
       [-0.5001089 ],
       [-0.50010284],
       [-0.50001347],
       [-0.50010915],
       [-0.50019405],
       [-0.50006964],
       [-0.50017582],
       [-0.50008399],
       [-0.50014716],
       [-0.50022392],
       [-0.50014893],
       [-0.50013423],
       [-0.50002577],
       [-0.50011247],
       [-0.50011384],
       [-0.50011714],
       [ 0.10723245],
       [-0.50024818],
       [-0.23108421]])
array([[-15.27877452],
       [  1.38527111],
       [  0.80305824],
       [-15.30616751],
       [-15.55299584],
       [-16.18468123],
       [-15.34044076],
       [-16.04892175],
       [-11.70712516],
       [-13.29245146],
       [-15.65101427],
       [  0.80502225],
       [-15.66061658],
       [-15.42541462],
       [-14.56593987],
       [-15.55291805],
       [-14.28709106],
       [-15.27296727],
       [-15.41612155],
       [-15.7314892 ],
       [-15.48137589],
       [-14.95677184],
       [-15.68188463],
       [-15.35582026],
       [-15.06421131],
       [-15.57559725],
       [-15.60153895],
       [-15.9152195 ],
       [  1.31553227],
       [-12.03280844],
       [ -2.22869963]])
<<<<<<<<<<< STEP 17 >>>>>>>>>>>> + array([[-0.50013385],
       [ 0.0356638 ],
       [ 0.05912276],
       [-0.50012851],
       [-0.50005397],
       [-0.50009098],
       [-0.50014345],
       [-0.50010725],
       [-0.50059119],
       [-0.50008719],
       [-0.50007807],
       [ 0.04623719],
       [-0.50008286],
       [-0.50007826],
       [-0.50001056],
       [-0.50008255],
       [-0.50014755],
       [-0.50005314],
       [-0.50013341],
       [-0.50006334],
       [-0.50011172],
       [-0.50017159],
       [-0.50011304],
       [-0.50010192],
       [-0.50001888],
       [-0.50008452],
       [-0.50008575],
       [-0.50008847],
       [ 0.09927376],
       [-0.50019001],
       [-0.262426  ]])
array([[-15.77890837],
       [  1.42093491],
       [  0.862181  ],
       [-15.80629602],
       [-16.05304981],
       [-16.68477221],
       [-15.84058422],
       [-16.549029  ],
       [-12.20771634],
       [-13.79253865],
       [-16.15109234],
       [  0.85125944],
       [-16.16069944],
       [-15.92549288],
       [-15.06595043],
       [-16.0530006 ],
       [-14.78723861],
       [-15.77302041],
       [-15.91625496],
       [-16.23155253],
       [-15.98148761],
       [-15.45694343],
       [-16.18199767],
       [-15.85592218],
       [-15.56423019],
       [-16.07568177],
       [-16.10162469],
       [-16.41530797],
       [  1.41480603],
       [-12.53299845],
       [ -2.49112563]])
<<<<<<<<<<< STEP 18 >>>>>>>>>>>> + array([[-0.50010181],
       [ 0.03441916],
       [ 0.05661386],
       [-0.50009773],
       [-0.50004067],
       [-0.50006884],
       [-0.50010897],
       [-0.50008142],
       [-0.50045286],
       [-0.50006644],
       [-0.50005963],
       [ 0.04412904],
       [-0.50006323],
       [-0.50005974],
       [-0.50000853],
       [-0.50006255],
       [-0.50011261],
       [-0.50004085],
       [-0.50010141],
       [-0.50004791],
       [-0.50008489],
       [-0.50013151],
       [-0.5000859 ],
       [-0.50007745],
       [-0.50001398],
       [-0.50006354],
       [-0.50006466],
       [-0.50006704],
       [ 0.09206447],
       [-0.50014443],
       [-0.29695352]])
array([[-16.27901018],
       [  1.45535407],
       [  0.91879486],
       [-16.30639375],
       [-16.55309048],
       [-17.18484105],
       [-16.34069319],
       [-17.04911041],
       [-12.70816921],
       [-14.29260509],
       [-16.65115198],
       [  0.89538848],
       [-16.66076267],
       [-16.42555262],
       [-15.56595896],
       [-16.55306315],
       [-15.28735122],
       [-16.27306127],
       [-16.41635637],
       [-16.73160044],
       [-16.4815725 ],
       [-15.95707494],
       [-16.68208357],
       [-16.35599963],
       [-16.06424416],
       [-16.5757453 ],
       [-16.60168935],
       [-16.915375  ],
       [  1.5068705 ],
       [-13.03314288],
       [ -2.78807915]])
<<<<<<<<<<< STEP 19 >>>>>>>>>>>> + array([[-0.50007746],
       [ 0.03321959],
       [ 0.05446285],
       [-0.50007433],
       [-0.50003078],
       [-0.50005222],
       [-0.50008299],
       [-0.50006193],
       [-0.50034743],
       [-0.50005074],
       [-0.5000457 ],
       [ 0.04205317],
       [-0.50004838],
       [-0.50004573],
       [-0.50000708],
       [-0.50004746],
       [-0.50008625],
       [-0.50003163],
       [-0.50007722],
       [-0.50003634],
       [-0.50006455],
       [-0.50010082],
       [-0.50006533],
       [-0.5000589 ],
       [-0.50001047],
       [-0.50004776],
       [-0.5000488 ],
       [-0.50005096],
       [ 0.08549498],
       [-0.50010908],
       [-0.33328079]])
array([[-16.77908764],
       [  1.48857366],
       [  0.9732577 ],
       [-16.80646807],
       [-17.05312126],
       [-17.68489328],
       [-16.84077618],
       [-17.54917234],
       [-13.20851664],
       [-14.79265582],
       [-17.15119768],
       [  0.93744164],
       [-17.16081104],
       [-16.92559835],
       [-16.06596604],
       [-17.05311061],
       [-15.78743747],
       [-16.7730929 ],
       [-16.91643359],
       [-17.23163679],
       [-16.98163705],
       [-16.45717576],
       [-17.1821489 ],
       [-16.85605853],
       [-16.56425463],
       [-17.07579306],
       [-17.10173816],
       [-17.41542597],
       [  1.59236548],
       [-13.53325197],
       [ -3.12135994]])
<<<<<<<<<<< STEP 20 >>>>>>>>>>>> + array([[-0.50005894],
       [ 0.03206652],
       [ 0.05261335],
       [-0.50005654],
       [-0.50002338],
       [-0.50003971],
       [-0.50006335],
       [-0.5000472 ],
       [-0.500267  ],
       [-0.50003884],
       [-0.50003513],
       [ 0.04003322],
       [-0.50003711],
       [-0.5000351 ],
       [-0.50000597],
       [-0.50003606],
       [-0.50006628],
       [-0.50002464],
       [-0.5000589 ],
       [-0.50002764],
       [-0.50004911],
       [-0.5000773 ],
       [-0.50004974],
       [-0.50004483],
       [-0.50000792],
       [-0.50003589],
       [-0.50003686],
       [-0.50003885],
       [ 0.07949473],
       [-0.50008194],
       [-0.36923013]])
array([[-17.27914658],
       [  1.52064018],
       [  1.02587106],
       [-17.30652462],
       [-17.55314464],
       [-18.18493299],
       [-17.34083953],
       [-18.04921954],
       [-13.70878364],
       [-15.29269466],
       [-17.65123281],
       [  0.97747486],
       [-17.66084815],
       [-17.42563345],
       [-16.56597201],
       [-17.55314667],
       [-16.28750375],
       [-17.27311753],
       [-17.41649249],
       [-17.73166443],
       [-17.48168616],
       [-16.95725306],
       [-17.68219864],
       [-17.35610336],
       [-17.06426255],
       [-17.57582895],
       [-17.60177501],
       [-17.91546482],
       [  1.67186021],
       [-14.03333391],
       [ -3.49059007]])
<<<<<<<<<<< STEP 21 >>>>>>>>>>>> + array([[-0.50004486],
       [ 0.030966  ],
       [ 0.05099   ],
       [-0.50004302],
       [-0.50001781],
       [-0.50003025],
       [-0.50004845],
       [-0.50003602],
       [-0.50020547],
       [-0.50002979],
       [-0.50002706],
       [ 0.03810186],
       [-0.50002852],
       [-0.50002699],
       [-0.50000507],
       [-0.50002743],
       [-0.50005107],
       [-0.50001928],
       [-0.50004499],
       [-0.50002106],
       [-0.50003738],
       [-0.50005929],
       [-0.5000379 ],
       [-0.50003414],
       [-0.50000605],
       [-0.50002698],
       [-0.50002786],
       [-0.50002969],
       [ 0.07402863],
       [-0.5000613 ],
       [-0.40226626]])
array([[-17.77919144],
       [  1.55160618],
       [  1.07686106],
       [-17.80656764],
       [-18.05316245],
       [-18.68496324],
       [-17.84088798],
       [-18.54925557],
       [-14.20898911],
       [-15.79272445],
       [-18.15125987],
       [  1.01557672],
       [-18.16087667],
       [-17.92566044],
       [-17.06597708],
       [-18.0531741 ],
       [-16.78755482],
       [-17.77313681],
       [-17.91653749],
       [-18.23168549],
       [-17.98172354],
       [-17.45731235],
       [-18.18223654],
       [-17.8561375 ],
       [-17.5642686 ],
       [-18.07585593],
       [-18.10180287],
       [-18.41549451],
       [  1.74588884],
       [-14.5333952 ],
       [ -3.89285634]])
<<<<<<<<<<< STEP 22 >>>>>>>>>>>> + array([[-0.50003416],
       [ 0.02992618],
       [ 0.04951037],
       [-0.50003275],
       [-0.50001361],
       [-0.50002308],
       [-0.50003711],
       [-0.50002753],
       [-0.50015825],
       [-0.50002288],
       [-0.50002088],
       [ 0.03629328],
       [-0.50002194],
       [-0.50002079],
       [-0.5000043 ],
       [-0.50002089],
       [-0.50003941],
       [-0.50001511],
       [-0.50003441],
       [-0.50001608],
       [-0.50002848],
       [-0.50004549],
       [-0.5000289 ],
       [-0.50002601],
       [-0.50000464],
       [-0.50002029],
       [-0.50002108],
       [-0.50002273],
       [ 0.06908328],
       [-0.50004575],
       [-0.43027316]])
array([[-18.2792256 ],
       [  1.58153236],
       [  1.12637143],
       [-18.30660039],
       [-18.55317606],
       [-19.18498632],
       [-18.34092509],
       [-19.0492831 ],
       [-14.70914736],
       [-16.29274733],
       [-18.65128075],
       [  1.05187   ],
       [-18.66089861],
       [-18.42568122],
       [-17.56598138],
       [-18.55319499],
       [-17.28759423],
       [-18.27315192],
       [-18.41657189],
       [-18.73170157],
       [-18.48175202],
       [-17.95735783],
       [-18.68226544],
       [-18.35616351],
       [-18.06427324],
       [-18.57587622],
       [-18.60182395],
       [-18.91551723],
       [  1.81497212],
       [-15.03344095],
       [ -4.3231295 ]])
<<<<<<<<<<< STEP 23 >>>>>>>>>>>> + array([[-0.50002603],
       [ 0.02895373],
       [ 0.04810264],
       [-0.50002494],
       [-0.50001041],
       [-0.50001763],
       [-0.50002844],
       [-0.50002106],
       [-0.5001219 ],
       [-0.50001758],
       [-0.50001611],
       [ 0.03463305],
       [-0.5000169 ],
       [-0.50001601],
       [-0.50000361],
       [-0.50001593],
       [-0.50003043],
       [-0.50001185],
       [-0.50002634],
       [-0.50001229],
       [-0.5000217 ],
       [-0.50003492],
       [-0.50002205],
       [-0.50001984],
       [-0.50000358],
       [-0.50001528],
       [-0.50001597],
       [-0.50001742],
       [ 0.06464788],
       [-0.50003413],
       [-0.45221851]])
array([[-18.77925163],
       [  1.61048609],
       [  1.17447407],
       [-18.80662533],
       [-19.05318647],
       [-19.68500396],
       [-18.84095353],
       [-19.54930415],
       [-15.20926927],
       [-16.79276491],
       [-19.15129686],
       [  1.08650305],
       [-19.16091551],
       [-18.92569724],
       [-18.06598498],
       [-19.05321092],
       [-17.78762465],
       [-18.77316377],
       [-18.91659823],
       [-19.23171386],
       [-18.98177372],
       [-18.45739275],
       [-19.18228749],
       [-18.85618335],
       [-18.56427682],
       [-19.0758915 ],
       [-19.10183992],
       [-19.41553465],
       [  1.87962   ],
       [-15.53347508],
       [ -4.77534801]])
<<<<<<<<<<< STEP 24 >>>>>>>>>>>> + array([[-0.50001984],
       [ 0.02805128],
       [ 0.04671887],
       [-0.50001901],
       [-0.50000797],
       [-0.50001348],
       [-0.50002181],
       [-0.50001611],
       [-0.50009387],
       [-0.50001352],
       [-0.50001243],
       [ 0.03313179],
       [-0.50001301],
       [-0.50001234],
       [-0.50000299],
       [-0.50001216],
       [-0.50002349],
       [-0.50000927],
       [-0.50002017],
       [-0.5000094 ],
       [-0.50001655],
       [-0.50002682],
       [-0.50001683],
       [-0.50001513],
       [-0.50000276],
       [-0.50001152],
       [-0.50001211],
       [-0.50001335],
       [ 0.06069942],
       [-0.50002549],
       [-0.4682679 ]])
array([[-19.27927147],
       [  1.63853738],
       [  1.22119294],
       [-19.30664433],
       [-19.55319444],
       [-20.18501744],
       [-19.34097534],
       [-20.04932027],
       [-15.70936314],
       [-17.29277843],
       [-19.6513093 ],
       [  1.11963484],
       [-19.66092852],
       [-19.42570958],
       [-18.56598797],
       [-19.55322308],
       [-18.28764815],
       [-19.27317304],
       [-19.4166184 ],
       [-19.73172326],
       [-19.48179027],
       [-18.95741957],
       [-19.68230432],
       [-19.35619848],
       [-19.06427957],
       [-19.57590302],
       [-19.60185203],
       [-19.915548  ],
       [  1.94031942],
       [-16.03350056],
       [ -5.24361591]])
<<<<<<<<<<< STEP 25 >>>>>>>>>>>> + array([[-0.50001514],
       [ 0.02721696],
       [ 0.04533723],
       [-0.5000145 ],
       [-0.50000611],
       [-0.50001031],
       [-0.50001673],
       [-0.50001234],
       [-0.50007224],
       [-0.50001039],
       [-0.50000959],
       [ 0.03178545],
       [-0.50001001],
       [-0.5000095 ],
       [-0.50000245],
       [-0.50000929],
       [-0.50001813],
       [-0.50000724],
       [-0.50001545],
       [-0.5000072 ],
       [-0.50001263],
       [-0.5000206 ],
       [-0.50001286],
       [-0.50001155],
       [-0.50000213],
       [-0.50000871],
       [-0.5000092 ],
       [-0.50001023],
       [ 0.05719901],
       [-0.50001908],
       [-0.47938165]])
array([[-19.77928661],
       [  1.66575434],
       [  1.26653017],
       [-19.80665883],
       [-20.05320054],
       [-20.68502775],
       [-19.84099207],
       [-20.5493326 ],
       [-16.20943537],
       [-17.79278882],
       [-20.15131889],
       [  1.1514203 ],
       [-20.16093853],
       [-19.92571908],
       [-19.06599042],
       [-20.05323237],
       [-18.78766628],
       [-19.77318029],
       [-19.91663385],
       [-20.23173047],
       [-19.9818029 ],
       [-19.45744017],
       [-20.18231718],
       [-19.85621003],
       [-19.5642817 ],
       [-20.07591173],
       [-20.10186123],
       [-20.41555823],
       [  1.99751843],
       [-16.53351964],
       [ -5.72299756]])
<<<<<<<<<<< STEP 26 >>>>>>>>>>>> + array([[-0.50001156],
       [ 0.02644569],
       [ 0.04395553],
       [-0.50001106],
       [-0.50000468],
       [-0.50000789],
       [-0.50001283],
       [-0.50000945],
       [-0.50005555],
       [-0.50000798],
       [-0.50000739],
       [ 0.03058027],
       [-0.50000771],
       [-0.50000731],
       [-0.50000198],
       [-0.5000071 ],
       [-0.50001398],
       [-0.50000564],
       [-0.50001184],
       [-0.50000552],
       [-0.50000964],
       [-0.50001584],
       [-0.50000982],
       [-0.50000882],
       [-0.50000164],
       [-0.5000066 ],
       [-0.500007  ],
       [-0.50000785],
       [ 0.05409685],
       [-0.50001432],
       [-0.48677998]])
array([[-20.27929817],
       [  1.69220003],
       [  1.3104857 ],
       [-20.30666989],
       [-20.55320522],
       [-21.18503565],
       [-20.3410049 ],
       [-21.04934205],
       [-16.70949092],
       [-18.2927968 ],
       [-20.65132628],
       [  1.18200056],
       [-20.66094624],
       [-20.42572639],
       [-19.5659924 ],
       [-20.55323947],
       [-19.28768026],
       [-20.27318593],
       [-20.41664569],
       [-20.73173598],
       [-20.48181255],
       [-19.95745601],
       [-20.682327  ],
       [-20.35621885],
       [-20.06428333],
       [-20.57591833],
       [-20.60186822],
       [-20.91556608],
       [  2.05161528],
       [-17.03353396],
       [ -6.20977754]])
<<<<<<<<<<< STEP 27 >>>>>>>>>>>> + array([[-0.50000883],
       [ 0.02573088],
       [ 0.04258212],
       [-0.50000845],
       [-0.50000359],
       [-0.50000604],
       [-0.50000984],
       [-0.50000724],
       [-0.50004269],
       [-0.50000613],
       [-0.50000569],
       [ 0.02949828],
       [-0.50000593],
       [-0.50000562],
       [-0.50000158],
       [-0.50000544],
       [-0.50001078],
       [-0.50000438],
       [-0.50000907],
       [-0.50000423],
       [-0.50000737],
       [-0.50001218],
       [-0.50000751],
       [-0.50000674],
       [-0.50000126],
       [-0.50000501],
       [-0.50000533],
       [-0.50000601],
       [ 0.05133997],
       [-0.50001078],
       [-0.49157777]])
array([[-20.779307  ],
       [  1.71793091],
       [  1.35306782],
       [-20.80667834],
       [-21.05320881],
       [-21.68504169],
       [-20.84101474],
       [-21.54934928],
       [-17.20953361],
       [-18.79280292],
       [-21.15133197],
       [  1.21149884],
       [-21.16095217],
       [-20.92573201],
       [-20.06599398],
       [-21.0532449 ],
       [-19.78769104],
       [-20.77319031],
       [-20.91665476],
       [-21.23174022],
       [-20.98181992],
       [-20.45746819],
       [-21.18233452],
       [-20.8562256 ],
       [-20.56428459],
       [-21.07592334],
       [-21.10187355],
       [-21.41557209],
       [  2.10295525],
       [-17.53354475],
       [ -6.70135531]])
<<<<<<<<<<< STEP 28 >>>>>>>>>>>> + array([[-0.50000675],
       [ 0.02506576],
       [ 0.04122884],
       [-0.50000646],
       [-0.50000275],
       [-0.50000463],
       [-0.50000755],
       [-0.50000554],
       [-0.50003279],
       [-0.5000047 ],
       [-0.50000438],
       [ 0.02852131],
       [-0.50000456],
       [-0.50000432],
       [-0.50000126],
       [-0.50000416],
       [-0.5000083 ],
       [-0.5000034 ],
       [-0.50000696],
       [-0.50000324],
       [-0.50000563],
       [-0.50000937],
       [-0.50000575],
       [-0.50000515],
       [-0.50000097],
       [-0.50000381],
       [-0.50000406],
       [-0.50000461],
       [ 0.04887813],
       [-0.50000814],
       [-0.49464039]])
array([[-21.27931375],
       [  1.74299667],
       [  1.39429666],
       [-21.3066848 ],
       [-21.55321156],
       [-22.18504632],
       [-21.34102229],
       [-22.04935483],
       [-17.7095664 ],
       [-19.29280763],
       [-21.65133635],
       [  1.24002016],
       [-21.66095673],
       [-21.42573634],
       [-20.56599524],
       [-21.55324906],
       [-20.28769934],
       [-21.27319371],
       [-21.41666172],
       [-21.73174346],
       [-21.48182555],
       [-20.95747756],
       [-21.68234026],
       [-21.35623075],
       [-21.06428556],
       [-21.57592714],
       [-21.60187762],
       [-21.9155767 ],
       [  2.15183338],
       [-18.03355289],
       [ -7.1959957 ]])
<<<<<<<<<<< STEP 29 >>>>>>>>>>>> + array([[-0.50000516],
       [ 0.02444408],
       [ 0.03990691],
       [-0.50000494],
       [-0.50000211],
       [-0.50000355],
       [-0.50000579],
       [-0.50000425],
       [-0.50002518],
       [-0.50000361],
       [-0.50000337],
       [ 0.02763296],
       [-0.50000351],
       [-0.50000332],
       [-0.50000099],
       [-0.50000319],
       [-0.50000639],
       [-0.50000263],
       [-0.50000534],
       [-0.50000249],
       [-0.50000431],
       [-0.50000721],
       [-0.5000044 ],
       [-0.50000394],
       [-0.50000074],
       [-0.5000029 ],
       [-0.5000031 ],
       [-0.50000353],
       [ 0.0466669 ],
       [-0.50000616],
       [-0.49657947]])
array([[-21.77931891],
       [  1.76744075],
       [  1.43420357],
       [-21.80668974],
       [-22.05321367],
       [-22.68504986],
       [-21.84102809],
       [-22.54935908],
       [-18.20959158],
       [-19.79281124],
       [-22.15133972],
       [  1.26765311],
       [-22.16096023],
       [-21.92573966],
       [-21.06599624],
       [-22.05325225],
       [-20.78770573],
       [-21.77319634],
       [-21.91666706],
       [-22.23174595],
       [-21.98182985],
       [-21.45748478],
       [-22.18234466],
       [-21.85623469],
       [-21.56428631],
       [-22.07593004],
       [-22.10188072],
       [-22.41558023],
       [  2.19850028],
       [-18.53355905],
       [ -7.69257518]])
<<<<<<<<<<< STEP 30 >>>>>>>>>>>> + array([[-0.50000395],
       [ 0.02386041],
       [ 0.03862523],
       [-0.50000378],
       [-0.50000162],
       [-0.50000272],
       [-0.50000444],
       [-0.50000326],
       [-0.50001933],
       [-0.50000277],
       [-0.50000259],
       [ 0.02681928],
       [-0.5000027 ],
       [-0.50000255],
       [-0.50000078],
       [-0.50000245],
       [-0.50000492],
       [-0.50000204],
       [-0.50000409],
       [-0.50000191],
       [-0.5000033 ],
       [-0.50000556],
       [-0.50000337],
       [-0.50000302],
       [-0.50000057],
       [-0.50000221],
       [-0.50000237],
       [-0.50000271],
       [ 0.04466853],
       [-0.50000468],
       [-0.4978039 ]])
array([[-22.27932286],
       [  1.79130116],
       [  1.4728288 ],
       [-22.30669352],
       [-22.55321528],
       [-23.18505258],
       [-22.34103253],
       [-23.04936233],
       [-18.70961091],
       [-20.29281401],
       [-22.65134232],
       [  1.2944724 ],
       [-22.66096293],
       [-22.42574221],
       [-21.56599702],
       [-22.5532547 ],
       [-21.28771065],
       [-22.27319838],
       [-22.41667115],
       [-22.73174786],
       [-22.48183315],
       [-21.95749033],
       [-22.68234803],
       [-22.35623771],
       [-22.06428688],
       [-22.57593225],
       [-22.60188309],
       [-22.91558294],
       [  2.24316881],
       [-19.03356373],
       [ -8.19037908]])
<<<<<<<<<<< STEP 31 >>>>>>>>>>>> + array([[-0.50000303],
       [ 0.02331014],
       [ 0.03739   ],
       [-0.5000029 ],
       [-0.50000124],
       [-0.50000208],
       [-0.50000341],
       [-0.5000025 ],
       [-0.50001484],
       [-0.50000213],
       [-0.50000199],
       [ 0.02606883],
       [-0.50000207],
       [-0.50000196],
       [-0.50000061],
       [-0.50000188],
       [-0.50000379],
       [-0.50000157],
       [-0.50000314],
       [-0.50000147],
       [-0.50000252],
       [-0.50000428],
       [-0.50000258],
       [-0.50000231],
       [-0.50000044],
       [-0.50000169],
       [-0.50000181],
       [-0.50000208],
       [ 0.04285165],
       [-0.50000356],
       [-0.49857807]])
array([[-22.77932589],
       [  1.81461131],
       [  1.5102188 ],
       [-22.80669642],
       [-23.05321652],
       [-23.68505466],
       [-22.84103594],
       [-23.54936483],
       [-19.20962575],
       [-20.79281614],
       [-23.15134431],
       [  1.32054122],
       [-23.160965  ],
       [-22.92574418],
       [-22.06599763],
       [-23.05325658],
       [-21.78771444],
       [-22.77319995],
       [-22.91667429],
       [-23.23174933],
       [-22.98183567],
       [-22.45749461],
       [-23.1823506 ],
       [-22.85624002],
       [-22.56428731],
       [-23.07593394],
       [-23.1018849 ],
       [-23.41558502],
       [  2.28602047],
       [-19.53356729],
       [ -8.68895715]])
<<<<<<<<<<< STEP 32 >>>>>>>>>>>> + array([[-0.50000232],
       [ 0.02278945],
       [ 0.03620501],
       [-0.50000222],
       [-0.50000095],
       [-0.5000016 ],
       [-0.50000262],
       [-0.50000192],
       [-0.50001139],
       [-0.50000163],
       [-0.50000153],
       [ 0.02537229],
       [-0.50000159],
       [-0.50000151],
       [-0.50000048],
       [-0.50000144],
       [-0.50000291],
       [-0.50000121],
       [-0.50000241],
       [-0.50000113],
       [-0.50000193],
       [-0.5000033 ],
       [-0.50000198],
       [-0.50000177],
       [-0.50000034],
       [-0.50000129],
       [-0.50000139],
       [-0.50000159],
       [ 0.04119045],
       [-0.50000271],
       [-0.49906969]])
array([[-23.27932821],
       [  1.83740075],
       [  1.54642381],
       [-23.30669864],
       [-23.55321747],
       [-24.18505626],
       [-23.34103856],
       [-24.04936675],
       [-19.70963714],
       [-21.29281777],
       [-23.65134585],
       [  1.34591351],
       [-23.66096659],
       [-23.42574569],
       [-22.56599811],
       [-23.55325802],
       [-22.28771735],
       [-23.27320117],
       [-23.4166767 ],
       [-23.73175046],
       [-23.48183761],
       [-22.95749791],
       [-23.68235258],
       [-23.35624179],
       [-23.06428765],
       [-23.57593523],
       [-23.60188629],
       [-23.91558661],
       [  2.32721092],
       [-20.03356999],
       [ -9.18802685]])
<<<<<<<<<<< STEP 33 >>>>>>>>>>>> + array([[-0.50000178],
       [ 0.02229514],
       [ 0.03507209],
       [-0.5000017 ],
       [-0.50000073],
       [-0.50000123],
       [-0.50000201],
       [-0.50000147],
       [-0.50000874],
       [-0.50000125],
       [-0.50000118],
       [ 0.02472216],
       [-0.50000122],
       [-0.50000116],
       [-0.50000037],
       [-0.50000111],
       [-0.50000224],
       [-0.50000094],
       [-0.50000185],
       [-0.50000087],
       [-0.50000148],
       [-0.50000254],
       [-0.50000151],
       [-0.50000136],
       [-0.50000026],
       [-0.50000099],
       [-0.50000106],
       [-0.50000122],
       [ 0.03966372],
       [-0.50000206],
       [-0.499384  ]])
array([[-23.77932999],
       [  1.8596959 ],
       [  1.5814959 ],
       [-23.80670034],
       [-24.05321821],
       [-24.68505749],
       [-23.84104057],
       [-24.54936822],
       [-20.20964588],
       [-21.79281903],
       [-24.15134703],
       [  1.37063567],
       [-24.16096782],
       [-23.92574685],
       [-23.06599848],
       [-24.05325912],
       [-22.78771959],
       [-23.7732021 ],
       [-23.91667855],
       [-24.23175132],
       [-23.98183909],
       [-23.45750045],
       [-24.18235409],
       [-23.85624315],
       [-23.56428791],
       [-24.07593621],
       [-24.10188736],
       [-24.41558783],
       [  2.36687464],
       [-20.53357206],
       [ -9.68741085]])
<<<<<<<<<<< STEP 34 >>>>>>>>>>>> + array([[-0.50000136],
       [ 0.02182456],
       [ 0.03399158],
       [-0.5000013 ],
       [-0.50000056],
       [-0.50000094],
       [-0.50000154],
       [-0.50000113],
       [-0.50000671],
       [-0.50000096],
       [-0.50000091],
       [ 0.02411235],
       [-0.50000094],
       [-0.50000089],
       [-0.50000029],
       [-0.50000085],
       [-0.50000173],
       [-0.50000072],
       [-0.50000142],
       [-0.50000067],
       [-0.50000114],
       [-0.50000196],
       [-0.50000116],
       [-0.50000104],
       [-0.5000002 ],
       [-0.50000076],
       [-0.50000082],
       [-0.50000094],
       [ 0.03825401],
       [-0.50000158],
       [-0.49958672]])
array([[-24.27933135],
       [  1.88152046],
       [  1.61548748],
       [-24.30670164],
       [-24.55321877],
       [-25.18505843],
       [-24.34104212],
       [-25.04936934],
       [-20.7096526 ],
       [-22.29281999],
       [-24.65134794],
       [  1.39474802],
       [-24.66096876],
       [-24.42574774],
       [-23.56599877],
       [-24.55325997],
       [-23.28772132],
       [-24.27320283],
       [-24.41667997],
       [-24.73175199],
       [-24.48184023],
       [-23.95750241],
       [-24.68235526],
       [-24.35624419],
       [-24.0642881 ],
       [-24.57593697],
       [-24.60188817],
       [-24.91558876],
       [  2.40512865],
       [-21.03357364],
       [-10.18699757]])
<<<<<<<<<<< STEP 35 >>>>>>>>>>>> + array([[-0.50000105],
       [ 0.02137549],
       [ 0.03296278],
       [-0.500001  ],
       [-0.50000043],
       [-0.50000072],
       [-0.50000119],
       [-0.50000087],
       [-0.50000515],
       [-0.50000074],
       [-0.5000007 ],
       [ 0.02353794],
       [-0.50000072],
       [-0.50000068],
       [-0.50000023],
       [-0.50000065],
       [-0.50000133],
       [-0.50000056],
       [-0.50000109],
       [-0.50000051],
       [-0.50000087],
       [-0.50000151],
       [-0.50000089],
       [-0.5000008 ],
       [-0.50000015],
       [-0.50000058],
       [-0.50000063],
       [-0.50000072],
       [ 0.0369469 ],
       [-0.50000121],
       [-0.49971886]])
array([[-24.7793324 ],
       [  1.90289595],
       [  1.64845026],
       [-24.80670264],
       [-25.0532192 ],
       [-25.68505915],
       [-24.8410433 ],
       [-25.54937021],
       [-21.20965775],
       [-22.79282073],
       [-25.15134863],
       [  1.41828596],
       [-25.16096948],
       [-24.92574842],
       [-24.065999  ],
       [-25.05326063],
       [-23.78772265],
       [-24.77320338],
       [-24.91668107],
       [-25.2317525 ],
       [-24.9818411 ],
       [-24.45750392],
       [-25.18235615],
       [-24.85624499],
       [-24.56428826],
       [-25.07593755],
       [-25.1018888 ],
       [-25.41558948],
       [  2.44207554],
       [-21.53357484],
       [-10.68671643]])
<<<<<<<<<<< STEP 36 >>>>>>>>>>>> + array([[-0.5000008 ],
       [ 0.02094603],
       [ 0.03198425],
       [-0.50000077],
       [-0.50000033],
       [-0.50000055],
       [-0.50000091],
       [-0.50000067],
       [-0.50000396],
       [-0.50000057],
       [-0.50000054],
       [ 0.02299488],
       [-0.50000056],
       [-0.50000053],
       [-0.50000017],
       [-0.5000005 ],
       [-0.50000102],
       [-0.50000043],
       [-0.50000084],
       [-0.50000039],
       [-0.50000067],
       [-0.50000116],
       [-0.50000068],
       [-0.50000061],
       [-0.50000012],
       [-0.50000044],
       [-0.50000048],
       [-0.50000055],
       [ 0.03573037],
       [-0.50000092],
       [-0.49980602]])
array([[-25.2793332 ],
       [  1.92384198],
       [  1.68043451],
       [-25.30670341],
       [-25.55321953],
       [-26.18505971],
       [-25.34104421],
       [-26.04937088],
       [-21.70966171],
       [-23.2928213 ],
       [-25.65134917],
       [  1.44128084],
       [-25.66097004],
       [-25.42574895],
       [-24.56599917],
       [-25.55326113],
       [-24.28772367],
       [-25.27320381],
       [-25.4166819 ],
       [-25.7317529 ],
       [-25.48184176],
       [-24.95750509],
       [-25.68235683],
       [-25.3562456 ],
       [-25.06428837],
       [-25.57593799],
       [-25.60188928],
       [-25.91559003],
       [  2.47780591],
       [-22.03357576],
       [-11.18652245]])
<<<<<<<<<<< STEP 37 >>>>>>>>>>>> + array([[-0.50000062],
       [ 0.02053459],
       [ 0.03105409],
       [-0.50000059],
       [-0.50000025],
       [-0.50000043],
       [-0.5000007 ],
       [-0.50000051],
       [-0.50000304],
       [-0.50000044],
       [-0.50000041],
       [ 0.02247983],
       [-0.50000043],
       [-0.5000004 ],
       [-0.50000014],
       [-0.50000039],
       [-0.50000079],
       [-0.50000033],
       [-0.50000065],
       [-0.5000003 ],
       [-0.50000051],
       [-0.5000009 ],
       [-0.50000053],
       [-0.50000047],
       [-0.50000009],
       [-0.50000034],
       [-0.50000037],
       [-0.50000042],
       [ 0.03459436],
       [-0.50000071],
       [-0.49986427]])
array([[-25.77933381],
       [  1.94437656],
       [  1.71148859],
       [-25.806704  ],
       [-26.05321978],
       [-26.68506013],
       [-25.84104491],
       [-26.54937139],
       [-22.20966475],
       [-23.79282173],
       [-26.15134958],
       [  1.46376068],
       [-26.16097047],
       [-25.92574935],
       [-25.06599931],
       [-26.05326152],
       [-24.78772445],
       [-25.77320415],
       [-25.91668255],
       [-26.2317532 ],
       [-25.98184228],
       [-25.45750598],
       [-26.18235736],
       [-25.85624607],
       [-25.56428846],
       [-26.07593833],
       [-26.10188964],
       [-26.41559046],
       [  2.51240027],
       [-22.53357647],
       [-11.68638672]])
<<<<<<<<<<< STEP 38 >>>>>>>>>>>> + array([[-0.50000047],
       [ 0.02013978],
       [ 0.0301701 ],
       [-0.50000045],
       [-0.5000002 ],
       [-0.50000033],
       [-0.50000054],
       [-0.50000039],
       [-0.50000234],
       [-0.50000034],
       [-0.50000032],
       [ 0.02199003],
       [-0.50000033],
       [-0.50000031],
       [-0.5000001 ],
       [-0.5000003 ],
       [-0.50000061],
       [-0.50000026],
       [-0.5000005 ],
       [-0.50000023],
       [-0.50000039],
       [-0.50000069],
       [-0.5000004 ],
       [-0.50000036],
       [-0.50000007],
       [-0.50000026],
       [-0.50000028],
       [-0.50000033],
       [ 0.03353037],
       [-0.50000054],
       [-0.49990375]])
array([[-26.27933429],
       [  1.96451634],
       [  1.74165869],
       [-26.30670446],
       [-26.55321998],
       [-27.18506046],
       [-26.34104545],
       [-27.04937178],
       [-22.70966709],
       [-24.29282207],
       [-26.6513499 ],
       [  1.48575071],
       [-26.6609708 ],
       [-26.42574966],
       [-25.56599941],
       [-26.55326181],
       [-25.28772506],
       [-26.2732044 ],
       [-26.41668305],
       [-26.73175343],
       [-26.48184267],
       [-25.95750668],
       [-26.68235776],
       [-26.35624643],
       [-26.06428853],
       [-26.57593859],
       [-26.60188993],
       [-26.91559078],
       [  2.54593063],
       [-23.03357701],
       [-12.18629046]])
<<<<<<<<<<< STEP 39 >>>>>>>>>>>> + array([[-0.50000036],
       [ 0.0197604 ],
       [ 0.02932994],
       [-0.50000035],
       [-0.50000015],
       [-0.50000025],
       [-0.50000041],
       [-0.5000003 ],
       [-0.5000018 ],
       [-0.50000026],
       [-0.50000024],
       [ 0.02152314],
       [-0.50000025],
       [-0.50000024],
       [-0.50000008],
       [-0.50000023],
       [-0.50000047],
       [-0.5000002 ],
       [-0.50000038],
       [-0.50000018],
       [-0.5000003 ],
       [-0.50000053],
       [-0.50000031],
       [-0.50000028],
       [-0.50000005],
       [-0.5000002 ],
       [-0.50000022],
       [-0.50000025],
       [ 0.03253115],
       [-0.50000041],
       [-0.49993088]])
array([[-26.77933465],
       [  1.98427674],
       [  1.77098863],
       [-26.8067048 ],
       [-27.05322013],
       [-27.68506071],
       [-26.84104587],
       [-27.54937208],
       [-23.20966889],
       [-24.79282233],
       [-27.15135015],
       [  1.50727385],
       [-27.16097105],
       [-26.9257499 ],
       [-26.06599949],
       [-27.05326204],
       [-25.78772553],
       [-26.7732046 ],
       [-26.91668343],
       [-27.23175361],
       [-26.98184297],
       [-26.45750721],
       [-27.18235807],
       [-26.85624671],
       [-26.56428858],
       [-27.0759388 ],
       [-27.10189014],
       [-27.41559103],
       [  2.57846179],
       [-23.53357743],
       [-12.68622134]])
