<<<<<<<<<<< STEP 0 >>>>>>>>>>>> + array([[-1.01493655],
       [ 0.04195701],
       [-0.97199928],
       [-0.96419635],
       [-0.97291128],
       [-0.97268332],
       [-0.94852392],
       [-1.02082564],
       [-0.04649715],
       [-1.02994521],
       [-0.96126939],
       [-1.01759428],
       [-0.96019764],
       [-0.02871492],
       [-0.97407112],
       [ 0.02134981],
       [-0.58351685],
       [ 0.03407126],
       [-1.01410976],
       [-0.87390348],
       [-0.97401567],
       [-0.96090275],
       [-0.86176406],
       [-0.97393195],
       [-0.95917405],
       [-0.04953526],
       [-0.94683165],
       [-1.02303119],
       [-0.03510968],
       [-0.96941549],
       [-1.16215577],
       [-1.02958957],
       [-0.95206929],
       [-0.0676325 ],
       [-0.01138102],
       [-1.03768847],
       [-0.03866213],
       [-1.04079321],
       [-1.0223409 ],
       [-1.03044851]])
array([[-1.01493655],
       [ 0.04195701],
       [-0.97199928],
       [-0.96419635],
       [-0.97291128],
       [-0.97268332],
       [-0.94852392],
       [-1.02082564],
       [-0.04649715],
       [-1.02994521],
       [-0.96126939],
       [-1.01759428],
       [-0.96019764],
       [-0.02871492],
       [-0.97407112],
       [ 0.02134981],
       [-0.58351685],
       [ 0.03407126],
       [-1.01410976],
       [-0.87390348],
       [-0.97401567],
       [-0.96090275],
       [-0.86176406],
       [-0.97393195],
       [-0.95917405],
       [-0.04953526],
       [-0.94683165],
       [-1.02303119],
       [-0.03510968],
       [-0.96941549],
       [-1.16215577],
       [-1.02958957],
       [-0.95206929],
       [-0.0676325 ],
       [-0.01138102],
       [-1.03768847],
       [-0.03866213],
       [-1.04079321],
       [-1.0223409 ],
       [-1.03044851]])
<<<<<<<<<<< STEP 1 >>>>>>>>>>>> + array([[-0.99831255],
       [-0.05019725],
       [-0.98559113],
       [-0.85933332],
       [-0.97875913],
       [-0.87173923],
       [-0.83845092],
       [-1.00493978],
       [-0.09355799],
       [-1.00627167],
       [-0.93939218],
       [-0.99296832],
       [-0.97463435],
       [-0.08255801],
       [-0.98340084],
       [-0.04348773],
       [-0.55788112],
       [-0.05575226],
       [-0.99267602],
       [-0.92927728],
       [-0.98925164],
       [-0.84584248],
       [-0.81045027],
       [-0.97934898],
       [-0.96602634],
       [-0.10129944],
       [-0.84131855],
       [-0.99695351],
       [-0.09113221],
       [-0.96928185],
       [-1.14012821],
       [-0.90119052],
       [-0.96482736],
       [-0.06090398],
       [-0.02165942],
       [-1.00509904],
       [-0.08950345],
       [-0.90445559],
       [-1.00347626],
       [-1.00013481]])
array([[-2.01324911],
       [-0.00824024],
       [-1.95759041],
       [-1.82352968],
       [-1.95167041],
       [-1.84442255],
       [-1.78697485],
       [-2.02576542],
       [-0.14005514],
       [-2.03621689],
       [-1.90066157],
       [-2.01056261],
       [-1.93483198],
       [-0.11127293],
       [-1.95747196],
       [-0.02213792],
       [-1.14139796],
       [-0.021681  ],
       [-2.00678578],
       [-1.80318077],
       [-1.96326731],
       [-1.80674522],
       [-1.67221433],
       [-1.95328094],
       [-1.92520038],
       [-0.1508347 ],
       [-1.7881502 ],
       [-2.0199847 ],
       [-0.12624189],
       [-1.93869733],
       [-2.30228398],
       [-1.93078009],
       [-1.91689665],
       [-0.12853648],
       [-0.03304044],
       [-2.04278751],
       [-0.12816558],
       [-1.9452488 ],
       [-2.02581715],
       [-2.03058333]])
<<<<<<<<<<< STEP 2 >>>>>>>>>>>> + array([[-0.97476701],
       [-0.07474707],
       [-0.98103059],
       [-0.76482844],
       [-0.97369986],
       [-0.77309948],
       [-0.74211702],
       [-0.96763871],
       [-0.10205318],
       [-0.96951495],
       [-0.94428442],
       [-0.97132298],
       [-0.9661412 ],
       [-0.10007625],
       [-0.97987378],
       [-0.08372558],
       [-0.53550404],
       [-0.08967879],
       [-0.96446891],
       [-0.96923454],
       [-0.98786601],
       [-0.74543722],
       [-0.75179714],
       [-0.96938789],
       [-0.96069511],
       [-0.11447534],
       [-0.74259269],
       [-0.97301012],
       [-0.10301071],
       [-0.960274  ],
       [-1.06968119],
       [-0.76917999],
       [-0.95766826],
       [-0.05280732],
       [-0.03380199],
       [-0.96621839],
       [-0.10253618],
       [-0.78015649],
       [-0.97716046],
       [-0.96791379]])
array([[-2.98801612],
       [-0.08298731],
       [-2.938621  ],
       [-2.58835812],
       [-2.92537027],
       [-2.61752203],
       [-2.52909187],
       [-2.99340413],
       [-0.24210832],
       [-3.00573184],
       [-2.84494599],
       [-2.98188559],
       [-2.90097318],
       [-0.21134918],
       [-2.93734574],
       [-0.1058635 ],
       [-1.67690201],
       [-0.11135979],
       [-2.97125469],
       [-2.77241531],
       [-2.95113332],
       [-2.55218244],
       [-2.42401147],
       [-2.92266883],
       [-2.88589549],
       [-0.26531004],
       [-2.53074289],
       [-2.99299482],
       [-0.22925259],
       [-2.89897134],
       [-3.37196517],
       [-2.69996008],
       [-2.87456491],
       [-0.1813438 ],
       [-0.06684243],
       [-3.0090059 ],
       [-0.23070175],
       [-2.7254053 ],
       [-3.00297762],
       [-2.99849712]])
<<<<<<<<<<< STEP 3 >>>>>>>>>>>> + array([[-0.93962509],
       [-0.06699839],
       [-0.94820256],
       [-0.68931348],
       [-0.94171793],
       [-0.69383784],
       [-0.66627957],
       [-0.90897328],
       [-0.0919152 ],
       [-0.91963744],
       [-0.94442241],
       [-0.9443202 ],
       [-0.92334635],
       [-0.10012932],
       [-0.9457623 ],
       [-0.09839905],
       [-0.53065272],
       [-0.09223633],
       [-0.92104462],
       [-0.96882558],
       [-0.95952289],
       [-0.66823387],
       [-0.68814876],
       [-0.92755068],
       [-0.92005753],
       [-0.11152893],
       [-0.66269972],
       [-0.94139539],
       [-0.09694933],
       [-0.91146828],
       [-0.98459581],
       [-0.6822195 ],
       [-0.91581203],
       [-0.05590871],
       [-0.03601938],
       [-0.91528062],
       [-0.09986666],
       [-0.70350168],
       [-0.93984041],
       [-0.92205469]])
array([[-3.92764121],
       [-0.1499857 ],
       [-3.88682356],
       [-3.2776716 ],
       [-3.8670882 ],
       [-3.31135988],
       [-3.19537144],
       [-3.90237741],
       [-0.33402352],
       [-3.92536928],
       [-3.7893684 ],
       [-3.92620579],
       [-3.82431954],
       [-0.3114785 ],
       [-3.88310804],
       [-0.20426254],
       [-2.20755473],
       [-0.20359613],
       [-3.89229931],
       [-3.74124089],
       [-3.91065622],
       [-3.22041631],
       [-3.11216023],
       [-3.85021951],
       [-3.80595302],
       [-0.37683897],
       [-3.19344261],
       [-3.93439021],
       [-0.32620192],
       [-3.81043961],
       [-4.35656099],
       [-3.38217958],
       [-3.79037693],
       [-0.23725251],
       [-0.10286181],
       [-3.92428652],
       [-0.33056842],
       [-3.42890698],
       [-3.94281803],
       [-3.9205518 ]])
<<<<<<<<<<< STEP 4 >>>>>>>>>>>> + array([[-0.87803872],
       [-0.05061984],
       [-0.87985897],
       [-0.62832385],
       [-0.87409789],
       [-0.63128273],
       [-0.60762355],
       [-0.81877021],
       [-0.07712126],
       [-0.8445444 ],
       [-0.90900778],
       [-0.89146525],
       [-0.84156946],
       [-0.09474675],
       [-0.87243124],
       [-0.0998684 ],
       [-0.54299688],
       [-0.08476439],
       [-0.84841175],
       [-0.91893184],
       [-0.89570817],
       [-0.60838308],
       [-0.62942902],
       [-0.84718144],
       [-0.83977547],
       [-0.10317744],
       [-0.60093934],
       [-0.88297989],
       [-0.08654662],
       [-0.81625343],
       [-0.89342379],
       [-0.63449174],
       [-0.83644891],
       [-0.07834967],
       [-0.02055124],
       [-0.83986993],
       [-0.09269578],
       [-0.65983666],
       [-0.8744101 ],
       [-0.84721136]])
array([[-4.80567993],
       [-0.20060555],
       [-4.76668253],
       [-3.90599546],
       [-4.74118609],
       [-3.94264261],
       [-3.80299499],
       [-4.72114762],
       [-0.41114478],
       [-4.76991368],
       [-4.69837617],
       [-4.81767104],
       [-4.66588899],
       [-0.40622525],
       [-4.75553928],
       [-0.30413094],
       [-2.7505516 ],
       [-0.28836051],
       [-4.74071106],
       [-4.66017273],
       [-4.80636439],
       [-3.82879939],
       [-3.74158925],
       [-4.69740095],
       [-4.64572849],
       [-0.48001641],
       [-3.79438196],
       [-4.8173701 ],
       [-0.41274854],
       [-4.62669304],
       [-5.24998478],
       [-4.01667132],
       [-4.62682585],
       [-0.31560218],
       [-0.12341305],
       [-4.76415645],
       [-0.42326419],
       [-4.08874364],
       [-4.81722813],
       [-4.76776316]])
<<<<<<<<<<< STEP 5 >>>>>>>>>>>> + array([[-0.78798878],
       [-0.03596297],
       [-0.78426949],
       [-0.58358384],
       [-0.77955681],
       [-0.58605994],
       [-0.56815579],
       [-0.7153711 ],
       [-0.06372329],
       [-0.75107481],
       [-0.82658559],
       [-0.80337836],
       [-0.73987271],
       [-0.08597184],
       [-0.77212504],
       [-0.09504694],
       [-0.55466434],
       [-0.07482003],
       [-0.75363202],
       [-0.82566514],
       [-0.79952002],
       [-0.5673229 ],
       [-0.58487518],
       [-0.74635824],
       [-0.74095199],
       [-0.09175935],
       [-0.56023998],
       [-0.79373476],
       [-0.07531575],
       [-0.70684106],
       [-0.79383704],
       [-0.60660086],
       [-0.73930493],
       [-0.10820967],
       [ 0.00116008],
       [-0.74722781],
       [-0.08322288],
       [-0.62785895],
       [-0.78023906],
       [-0.75087737]])
array([[-5.59366871],
       [-0.23656852],
       [-5.55095202],
       [-4.4895793 ],
       [-5.5207429 ],
       [-4.52870256],
       [-4.37115078],
       [-5.43651872],
       [-0.47486807],
       [-5.52098848],
       [-5.52496177],
       [-5.6210494 ],
       [-5.40576171],
       [-0.49219708],
       [-5.52766432],
       [-0.39917788],
       [-3.30521594],
       [-0.36318055],
       [-5.49434308],
       [-5.48583787],
       [-5.6058844 ],
       [-4.39612229],
       [-4.32646443],
       [-5.44375919],
       [-5.38668048],
       [-0.57177576],
       [-4.35462194],
       [-5.61110486],
       [-0.48806429],
       [-5.33353411],
       [-6.04382181],
       [-4.62327219],
       [-5.36613078],
       [-0.42381185],
       [-0.12225298],
       [-5.51138427],
       [-0.50648707],
       [-4.71660259],
       [-5.59746719],
       [-5.51864053]])
<<<<<<<<<<< STEP 6 >>>>>>>>>>>> + array([[-0.69541767],
       [-0.02564954],
       [-0.69007022],
       [-0.55496184],
       [-0.6860092 ],
       [-0.55696092],
       [-0.54535823],
       [-0.63454741],
       [-0.05281224],
       [-0.66618908],
       [-0.72656859],
       [-0.70661257],
       [-0.65167399],
       [-0.07461008],
       [-0.6777267 ],
       [-0.08601518],
       [-0.55533492],
       [-0.06353965],
       [-0.66741604],
       [-0.72128209],
       [-0.69978075],
       [-0.54316006],
       [-0.55620651],
       [-0.65812162],
       [-0.65467539],
       [-0.07902211],
       [-0.5378068 ],
       [-0.70065691],
       [-0.06410069],
       [-0.62374927],
       [-0.69867649],
       [-0.58593355],
       [-0.65406394],
       [-0.12878062],
       [ 0.01238612],
       [-0.6636242 ],
       [-0.0723476 ],
       [-0.59908691],
       [-0.6875126 ],
       [-0.66388695]])
array([[-6.28908639],
       [-0.26221805],
       [-6.24102224],
       [-5.04454114],
       [-6.2067521 ],
       [-5.08566348],
       [-4.91650901],
       [-6.07106613],
       [-0.52768031],
       [-6.18717756],
       [-6.25153035],
       [-6.32766197],
       [-6.05743569],
       [-0.56680716],
       [-6.20539102],
       [-0.48519306],
       [-3.86055087],
       [-0.42672019],
       [-6.16175912],
       [-6.20711996],
       [-6.30566515],
       [-4.93928234],
       [-4.88267094],
       [-6.10188081],
       [-6.04135587],
       [-0.65079787],
       [-4.89242874],
       [-6.31176177],
       [-0.55216498],
       [-5.95728338],
       [-6.74249831],
       [-5.20920573],
       [-6.02019472],
       [-0.55259247],
       [-0.10986685],
       [-6.17500846],
       [-0.57883467],
       [-5.3156895 ],
       [-6.28497979],
       [-6.18252748]])
<<<<<<<<<<< STEP 7 >>>>>>>>>>>> + array([[-0.62464511],
       [-0.01864381],
       [-0.6194808 ],
       [-0.53728085],
       [-0.61571876],
       [-0.53869898],
       [-0.53208038],
       [-0.58406471],
       [-0.04384946],
       [-0.60508699],
       [-0.64541684],
       [-0.63127645],
       [-0.59117473],
       [-0.0627862 ],
       [-0.60968251],
       [-0.07490467],
       [-0.5492261 ],
       [-0.0518258 ],
       [-0.60645315],
       [-0.63891807],
       [-0.62393177],
       [-0.52913687],
       [-0.53836665],
       [-0.59713882],
       [-0.59420256],
       [-0.06698628],
       [-0.52560608],
       [-0.62918806],
       [-0.05367998],
       [-0.57334295],
       [-0.6260322 ],
       [-0.56892271],
       [-0.59394989],
       [-0.13812653],
       [ 0.01186445],
       [-0.60355086],
       [-0.06174899],
       [-0.57504093],
       [-0.61911576],
       [-0.6026378 ]])
array([[-6.91373149],
       [-0.28086187],
       [-6.86050304],
       [-5.58182199],
       [-6.82247086],
       [-5.62436246],
       [-5.44858939],
       [-6.65513084],
       [-0.57152977],
       [-6.79226455],
       [-6.89694719],
       [-6.95893842],
       [-6.64861042],
       [-0.62959336],
       [-6.81507352],
       [-0.56009774],
       [-4.40977697],
       [-0.47854599],
       [-6.76821227],
       [-6.84603803],
       [-6.92959692],
       [-5.46841921],
       [-5.42103759],
       [-6.69901963],
       [-6.63555843],
       [-0.71778415],
       [-5.41803483],
       [-6.94094983],
       [-0.60584495],
       [-6.53062633],
       [-7.36853051],
       [-5.77812845],
       [-6.61414461],
       [-0.690719  ],
       [-0.0980024 ],
       [-6.77855932],
       [-0.64058366],
       [-5.89073043],
       [-6.90409554],
       [-6.78516528]])
<<<<<<<<<<< STEP 8 >>>>>>>>>>>> + array([[-0.57835274],
       [-0.01363224],
       [-0.5737026 ],
       [-0.52582596],
       [-0.570254  ],
       [-0.52674738],
       [-0.52338504],
       [-0.55411904],
       [-0.03657851],
       [-0.56581142],
       [-0.59148212],
       [-0.58196489],
       [-0.55373247],
       [-0.05204642],
       [-0.566491  ],
       [-0.06389682],
       [-0.54164045],
       [-0.04094892],
       [-0.56772847],
       [-0.58490516],
       [-0.57491639],
       [-0.52023565],
       [-0.52669072],
       [-0.55906094],
       [-0.55605201],
       [-0.05663232],
       [-0.51808451],
       [-0.58222306],
       [-0.04467657],
       [-0.54430239],
       [-0.5782527 ],
       [-0.5550149 ],
       [-0.5559505 ],
       [-0.14164531],
       [ 0.00570648],
       [-0.56497873],
       [-0.05248358],
       [-0.55672688],
       [-0.57505606],
       [-0.56397537]])
array([[-7.49208423],
       [-0.29449411],
       [-7.43420564],
       [-6.10764795],
       [-7.39272486],
       [-6.15110984],
       [-5.97197443],
       [-7.20924989],
       [-0.60810828],
       [-7.35807597],
       [-7.4884293 ],
       [-7.54090331],
       [-7.2023429 ],
       [-0.68163978],
       [-7.38156453],
       [-0.62399456],
       [-4.95141742],
       [-0.51949492],
       [-7.33594074],
       [-7.43094319],
       [-7.50451331],
       [-5.98865487],
       [-5.94772831],
       [-7.25808057],
       [-7.19161044],
       [-0.77441647],
       [-5.93611933],
       [-7.52317288],
       [-0.65052152],
       [-7.07492872],
       [-7.94678321],
       [-6.33314334],
       [-7.17009511],
       [-0.83236431],
       [-0.09229592],
       [-7.34353805],
       [-0.69306724],
       [-6.44745731],
       [-7.4791516 ],
       [-7.34914065]])
<<<<<<<<<<< STEP 9 >>>>>>>>>>>> + array([[-0.54966727],
       [-0.00987748],
       [-0.54549545],
       [-0.51802022],
       [-0.54244372],
       [-0.51858404],
       [-0.51714624],
       [-0.53601877],
       [-0.03081922],
       [-0.54154102],
       [-0.55797246],
       [-0.55150865],
       [-0.53133753],
       [-0.04295326],
       [-0.54020361],
       [-0.05413935],
       [-0.53467875],
       [-0.03156105],
       [-0.54381162],
       [-0.55174497],
       [-0.5450187 ],
       [-0.51411745],
       [-0.51866063],
       [-0.53598598],
       [-0.53293598],
       [-0.04814059],
       [-0.51287736],
       [-0.55291014],
       [-0.03726493],
       [-0.5273073 ],
       [-0.54853265],
       [-0.54384523],
       [-0.53295643],
       [-0.14341447],
       [-0.00204614],
       [-0.54117648],
       [-0.04482207],
       [-0.54324943],
       [-0.54782586],
       [-0.54034109]])
array([[-8.0417515 ],
       [-0.30437159],
       [-7.97970109],
       [-6.62566816],
       [-7.93516858],
       [-6.66969388],
       [-6.48912067],
       [-7.74526866],
       [-0.63892751],
       [-7.89961699],
       [-8.04640176],
       [-8.09241196],
       [-7.73368043],
       [-0.72459304],
       [-7.92176814],
       [-0.67813391],
       [-5.48609617],
       [-0.55105596],
       [-7.87975235],
       [-7.98268816],
       [-8.04953201],
       [-6.50277231],
       [-6.46638894],
       [-7.79406654],
       [-7.72454642],
       [-0.82255706],
       [-6.4489967 ],
       [-8.07608303],
       [-0.68778645],
       [-7.60223601],
       [-8.49531586],
       [-6.87698858],
       [-7.70305154],
       [-0.97577878],
       [-0.09434206],
       [-7.88471454],
       [-0.73788931],
       [-6.99070674],
       [-8.02697746],
       [-7.88948174]])
