<<<<<<<<<<< STEP 0 >>>>>>>>>>>> + array([[-0.50000011],
       [-0.49999974],
       [-0.50000037],
       [-0.49999763],
       [-0.49999699],
       [-0.50000009],
       [-0.49999973],
       [-0.49999982],
       [ 0.00772554],
       [-0.49999965],
       [-0.49999961],
       [-0.5000002 ],
       [-0.50000018],
       [-0.4999683 ],
       [-0.50000112],
       [-0.50000022],
       [-0.50000015],
       [-0.49999744],
       [-0.50000001],
       [-0.50000004],
       [ 0.00894162],
       [-0.5000005 ],
       [-0.49999993],
       [-0.49999984],
       [-0.49999098],
       [-0.49999951],
       [-0.49999994],
       [-0.49999991],
       [-0.49999517],
       [-0.49999995],
       [-0.49999962],
       [-0.50000004],
       [-0.49998405],
       [-0.49999975],
       [-0.49999994],
       [-0.49999988],
       [-0.49999955],
       [-0.50000033],
       [-0.50000025],
       [-0.49999983]])
array([[-26.86009165],
       [-26.58146005],
       [-27.23021282],
       [-22.18084088],
       [-22.53965506],
       [-27.56302992],
       [-27.51848505],
       [-28.10814445],
       [ -0.73071045],
       [-27.44602896],
       [-27.68454465],
       [-27.4890383 ],
       [-27.83839756],
       [-18.19964166],
       [-26.19528105],
       [-27.88404057],
       [-26.65007794],
       [-22.40890969],
       [-27.95035663],
       [-27.2050662 ],
       [  0.19874941],
       [-26.2638036 ],
       [-26.54240915],
       [-26.11238121],
       [-17.67816798],
       [-27.11669857],
       [-26.64603871],
       [-28.08094782],
       [-22.19646809],
       [-28.55334214],
       [-27.02403299],
       [-26.28855721],
       [-19.83361898],
       [-27.21864502],
       [-27.71219872],
       [-28.25167757],
       [-28.19071244],
       [-26.70489268],
       [-26.39519562],
       [-25.45067586]])
<<<<<<<<<<< STEP 1 >>>>>>>>>>>> + array([[-0.50000009],
       [-0.4999998 ],
       [-0.50000029],
       [-0.49999815],
       [-0.49999766],
       [-0.50000007],
       [-0.49999979],
       [-0.49999986],
       [ 0.00765999],
       [-0.49999972],
       [-0.4999997 ],
       [-0.50000015],
       [-0.50000014],
       [-0.49997543],
       [-0.50000087],
       [-0.50000017],
       [-0.50000012],
       [-0.499998  ],
       [-0.50000001],
       [-0.50000003],
       [ 0.00887533],
       [-0.50000039],
       [-0.49999994],
       [-0.49999988],
       [-0.49999325],
       [-0.49999962],
       [-0.49999995],
       [-0.49999993],
       [-0.49999625],
       [-0.49999996],
       [-0.49999971],
       [-0.50000003],
       [-0.49998762],
       [-0.4999998 ],
       [-0.49999995],
       [-0.4999999 ],
       [-0.49999965],
       [-0.50000026],
       [-0.50000019],
       [-0.49999987]])
array([[-27.36009174],
       [-27.08145985],
       [-27.73021311],
       [-22.68083904],
       [-23.03965272],
       [-28.06302999],
       [-28.01848484],
       [-28.60814431],
       [ -0.72305047],
       [-27.94602868],
       [-28.18454435],
       [-27.98903845],
       [-28.3383977 ],
       [-18.6996171 ],
       [-26.69528193],
       [-28.38404074],
       [-27.15007805],
       [-22.9089077 ],
       [-28.45035663],
       [-27.70506623],
       [  0.20762473],
       [-26.76380399],
       [-27.04240909],
       [-26.61238109],
       [-18.17816123],
       [-27.61669819],
       [-27.14603866],
       [-28.58094775],
       [-22.69646434],
       [-29.0533421 ],
       [-27.5240327 ],
       [-26.78855724],
       [-20.3336066 ],
       [-27.71864482],
       [-28.21219867],
       [-28.75167747],
       [-28.69071209],
       [-27.20489294],
       [-26.89519581],
       [-25.95067573]])
<<<<<<<<<<< STEP 2 >>>>>>>>>>>> + array([[-0.50000007],
       [-0.49999985],
       [-0.50000022],
       [-0.49999856],
       [-0.49999818],
       [-0.50000006],
       [-0.49999984],
       [-0.49999989],
       [ 0.0075982 ],
       [-0.49999979],
       [-0.49999976],
       [-0.50000012],
       [-0.50000011],
       [-0.49998095],
       [-0.50000068],
       [-0.50000013],
       [-0.50000009],
       [-0.49999844],
       [-0.50000001],
       [-0.50000002],
       [ 0.00881025],
       [-0.5000003 ],
       [-0.49999996],
       [-0.49999991],
       [-0.49999492],
       [-0.4999997 ],
       [-0.49999996],
       [-0.49999994],
       [-0.49999708],
       [-0.49999997],
       [-0.49999977],
       [-0.50000002],
       [-0.49999039],
       [-0.49999985],
       [-0.49999996],
       [-0.49999992],
       [-0.49999973],
       [-0.5000002 ],
       [-0.50000015],
       [-0.4999999 ]])
array([[-27.8600918 ],
       [-27.58145969],
       [-28.23021334],
       [-23.1808376 ],
       [-23.5396509 ],
       [-28.56303004],
       [-28.51848467],
       [-29.1081442 ],
       [ -0.71545226],
       [-28.44602847],
       [-28.68454411],
       [-28.48903857],
       [-28.83839781],
       [-19.19959805],
       [-27.1952826 ],
       [-28.88404087],
       [-27.65007814],
       [-23.40890614],
       [-28.95035664],
       [-28.20506625],
       [  0.21643498],
       [-27.2638043 ],
       [-27.54240905],
       [-27.112381  ],
       [-18.67815615],
       [-28.11669789],
       [-27.64603862],
       [-29.08094769],
       [-23.19646142],
       [-29.55334206],
       [-28.02403247],
       [-27.28855726],
       [-20.83359699],
       [-28.21864467],
       [-28.71219863],
       [-29.2516774 ],
       [-29.19071182],
       [-27.70489313],
       [-27.39519596],
       [-26.45067562]])
<<<<<<<<<<< STEP 3 >>>>>>>>>>>> + array([[-0.50000005],
       [-0.49999988],
       [-0.50000017],
       [-0.49999888],
       [-0.49999858],
       [-0.50000004],
       [-0.49999987],
       [-0.49999991],
       [ 0.00753947],
       [-0.49999983],
       [-0.49999982],
       [-0.50000009],
       [-0.50000008],
       [-0.49998523],
       [-0.50000052],
       [-0.5000001 ],
       [-0.50000007],
       [-0.49999879],
       [-0.5       ],
       [-0.50000002],
       [ 0.00874627],
       [-0.50000023],
       [-0.49999997],
       [-0.49999993],
       [-0.49999615],
       [-0.49999977],
       [-0.49999997],
       [-0.49999996],
       [-0.49999773],
       [-0.49999998],
       [-0.49999982],
       [-0.50000002],
       [-0.49999254],
       [-0.49999988],
       [-0.49999997],
       [-0.49999994],
       [-0.49999979],
       [-0.50000015],
       [-0.50000011],
       [-0.49999992]])
array([[-28.36009186],
       [-28.08145957],
       [-28.73021351],
       [-23.68083648],
       [-24.03964949],
       [-29.06303009],
       [-29.01848455],
       [-29.60814412],
       [ -0.70791279],
       [-28.9460283 ],
       [-29.18454393],
       [-28.98903866],
       [-29.33839789],
       [-19.69958328],
       [-27.69528313],
       [-29.38404097],
       [-28.15007821],
       [-23.90890493],
       [-29.45035664],
       [-28.70506627],
       [  0.22518125],
       [-27.76380453],
       [-28.04240901],
       [-27.61238093],
       [-19.1781523 ],
       [-28.61669766],
       [-28.14603859],
       [-29.58094765],
       [-23.69645915],
       [-30.05334204],
       [-28.52403229],
       [-27.78855728],
       [-21.33358952],
       [-28.71864455],
       [-29.2121986 ],
       [-29.75167734],
       [-29.69071161],
       [-28.20489329],
       [-27.89519607],
       [-26.95067554]])
<<<<<<<<<<< STEP 4 >>>>>>>>>>>> + array([[-0.50000004],
       [-0.49999991],
       [-0.50000013],
       [-0.49999913],
       [-0.4999989 ],
       [-0.50000003],
       [-0.4999999 ],
       [-0.49999993],
       [ 0.00748324],
       [-0.49999987],
       [-0.49999986],
       [-0.50000007],
       [-0.50000006],
       [-0.49998854],
       [-0.50000041],
       [-0.50000008],
       [-0.50000005],
       [-0.49999906],
       [-0.5       ],
       [-0.50000001],
       [ 0.00868333],
       [-0.50000018],
       [-0.49999997],
       [-0.49999994],
       [-0.49999707],
       [-0.49999982],
       [-0.49999998],
       [-0.49999997],
       [-0.49999824],
       [-0.49999998],
       [-0.49999986],
       [-0.50000001],
       [-0.49999421],
       [-0.49999991],
       [-0.49999998],
       [-0.49999995],
       [-0.49999984],
       [-0.50000012],
       [-0.50000009],
       [-0.49999994]])
array([[-28.8600919 ],
       [-28.58145948],
       [-29.23021364],
       [-24.18083561],
       [-24.53964838],
       [-29.56303012],
       [-29.51848445],
       [-30.10814405],
       [ -0.70042956],
       [-29.44602817],
       [-29.68454378],
       [-29.48903873],
       [-29.83839796],
       [-20.19957182],
       [-28.19528353],
       [-29.88404105],
       [-28.65007827],
       [-24.40890399],
       [-29.95035665],
       [-29.20506628],
       [  0.23386459],
       [-28.26380471],
       [-28.54240899],
       [-28.11238087],
       [-19.67814936],
       [-29.11669748],
       [-28.64603856],
       [-30.08094762],
       [-24.19645739],
       [-30.55334202],
       [-29.02403215],
       [-28.28855729],
       [-21.83358373],
       [-29.21864446],
       [-29.71219858],
       [-30.25167729],
       [-30.19071145],
       [-28.70489341],
       [-28.39519616],
       [-27.45067548]])
<<<<<<<<<<< STEP 5 >>>>>>>>>>>> + array([[-0.50000003],
       [-0.49999993],
       [-0.5000001 ],
       [-0.49999932],
       [-0.49999914],
       [-0.50000003],
       [-0.49999992],
       [-0.49999995],
       [ 0.00742907],
       [-0.4999999 ],
       [-0.49999989],
       [-0.50000006],
       [-0.50000005],
       [-0.49999111],
       [-0.50000032],
       [-0.50000006],
       [-0.50000004],
       [-0.49999927],
       [-0.5       ],
       [-0.50000001],
       [ 0.00862136],
       [-0.50000014],
       [-0.49999998],
       [-0.49999996],
       [-0.49999776],
       [-0.49999986],
       [-0.49999998],
       [-0.49999997],
       [-0.49999863],
       [-0.49999999],
       [-0.49999989],
       [-0.50000001],
       [-0.4999955 ],
       [-0.49999993],
       [-0.49999998],
       [-0.49999996],
       [-0.49999987],
       [-0.50000009],
       [-0.50000007],
       [-0.49999995]])
array([[-29.36009193],
       [-29.0814594 ],
       [-29.73021375],
       [-24.68083493],
       [-25.03964753],
       [-30.06303015],
       [-30.01848437],
       [-30.608144  ],
       [ -0.69300048],
       [-29.94602807],
       [-30.18454367],
       [-29.98903879],
       [-30.338398  ],
       [-20.69956293],
       [-28.69528385],
       [-30.38404111],
       [-29.15007831],
       [-24.90890325],
       [-30.45035665],
       [-29.70506629],
       [  0.24248594],
       [-28.76380486],
       [-29.04240897],
       [-28.61238083],
       [-20.17814712],
       [-29.61669735],
       [-29.14603855],
       [-30.58094759],
       [-24.69645602],
       [-31.053342  ],
       [-29.52403205],
       [-28.7885573 ],
       [-22.33357923],
       [-29.71864439],
       [-30.21219856],
       [-30.75167726],
       [-30.69071132],
       [-29.2048935 ],
       [-28.89519623],
       [-27.95067543]])
<<<<<<<<<<< STEP 6 >>>>>>>>>>>> + array([[-0.50000002],
       [-0.49999994],
       [-0.50000008],
       [-0.49999947],
       [-0.49999934],
       [-0.50000002],
       [-0.49999994],
       [-0.49999996],
       [ 0.00737664],
       [-0.49999992],
       [-0.49999991],
       [-0.50000004],
       [-0.50000004],
       [-0.4999931 ],
       [-0.50000025],
       [-0.50000005],
       [-0.50000003],
       [-0.49999943],
       [-0.5       ],
       [-0.50000001],
       [ 0.00856029],
       [-0.50000011],
       [-0.49999998],
       [-0.49999997],
       [-0.49999828],
       [-0.49999989],
       [-0.49999999],
       [-0.49999998],
       [-0.49999894],
       [-0.49999999],
       [-0.49999992],
       [-0.50000001],
       [-0.49999651],
       [-0.49999995],
       [-0.49999999],
       [-0.49999997],
       [-0.4999999 ],
       [-0.50000007],
       [-0.50000005],
       [-0.49999996]])
array([[-29.86009195],
       [-29.58145935],
       [-30.23021383],
       [-25.18083441],
       [-25.53964687],
       [-30.56303017],
       [-30.51848431],
       [-31.10814396],
       [ -0.68562384],
       [-30.44602799],
       [-30.68454359],
       [-30.48903883],
       [-30.83839804],
       [-21.19955603],
       [-29.1952841 ],
       [-30.88404115],
       [-29.65007834],
       [-25.40890268],
       [-30.95035665],
       [-30.2050663 ],
       [  0.25104624],
       [-29.26380497],
       [-29.54240895],
       [-29.11238079],
       [-20.6781454 ],
       [-30.11669724],
       [-29.64603853],
       [-31.08094757],
       [-25.19645495],
       [-31.55334199],
       [-30.02403196],
       [-29.28855731],
       [-22.83357574],
       [-30.21864433],
       [-30.71219854],
       [-31.25167723],
       [-31.19071123],
       [-29.70489357],
       [-29.39519628],
       [-28.45067539]])
<<<<<<<<<<< STEP 7 >>>>>>>>>>>> + array([[-0.50000002],
       [-0.49999996],
       [-0.50000006],
       [-0.49999959],
       [-0.49999948],
       [-0.50000002],
       [-0.49999995],
       [-0.49999997],
       [ 0.00732567],
       [-0.49999994],
       [-0.49999993],
       [-0.50000003],
       [-0.50000003],
       [-0.49999464],
       [-0.50000019],
       [-0.50000004],
       [-0.50000003],
       [-0.49999956],
       [-0.5       ],
       [-0.50000001],
       [ 0.0085001 ],
       [-0.50000008],
       [-0.49999999],
       [-0.49999997],
       [-0.49999868],
       [-0.49999992],
       [-0.49999999],
       [-0.49999998],
       [-0.49999917],
       [-0.49999999],
       [-0.49999994],
       [-0.50000001],
       [-0.49999729],
       [-0.49999996],
       [-0.49999999],
       [-0.49999998],
       [-0.49999992],
       [-0.50000006],
       [-0.50000004],
       [-0.49999997]])
array([[-30.36009197],
       [-30.0814593 ],
       [-30.73021389],
       [-25.680834  ],
       [-26.03964635],
       [-31.06303018],
       [-31.01848426],
       [-31.60814393],
       [ -0.67829818],
       [-30.94602793],
       [-31.18454352],
       [-30.98903886],
       [-31.33839807],
       [-21.69955068],
       [-29.69528429],
       [-31.38404119],
       [-30.15007837],
       [-25.90890224],
       [-31.45035665],
       [-30.7050663 ],
       [  0.25954634],
       [-29.76380505],
       [-30.04240894],
       [-29.61238077],
       [-21.17814407],
       [-30.61669716],
       [-30.14603852],
       [-31.58094755],
       [-25.69645413],
       [-32.05334198],
       [-30.5240319 ],
       [-29.78855732],
       [-23.33357303],
       [-30.71864429],
       [-31.21219853],
       [-31.75167721],
       [-31.69071115],
       [-30.20489363],
       [-29.89519632],
       [-28.95067536]])
<<<<<<<<<<< STEP 8 >>>>>>>>>>>> + array([[-0.50000001],
       [-0.49999997],
       [-0.50000005],
       [-0.49999968],
       [-0.4999996 ],
       [-0.50000001],
       [-0.49999996],
       [-0.49999998],
       [ 0.00727595],
       [-0.49999995],
       [-0.49999995],
       [-0.50000003],
       [-0.50000002],
       [-0.49999584],
       [-0.50000015],
       [-0.50000003],
       [-0.50000002],
       [-0.49999966],
       [-0.5       ],
       [-0.5       ],
       [ 0.00844074],
       [-0.50000007],
       [-0.49999999],
       [-0.49999998],
       [-0.49999898],
       [-0.49999994],
       [-0.49999999],
       [-0.49999999],
       [-0.49999936],
       [-0.49999999],
       [-0.49999995],
       [-0.50000001],
       [-0.4999979 ],
       [-0.49999997],
       [-0.49999999],
       [-0.49999998],
       [-0.49999994],
       [-0.50000004],
       [-0.50000003],
       [-0.49999998]])
array([[-30.86009199],
       [-30.58145927],
       [-31.23021394],
       [-26.18083368],
       [-26.53964595],
       [-31.56303019],
       [-31.51848423],
       [-32.1081439 ],
       [ -0.67102222],
       [-31.44602789],
       [-31.68454347],
       [-31.48903889],
       [-31.8383981 ],
       [-22.19954652],
       [-30.19528443],
       [-31.88404122],
       [-30.65007839],
       [-26.4089019 ],
       [-31.95035665],
       [-31.20506631],
       [  0.26798708],
       [-30.26380512],
       [-30.54240893],
       [-30.11238075],
       [-21.67814305],
       [-31.11669709],
       [-30.64603851],
       [-32.08094754],
       [-26.19645349],
       [-32.55334198],
       [-31.02403185],
       [-30.28855732],
       [-23.83357092],
       [-31.21864426],
       [-31.71219852],
       [-32.25167719],
       [-32.19071109],
       [-30.70489367],
       [-30.39519636],
       [-29.45067534]])
<<<<<<<<<<< STEP 9 >>>>>>>>>>>> + array([[-0.50000001],
       [-0.49999997],
       [-0.50000004],
       [-0.49999975],
       [-0.49999969],
       [-0.50000001],
       [-0.49999997],
       [-0.49999998],
       [ 0.00722734],
       [-0.49999996],
       [-0.49999996],
       [-0.50000002],
       [-0.50000002],
       [-0.49999677],
       [-0.50000011],
       [-0.50000002],
       [-0.50000002],
       [-0.49999973],
       [-0.5       ],
       [-0.5       ],
       [ 0.00838218],
       [-0.50000005],
       [-0.49999999],
       [-0.49999998],
       [-0.49999921],
       [-0.49999995],
       [-0.49999999],
       [-0.49999999],
       [-0.4999995 ],
       [-0.49999999],
       [-0.49999996],
       [-0.5       ],
       [-0.49999837],
       [-0.49999997],
       [-0.49999999],
       [-0.49999999],
       [-0.49999995],
       [-0.50000003],
       [-0.50000003],
       [-0.49999998]])
array([[-31.360092  ],
       [-31.08145924],
       [-31.73021398],
       [-26.68083344],
       [-27.03964564],
       [-32.0630302 ],
       [-32.0184842 ],
       [-32.60814388],
       [ -0.66379489],
       [-31.94602785],
       [-32.18454343],
       [-31.98903891],
       [-32.33839812],
       [-22.69954329],
       [-30.69528455],
       [-32.38404124],
       [-31.1500784 ],
       [-26.90890163],
       [-32.45035665],
       [-31.70506631],
       [  0.27636926],
       [-30.76380517],
       [-31.04240892],
       [-30.61238073],
       [-22.17814226],
       [-31.61669704],
       [-31.14603851],
       [-32.58094753],
       [-26.69645299],
       [-33.05334197],
       [-31.52403181],
       [-30.78855733],
       [-24.33356929],
       [-31.71864423],
       [-32.21219852],
       [-32.75167718],
       [-32.69071104],
       [-31.20489371],
       [-30.89519638],
       [-29.95067532]])
<<<<<<<<<<< STEP 10 >>>>>>>>>>>> + array([[-0.50000001],
       [-0.49999998],
       [-0.50000003],
       [-0.49999981],
       [-0.49999976],
       [-0.50000001],
       [-0.49999998],
       [-0.49999999],
       [ 0.00717969],
       [-0.49999997],
       [-0.49999997],
       [-0.50000002],
       [-0.50000001],
       [-0.49999749],
       [-0.50000009],
       [-0.50000002],
       [-0.50000001],
       [-0.49999979],
       [-0.5       ],
       [-0.5       ],
       [ 0.0083244 ],
       [-0.50000004],
       [-0.49999999],
       [-0.49999999],
       [-0.49999939],
       [-0.49999996],
       [-0.49999999],
       [-0.49999999],
       [-0.49999961],
       [-0.5       ],
       [-0.49999997],
       [-0.5       ],
       [-0.49999873],
       [-0.49999998],
       [-0.49999999],
       [-0.49999999],
       [-0.49999996],
       [-0.50000003],
       [-0.50000002],
       [-0.49999999]])
array([[-31.86009201],
       [-31.58145922],
       [-32.23021401],
       [-27.18083324],
       [-27.5396454 ],
       [-32.56303021],
       [-32.51848418],
       [-33.10814387],
       [ -0.6566152 ],
       [-32.44602782],
       [-32.6845434 ],
       [-32.48903893],
       [-32.83839813],
       [-23.19954079],
       [-31.19528464],
       [-32.88404125],
       [-31.65007841],
       [-27.40890142],
       [-32.95035665],
       [-32.20506631],
       [  0.28469365],
       [-31.26380521],
       [-31.54240892],
       [-31.11238072],
       [-22.67814166],
       [-32.116697  ],
       [-31.6460385 ],
       [-33.08094753],
       [-27.1964526 ],
       [-33.55334197],
       [-32.02403178],
       [-31.28855733],
       [-24.83356802],
       [-32.21864421],
       [-32.71219851],
       [-33.25167717],
       [-33.19071101],
       [-31.70489373],
       [-31.3951964 ],
       [-30.45067531]])
<<<<<<<<<<< STEP 11 >>>>>>>>>>>> + array([[-0.50000001],
       [-0.49999998],
       [-0.50000002],
       [-0.49999985],
       [-0.49999981],
       [-0.50000001],
       [-0.49999998],
       [-0.49999999],
       [ 0.0071329 ],
       [-0.49999998],
       [-0.49999998],
       [-0.50000001],
       [-0.50000001],
       [-0.49999805],
       [-0.50000007],
       [-0.50000001],
       [-0.50000001],
       [-0.49999984],
       [-0.5       ],
       [-0.5       ],
       [ 0.00826736],
       [-0.50000003],
       [-0.5       ],
       [-0.49999999],
       [-0.49999953],
       [-0.49999997],
       [-0.5       ],
       [-0.49999999],
       [-0.4999997 ],
       [-0.5       ],
       [-0.49999998],
       [-0.5       ],
       [-0.49999902],
       [-0.49999998],
       [-0.5       ],
       [-0.49999999],
       [-0.49999997],
       [-0.50000002],
       [-0.50000002],
       [-0.49999999]])
array([[-32.36009201],
       [-32.08145921],
       [-32.73021403],
       [-27.6808331 ],
       [-28.03964521],
       [-33.06303022],
       [-33.01848416],
       [-33.60814386],
       [ -0.6494823 ],
       [-32.9460278 ],
       [-33.18454337],
       [-32.98903894],
       [-33.33839814],
       [-23.69953884],
       [-31.69528471],
       [-33.38404127],
       [-32.15007842],
       [-27.90890126],
       [-33.45035665],
       [-32.70506631],
       [  0.29296102],
       [-31.76380524],
       [-32.04240891],
       [-31.61238071],
       [-23.17814118],
       [-32.61669697],
       [-32.1460385 ],
       [-33.58094752],
       [-27.6964523 ],
       [-34.05334196],
       [-32.52403175],
       [-31.78855733],
       [-25.33356704],
       [-32.7186442 ],
       [-33.21219851],
       [-33.75167716],
       [-33.69071098],
       [-32.20489375],
       [-31.89519642],
       [-30.9506753 ]])
<<<<<<<<<<< STEP 12 >>>>>>>>>>>> + array([[-0.50000001],
       [-0.49999999],
       [-0.50000002],
       [-0.49999988],
       [-0.49999985],
       [-0.5       ],
       [-0.49999999],
       [-0.49999999],
       [ 0.0070869 ],
       [-0.49999998],
       [-0.49999998],
       [-0.50000001],
       [-0.50000001],
       [-0.49999849],
       [-0.50000005],
       [-0.50000001],
       [-0.50000001],
       [-0.49999987],
       [-0.5       ],
       [-0.5       ],
       [ 0.00821106],
       [-0.50000002],
       [-0.5       ],
       [-0.49999999],
       [-0.49999963],
       [-0.49999998],
       [-0.5       ],
       [-0.5       ],
       [-0.49999977],
       [-0.5       ],
       [-0.49999998],
       [-0.5       ],
       [-0.49999924],
       [-0.49999999],
       [-0.5       ],
       [-0.49999999],
       [-0.49999998],
       [-0.50000002],
       [-0.50000001],
       [-0.49999999]])
array([[-32.86009202],
       [-32.5814592 ],
       [-33.23021405],
       [-28.18083298],
       [-28.53964506],
       [-33.56303022],
       [-33.51848415],
       [-34.10814385],
       [ -0.6423954 ],
       [-33.44602778],
       [-33.68454335],
       [-33.48903895],
       [-33.83839815],
       [-24.19953733],
       [-32.19528476],
       [-33.88404128],
       [-32.65007843],
       [-28.40890114],
       [-33.95035665],
       [-33.20506632],
       [  0.30117208],
       [-32.26380526],
       [-32.54240891],
       [-32.1123807 ],
       [-23.67814082],
       [-33.11669695],
       [-32.64603849],
       [-34.08094751],
       [-28.19645207],
       [-34.55334196],
       [-33.02403174],
       [-32.28855733],
       [-25.83356627],
       [-33.21864418],
       [-33.7121985 ],
       [-34.25167715],
       [-34.19071096],
       [-32.70489377],
       [-32.39519643],
       [-31.45067529]])
<<<<<<<<<<< STEP 13 >>>>>>>>>>>> + array([[-0.5       ],
       [-0.49999999],
       [-0.50000001],
       [-0.49999991],
       [-0.49999989],
       [-0.5       ],
       [-0.49999999],
       [-0.49999999],
       [ 0.00704162],
       [-0.49999999],
       [-0.49999999],
       [-0.50000001],
       [-0.50000001],
       [-0.49999883],
       [-0.50000004],
       [-0.50000001],
       [-0.50000001],
       [-0.4999999 ],
       [-0.5       ],
       [-0.5       ],
       [ 0.00815547],
       [-0.50000002],
       [-0.5       ],
       [-0.49999999],
       [-0.49999972],
       [-0.49999998],
       [-0.5       ],
       [-0.5       ],
       [-0.49999982],
       [-0.5       ],
       [-0.49999999],
       [-0.5       ],
       [-0.49999941],
       [-0.49999999],
       [-0.5       ],
       [-0.5       ],
       [-0.49999998],
       [-0.50000001],
       [-0.50000001],
       [-0.49999999]])
array([[-33.36009202],
       [-33.08145919],
       [-33.73021406],
       [-28.68083289],
       [-29.03964495],
       [-34.06303022],
       [-34.01848414],
       [-34.60814384],
       [ -0.63535378],
       [-33.94602777],
       [-34.18454334],
       [-33.98903895],
       [-34.33839816],
       [-24.69953616],
       [-32.6952848 ],
       [-34.38404129],
       [-33.15007843],
       [-28.90890104],
       [-34.45035665],
       [-33.70506632],
       [  0.30932756],
       [-32.76380528],
       [-33.0424089 ],
       [-32.61238069],
       [-24.17814054],
       [-33.61669693],
       [-33.14603849],
       [-34.58094751],
       [-28.69645189],
       [-35.05334196],
       [-33.52403172],
       [-32.78855733],
       [-26.33356568],
       [-33.71864417],
       [-34.2121985 ],
       [-34.75167715],
       [-34.69071094],
       [-33.20489378],
       [-32.89519644],
       [-31.95067529]])
<<<<<<<<<<< STEP 14 >>>>>>>>>>>> + array([[-0.5       ],
       [-0.49999999],
       [-0.50000001],
       [-0.49999993],
       [-0.49999991],
       [-0.5       ],
       [-0.49999999],
       [-0.49999999],
       [ 0.00699701],
       [-0.49999999],
       [-0.49999999],
       [-0.50000001],
       [-0.50000001],
       [-0.49999909],
       [-0.50000003],
       [-0.50000001],
       [-0.5       ],
       [-0.49999992],
       [-0.5       ],
       [-0.5       ],
       [ 0.00810058],
       [-0.50000001],
       [-0.5       ],
       [-0.5       ],
       [-0.49999978],
       [-0.49999999],
       [-0.5       ],
       [-0.5       ],
       [-0.49999986],
       [-0.5       ],
       [-0.49999999],
       [-0.5       ],
       [-0.49999954],
       [-0.49999999],
       [-0.5       ],
       [-0.5       ],
       [-0.49999999],
       [-0.50000001],
       [-0.50000001],
       [-0.49999999]])
array([[-33.86009202],
       [-33.58145918],
       [-34.23021407],
       [-29.18083282],
       [-29.53964486],
       [-34.56303023],
       [-34.51848413],
       [-35.10814384],
       [ -0.62835677],
       [-34.44602776],
       [-34.68454333],
       [-34.48903896],
       [-34.83839816],
       [-25.19953525],
       [-33.19528483],
       [-34.88404129],
       [-33.65007844],
       [-29.40890096],
       [-34.95035665],
       [-34.20506632],
       [  0.31742814],
       [-33.26380529],
       [-33.5424089 ],
       [-33.11238069],
       [-24.67814032],
       [-34.11669692],
       [-33.64603849],
       [-35.08094751],
       [-29.19645175],
       [-35.55334196],
       [-34.02403171],
       [-33.28855734],
       [-26.83356522],
       [-34.21864417],
       [-34.7121985 ],
       [-35.25167714],
       [-35.19071093],
       [-33.70489379],
       [-33.39519644],
       [-32.45067528]])
<<<<<<<<<<< STEP 15 >>>>>>>>>>>> + array([[-0.5       ],
       [-0.49999999],
       [-0.50000001],
       [-0.49999995],
       [-0.49999993],
       [-0.5       ],
       [-0.49999999],
       [-0.5       ],
       [ 0.00695302],
       [-0.49999999],
       [-0.49999999],
       [-0.5       ],
       [-0.5       ],
       [-0.49999929],
       [-0.50000003],
       [-0.5       ],
       [-0.5       ],
       [-0.49999994],
       [-0.5       ],
       [-0.5       ],
       [ 0.00804637],
       [-0.50000001],
       [-0.5       ],
       [-0.5       ],
       [-0.49999983],
       [-0.49999999],
       [-0.5       ],
       [-0.5       ],
       [-0.49999989],
       [-0.5       ],
       [-0.49999999],
       [-0.5       ],
       [-0.49999964],
       [-0.49999999],
       [-0.5       ],
       [-0.5       ],
       [-0.49999999],
       [-0.50000001],
       [-0.50000001],
       [-0.5       ]])
array([[-34.36009203],
       [-34.08145917],
       [-34.73021408],
       [-29.68083277],
       [-30.03964479],
       [-35.06303023],
       [-35.01848412],
       [-35.60814383],
       [ -0.62140374],
       [-34.94602775],
       [-35.18454332],
       [-34.98903896],
       [-35.33839816],
       [-25.69953454],
       [-33.69528486],
       [-35.3840413 ],
       [-34.15007844],
       [-29.90890091],
       [-35.45035665],
       [-34.70506632],
       [  0.32547451],
       [-33.76380531],
       [-34.0424089 ],
       [-33.61238069],
       [-25.17814015],
       [-34.6166969 ],
       [-34.14603849],
       [-35.58094751],
       [-29.69645164],
       [-36.05334196],
       [-34.5240317 ],
       [-33.78855734],
       [-27.33356486],
       [-34.71864416],
       [-35.2121985 ],
       [-35.75167714],
       [-35.69071092],
       [-34.2048938 ],
       [-33.89519645],
       [-32.95067528]])
<<<<<<<<<<< STEP 16 >>>>>>>>>>>> + array([[-0.5       ],
       [-0.5       ],
       [-0.50000001],
       [-0.49999996],
       [-0.49999995],
       [-0.5       ],
       [-0.5       ],
       [-0.5       ],
       [ 0.00690963],
       [-0.49999999],
       [-0.49999999],
       [-0.5       ],
       [-0.5       ],
       [-0.49999945],
       [-0.50000002],
       [-0.5       ],
       [-0.5       ],
       [-0.49999995],
       [-0.5       ],
       [-0.5       ],
       [ 0.00799282],
       [-0.50000001],
       [-0.5       ],
       [-0.5       ],
       [-0.49999987],
       [-0.49999999],
       [-0.5       ],
       [-0.5       ],
       [-0.49999992],
       [-0.5       ],
       [-0.49999999],
       [-0.5       ],
       [-0.49999972],
       [-0.5       ],
       [-0.5       ],
       [-0.5       ],
       [-0.49999999],
       [-0.50000001],
       [-0.5       ],
       [-0.5       ]])
array([[-34.86009203],
       [-34.58145917],
       [-35.23021409],
       [-30.18083273],
       [-30.53964474],
       [-35.56303023],
       [-35.51848412],
       [-36.10814383],
       [ -0.61449411],
       [-35.44602775],
       [-35.68454331],
       [-35.48903897],
       [-35.83839817],
       [-26.19953399],
       [-34.19528488],
       [-35.8840413 ],
       [-34.65007844],
       [-30.40890086],
       [-35.95035665],
       [-35.20506632],
       [  0.33346733],
       [-34.26380531],
       [-34.5424089 ],
       [-34.11238068],
       [-25.67814001],
       [-35.1166969 ],
       [-34.64603849],
       [-36.0809475 ],
       [-30.19645155],
       [-36.55334196],
       [-35.02403169],
       [-34.28855734],
       [-27.83356459],
       [-35.21864416],
       [-35.7121985 ],
       [-36.25167714],
       [-36.19071091],
       [-34.7048938 ],
       [-34.39519645],
       [-33.45067527]])
<<<<<<<<<<< STEP 17 >>>>>>>>>>>> + array([[-0.5       ],
       [-0.5       ],
       [-0.50000001],
       [-0.49999997],
       [-0.49999996],
       [-0.5       ],
       [-0.5       ],
       [-0.5       ],
       [ 0.0068668 ],
       [-0.5       ],
       [-0.49999999],
       [-0.5       ],
       [-0.5       ],
       [-0.49999957],
       [-0.50000002],
       [-0.5       ],
       [-0.5       ],
       [-0.49999996],
       [-0.5       ],
       [-0.5       ],
       [ 0.00793993],
       [-0.50000001],
       [-0.5       ],
       [-0.5       ],
       [-0.4999999 ],
       [-0.49999999],
       [-0.5       ],
       [-0.5       ],
       [-0.49999993],
       [-0.5       ],
       [-0.49999999],
       [-0.5       ],
       [-0.49999978],
       [-0.5       ],
       [-0.5       ],
       [-0.5       ],
       [-0.49999999],
       [-0.5       ],
       [-0.5       ],
       [-0.5       ]])
array([[-35.36009203],
       [-35.08145917],
       [-35.73021409],
       [-30.68083269],
       [-31.0396447 ],
       [-36.06303023],
       [-36.01848411],
       [-36.60814383],
       [ -0.60762731],
       [-35.94602774],
       [-36.18454331],
       [-35.98903897],
       [-36.33839817],
       [-26.69953356],
       [-34.69528489],
       [-36.3840413 ],
       [-35.15007845],
       [-30.90890082],
       [-36.45035665],
       [-35.70506632],
       [  0.34140726],
       [-34.76380532],
       [-35.0424089 ],
       [-34.61238068],
       [-26.17813991],
       [-35.61669689],
       [-35.14603849],
       [-36.5809475 ],
       [-30.69645149],
       [-37.05334196],
       [-35.52403169],
       [-34.78855734],
       [-28.33356437],
       [-35.71864415],
       [-36.2121985 ],
       [-36.75167714],
       [-36.69071091],
       [-35.20489381],
       [-34.89519646],
       [-33.95067527]])
<<<<<<<<<<< STEP 18 >>>>>>>>>>>> + array([[-0.5       ],
       [-0.5       ],
       [-0.5       ],
       [-0.49999997],
       [-0.49999997],
       [-0.5       ],
       [-0.5       ],
       [-0.5       ],
       [ 0.00682451],
       [-0.5       ],
       [-0.5       ],
       [-0.5       ],
       [-0.5       ],
       [-0.49999967],
       [-0.50000001],
       [-0.5       ],
       [-0.5       ],
       [-0.49999997],
       [-0.5       ],
       [-0.5       ],
       [ 0.00788768],
       [-0.50000001],
       [-0.5       ],
       [-0.5       ],
       [-0.49999992],
       [-0.49999999],
       [-0.5       ],
       [-0.5       ],
       [-0.49999995],
       [-0.5       ],
       [-0.5       ],
       [-0.5       ],
       [-0.49999983],
       [-0.5       ],
       [-0.5       ],
       [-0.5       ],
       [-0.5       ],
       [-0.5       ],
       [-0.5       ],
       [-0.5       ]])
array([[-35.86009203],
       [-35.58145916],
       [-36.2302141 ],
       [-31.18083267],
       [-31.53964467],
       [-36.56303023],
       [-36.51848411],
       [-37.10814382],
       [ -0.6008028 ],
       [-36.44602774],
       [-36.6845433 ],
       [-36.48903897],
       [-36.83839817],
       [-27.19953323],
       [-35.19528491],
       [-36.88404131],
       [-35.65007845],
       [-31.4089008 ],
       [-36.95035665],
       [-36.20506632],
       [  0.34929494],
       [-35.26380533],
       [-35.5424089 ],
       [-35.11238068],
       [-26.67813983],
       [-36.11669688],
       [-35.64603849],
       [-37.0809475 ],
       [-31.19645144],
       [-37.55334195],
       [-36.02403169],
       [-35.28855734],
       [-28.8335642 ],
       [-36.21864415],
       [-36.71219849],
       [-37.25167714],
       [-37.1907109 ],
       [-35.70489381],
       [-35.39519646],
       [-34.45067527]])
<<<<<<<<<<< STEP 19 >>>>>>>>>>>> + array([[-0.5       ],
       [-0.5       ],
       [-0.5       ],
       [-0.49999998],
       [-0.49999998],
       [-0.5       ],
       [-0.5       ],
       [-0.5       ],
       [ 0.00678274],
       [-0.5       ],
       [-0.5       ],
       [-0.5       ],
       [-0.5       ],
       [-0.49999974],
       [-0.50000001],
       [-0.5       ],
       [-0.5       ],
       [-0.49999998],
       [-0.5       ],
       [-0.5       ],
       [ 0.00783605],
       [-0.5       ],
       [-0.5       ],
       [-0.5       ],
       [-0.49999994],
       [-0.5       ],
       [-0.5       ],
       [-0.5       ],
       [-0.49999996],
       [-0.5       ],
       [-0.5       ],
       [-0.5       ],
       [-0.49999987],
       [-0.5       ],
       [-0.5       ],
       [-0.5       ],
       [-0.5       ],
       [-0.5       ],
       [-0.5       ],
       [-0.5       ]])
array([[-36.36009203],
       [-36.08145916],
       [-36.7302141 ],
       [-31.68083265],
       [-32.03964464],
       [-37.06303023],
       [-37.01848411],
       [-37.60814382],
       [ -0.59402005],
       [-36.94602773],
       [-37.1845433 ],
       [-36.98903897],
       [-37.33839817],
       [-27.69953298],
       [-35.69528492],
       [-37.38404131],
       [-36.15007845],
       [-31.90890078],
       [-37.45035665],
       [-36.70506632],
       [  0.35713099],
       [-35.76380533],
       [-36.0424089 ],
       [-35.61238068],
       [-27.17813977],
       [-36.61669688],
       [-36.14603849],
       [-37.5809475 ],
       [-31.6964514 ],
       [-38.05334195],
       [-36.52403168],
       [-35.78855734],
       [-29.33356407],
       [-36.71864415],
       [-37.21219849],
       [-37.75167714],
       [-37.6907109 ],
       [-36.20489381],
       [-35.89519646],
       [-34.95067527]])
<<<<<<<<<<< STEP 20 >>>>>>>>>>>> + array([[-0.5       ],
       [-0.5       ],
       [-0.5       ],
       [-0.49999998],
       [-0.49999998],
       [-0.5       ],
       [-0.5       ],
       [-0.5       ],
       [ 0.00674148],
       [-0.5       ],
       [-0.5       ],
       [-0.5       ],
       [-0.5       ],
       [-0.4999998 ],
       [-0.50000001],
       [-0.5       ],
       [-0.5       ],
       [-0.49999998],
       [-0.5       ],
       [-0.5       ],
       [ 0.00778505],
       [-0.5       ],
       [-0.5       ],
       [-0.5       ],
       [-0.49999995],
       [-0.5       ],
       [-0.5       ],
       [-0.5       ],
       [-0.49999997],
       [-0.5       ],
       [-0.5       ],
       [-0.5       ],
       [-0.4999999 ],
       [-0.5       ],
       [-0.5       ],
       [-0.5       ],
       [-0.5       ],
       [-0.5       ],
       [-0.5       ],
       [-0.5       ]])
array([[-36.86009203],
       [-36.58145916],
       [-37.2302141 ],
       [-32.18083263],
       [-32.53964462],
       [-37.56303023],
       [-37.51848411],
       [-38.10814382],
       [ -0.58727858],
       [-37.44602773],
       [-37.6845433 ],
       [-37.48903898],
       [-37.83839817],
       [-28.19953278],
       [-36.19528492],
       [-37.88404131],
       [-36.65007845],
       [-32.40890076],
       [-37.95035665],
       [-37.20506632],
       [  0.36491604],
       [-36.26380533],
       [-36.5424089 ],
       [-36.11238068],
       [-27.67813972],
       [-37.11669688],
       [-36.64603848],
       [-38.0809475 ],
       [-32.19645137],
       [-38.55334195],
       [-37.02403168],
       [-36.28855734],
       [-29.83356397],
       [-37.21864415],
       [-37.71219849],
       [-38.25167713],
       [-38.19071089],
       [-36.70489381],
       [-36.39519646],
       [-35.45067527]])
<<<<<<<<<<< STEP 21 >>>>>>>>>>>> + array([[-0.5       ],
       [-0.5       ],
       [-0.5       ],
       [-0.49999999],
       [-0.49999998],
       [-0.5       ],
       [-0.5       ],
       [-0.5       ],
       [ 0.0067007 ],
       [-0.5       ],
       [-0.5       ],
       [-0.5       ],
       [-0.5       ],
       [-0.49999984],
       [-0.50000001],
       [-0.5       ],
       [-0.5       ],
       [-0.49999999],
       [-0.5       ],
       [-0.5       ],
       [ 0.00773465],
       [-0.5       ],
       [-0.5       ],
       [-0.5       ],
       [-0.49999996],
       [-0.5       ],
       [-0.5       ],
       [-0.5       ],
       [-0.49999998],
       [-0.5       ],
       [-0.5       ],
       [-0.5       ],
       [-0.49999992],
       [-0.5       ],
       [-0.5       ],
       [-0.5       ],
       [-0.5       ],
       [-0.5       ],
       [-0.5       ],
       [-0.5       ]])
array([[-37.36009203],
       [-37.08145916],
       [-37.73021411],
       [-32.68083262],
       [-33.03964461],
       [-38.06303024],
       [-38.0184841 ],
       [-38.60814382],
       [ -0.58057788],
       [-37.94602773],
       [-38.18454329],
       [-37.98903898],
       [-38.33839817],
       [-28.69953262],
       [-36.69528493],
       [-38.38404131],
       [-37.15007845],
       [-32.90890075],
       [-38.45035665],
       [-37.70506632],
       [  0.37265069],
       [-36.76380534],
       [-37.0424089 ],
       [-36.61238068],
       [-28.17813968],
       [-37.61669687],
       [-37.14603848],
       [-38.5809475 ],
       [-32.69645134],
       [-39.05334195],
       [-37.52403168],
       [-36.78855734],
       [-30.33356389],
       [-37.71864415],
       [-38.21219849],
       [-38.75167713],
       [-38.69071089],
       [-37.20489382],
       [-36.89519646],
       [-35.95067527]])
<<<<<<<<<<< STEP 22 >>>>>>>>>>>> + array([[-0.5       ],
       [-0.5       ],
       [-0.5       ],
       [-0.49999999],
       [-0.49999999],
       [-0.5       ],
       [-0.5       ],
       [-0.5       ],
       [ 0.0066604 ],
       [-0.5       ],
       [-0.5       ],
       [-0.5       ],
       [-0.5       ],
       [-0.49999988],
       [-0.5       ],
       [-0.5       ],
       [-0.5       ],
       [-0.49999999],
       [-0.5       ],
       [-0.5       ],
       [ 0.00768484],
       [-0.5       ],
       [-0.5       ],
       [-0.5       ],
       [-0.49999997],
       [-0.5       ],
       [-0.5       ],
       [-0.5       ],
       [-0.49999998],
       [-0.5       ],
       [-0.5       ],
       [-0.5       ],
       [-0.49999994],
       [-0.5       ],
       [-0.5       ],
       [-0.5       ],
       [-0.5       ],
       [-0.5       ],
       [-0.5       ],
       [-0.5       ]])
array([[-37.86009203],
       [-37.58145916],
       [-38.23021411],
       [-33.18083261],
       [-33.53964459],
       [-38.56303024],
       [-38.5184841 ],
       [-39.10814382],
       [ -0.57391748],
       [-38.44602773],
       [-38.68454329],
       [-38.48903898],
       [-38.83839818],
       [-29.1995325 ],
       [-37.19528493],
       [-38.88404131],
       [-37.65007845],
       [-33.40890074],
       [-38.95035665],
       [-38.20506632],
       [  0.38033553],
       [-37.26380534],
       [-37.5424089 ],
       [-37.11238068],
       [-28.67813966],
       [-38.11669687],
       [-37.64603848],
       [-39.0809475 ],
       [-33.19645132],
       [-39.55334195],
       [-38.02403168],
       [-37.28855734],
       [-30.83356383],
       [-38.21864415],
       [-38.71219849],
       [-39.25167713],
       [-39.19071089],
       [-37.70489382],
       [-37.39519647],
       [-36.45067527]])
<<<<<<<<<<< STEP 23 >>>>>>>>>>>> + array([[-0.5       ],
       [-0.5       ],
       [-0.5       ],
       [-0.49999999],
       [-0.49999999],
       [-0.5       ],
       [-0.5       ],
       [-0.5       ],
       [ 0.00662056],
       [-0.5       ],
       [-0.5       ],
       [-0.5       ],
       [-0.5       ],
       [-0.49999991],
       [-0.5       ],
       [-0.5       ],
       [-0.5       ],
       [-0.49999999],
       [-0.5       ],
       [-0.5       ],
       [ 0.00763562],
       [-0.5       ],
       [-0.5       ],
       [-0.5       ],
       [-0.49999998],
       [-0.5       ],
       [-0.5       ],
       [-0.5       ],
       [-0.49999999],
       [-0.5       ],
       [-0.5       ],
       [-0.5       ],
       [-0.49999995],
       [-0.5       ],
       [-0.5       ],
       [-0.5       ],
       [-0.5       ],
       [-0.5       ],
       [-0.5       ],
       [-0.5       ]])
array([[-38.36009203],
       [-38.08145916],
       [-38.73021411],
       [-33.6808326 ],
       [-34.03964459],
       [-39.06303024],
       [-39.0184841 ],
       [-39.60814382],
       [ -0.56729692],
       [-38.94602773],
       [-39.18454329],
       [-38.98903898],
       [-39.33839818],
       [-29.69953241],
       [-37.69528494],
       [-39.38404131],
       [-38.15007845],
       [-33.90890073],
       [-39.45035665],
       [-38.70506632],
       [  0.38797115],
       [-37.76380534],
       [-38.0424089 ],
       [-37.61238068],
       [-29.17813963],
       [-38.61669687],
       [-38.14603848],
       [-39.5809475 ],
       [-33.69645131],
       [-40.05334195],
       [-38.52403168],
       [-37.78855734],
       [-31.33356379],
       [-38.71864414],
       [-39.21219849],
       [-39.75167713],
       [-39.69071089],
       [-38.20489382],
       [-37.89519647],
       [-36.95067526]])
<<<<<<<<<<< STEP 24 >>>>>>>>>>>> + array([[-0.5       ],
       [-0.5       ],
       [-0.5       ],
       [-0.49999999],
       [-0.49999999],
       [-0.5       ],
       [-0.5       ],
       [-0.5       ],
       [ 0.00658117],
       [-0.5       ],
       [-0.5       ],
       [-0.5       ],
       [-0.5       ],
       [-0.49999993],
       [-0.5       ],
       [-0.5       ],
       [-0.5       ],
       [-0.49999999],
       [-0.5       ],
       [-0.5       ],
       [ 0.00758698],
       [-0.5       ],
       [-0.5       ],
       [-0.5       ],
       [-0.49999998],
       [-0.5       ],
       [-0.5       ],
       [-0.5       ],
       [-0.49999999],
       [-0.5       ],
       [-0.5       ],
       [-0.5       ],
       [-0.49999996],
       [-0.5       ],
       [-0.5       ],
       [-0.5       ],
       [-0.5       ],
       [-0.5       ],
       [-0.5       ],
       [-0.5       ]])
array([[-38.86009203],
       [-38.58145916],
       [-39.23021411],
       [-34.1808326 ],
       [-34.53964458],
       [-39.56303024],
       [-39.5184841 ],
       [-40.10814382],
       [ -0.56071575],
       [-39.44602773],
       [-39.68454329],
       [-39.48903898],
       [-39.83839818],
       [-30.19953233],
       [-38.19528494],
       [-39.88404131],
       [-38.65007845],
       [-34.40890072],
       [-39.95035665],
       [-39.20506632],
       [  0.39555813],
       [-38.26380534],
       [-38.5424089 ],
       [-38.11238068],
       [-29.67813962],
       [-39.11669687],
       [-38.64603848],
       [-40.0809475 ],
       [-34.1964513 ],
       [-40.55334195],
       [-39.02403167],
       [-38.28855734],
       [-31.83356375],
       [-39.21864414],
       [-39.71219849],
       [-40.25167713],
       [-40.19071089],
       [-38.70489382],
       [-38.39519647],
       [-37.45067526]])
<<<<<<<<<<< STEP 25 >>>>>>>>>>>> + array([[-0.5       ],
       [-0.5       ],
       [-0.5       ],
       [-0.5       ],
       [-0.49999999],
       [-0.5       ],
       [-0.5       ],
       [-0.5       ],
       [ 0.00654223],
       [-0.5       ],
       [-0.5       ],
       [-0.5       ],
       [-0.5       ],
       [-0.49999994],
       [-0.5       ],
       [-0.5       ],
       [-0.5       ],
       [-0.5       ],
       [-0.5       ],
       [-0.5       ],
       [ 0.0075389 ],
       [-0.5       ],
       [-0.5       ],
       [-0.5       ],
       [-0.49999999],
       [-0.5       ],
       [-0.5       ],
       [-0.5       ],
       [-0.49999999],
       [-0.5       ],
       [-0.5       ],
       [-0.5       ],
       [-0.49999997],
       [-0.5       ],
       [-0.5       ],
       [-0.5       ],
       [-0.5       ],
       [-0.5       ],
       [-0.5       ],
       [-0.5       ]])
array([[-39.36009204],
       [-39.08145915],
       [-39.73021411],
       [-34.68083259],
       [-35.03964457],
       [-40.06303024],
       [-40.0184841 ],
       [-40.60814382],
       [ -0.55417352],
       [-39.94602773],
       [-40.18454329],
       [-39.98903898],
       [-40.33839818],
       [-30.69953228],
       [-38.69528494],
       [-40.38404131],
       [-39.15007845],
       [-34.90890072],
       [-40.45035665],
       [-39.70506632],
       [  0.40309703],
       [-38.76380534],
       [-39.0424089 ],
       [-38.61238068],
       [-30.1781396 ],
       [-39.61669687],
       [-39.14603848],
       [-40.5809475 ],
       [-34.69645129],
       [-41.05334195],
       [-39.52403167],
       [-38.78855734],
       [-32.33356372],
       [-39.71864414],
       [-40.21219849],
       [-40.75167713],
       [-40.69071089],
       [-39.20489382],
       [-38.89519647],
       [-37.95067526]])
<<<<<<<<<<< STEP 26 >>>>>>>>>>>> + array([[-0.5       ],
       [-0.5       ],
       [-0.5       ],
       [-0.5       ],
       [-0.5       ],
       [-0.5       ],
       [-0.5       ],
       [-0.5       ],
       [ 0.00650372],
       [-0.5       ],
       [-0.5       ],
       [-0.5       ],
       [-0.5       ],
       [-0.49999996],
       [-0.5       ],
       [-0.5       ],
       [-0.5       ],
       [-0.5       ],
       [-0.5       ],
       [-0.5       ],
       [ 0.00749138],
       [-0.5       ],
       [-0.5       ],
       [-0.5       ],
       [-0.49999999],
       [-0.5       ],
       [-0.5       ],
       [-0.5       ],
       [-0.49999999],
       [-0.5       ],
       [-0.5       ],
       [-0.5       ],
       [-0.49999998],
       [-0.5       ],
       [-0.5       ],
       [-0.5       ],
       [-0.5       ],
       [-0.5       ],
       [-0.5       ],
       [-0.5       ]])
array([[-39.86009204],
       [-39.58145915],
       [-40.23021411],
       [-35.18083259],
       [-35.53964457],
       [-40.56303024],
       [-40.5184841 ],
       [-41.10814382],
       [ -0.54766979],
       [-40.44602773],
       [-40.68454329],
       [-40.48903898],
       [-40.83839818],
       [-31.19953223],
       [-39.19528494],
       [-40.88404131],
       [-39.65007845],
       [-35.40890071],
       [-40.95035665],
       [-40.20506632],
       [  0.41058841],
       [-39.26380534],
       [-39.5424089 ],
       [-39.11238068],
       [-30.67813959],
       [-40.11669687],
       [-39.64603848],
       [-41.0809475 ],
       [-35.19645128],
       [-41.55334195],
       [-40.02403167],
       [-39.28855734],
       [-32.8335637 ],
       [-40.21864414],
       [-40.71219849],
       [-41.25167713],
       [-41.19071089],
       [-39.70489382],
       [-39.39519647],
       [-38.45067526]])
<<<<<<<<<<< STEP 27 >>>>>>>>>>>> + array([[-0.5       ],
       [-0.5       ],
       [-0.5       ],
       [-0.5       ],
       [-0.5       ],
       [-0.5       ],
       [-0.5       ],
       [-0.5       ],
       [ 0.00646564],
       [-0.5       ],
       [-0.5       ],
       [-0.5       ],
       [-0.5       ],
       [-0.49999997],
       [-0.5       ],
       [-0.5       ],
       [-0.5       ],
       [-0.5       ],
       [-0.5       ],
       [-0.5       ],
       [ 0.00744441],
       [-0.5       ],
       [-0.5       ],
       [-0.5       ],
       [-0.49999999],
       [-0.5       ],
       [-0.5       ],
       [-0.5       ],
       [-0.49999999],
       [-0.5       ],
       [-0.5       ],
       [-0.5       ],
       [-0.49999998],
       [-0.5       ],
       [-0.5       ],
       [-0.5       ],
       [-0.5       ],
       [-0.5       ],
       [-0.5       ],
       [-0.5       ]])
array([[-40.36009204],
       [-40.08145915],
       [-40.73021411],
       [-35.68083259],
       [-36.03964457],
       [-41.06303024],
       [-41.0184841 ],
       [-41.60814382],
       [ -0.54120415],
       [-40.94602772],
       [-41.18454329],
       [-40.98903898],
       [-41.33839818],
       [-31.6995322 ],
       [-39.69528494],
       [-41.38404131],
       [-40.15007845],
       [-35.90890071],
       [-41.45035665],
       [-40.70506632],
       [  0.41803282],
       [-39.76380534],
       [-40.0424089 ],
       [-39.61238068],
       [-31.17813958],
       [-40.61669687],
       [-40.14603848],
       [-41.5809475 ],
       [-35.69645128],
       [-42.05334195],
       [-40.52403167],
       [-39.78855734],
       [-33.33356368],
       [-40.71864414],
       [-41.21219849],
       [-41.75167713],
       [-41.69071089],
       [-40.20489382],
       [-39.89519647],
       [-38.95067526]])
<<<<<<<<<<< STEP 28 >>>>>>>>>>>> + array([[-0.5       ],
       [-0.5       ],
       [-0.5       ],
       [-0.5       ],
       [-0.5       ],
       [-0.5       ],
       [-0.5       ],
       [-0.5       ],
       [ 0.00642798],
       [-0.5       ],
       [-0.5       ],
       [-0.5       ],
       [-0.5       ],
       [-0.49999997],
       [-0.5       ],
       [-0.5       ],
       [-0.5       ],
       [-0.5       ],
       [-0.5       ],
       [-0.5       ],
       [ 0.00739798],
       [-0.5       ],
       [-0.5       ],
       [-0.5       ],
       [-0.49999999],
       [-0.5       ],
       [-0.5       ],
       [-0.5       ],
       [-0.5       ],
       [-0.5       ],
       [-0.5       ],
       [-0.5       ],
       [-0.49999999],
       [-0.5       ],
       [-0.5       ],
       [-0.5       ],
       [-0.5       ],
       [-0.5       ],
       [-0.5       ],
       [-0.5       ]])
array([[-40.86009204],
       [-40.58145915],
       [-41.23021411],
       [-36.18083259],
       [-36.53964456],
       [-41.56303024],
       [-41.5184841 ],
       [-42.10814382],
       [ -0.53477617],
       [-41.44602772],
       [-41.68454329],
       [-41.48903898],
       [-41.83839818],
       [-32.19953217],
       [-40.19528494],
       [-41.88404131],
       [-40.65007845],
       [-36.40890071],
       [-41.95035665],
       [-41.20506632],
       [  0.4254308 ],
       [-40.26380534],
       [-40.5424089 ],
       [-40.11238068],
       [-31.67813958],
       [-41.11669687],
       [-40.64603848],
       [-42.0809475 ],
       [-36.19645127],
       [-42.55334195],
       [-41.02403167],
       [-40.28855734],
       [-33.83356367],
       [-41.21864414],
       [-41.71219849],
       [-42.25167713],
       [-42.19071089],
       [-40.70489382],
       [-40.39519647],
       [-39.45067526]])
<<<<<<<<<<< STEP 29 >>>>>>>>>>>> + array([[-0.5       ],
       [-0.5       ],
       [-0.5       ],
       [-0.5       ],
       [-0.5       ],
       [-0.5       ],
       [-0.5       ],
       [-0.5       ],
       [ 0.00639073],
       [-0.5       ],
       [-0.5       ],
       [-0.5       ],
       [-0.5       ],
       [-0.49999998],
       [-0.5       ],
       [-0.5       ],
       [-0.5       ],
       [-0.5       ],
       [-0.5       ],
       [-0.5       ],
       [ 0.00735207],
       [-0.5       ],
       [-0.5       ],
       [-0.5       ],
       [-0.5       ],
       [-0.5       ],
       [-0.5       ],
       [-0.5       ],
       [-0.5       ],
       [-0.5       ],
       [-0.5       ],
       [-0.5       ],
       [-0.49999999],
       [-0.5       ],
       [-0.5       ],
       [-0.5       ],
       [-0.5       ],
       [-0.5       ],
       [-0.5       ],
       [-0.5       ]])
array([[-41.36009204],
       [-41.08145915],
       [-41.73021411],
       [-36.68083258],
       [-37.03964456],
       [-42.06303024],
       [-42.0184841 ],
       [-42.60814382],
       [ -0.52838544],
       [-41.94602772],
       [-42.18454329],
       [-41.98903898],
       [-42.33839818],
       [-32.69953215],
       [-40.69528494],
       [-42.38404131],
       [-41.15007845],
       [-36.90890071],
       [-42.45035665],
       [-41.70506632],
       [  0.43278287],
       [-40.76380534],
       [-41.0424089 ],
       [-40.61238068],
       [-32.17813957],
       [-41.61669687],
       [-41.14603848],
       [-42.5809475 ],
       [-36.69645127],
       [-43.05334195],
       [-41.52403167],
       [-40.78855734],
       [-34.33356366],
       [-41.71864414],
       [-42.21219849],
       [-42.75167713],
       [-42.69071088],
       [-41.20489382],
       [-40.89519647],
       [-39.95067526]])
<<<<<<<<<<< STEP 30 >>>>>>>>>>>> + array([[-0.5       ],
       [-0.5       ],
       [-0.5       ],
       [-0.5       ],
       [-0.5       ],
       [-0.5       ],
       [-0.5       ],
       [-0.5       ],
       [ 0.00635388],
       [-0.5       ],
       [-0.5       ],
       [-0.5       ],
       [-0.5       ],
       [-0.49999998],
       [-0.5       ],
       [-0.5       ],
       [-0.5       ],
       [-0.5       ],
       [-0.5       ],
       [-0.5       ],
       [ 0.00730669],
       [-0.5       ],
       [-0.5       ],
       [-0.5       ],
       [-0.5       ],
       [-0.5       ],
       [-0.5       ],
       [-0.5       ],
       [-0.5       ],
       [-0.5       ],
       [-0.5       ],
       [-0.5       ],
       [-0.49999999],
       [-0.5       ],
       [-0.5       ],
       [-0.5       ],
       [-0.5       ],
       [-0.5       ],
       [-0.5       ],
       [-0.5       ]])
array([[-41.86009204],
       [-41.58145915],
       [-42.23021411],
       [-37.18083258],
       [-37.53964456],
       [-42.56303024],
       [-42.5184841 ],
       [-43.10814382],
       [ -0.52203156],
       [-42.44602772],
       [-42.68454329],
       [-42.48903898],
       [-42.83839818],
       [-33.19953214],
       [-41.19528495],
       [-42.88404131],
       [-41.65007845],
       [-37.40890071],
       [-42.95035665],
       [-42.20506632],
       [  0.44008956],
       [-41.26380534],
       [-41.5424089 ],
       [-41.11238068],
       [-32.67813957],
       [-42.11669687],
       [-41.64603848],
       [-43.0809475 ],
       [-37.19645127],
       [-43.55334195],
       [-42.02403167],
       [-41.28855734],
       [-34.83356365],
       [-42.21864414],
       [-42.71219849],
       [-43.25167713],
       [-43.19071088],
       [-41.70489382],
       [-41.39519647],
       [-40.45067526]])
<<<<<<<<<<< STEP 31 >>>>>>>>>>>> + array([[-0.5       ],
       [-0.5       ],
       [-0.5       ],
       [-0.5       ],
       [-0.5       ],
       [-0.5       ],
       [-0.5       ],
       [-0.5       ],
       [ 0.00631743],
       [-0.5       ],
       [-0.5       ],
       [-0.5       ],
       [-0.5       ],
       [-0.49999999],
       [-0.5       ],
       [-0.5       ],
       [-0.5       ],
       [-0.5       ],
       [-0.5       ],
       [-0.5       ],
       [ 0.00726182],
       [-0.5       ],
       [-0.5       ],
       [-0.5       ],
       [-0.5       ],
       [-0.5       ],
       [-0.5       ],
       [-0.5       ],
       [-0.5       ],
       [-0.5       ],
       [-0.5       ],
       [-0.5       ],
       [-0.49999999],
       [-0.5       ],
       [-0.5       ],
       [-0.5       ],
       [-0.5       ],
       [-0.5       ],
       [-0.5       ],
       [-0.5       ]])
array([[-42.36009204],
       [-42.08145915],
       [-42.73021411],
       [-37.68083258],
       [-38.03964456],
       [-43.06303024],
       [-43.0184841 ],
       [-43.60814382],
       [ -0.51571413],
       [-42.94602772],
       [-43.18454329],
       [-42.98903898],
       [-43.33839818],
       [-33.69953212],
       [-41.69528495],
       [-43.38404131],
       [-42.15007845],
       [-37.90890071],
       [-43.45035665],
       [-42.70506632],
       [  0.44735138],
       [-41.76380534],
       [-42.04240889],
       [-41.61238068],
       [-33.17813957],
       [-42.61669687],
       [-42.14603848],
       [-43.5809475 ],
       [-37.69645127],
       [-44.05334195],
       [-42.52403167],
       [-41.78855734],
       [-35.33356364],
       [-42.71864414],
       [-43.21219849],
       [-43.75167713],
       [-43.69071088],
       [-42.20489382],
       [-41.89519647],
       [-40.95067526]])
<<<<<<<<<<< STEP 32 >>>>>>>>>>>> + array([[-0.5       ],
       [-0.5       ],
       [-0.5       ],
       [-0.5       ],
       [-0.5       ],
       [-0.5       ],
       [-0.5       ],
       [-0.5       ],
       [ 0.00628137],
       [-0.5       ],
       [-0.5       ],
       [-0.5       ],
       [-0.5       ],
       [-0.49999999],
       [-0.5       ],
       [-0.5       ],
       [-0.5       ],
       [-0.5       ],
       [-0.5       ],
       [-0.5       ],
       [ 0.00721746],
       [-0.5       ],
       [-0.5       ],
       [-0.5       ],
       [-0.5       ],
       [-0.5       ],
       [-0.5       ],
       [-0.5       ],
       [-0.5       ],
       [-0.5       ],
       [-0.5       ],
       [-0.5       ],
       [-0.5       ],
       [-0.5       ],
       [-0.5       ],
       [-0.5       ],
       [-0.5       ],
       [-0.5       ],
       [-0.5       ],
       [-0.5       ]])
array([[-42.86009204],
       [-42.58145915],
       [-43.23021411],
       [-38.18083258],
       [-38.53964456],
       [-43.56303024],
       [-43.5184841 ],
       [-44.10814382],
       [ -0.50943275],
       [-43.44602772],
       [-43.68454329],
       [-43.48903898],
       [-43.83839818],
       [-34.19953212],
       [-42.19528495],
       [-43.88404131],
       [-42.65007845],
       [-38.4089007 ],
       [-43.95035665],
       [-43.20506632],
       [  0.45456884],
       [-42.26380534],
       [-42.54240889],
       [-42.11238068],
       [-33.67813956],
       [-43.11669687],
       [-42.64603848],
       [-44.0809475 ],
       [-38.19645126],
       [-44.55334195],
       [-43.02403167],
       [-42.28855734],
       [-35.83356364],
       [-43.21864414],
       [-43.71219849],
       [-44.25167713],
       [-44.19071088],
       [-42.70489382],
       [-42.39519647],
       [-41.45067526]])
<<<<<<<<<<< STEP 33 >>>>>>>>>>>> + array([[-0.5       ],
       [-0.5       ],
       [-0.5       ],
       [-0.5       ],
       [-0.5       ],
       [-0.5       ],
       [-0.5       ],
       [-0.5       ],
       [ 0.0062457 ],
       [-0.5       ],
       [-0.5       ],
       [-0.5       ],
       [-0.5       ],
       [-0.49999999],
       [-0.5       ],
       [-0.5       ],
       [-0.5       ],
       [-0.5       ],
       [-0.5       ],
       [-0.5       ],
       [ 0.00717359],
       [-0.5       ],
       [-0.5       ],
       [-0.5       ],
       [-0.5       ],
       [-0.5       ],
       [-0.5       ],
       [-0.5       ],
       [-0.5       ],
       [-0.5       ],
       [-0.5       ],
       [-0.5       ],
       [-0.5       ],
       [-0.5       ],
       [-0.5       ],
       [-0.5       ],
       [-0.5       ],
       [-0.5       ],
       [-0.5       ],
       [-0.5       ]])
array([[-43.36009204],
       [-43.08145915],
       [-43.73021411],
       [-38.68083258],
       [-39.03964456],
       [-44.06303024],
       [-44.0184841 ],
       [-44.60814382],
       [ -0.50318705],
       [-43.94602772],
       [-44.18454329],
       [-43.98903898],
       [-44.33839818],
       [-34.69953211],
       [-42.69528495],
       [-44.38404131],
       [-43.15007845],
       [-38.9089007 ],
       [-44.45035665],
       [-43.70506632],
       [  0.46174243],
       [-42.76380534],
       [-43.04240889],
       [-42.61238068],
       [-34.17813956],
       [-43.61669687],
       [-43.14603848],
       [-44.5809475 ],
       [-38.69645126],
       [-45.05334195],
       [-43.52403167],
       [-42.78855734],
       [-36.33356363],
       [-43.71864414],
       [-44.21219849],
       [-44.75167713],
       [-44.69071088],
       [-43.20489382],
       [-42.89519647],
       [-41.95067526]])
<<<<<<<<<<< STEP 34 >>>>>>>>>>>> + array([[-0.5       ],
       [-0.5       ],
       [-0.5       ],
       [-0.5       ],
       [-0.5       ],
       [-0.5       ],
       [-0.5       ],
       [-0.5       ],
       [ 0.00621041],
       [-0.5       ],
       [-0.5       ],
       [-0.5       ],
       [-0.5       ],
       [-0.49999999],
       [-0.5       ],
       [-0.5       ],
       [-0.5       ],
       [-0.5       ],
       [-0.5       ],
       [-0.5       ],
       [ 0.00713021],
       [-0.5       ],
       [-0.5       ],
       [-0.5       ],
       [-0.5       ],
       [-0.5       ],
       [-0.5       ],
       [-0.5       ],
       [-0.5       ],
       [-0.5       ],
       [-0.5       ],
       [-0.5       ],
       [-0.5       ],
       [-0.5       ],
       [-0.5       ],
       [-0.5       ],
       [-0.5       ],
       [-0.5       ],
       [-0.5       ],
       [-0.5       ]])
array([[-43.86009204],
       [-43.58145915],
       [-44.23021411],
       [-39.18083258],
       [-39.53964456],
       [-44.56303024],
       [-44.5184841 ],
       [-45.10814382],
       [ -0.49697665],
       [-44.44602772],
       [-44.68454329],
       [-44.48903898],
       [-44.83839818],
       [-35.1995321 ],
       [-43.19528495],
       [-44.88404131],
       [-43.65007845],
       [-39.4089007 ],
       [-44.95035665],
       [-44.20506632],
       [  0.46887264],
       [-43.26380534],
       [-43.54240889],
       [-43.11238068],
       [-34.67813956],
       [-44.11669687],
       [-43.64603848],
       [-45.0809475 ],
       [-39.19645126],
       [-45.55334195],
       [-44.02403167],
       [-43.28855734],
       [-36.83356363],
       [-44.21864414],
       [-44.71219849],
       [-45.25167713],
       [-45.19071088],
       [-43.70489382],
       [-43.39519647],
       [-42.45067526]])
<<<<<<<<<<< STEP 35 >>>>>>>>>>>> + array([[-0.5       ],
       [-0.5       ],
       [-0.5       ],
       [-0.5       ],
       [-0.5       ],
       [-0.5       ],
       [-0.5       ],
       [-0.5       ],
       [ 0.00617548],
       [-0.5       ],
       [-0.5       ],
       [-0.5       ],
       [-0.5       ],
       [-0.5       ],
       [-0.5       ],
       [-0.5       ],
       [-0.5       ],
       [-0.5       ],
       [-0.5       ],
       [-0.5       ],
       [ 0.00708732],
       [-0.5       ],
       [-0.5       ],
       [-0.5       ],
       [-0.5       ],
       [-0.5       ],
       [-0.5       ],
       [-0.5       ],
       [-0.5       ],
       [-0.5       ],
       [-0.5       ],
       [-0.5       ],
       [-0.5       ],
       [-0.5       ],
       [-0.5       ],
       [-0.5       ],
       [-0.5       ],
       [-0.5       ],
       [-0.5       ],
       [-0.5       ]])
array([[-44.36009204],
       [-44.08145915],
       [-44.73021411],
       [-39.68083258],
       [-40.03964456],
       [-45.06303024],
       [-45.0184841 ],
       [-45.60814382],
       [ -0.49080116],
       [-44.94602772],
       [-45.18454329],
       [-44.98903898],
       [-45.33839818],
       [-35.6995321 ],
       [-43.69528495],
       [-45.38404131],
       [-44.15007845],
       [-39.9089007 ],
       [-45.45035665],
       [-44.70506632],
       [  0.47595996],
       [-43.76380534],
       [-44.04240889],
       [-43.61238068],
       [-35.17813956],
       [-44.61669687],
       [-44.14603848],
       [-45.5809475 ],
       [-39.69645126],
       [-46.05334195],
       [-44.52403167],
       [-43.78855734],
       [-37.33356363],
       [-44.71864414],
       [-45.21219849],
       [-45.75167713],
       [-45.69071088],
       [-44.20489382],
       [-43.89519647],
       [-42.95067526]])
<<<<<<<<<<< STEP 36 >>>>>>>>>>>> + array([[-0.5       ],
       [-0.5       ],
       [-0.5       ],
       [-0.5       ],
       [-0.5       ],
       [-0.5       ],
       [-0.5       ],
       [-0.5       ],
       [ 0.00614093],
       [-0.5       ],
       [-0.5       ],
       [-0.5       ],
       [-0.5       ],
       [-0.5       ],
       [-0.5       ],
       [-0.5       ],
       [-0.5       ],
       [-0.5       ],
       [-0.5       ],
       [-0.5       ],
       [ 0.0070449 ],
       [-0.5       ],
       [-0.5       ],
       [-0.5       ],
       [-0.5       ],
       [-0.5       ],
       [-0.5       ],
       [-0.5       ],
       [-0.5       ],
       [-0.5       ],
       [-0.5       ],
       [-0.5       ],
       [-0.5       ],
       [-0.5       ],
       [-0.5       ],
       [-0.5       ],
       [-0.5       ],
       [-0.5       ],
       [-0.5       ],
       [-0.5       ]])
array([[-44.86009204],
       [-44.58145915],
       [-45.23021411],
       [-40.18083258],
       [-40.53964456],
       [-45.56303024],
       [-45.5184841 ],
       [-46.10814382],
       [ -0.48466023],
       [-45.44602772],
       [-45.68454329],
       [-45.48903898],
       [-45.83839818],
       [-36.19953209],
       [-44.19528495],
       [-45.88404131],
       [-44.65007845],
       [-40.4089007 ],
       [-45.95035665],
       [-45.20506632],
       [  0.48300486],
       [-44.26380534],
       [-44.54240889],
       [-44.11238068],
       [-35.67813956],
       [-45.11669687],
       [-44.64603848],
       [-46.0809475 ],
       [-40.19645126],
       [-46.55334195],
       [-45.02403167],
       [-44.28855734],
       [-37.83356363],
       [-45.21864414],
       [-45.71219849],
       [-46.25167713],
       [-46.19071088],
       [-44.70489382],
       [-44.39519647],
       [-43.45067526]])
<<<<<<<<<<< STEP 37 >>>>>>>>>>>> + array([[-0.5       ],
       [-0.5       ],
       [-0.5       ],
       [-0.5       ],
       [-0.5       ],
       [-0.5       ],
       [-0.5       ],
       [-0.5       ],
       [ 0.00610674],
       [-0.5       ],
       [-0.5       ],
       [-0.5       ],
       [-0.5       ],
       [-0.5       ],
       [-0.5       ],
       [-0.5       ],
       [-0.5       ],
       [-0.5       ],
       [-0.5       ],
       [-0.5       ],
       [ 0.00700294],
       [-0.5       ],
       [-0.5       ],
       [-0.5       ],
       [-0.5       ],
       [-0.5       ],
       [-0.5       ],
       [-0.5       ],
       [-0.5       ],
       [-0.5       ],
       [-0.5       ],
       [-0.5       ],
       [-0.5       ],
       [-0.5       ],
       [-0.5       ],
       [-0.5       ],
       [-0.5       ],
       [-0.5       ],
       [-0.5       ],
       [-0.5       ]])
array([[-45.36009204],
       [-45.08145915],
       [-45.73021411],
       [-40.68083258],
       [-41.03964455],
       [-46.06303024],
       [-46.0184841 ],
       [-46.60814382],
       [ -0.4785535 ],
       [-45.94602772],
       [-46.18454329],
       [-45.98903898],
       [-46.33839818],
       [-36.69953209],
       [-44.69528495],
       [-46.38404131],
       [-45.15007845],
       [-40.9089007 ],
       [-46.45035665],
       [-45.70506632],
       [  0.4900078 ],
       [-44.76380534],
       [-45.04240889],
       [-44.61238068],
       [-36.17813956],
       [-45.61669687],
       [-45.14603848],
       [-46.5809475 ],
       [-40.69645126],
       [-47.05334195],
       [-45.52403167],
       [-44.78855734],
       [-38.33356363],
       [-45.71864414],
       [-46.21219849],
       [-46.75167713],
       [-46.69071088],
       [-45.20489382],
       [-44.89519647],
       [-43.95067526]])
<<<<<<<<<<< STEP 38 >>>>>>>>>>>> + array([[-0.5       ],
       [-0.5       ],
       [-0.5       ],
       [-0.5       ],
       [-0.5       ],
       [-0.5       ],
       [-0.5       ],
       [-0.5       ],
       [ 0.0060729 ],
       [-0.5       ],
       [-0.5       ],
       [-0.5       ],
       [-0.5       ],
       [-0.5       ],
       [-0.5       ],
       [-0.5       ],
       [-0.5       ],
       [-0.5       ],
       [-0.5       ],
       [-0.5       ],
       [ 0.00696145],
       [-0.5       ],
       [-0.5       ],
       [-0.5       ],
       [-0.5       ],
       [-0.5       ],
       [-0.5       ],
       [-0.5       ],
       [-0.5       ],
       [-0.5       ],
       [-0.5       ],
       [-0.5       ],
       [-0.5       ],
       [-0.5       ],
       [-0.5       ],
       [-0.5       ],
       [-0.5       ],
       [-0.5       ],
       [-0.5       ],
       [-0.5       ]])
array([[-45.86009204],
       [-45.58145915],
       [-46.23021411],
       [-41.18083258],
       [-41.53964455],
       [-46.56303024],
       [-46.5184841 ],
       [-47.10814382],
       [ -0.47248059],
       [-46.44602772],
       [-46.68454329],
       [-46.48903898],
       [-46.83839818],
       [-37.19953209],
       [-45.19528495],
       [-46.88404131],
       [-45.65007845],
       [-41.4089007 ],
       [-46.95035665],
       [-46.20506632],
       [  0.49696925],
       [-45.26380534],
       [-45.54240889],
       [-45.11238068],
       [-36.67813956],
       [-46.11669687],
       [-45.64603848],
       [-47.0809475 ],
       [-41.19645126],
       [-47.55334195],
       [-46.02403167],
       [-45.28855734],
       [-38.83356363],
       [-46.21864414],
       [-46.71219849],
       [-47.25167713],
       [-47.19071088],
       [-45.70489382],
       [-45.39519647],
       [-44.45067526]])
<<<<<<<<<<< STEP 39 >>>>>>>>>>>> + array([[-0.5       ],
       [-0.5       ],
       [-0.5       ],
       [-0.5       ],
       [-0.5       ],
       [-0.5       ],
       [-0.5       ],
       [-0.5       ],
       [ 0.00603941],
       [-0.5       ],
       [-0.5       ],
       [-0.5       ],
       [-0.5       ],
       [-0.5       ],
       [-0.5       ],
       [-0.5       ],
       [-0.5       ],
       [-0.5       ],
       [-0.5       ],
       [-0.5       ],
       [ 0.00692041],
       [-0.5       ],
       [-0.5       ],
       [-0.5       ],
       [-0.5       ],
       [-0.5       ],
       [-0.5       ],
       [-0.5       ],
       [-0.5       ],
       [-0.5       ],
       [-0.5       ],
       [-0.5       ],
       [-0.5       ],
       [-0.5       ],
       [-0.5       ],
       [-0.5       ],
       [-0.5       ],
       [-0.5       ],
       [-0.5       ],
       [-0.5       ]])
array([[-46.36009204],
       [-46.08145915],
       [-46.73021411],
       [-41.68083258],
       [-42.03964455],
       [-47.06303024],
       [-47.0184841 ],
       [-47.60814382],
       [ -0.46644118],
       [-46.94602772],
       [-47.18454329],
       [-46.98903898],
       [-47.33839818],
       [-37.69953209],
       [-45.69528495],
       [-47.38404131],
       [-46.15007845],
       [-41.9089007 ],
       [-47.45035665],
       [-46.70506632],
       [  0.50388966],
       [-45.76380534],
       [-46.04240889],
       [-45.61238068],
       [-37.17813956],
       [-46.61669687],
       [-46.14603848],
       [-47.5809475 ],
       [-41.69645126],
       [-48.05334195],
       [-46.52403167],
       [-45.78855734],
       [-39.33356362],
       [-46.71864414],
       [-47.21219849],
       [-47.75167713],
       [-47.69071088],
       [-46.20489382],
       [-45.89519647],
       [-44.95067526]])
<<<<<<<<<<< STEP 40 >>>>>>>>>>>> + array([[-0.5       ],
       [-0.5       ],
       [-0.5       ],
       [-0.5       ],
       [-0.5       ],
       [-0.5       ],
       [-0.5       ],
       [-0.5       ],
       [ 0.00600627],
       [-0.5       ],
       [-0.5       ],
       [-0.5       ],
       [-0.5       ],
       [-0.5       ],
       [-0.5       ],
       [-0.5       ],
       [-0.5       ],
       [-0.5       ],
       [-0.5       ],
       [-0.5       ],
       [ 0.00687981],
       [-0.5       ],
       [-0.5       ],
       [-0.5       ],
       [-0.5       ],
       [-0.5       ],
       [-0.5       ],
       [-0.5       ],
       [-0.5       ],
       [-0.5       ],
       [-0.5       ],
       [-0.5       ],
       [-0.5       ],
       [-0.5       ],
       [-0.5       ],
       [-0.5       ],
       [-0.5       ],
       [-0.5       ],
       [-0.5       ],
       [-0.5       ]])
array([[-46.86009204],
       [-46.58145915],
       [-47.23021411],
       [-42.18083258],
       [-42.53964455],
       [-47.56303024],
       [-47.5184841 ],
       [-48.10814382],
       [ -0.46043491],
       [-47.44602772],
       [-47.68454329],
       [-47.48903898],
       [-47.83839818],
       [-38.19953209],
       [-46.19528495],
       [-47.88404131],
       [-46.65007845],
       [-42.4089007 ],
       [-47.95035665],
       [-47.20506632],
       [  0.51076948],
       [-46.26380534],
       [-46.54240889],
       [-46.11238068],
       [-37.67813956],
       [-47.11669687],
       [-46.64603848],
       [-48.0809475 ],
       [-42.19645126],
       [-48.55334195],
       [-47.02403167],
       [-46.28855734],
       [-39.83356362],
       [-47.21864414],
       [-47.71219849],
       [-48.25167713],
       [-48.19071088],
       [-46.70489382],
       [-46.39519647],
       [-45.45067526]])
<<<<<<<<<<< STEP 41 >>>>>>>>>>>> + array([[-0.5       ],
       [-0.5       ],
       [-0.5       ],
       [-0.5       ],
       [-0.5       ],
       [-0.5       ],
       [-0.5       ],
       [-0.5       ],
       [ 0.00597347],
       [-0.5       ],
       [-0.5       ],
       [-0.5       ],
       [-0.5       ],
       [-0.5       ],
       [-0.5       ],
       [-0.5       ],
       [-0.5       ],
       [-0.5       ],
       [-0.5       ],
       [-0.5       ],
       [ 0.00683966],
       [-0.5       ],
       [-0.5       ],
       [-0.5       ],
       [-0.5       ],
       [-0.5       ],
       [-0.5       ],
       [-0.5       ],
       [-0.5       ],
       [-0.5       ],
       [-0.5       ],
       [-0.5       ],
       [-0.5       ],
       [-0.5       ],
       [-0.5       ],
       [-0.5       ],
       [-0.5       ],
       [-0.5       ],
       [-0.5       ],
       [-0.5       ]])
array([[-47.36009204],
       [-47.08145915],
       [-47.73021411],
       [-42.68083258],
       [-43.03964455],
       [-48.06303024],
       [-48.0184841 ],
       [-48.60814382],
       [ -0.45446143],
       [-47.94602772],
       [-48.18454329],
       [-47.98903898],
       [-48.33839818],
       [-38.69953209],
       [-46.69528495],
       [-48.38404131],
       [-47.15007845],
       [-42.9089007 ],
       [-48.45035665],
       [-47.70506632],
       [  0.51760914],
       [-46.76380534],
       [-47.04240889],
       [-46.61238068],
       [-38.17813956],
       [-47.61669687],
       [-47.14603848],
       [-48.5809475 ],
       [-42.69645126],
       [-49.05334195],
       [-47.52403167],
       [-46.78855734],
       [-40.33356362],
       [-47.71864414],
       [-48.21219849],
       [-48.75167713],
       [-48.69071088],
       [-47.20489382],
       [-46.89519647],
       [-45.95067526]])
<<<<<<<<<<< STEP 42 >>>>>>>>>>>> + array([[-0.5       ],
       [-0.5       ],
       [-0.5       ],
       [-0.5       ],
       [-0.5       ],
       [-0.5       ],
       [-0.5       ],
       [-0.5       ],
       [ 0.00594101],
       [-0.5       ],
       [-0.5       ],
       [-0.5       ],
       [-0.5       ],
       [-0.5       ],
       [-0.5       ],
       [-0.5       ],
       [-0.5       ],
       [-0.5       ],
       [-0.5       ],
       [-0.5       ],
       [ 0.00679993],
       [-0.5       ],
       [-0.5       ],
       [-0.5       ],
       [-0.5       ],
       [-0.5       ],
       [-0.5       ],
       [-0.5       ],
       [-0.5       ],
       [-0.5       ],
       [-0.5       ],
       [-0.5       ],
       [-0.5       ],
       [-0.5       ],
       [-0.5       ],
       [-0.5       ],
       [-0.5       ],
       [-0.5       ],
       [-0.5       ],
       [-0.5       ]])
array([[-47.86009204],
       [-47.58145915],
       [-48.23021411],
       [-43.18083258],
       [-43.53964455],
       [-48.56303024],
       [-48.5184841 ],
       [-49.10814382],
       [ -0.44852042],
       [-48.44602772],
       [-48.68454329],
       [-48.48903898],
       [-48.83839818],
       [-39.19953208],
       [-47.19528495],
       [-48.88404131],
       [-47.65007845],
       [-43.4089007 ],
       [-48.95035665],
       [-48.20506632],
       [  0.52440907],
       [-47.26380534],
       [-47.54240889],
       [-47.11238068],
       [-38.67813956],
       [-48.11669687],
       [-47.64603848],
       [-49.0809475 ],
       [-43.19645126],
       [-49.55334195],
       [-48.02403167],
       [-47.28855734],
       [-40.83356362],
       [-48.21864414],
       [-48.71219849],
       [-49.25167713],
       [-49.19071088],
       [-47.70489382],
       [-47.39519647],
       [-46.45067526]])
<<<<<<<<<<< STEP 43 >>>>>>>>>>>> + array([[-0.5       ],
       [-0.5       ],
       [-0.5       ],
       [-0.5       ],
       [-0.5       ],
       [-0.5       ],
       [-0.5       ],
       [-0.5       ],
       [ 0.00590887],
       [-0.5       ],
       [-0.5       ],
       [-0.5       ],
       [-0.5       ],
       [-0.5       ],
       [-0.5       ],
       [-0.5       ],
       [-0.5       ],
       [-0.5       ],
       [-0.5       ],
       [-0.5       ],
       [ 0.00676064],
       [-0.5       ],
       [-0.5       ],
       [-0.5       ],
       [-0.5       ],
       [-0.5       ],
       [-0.5       ],
       [-0.5       ],
       [-0.5       ],
       [-0.5       ],
       [-0.5       ],
       [-0.5       ],
       [-0.5       ],
       [-0.5       ],
       [-0.5       ],
       [-0.5       ],
       [-0.5       ],
       [-0.5       ],
       [-0.5       ],
       [-0.5       ]])
array([[-48.36009204],
       [-48.08145915],
       [-48.73021411],
       [-43.68083258],
       [-44.03964455],
       [-49.06303024],
       [-49.0184841 ],
       [-49.60814382],
       [ -0.44261155],
       [-48.94602772],
       [-49.18454329],
       [-48.98903898],
       [-49.33839818],
       [-39.69953208],
       [-47.69528495],
       [-49.38404131],
       [-48.15007845],
       [-43.9089007 ],
       [-49.45035665],
       [-48.70506632],
       [  0.53116971],
       [-47.76380534],
       [-48.04240889],
       [-47.61238068],
       [-39.17813956],
       [-48.61669687],
       [-48.14603848],
       [-49.5809475 ],
       [-43.69645126],
       [-50.05334195],
       [-48.52403167],
       [-47.78855734],
       [-41.33356362],
       [-48.71864414],
       [-49.21219849],
       [-49.75167713],
       [-49.69071088],
       [-48.20489382],
       [-47.89519647],
       [-46.95067526]])
<<<<<<<<<<< STEP 44 >>>>>>>>>>>> + array([[-0.5       ],
       [-0.5       ],
       [-0.5       ],
       [-0.5       ],
       [-0.5       ],
       [-0.5       ],
       [-0.5       ],
       [-0.5       ],
       [ 0.00587707],
       [-0.5       ],
       [-0.5       ],
       [-0.5       ],
       [-0.5       ],
       [-0.5       ],
       [-0.5       ],
       [-0.5       ],
       [-0.5       ],
       [-0.5       ],
       [-0.5       ],
       [-0.5       ],
       [ 0.00672176],
       [-0.5       ],
       [-0.5       ],
       [-0.5       ],
       [-0.5       ],
       [-0.5       ],
       [-0.5       ],
       [-0.5       ],
       [-0.5       ],
       [-0.5       ],
       [-0.5       ],
       [-0.5       ],
       [-0.5       ],
       [-0.5       ],
       [-0.5       ],
       [-0.5       ],
       [-0.5       ],
       [-0.5       ],
       [-0.5       ],
       [-0.5       ]])
array([[-48.86009204],
       [-48.58145915],
       [-49.23021411],
       [-44.18083258],
       [-44.53964455],
       [-49.56303024],
       [-49.5184841 ],
       [-50.10814382],
       [ -0.43673448],
       [-49.44602772],
       [-49.68454329],
       [-49.48903898],
       [-49.83839818],
       [-40.19953208],
       [-48.19528495],
       [-49.88404131],
       [-48.65007845],
       [-44.4089007 ],
       [-49.95035665],
       [-49.20506632],
       [  0.53789147],
       [-48.26380534],
       [-48.54240889],
       [-48.11238068],
       [-39.67813956],
       [-49.11669687],
       [-48.64603848],
       [-50.0809475 ],
       [-44.19645126],
       [-50.55334195],
       [-49.02403167],
       [-48.28855734],
       [-41.83356362],
       [-49.21864414],
       [-49.71219849],
       [-50.25167713],
       [-50.19071088],
       [-48.70489382],
       [-48.39519647],
       [-47.45067526]])
<<<<<<<<<<< STEP 45 >>>>>>>>>>>> + array([[-0.5       ],
       [-0.5       ],
       [-0.5       ],
       [-0.5       ],
       [-0.5       ],
       [-0.5       ],
       [-0.5       ],
       [-0.5       ],
       [ 0.00584558],
       [-0.5       ],
       [-0.5       ],
       [-0.5       ],
       [-0.5       ],
       [-0.5       ],
       [-0.5       ],
       [-0.5       ],
       [-0.5       ],
       [-0.5       ],
       [-0.5       ],
       [-0.5       ],
       [ 0.00668329],
       [-0.5       ],
       [-0.5       ],
       [-0.5       ],
       [-0.5       ],
       [-0.5       ],
       [-0.5       ],
       [-0.5       ],
       [-0.5       ],
       [-0.5       ],
       [-0.5       ],
       [-0.5       ],
       [-0.5       ],
       [-0.5       ],
       [-0.5       ],
       [-0.5       ],
       [-0.5       ],
       [-0.5       ],
       [-0.5       ],
       [-0.5       ]])
array([[-49.36009204],
       [-49.08145915],
       [-49.73021411],
       [-44.68083258],
       [-45.03964455],
       [-50.06303024],
       [-50.0184841 ],
       [-50.60814382],
       [ -0.4308889 ],
       [-49.94602772],
       [-50.18454329],
       [-49.98903898],
       [-50.33839818],
       [-40.69953208],
       [-48.69528495],
       [-50.38404131],
       [-49.15007845],
       [-44.9089007 ],
       [-50.45035665],
       [-49.70506632],
       [  0.54457476],
       [-48.76380534],
       [-49.04240889],
       [-48.61238068],
       [-40.17813956],
       [-49.61669687],
       [-49.14603848],
       [-50.5809475 ],
       [-44.69645126],
       [-51.05334195],
       [-49.52403167],
       [-48.78855734],
       [-42.33356362],
       [-49.71864414],
       [-50.21219849],
       [-50.75167713],
       [-50.69071088],
       [-49.20489382],
       [-48.89519647],
       [-47.95067526]])
<<<<<<<<<<< STEP 46 >>>>>>>>>>>> + array([[-0.5       ],
       [-0.5       ],
       [-0.5       ],
       [-0.5       ],
       [-0.5       ],
       [-0.5       ],
       [-0.5       ],
       [-0.5       ],
       [ 0.00581441],
       [-0.5       ],
       [-0.5       ],
       [-0.5       ],
       [-0.5       ],
       [-0.5       ],
       [-0.5       ],
       [-0.5       ],
       [-0.5       ],
       [-0.5       ],
       [-0.5       ],
       [-0.5       ],
       [ 0.00664523],
       [-0.5       ],
       [-0.5       ],
       [-0.5       ],
       [-0.5       ],
       [-0.5       ],
       [-0.5       ],
       [-0.5       ],
       [-0.5       ],
       [-0.5       ],
       [-0.5       ],
       [-0.5       ],
       [-0.5       ],
       [-0.5       ],
       [-0.5       ],
       [-0.5       ],
       [-0.5       ],
       [-0.5       ],
       [-0.5       ],
       [-0.5       ]])
array([[-49.86009204],
       [-49.58145915],
       [-50.23021411],
       [-45.18083258],
       [-45.53964455],
       [-50.56303024],
       [-50.5184841 ],
       [-51.10814382],
       [ -0.4250745 ],
       [-50.44602772],
       [-50.68454329],
       [-50.48903898],
       [-50.83839818],
       [-41.19953208],
       [-49.19528495],
       [-50.88404131],
       [-49.65007845],
       [-45.4089007 ],
       [-50.95035665],
       [-50.20506632],
       [  0.55121999],
       [-49.26380534],
       [-49.54240889],
       [-49.11238068],
       [-40.67813956],
       [-50.11669687],
       [-49.64603848],
       [-51.0809475 ],
       [-45.19645126],
       [-51.55334195],
       [-50.02403167],
       [-49.28855734],
       [-42.83356362],
       [-50.21864414],
       [-50.71219849],
       [-51.25167713],
       [-51.19071088],
       [-49.70489382],
       [-49.39519647],
       [-48.45067526]])
<<<<<<<<<<< STEP 47 >>>>>>>>>>>> + array([[-0.5       ],
       [-0.5       ],
       [-0.5       ],
       [-0.5       ],
       [-0.5       ],
       [-0.5       ],
       [-0.5       ],
       [-0.5       ],
       [ 0.00578355],
       [-0.5       ],
       [-0.5       ],
       [-0.5       ],
       [-0.5       ],
       [-0.5       ],
       [-0.5       ],
       [-0.5       ],
       [-0.5       ],
       [-0.5       ],
       [-0.5       ],
       [-0.5       ],
       [ 0.00660758],
       [-0.5       ],
       [-0.5       ],
       [-0.5       ],
       [-0.5       ],
       [-0.5       ],
       [-0.5       ],
       [-0.5       ],
       [-0.5       ],
       [-0.5       ],
       [-0.5       ],
       [-0.5       ],
       [-0.5       ],
       [-0.5       ],
       [-0.5       ],
       [-0.5       ],
       [-0.5       ],
       [-0.5       ],
       [-0.5       ],
       [-0.5       ]])
array([[-50.36009204],
       [-50.08145915],
       [-50.73021411],
       [-45.68083258],
       [-46.03964455],
       [-51.06303024],
       [-51.0184841 ],
       [-51.60814382],
       [ -0.41929095],
       [-50.94602772],
       [-51.18454329],
       [-50.98903898],
       [-51.33839818],
       [-41.69953208],
       [-49.69528495],
       [-51.38404131],
       [-50.15007845],
       [-45.9089007 ],
       [-51.45035665],
       [-50.70506632],
       [  0.55782757],
       [-49.76380534],
       [-50.04240889],
       [-49.61238068],
       [-41.17813956],
       [-50.61669687],
       [-50.14603848],
       [-51.5809475 ],
       [-45.69645126],
       [-52.05334195],
       [-50.52403167],
       [-49.78855734],
       [-43.33356362],
       [-50.71864414],
       [-51.21219849],
       [-51.75167713],
       [-51.69071088],
       [-50.20489382],
       [-49.89519647],
       [-48.95067526]])
<<<<<<<<<<< STEP 48 >>>>>>>>>>>> + array([[-0.5       ],
       [-0.5       ],
       [-0.5       ],
       [-0.5       ],
       [-0.5       ],
       [-0.5       ],
       [-0.5       ],
       [-0.5       ],
       [ 0.005753  ],
       [-0.5       ],
       [-0.5       ],
       [-0.5       ],
       [-0.5       ],
       [-0.5       ],
       [-0.5       ],
       [-0.5       ],
       [-0.5       ],
       [-0.5       ],
       [-0.5       ],
       [-0.5       ],
       [ 0.00657031],
       [-0.5       ],
       [-0.5       ],
       [-0.5       ],
       [-0.5       ],
       [-0.5       ],
       [-0.5       ],
       [-0.5       ],
       [-0.5       ],
       [-0.5       ],
       [-0.5       ],
       [-0.5       ],
       [-0.5       ],
       [-0.5       ],
       [-0.5       ],
       [-0.5       ],
       [-0.5       ],
       [-0.5       ],
       [-0.5       ],
       [-0.5       ]])
array([[-50.86009204],
       [-50.58145915],
       [-51.23021411],
       [-46.18083258],
       [-46.53964455],
       [-51.56303024],
       [-51.5184841 ],
       [-52.10814382],
       [ -0.41353795],
       [-51.44602772],
       [-51.68454329],
       [-51.48903898],
       [-51.83839818],
       [-42.19953208],
       [-50.19528495],
       [-51.88404131],
       [-50.65007845],
       [-46.4089007 ],
       [-51.95035665],
       [-51.20506632],
       [  0.56439788],
       [-50.26380534],
       [-50.54240889],
       [-50.11238068],
       [-41.67813956],
       [-51.11669687],
       [-50.64603848],
       [-52.0809475 ],
       [-46.19645126],
       [-52.55334195],
       [-51.02403167],
       [-50.28855734],
       [-43.83356362],
       [-51.21864414],
       [-51.71219849],
       [-52.25167713],
       [-52.19071088],
       [-50.70489382],
       [-50.39519647],
       [-49.45067526]])
<<<<<<<<<<< STEP 49 >>>>>>>>>>>> + array([[-0.5       ],
       [-0.5       ],
       [-0.5       ],
       [-0.5       ],
       [-0.5       ],
       [-0.5       ],
       [-0.5       ],
       [-0.5       ],
       [ 0.00572275],
       [-0.5       ],
       [-0.5       ],
       [-0.5       ],
       [-0.5       ],
       [-0.5       ],
       [-0.5       ],
       [-0.5       ],
       [-0.5       ],
       [-0.5       ],
       [-0.5       ],
       [-0.5       ],
       [ 0.00653344],
       [-0.5       ],
       [-0.5       ],
       [-0.5       ],
       [-0.5       ],
       [-0.5       ],
       [-0.5       ],
       [-0.5       ],
       [-0.5       ],
       [-0.5       ],
       [-0.5       ],
       [-0.5       ],
       [-0.5       ],
       [-0.5       ],
       [-0.5       ],
       [-0.5       ],
       [-0.5       ],
       [-0.5       ],
       [-0.5       ],
       [-0.5       ]])
array([[-51.36009204],
       [-51.08145915],
       [-51.73021411],
       [-46.68083258],
       [-47.03964455],
       [-52.06303024],
       [-52.0184841 ],
       [-52.60814382],
       [ -0.4078152 ],
       [-51.94602772],
       [-52.18454329],
       [-51.98903898],
       [-52.33839818],
       [-42.69953208],
       [-50.69528495],
       [-52.38404131],
       [-51.15007845],
       [-46.9089007 ],
       [-52.45035665],
       [-51.70506632],
       [  0.57093132],
       [-50.76380534],
       [-51.04240889],
       [-50.61238068],
       [-42.17813956],
       [-51.61669687],
       [-51.14603848],
       [-52.5809475 ],
       [-46.69645126],
       [-53.05334195],
       [-51.52403167],
       [-50.78855734],
       [-44.33356362],
       [-51.71864414],
       [-52.21219849],
       [-52.75167713],
       [-52.69071088],
       [-51.20489382],
       [-50.89519647],
       [-49.95067526]])
