<<<<<<<<<<< STEP 0 >>>>>>>>>>>> + array([[-0.51656303],
       [ 0.1133205 ],
       [ 0.21639375],
       [-0.51785753],
       [-0.51477609],
       [-0.52425632],
       [-0.51892215],
       [-0.51930987],
       [-0.51358824],
       [-0.5176481 ],
       [-0.51639092],
       [-0.44903814],
       [-0.51682951],
       [-0.51588754],
       [-0.50804179],
       [-0.51608157],
       [-0.51582453],
       [-0.5141183 ],
       [-0.51565283],
       [-0.51674852],
       [-0.5174374 ],
       [-0.52449683],
       [-0.51831282],
       [-0.51653344],
       [-0.51131028],
       [-0.5169966 ],
       [-0.51641774],
       [-0.51771318],
       [-0.50861851],
       [ 0.00634097],
       [-0.50213222]])
array([[-5.87947556],
       [ 0.06602433],
       [-1.73095505],
       [-7.42218064],
       [-7.57014334],
       [-7.53543939],
       [-8.12643749],
       [-8.13540167],
       [-7.36852538],
       [-6.12279339],
       [-7.73845053],
       [-3.75074908],
       [-7.74836975],
       [-7.48345738],
       [-6.6092061 ],
       [-7.5588335 ],
       [-7.67317905],
       [-7.32497554],
       [-6.52070079],
       [-7.68376164],
       [-7.57583807],
       [-5.69702377],
       [-7.77845137],
       [-7.41880008],
       [-6.07645346],
       [-7.67248434],
       [-7.5356305 ],
       [-7.90780058],
       [-6.7596307 ],
       [-2.00531051],
       [-6.47369053]])
<<<<<<<<<<< STEP 1 >>>>>>>>>>>> + array([[-0.516746  ],
       [ 0.11334102],
       [ 0.22826298],
       [-0.51257692],
       [-0.50965588],
       [-0.51664295],
       [-0.51284985],
       [-0.51314419],
       [-0.50893811],
       [-0.51234673],
       [-0.51093013],
       [-0.46708842],
       [-0.5112342 ],
       [-0.51073756],
       [-0.50496991],
       [-0.51079382],
       [-0.51051676],
       [-0.50914301],
       [-0.50989864],
       [-0.51123478],
       [-0.51228072],
       [-0.51892484],
       [-0.51282233],
       [-0.51163085],
       [-0.50775384],
       [-0.51174931],
       [-0.5113277 ],
       [-0.51214042],
       [-0.50570836],
       [ 0.03028183],
       [-0.50135234]])
array([[-6.39622156],
       [ 0.17936534],
       [-1.50269207],
       [-7.93475755],
       [-8.07979922],
       [-8.05208234],
       [-8.63928734],
       [-8.64854586],
       [-7.87746349],
       [-6.63514011],
       [-8.24938065],
       [-4.2178375 ],
       [-8.25960396],
       [-7.99419494],
       [-7.11417601],
       [-8.06962732],
       [-8.18369581],
       [-7.83411855],
       [-7.03059942],
       [-8.19499642],
       [-8.08811879],
       [-6.21594862],
       [-8.2912737 ],
       [-7.93043093],
       [-6.5842073 ],
       [-8.18423365],
       [-8.0469582 ],
       [-8.419941  ],
       [-7.26533906],
       [-1.97502868],
       [-6.97504287]])
<<<<<<<<<<< STEP 2 >>>>>>>>>>>> + array([[-0.51469926],
       [ 0.11114937],
       [ 0.22799878],
       [-0.50903   ],
       [-0.50640689],
       [-0.51163799],
       [-0.50889666],
       [-0.50912468],
       [-0.50598898],
       [-0.50875775],
       [-0.50738816],
       [-0.48013668],
       [-0.50760215],
       [-0.50737241],
       [-0.50302863],
       [-0.50735654],
       [-0.50708414],
       [-0.50595786],
       [-0.50626166],
       [-0.50764747],
       [-0.50883347],
       [-0.51446209],
       [-0.50916983],
       [-0.50835636],
       [-0.5054476 ],
       [-0.50831187],
       [-0.50799125],
       [-0.50851637],
       [-0.50389246],
       [ 0.05091765],
       [-0.50086722]])
array([[-6.91092082],
       [ 0.29051471],
       [-1.27469329],
       [-8.44378756],
       [-8.58620611],
       [-8.56372033],
       [-9.14818399],
       [-9.15767054],
       [-8.38345247],
       [-7.14389786],
       [-8.75676882],
       [-4.69797419],
       [-8.7672061 ],
       [-8.50156735],
       [-7.61720464],
       [-8.57698386],
       [-8.69077996],
       [-8.34007641],
       [-7.53686109],
       [-8.70264389],
       [-8.59695226],
       [-6.7304107 ],
       [-8.80044353],
       [-8.4387873 ],
       [-7.0896549 ],
       [-8.69254552],
       [-8.55494945],
       [-8.92845736],
       [-7.76923152],
       [-1.92411102],
       [-7.4759101 ]])
<<<<<<<<<<< STEP 3 >>>>>>>>>>>> + array([[-0.51201546],
       [ 0.10752514],
       [ 0.2204883 ],
       [-0.50657414],
       [-0.50433225],
       [-0.50828903],
       [-0.50627371],
       [-0.50644893],
       [-0.50409871],
       [-0.5063269 ],
       [-0.50505918],
       [-0.48876197],
       [-0.5052131 ],
       [-0.50513425],
       [-0.50182077],
       [-0.50509966],
       [-0.50484427],
       [-0.50391463],
       [-0.50397845],
       [-0.50529491],
       [-0.50645259],
       [-0.51099615],
       [-0.50666459],
       [-0.50609758],
       [-0.50393544],
       [-0.5060114 ],
       [-0.50575604],
       [-0.50610102],
       [-0.50274049],
       [ 0.06936082],
       [-0.50055577]])
array([[-7.42293628],
       [ 0.39803985],
       [-1.05420499],
       [-8.9503617 ],
       [-9.09053836],
       [-9.07200936],
       [-9.6544577 ],
       [-9.66411947],
       [-8.88755118],
       [-7.65022476],
       [-9.261828  ],
       [-5.18673616],
       [-9.27241921],
       [-9.0067016 ],
       [-8.11902541],
       [-9.08208352],
       [-9.19562422],
       [-8.84399104],
       [-8.04083954],
       [-9.2079388 ],
       [-9.10340485],
       [-7.24140685],
       [-9.30710812],
       [-8.94488488],
       [-7.59359034],
       [-9.19855692],
       [-9.06070549],
       [-9.43455839],
       [-8.271972  ],
       [-1.8547502 ],
       [-7.97646587]])
<<<<<<<<<<< STEP 4 >>>>>>>>>>>> + array([[-0.50944911],
       [ 0.10307624],
       [ 0.20905777],
       [-0.50482872],
       [-0.50299429],
       [-0.50600692],
       [-0.5044984 ],
       [-0.50462945],
       [-0.50286997],
       [-0.50466873],
       [-0.50350477],
       [-0.49405986],
       [-0.50361855],
       [-0.50361826],
       [-0.50107963],
       [-0.50359871],
       [-0.50336585],
       [-0.50259781],
       [-0.50255025],
       [-0.50373452],
       [-0.50476136],
       [-0.50834804],
       [-0.50489902],
       [-0.50449523],
       [-0.50292708],
       [-0.50443644],
       [-0.50422429],
       [-0.50445086],
       [-0.50199364],
       [ 0.08627025],
       [-0.50035027]])
array([[ -7.93238539],
       [  0.50111609],
       [ -0.84514721],
       [ -9.45519042],
       [ -9.59353265],
       [ -9.57801628],
       [-10.1589561 ],
       [-10.16874892],
       [ -9.39042115],
       [ -8.15489349],
       [ -9.76533277],
       [ -5.68079602],
       [ -9.77603776],
       [ -9.51031986],
       [ -8.62010504],
       [ -9.58568223],
       [ -9.69899007],
       [ -9.34658885],
       [ -8.54338978],
       [ -9.71167332],
       [ -9.60816621],
       [ -7.74975489],
       [ -9.81200714],
       [ -9.44938011],
       [ -8.09651742],
       [ -9.70299335],
       [ -9.56492978],
       [ -9.93900924],
       [ -8.77396564],
       [ -1.76847995],
       [ -8.47681614]])
<<<<<<<<<<< STEP 5 >>>>>>>>>>>> + array([[-0.50726802],
       [ 0.09824214],
       [ 0.19588141],
       [-0.50356484],
       [-0.50211887],
       [-0.50442251],
       [-0.50327326],
       [-0.50336754],
       [-0.50205688],
       [-0.50352019],
       [-0.50245228],
       [-0.49711755],
       [-0.50253886],
       [-0.50257444],
       [-0.50063034],
       [-0.50258493],
       [-0.50237658],
       [-0.5017431 ],
       [-0.5016565 ],
       [-0.5026841 ],
       [-0.50353532],
       [-0.50634024],
       [-0.50362878],
       [-0.50333508],
       [-0.50223781],
       [-0.50333276],
       [-0.50315092],
       [-0.50329706],
       [-0.50149572],
       [ 0.10191756],
       [-0.50021258]])
array([[ -8.43965342],
       [  0.59935823],
       [ -0.6492658 ],
       [ -9.95875525],
       [-10.09565152],
       [-10.08243879],
       [-10.66222936],
       [-10.67211646],
       [ -9.89247803],
       [ -8.65841369],
       [-10.26778505],
       [ -6.17791357],
       [-10.27857662],
       [-10.01289431],
       [ -9.12073538],
       [-10.08826716],
       [-10.20136665],
       [ -9.84833195],
       [ -9.04504629],
       [-10.21435741],
       [-10.11170152],
       [ -8.25609513],
       [-10.31563592],
       [ -9.95271518],
       [ -8.59875523],
       [-10.20632611],
       [-10.0680807 ],
       [-10.4423063 ],
       [ -9.27546136],
       [ -1.66656239],
       [ -8.97702872]])
<<<<<<<<<<< STEP 6 >>>>>>>>>>>> + array([[-0.50551713],
       [ 0.09331653],
       [ 0.18231942],
       [-0.50263915],
       [-0.50153496],
       [-0.50330162],
       [-0.50241226],
       [-0.50247696],
       [-0.50150711],
       [-0.50270628],
       [-0.50173054],
       [-0.49878155],
       [-0.50179816],
       [-0.50184594],
       [-0.50036096],
       [-0.50188802],
       [-0.50170434],
       [-0.50118334],
       [-0.50109452],
       [-0.50196417],
       [-0.50263494],
       [-0.5048218 ],
       [-0.50270189],
       [-0.50248405],
       [-0.50175097],
       [-0.50254109],
       [-0.50238249],
       [-0.50247334],
       [-0.50115215],
       [ 0.11625105],
       [-0.50012032]])
array([[ -8.94517055],
       [  0.69267476],
       [ -0.46694639],
       [-10.4613944 ],
       [-10.59718648],
       [-10.58574041],
       [-11.16464162],
       [-11.17459342],
       [-10.39398515],
       [ -9.16111997],
       [-10.76951559],
       [ -6.67669513],
       [-10.78037478],
       [-10.51474024],
       [ -9.62109634],
       [-10.59015517],
       [-10.70307099],
       [-10.34951529],
       [ -9.5461408 ],
       [-10.71632159],
       [-10.61433646],
       [ -8.76091693],
       [-10.81833781],
       [-10.45519924],
       [ -9.1005062 ],
       [-10.7088672 ],
       [-10.57046318],
       [-10.94477964],
       [ -9.77661351],
       [ -1.55031134],
       [ -9.47714904]])
<<<<<<<<<<< STEP 7 >>>>>>>>>>>> + array([[-0.50415488],
       [ 0.08848139],
       [ 0.16916031],
       [-0.50195703],
       [-0.5011361 ],
       [-0.50249373],
       [-0.5017969 ],
       [-0.50183883],
       [-0.50112606],
       [-0.50211313],
       [-0.50123028],
       [-0.49962931],
       [-0.50128416],
       [-0.50133207],
       [-0.50020125],
       [-0.50139967],
       [-0.50123989],
       [-0.50081298],
       [-0.50073778],
       [-0.50146063],
       [-0.50196873],
       [-0.50367305],
       [-0.50201928],
       [-0.50185497],
       [-0.50139372],
       [-0.50196014],
       [-0.50182112],
       [-0.50187423],
       [-0.50090562],
       [ 0.12897169],
       [-0.50005949]])
array([[ -9.44932543],
       [  0.78115615],
       [ -0.29778608],
       [-10.96335143],
       [-11.09832259],
       [-11.08823414],
       [-11.66643853],
       [-11.67643224],
       [-10.8951112 ],
       [ -9.6632331 ],
       [-11.27074588],
       [ -7.17632443],
       [-11.28165894],
       [-11.01607231],
       [-10.12129759],
       [-11.09155484],
       [-11.20431088],
       [-10.85032827],
       [-10.04687858],
       [-11.21778222],
       [-11.11630519],
       [ -9.26458998],
       [-11.32035709],
       [-10.95705421],
       [ -9.60189993],
       [-11.21082733],
       [-11.0722843 ],
       [-11.44665387],
       [-10.27751913],
       [ -1.42133965],
       [ -9.97720853]])
<<<<<<<<<<< STEP 8 >>>>>>>>>>>> + array([[-0.50311447],
       [ 0.08384033],
       [ 0.15680455],
       [-0.50145297],
       [-0.50085613],
       [-0.50190087],
       [-0.50135024],
       [-0.50137545],
       [-0.50085476],
       [-0.50166785],
       [-0.50088043],
       [-0.50002364],
       [-0.50092391],
       [-0.50096657],
       [-0.5001078 ],
       [-0.50105059],
       [-0.50091341],
       [-0.50056518],
       [-0.50050805],
       [-0.50110075],
       [-0.50147367],
       [-0.50280236],
       [-0.50151347],
       [-0.50138789],
       [-0.50112117],
       [-0.50152459],
       [-0.50140326],
       [-0.50143118],
       [-0.50072142],
       [ 0.13963404],
       [-0.5000207 ]])
array([[ -9.9524399 ],
       [  0.86499647],
       [ -0.14098153],
       [-11.4648044 ],
       [-11.59917871],
       [-11.59013501],
       [-12.16778876],
       [-12.17780769],
       [-11.39596596],
       [-10.16490095],
       [-11.77162631],
       [ -7.67634807],
       [-11.78258285],
       [-11.51703888],
       [-10.62140539],
       [-11.59260543],
       [-11.70522429],
       [-11.35089345],
       [-10.54738663],
       [-11.71888296],
       [-11.61777886],
       [ -9.76739234],
       [-11.82187056],
       [-11.4584421 ],
       [-10.1030211 ],
       [-11.71235192],
       [-11.57368756],
       [-11.94808505],
       [-10.77824055],
       [ -1.28170561],
       [-10.47722923]])
<<<<<<<<<<< STEP 9 >>>>>>>>>>>> + array([[-0.50232886],
       [ 0.07944538],
       [ 0.1454054 ],
       [-0.50108003],
       [-0.50065392],
       [-0.50145845],
       [-0.50102141],
       [-0.50103497],
       [-0.50065633],
       [-0.50132419],
       [-0.50063392],
       [-0.50017974],
       [-0.5006692 ],
       [-0.50070486],
       [-0.50005404],
       [-0.50079615],
       [-0.50067993],
       [-0.50039743],
       [-0.50035728],
       [-0.50083793],
       [-0.50110483],
       [-0.5021408 ],
       [-0.501137  ],
       [-0.50104013],
       [-0.50090597],
       [-0.50119175],
       [-0.50108696],
       [-0.50109871],
       [-0.50057863],
       [ 0.14777375],
       [-0.49999732]])
array([[ -1.04547688e+01],
       [  9.44441857e-01],
       [  4.42386927e-03],
       [ -1.19658844e+01],
       [ -1.20998326e+01],
       [ -1.20915935e+01],
       [ -1.26688102e+01],
       [ -1.26788427e+01],
       [ -1.18966223e+01],
       [ -1.06662251e+01],
       [ -1.22722602e+01],
       [ -8.17652781e+00],
       [ -1.22832521e+01],
       [ -1.20177437e+01],
       [ -1.11214594e+01],
       [ -1.20934016e+01],
       [ -1.22059042e+01],
       [ -1.18512909e+01],
       [ -1.10477439e+01],
       [ -1.22197209e+01],
       [ -1.21188837e+01],
       [ -1.02695331e+01],
       [ -1.23230076e+01],
       [ -1.19594822e+01],
       [ -1.06039271e+01],
       [ -1.22135437e+01],
       [ -1.20747745e+01],
       [ -1.24491838e+01],
       [ -1.12788192e+01],
       [ -1.13393186e+00],
       [ -1.09772266e+01]])
<<<<<<<<<<< STEP 10 >>>>>>>>>>>> + array([[-0.50173985],
       [ 0.07531651],
       [ 0.13497307],
       [-0.50080395],
       [-0.50050388],
       [-0.50112344],
       [-0.5007763 ],
       [-0.50078219],
       [-0.50050757],
       [-0.50105294],
       [-0.50045907],
       [-0.50021923],
       [-0.5004877 ],
       [-0.5005164 ],
       [-0.50002387],
       [-0.50060733],
       [-0.5005102 ],
       [-0.50028248],
       [-0.50025605],
       [-0.50064216],
       [-0.50082951],
       [-0.50163685],
       [-0.50085582],
       [-0.50078068],
       [-0.50073164],
       [-0.5009334 ],
       [-0.50084417],
       [-0.50084609],
       [-0.5004647 ],
       [ 0.15304388],
       [-0.49998451]])
array([[-10.95650861],
       [  1.01975837],
       [  0.13939694],
       [-12.46668838],
       [-12.60033651],
       [-12.5927169 ],
       [-13.16958647],
       [-13.17962485],
       [-12.39712986],
       [-11.16727807],
       [-12.77271929],
       [ -8.67674704],
       [-12.78373975],
       [-12.51826015],
       [-11.6214833 ],
       [-12.59400892],
       [-12.70641441],
       [-12.35157336],
       [-11.54799996],
       [-12.72036306],
       [-12.6197132 ],
       [-10.77116999],
       [-12.82386337],
       [-12.46026291],
       [-11.10465871],
       [-12.71447707],
       [-12.57561869],
       [-12.95002984],
       [-11.77928388],
       [ -0.98088798],
       [-11.47721106]])
<<<<<<<<<<< STEP 11 >>>>>>>>>>>> + array([[-0.50130008],
       [ 0.07145502],
       [ 0.12544733],
       [-0.50059943],
       [-0.50039   ],
       [-0.50086679],
       [-0.50059169],
       [-0.50059289],
       [-0.50039378],
       [-0.50083559],
       [-0.5003343 ],
       [-0.50020752],
       [-0.50035743],
       [-0.50037999],
       [-0.50000755],
       [-0.50046508],
       [-0.50038501],
       [-0.50020276],
       [-0.50018636],
       [-0.50049392],
       [-0.50062364],
       [-0.50125211],
       [-0.50064518],
       [-0.50058678],
       [-0.50058829],
       [-0.50073062],
       [-0.50065583],
       [-0.50065228],
       [-0.50037212],
       [ 0.15532462],
       [-0.49997872]])
array([[-11.45780869],
       [  1.09121339],
       [  0.26484427],
       [-12.96728782],
       [-13.10072651],
       [-13.09358369],
       [-13.67017817],
       [-13.68021775],
       [-12.89752364],
       [-11.66811366],
       [-13.27305359],
       [ -9.17695456],
       [-13.28409718],
       [-13.01864013],
       [-12.12149085],
       [-13.09447399],
       [-13.20679943],
       [-12.85177612],
       [-12.04818633],
       [-13.22085698],
       [-13.12033684],
       [-11.2724221 ],
       [-13.32450855],
       [-12.96084968],
       [-11.605247  ],
       [-13.21520769],
       [-13.07627452],
       [-13.45068212],
       [-12.279656  ],
       [ -0.82556336],
       [-11.97718978]])
<<<<<<<<<<< STEP 12 >>>>>>>>>>>> + array([[-0.50097242],
       [ 0.06785245],
       [ 0.11674423],
       [-0.50044779],
       [-0.50030216],
       [-0.50066862],
       [-0.50045157],
       [-0.50045017],
       [-0.50030555],
       [-0.50066019],
       [-0.50024474],
       [-0.50017765],
       [-0.5002633 ],
       [-0.50028077],
       [-0.49999924],
       [-0.5003567 ],
       [-0.50029159],
       [-0.50014683],
       [-0.50013724],
       [-0.50038032],
       [-0.50046947],
       [-0.5009579 ],
       [-0.50048699],
       [-0.50044162],
       [-0.50046984],
       [-0.50057047],
       [-0.5005088 ],
       [-0.50050263],
       [-0.50029627],
       [ 0.15476935],
       [-0.49997733]])
array([[-11.95878111],
       [  1.15906584],
       [  0.3815885 ],
       [-13.46773561],
       [-13.60102867],
       [-13.5942523 ],
       [-14.17062974],
       [-14.18066791],
       [-13.39782919],
       [-12.16877385],
       [-13.77329833],
       [ -9.67713221],
       [-13.78436049],
       [-13.51892091],
       [-12.62149009],
       [-13.59483069],
       [-13.70709102],
       [-13.35192295],
       [-12.54832357],
       [-13.72123731],
       [-13.62080631],
       [-11.77338001],
       [-13.82499554],
       [-13.4612913 ],
       [-12.10571684],
       [-13.71577816],
       [-13.57678332],
       [-13.95118475],
       [-12.77995227],
       [ -0.670794  ],
       [-12.47716711]])
<<<<<<<<<<< STEP 13 >>>>>>>>>>>> + array([[-0.50072842],
       [ 0.06449608],
       [ 0.10878205],
       [-0.5003352 ],
       [-0.50023377],
       [-0.50051497],
       [-0.50034469],
       [-0.50034205],
       [-0.50023661],
       [-0.5005186 ],
       [-0.5001801 ],
       [-0.50014492],
       [-0.50019487],
       [-0.50020828],
       [-0.49999545],
       [-0.50027354],
       [-0.50022127],
       [-0.50010714],
       [-0.50010188],
       [-0.50029264],
       [-0.50035383],
       [-0.50073272],
       [-0.50036795],
       [-0.50033277],
       [-0.50037228],
       [-0.5004438 ],
       [-0.50039372],
       [-0.50038672],
       [-0.50023419],
       [ 0.15177272],
       [-0.49997849]])
array([[-12.45950953],
       [  1.22356192],
       [  0.49037054],
       [-13.9680708 ],
       [-14.10126244],
       [-14.09476727],
       [-14.67097442],
       [-14.68100996],
       [-13.8980658 ],
       [-12.66929245],
       [-14.27347843],
       [-10.17727714],
       [-14.28455536],
       [-14.01912918],
       [-13.12148553],
       [-14.09510424],
       [-14.20731228],
       [-13.85203009],
       [-13.04842544],
       [-14.22152995],
       [-14.12116014],
       [-12.27411272],
       [-14.32536349],
       [-13.96162407],
       [-12.60608912],
       [-14.21622196],
       [-14.07717705],
       [-14.45157147],
       [-13.28018647],
       [ -0.51902129],
       [-12.9771456 ]])
<<<<<<<<<<< STEP 14 >>>>>>>>>>>> + array([[-0.50054662],
       [ 0.06137185],
       [ 0.10149173],
       [-0.50025144],
       [-0.50018036],
       [-0.50039575],
       [-0.50026295],
       [-0.50025992],
       [-0.50018266],
       [-0.50040484],
       [-0.50013318],
       [-0.50011546],
       [-0.50014483],
       [-0.50015507],
       [-0.49999413],
       [-0.50020954],
       [-0.50016804],
       [-0.5000787 ],
       [-0.50007602],
       [-0.50022478],
       [-0.50026697],
       [-0.5005603 ],
       [-0.50027823],
       [-0.50025104],
       [-0.50029261],
       [-0.50034382],
       [-0.50030373],
       [-0.5002969 ],
       [-0.50018373],
       [ 0.14687977],
       [-0.49998092]])
array([[-12.96005615],
       [  1.28493377],
       [  0.59186227],
       [-14.46832224],
       [-14.6014428 ],
       [-14.59516303],
       [-15.17123737],
       [-15.18126988],
       [-14.39824847],
       [-13.16969729],
       [-14.77361161],
       [-10.6773926 ],
       [-14.78470018],
       [-14.51928425],
       [-13.62147966],
       [-14.59531378],
       [-14.70748033],
       [-14.35210878],
       [-13.54850146],
       [-14.72175473],
       [-14.62142711],
       [-12.77467302],
       [-14.82564172],
       [-14.46187511],
       [-13.10638173],
       [-14.71656578],
       [-14.57748078],
       [-14.95186837],
       [-13.78037019],
       [ -0.37214152],
       [-13.47712652]])
<<<<<<<<<<< STEP 15 >>>>>>>>>>>> + array([[-0.50041097],
       [ 0.05846569],
       [ 0.09481747],
       [-0.500189  ],
       [-0.50013869],
       [-0.50030339],
       [-0.50020041],
       [-0.50019747],
       [-0.50014052],
       [-0.50031416],
       [-0.50009891],
       [-0.500091  ],
       [-0.50010803],
       [-0.50011584],
       [-0.49999408],
       [-0.50016025],
       [-0.50012764],
       [-0.50005814],
       [-0.5000569 ],
       [-0.50017228],
       [-0.50020165],
       [-0.50042832],
       [-0.50021052],
       [-0.50018958],
       [-0.50022827],
       [-0.50026528],
       [-0.50023357],
       [-0.50022742],
       [-0.5001431 ],
       [ 0.14067706],
       [-0.49998381]])
array([[-13.46046712],
       [  1.34339946],
       [  0.68667974],
       [-14.96851125],
       [-15.10158148],
       [-15.09546642],
       [-15.67143778],
       [-15.68146735],
       [-14.89838898],
       [-13.67001145],
       [-15.27371052],
       [-11.1774836 ],
       [-15.28480822],
       [-15.01940009],
       [-14.12147375],
       [-15.09547403],
       [-15.20760797],
       [-14.85216692],
       [-14.04855836],
       [-15.22192701],
       [-15.12162876],
       [-13.27510134],
       [-15.32585224],
       [-14.96206469],
       [-13.60661   ],
       [-15.21683106],
       [-15.07771434],
       [-15.45209579],
       [-14.2805133 ],
       [ -0.23146446],
       [-13.97711033]])
<<<<<<<<<<< STEP 16 >>>>>>>>>>>> + array([[-0.50030957],
       [ 0.05576384],
       [ 0.08871286],
       [-0.50014235],
       [-0.5001063 ],
       [-0.50023206],
       [-0.5001526 ],
       [-0.50014998],
       [-0.50010774],
       [-0.50024251],
       [-0.50007376],
       [-0.50007143],
       [-0.50008086],
       [-0.50008679],
       [-0.49999463],
       [-0.50012235],
       [-0.50009694],
       [-0.50004316],
       [-0.50004266],
       [-0.50013174],
       [-0.50015246],
       [-0.50032734],
       [-0.50015939],
       [-0.50014332],
       [-0.50017692],
       [-0.50020393],
       [-0.50017909],
       [-0.50017383],
       [-0.50011076],
       [ 0.13370344],
       [-0.49998668]])
array([[-13.96077669],
       [  1.39916329],
       [  0.7753926 ],
       [-15.4686536 ],
       [-15.60168778],
       [-15.59569847],
       [-16.17159038],
       [-16.18161733],
       [-15.39849672],
       [-14.17025396],
       [-15.77378429],
       [-11.67755503],
       [-15.78488907],
       [-15.51948688],
       [-14.62146838],
       [-15.59559638],
       [-15.7077049 ],
       [-15.35221008],
       [-14.54860102],
       [-15.72205875],
       [-15.62178122],
       [-13.77542869],
       [-15.82601163],
       [-15.46220801],
       [-14.10678692],
       [-15.71703499],
       [-15.57789343],
       [-15.95226963],
       [-14.78062406],
       [ -0.09776102],
       [-14.47709702]])
<<<<<<<<<<< STEP 17 >>>>>>>>>>>> + array([[-0.50023361],
       [ 0.05325284],
       [ 0.08313646],
       [-0.50010741],
       [-0.50008124],
       [-0.50017715],
       [-0.5001161 ],
       [-0.50011387],
       [-0.50008236],
       [-0.50018638],
       [-0.50005521],
       [-0.50005603],
       [-0.50006069],
       [-0.50006521],
       [-0.4999954 ],
       [-0.50009328],
       [-0.5000736 ],
       [-0.50003217],
       [-0.50003203],
       [-0.50010056],
       [-0.50011538],
       [-0.50025013],
       [-0.50012075],
       [-0.50010845],
       [-0.50013638],
       [-0.50015628],
       [-0.50013699],
       [-0.50013263],
       [-0.50008528],
       [ 0.12639879],
       [-0.49998929]])
array([[-14.4610103 ],
       [  1.45241613],
       [  0.85852907],
       [-15.96876101],
       [-16.10176903],
       [-16.09587562],
       [-16.67170648],
       [-16.6817312 ],
       [-15.89857908],
       [-14.67044034],
       [-16.2738395 ],
       [-12.17761105],
       [-16.28494976],
       [-16.01955209],
       [-15.12146377],
       [-16.09568966],
       [-16.2077785 ],
       [-15.85224225],
       [-15.04863305],
       [-16.22215931],
       [-16.1218966 ],
       [-14.27567882],
       [-16.32613239],
       [-15.96231645],
       [-14.6069233 ],
       [-16.21719128],
       [-16.07803042],
       [-16.45240226],
       [-15.28070935],
       [  0.02863777],
       [-14.9770863 ]])
<<<<<<<<<<< STEP 18 >>>>>>>>>>>> + array([[-0.50017658],
       [ 0.0509195 ],
       [ 0.07804882],
       [-0.50008118],
       [-0.50006195],
       [-0.50013503],
       [-0.50008828],
       [-0.50008645],
       [-0.50006282],
       [-0.50014275],
       [-0.50004145],
       [-0.50004396],
       [-0.50004567],
       [-0.50004911],
       [-0.49999619],
       [-0.50007104],
       [-0.50005588],
       [-0.50002407],
       [-0.50002406],
       [-0.50007664],
       [-0.5000874 ],
       [-0.50019112],
       [-0.50009154],
       [-0.50008214],
       [-0.50010469],
       [-0.50011948],
       [-0.50010459],
       [-0.50010106],
       [-0.5000654 ],
       [ 0.1190889 ],
       [-0.49999152]])
array([[-14.96118688],
       [  1.50333563],
       [  0.93657788],
       [-16.46884219],
       [-16.60183098],
       [-16.59601065],
       [-17.17179475],
       [-17.18181765],
       [-16.3986419 ],
       [-15.17058308],
       [-16.77388095],
       [-12.67765502],
       [-16.78499543],
       [-16.51960119],
       [-15.62145996],
       [-16.5957607 ],
       [-16.70783438],
       [-16.35226632],
       [-15.54865711],
       [-16.72223594],
       [-16.62198399],
       [-14.77586994],
       [-16.82622393],
       [-16.46239859],
       [-15.10702799],
       [-16.71731076],
       [-16.57813502],
       [-16.95250332],
       [-15.78077474],
       [  0.14772668],
       [-15.47707782]])
<<<<<<<<<<< STEP 19 >>>>>>>>>>>> + array([[-0.50013368],
       [ 0.0487509 ],
       [ 0.07341108],
       [-0.50006146],
       [-0.50004716],
       [-0.50010281],
       [-0.5000671 ],
       [-0.50006563],
       [-0.50004783],
       [-0.50010904],
       [-0.50003121],
       [-0.50003452],
       [-0.50003445],
       [-0.50003706],
       [-0.49999692],
       [-0.50005406],
       [-0.50004243],
       [-0.50001806],
       [-0.50001809],
       [-0.50005834],
       [-0.50006627],
       [-0.50014604],
       [-0.50006944],
       [-0.50006227],
       [-0.50008011],
       [-0.50009118],
       [-0.50007974],
       [-0.50007693],
       [-0.50004999],
       [ 0.11199431],
       [-0.49999336]])
array([[-15.46132056],
       [  1.55208653],
       [  1.00998896],
       [-16.96890365],
       [-17.10187815],
       [-17.09611346],
       [-17.67186185],
       [-17.68188329],
       [-16.89868973],
       [-15.67069213],
       [-17.27391215],
       [-13.17768954],
       [-17.28502988],
       [-17.01963825],
       [-16.12145689],
       [-17.09581476],
       [-17.20787681],
       [-16.85228438],
       [-16.0486752 ],
       [-17.22229429],
       [-17.12205026],
       [-15.27601598],
       [-17.32629337],
       [-16.96246086],
       [-15.6071081 ],
       [-17.21740194],
       [-17.07821476],
       [-17.45258024],
       [-16.28082473],
       [  0.25972098],
       [-15.97707118]])
<<<<<<<<<<< STEP 20 >>>>>>>>>>>> + array([[-0.50010135],
       [ 0.04673452],
       [ 0.06918493],
       [-0.50004659],
       [-0.50003586],
       [-0.50007823],
       [-0.500051  ],
       [-0.50004984],
       [-0.50003638],
       [-0.50008314],
       [-0.50002355],
       [-0.50002712],
       [-0.50002603],
       [-0.50002802],
       [-0.49999755],
       [-0.50004111],
       [-0.50003222],
       [-0.50001359],
       [-0.50001362],
       [-0.50004438],
       [-0.50005029],
       [-0.50011162],
       [-0.50005272],
       [-0.50004725],
       [-0.50006115],
       [-0.5000695 ],
       [-0.50006074],
       [-0.50005852],
       [-0.50003812],
       [ 0.10525037],
       [-0.49999485]])
array([[-15.96142191],
       [  1.59882105],
       [  1.07917389],
       [-17.46895024],
       [-17.60191401],
       [-17.59619169],
       [-18.17191285],
       [-18.18193313],
       [-17.39872611],
       [-16.17077527],
       [-17.77393571],
       [-13.67771665],
       [-17.78505591],
       [-17.51966628],
       [-16.62145444],
       [-17.59585587],
       [-17.70790903],
       [-17.35229797],
       [-16.54868882],
       [-17.72233867],
       [-17.62210055],
       [-15.77612759],
       [-17.82634609],
       [-17.46250811],
       [-16.10716926],
       [-17.71747144],
       [-17.5782755 ],
       [-17.95263876],
       [-16.78086285],
       [  0.36497136],
       [-16.47706603]])
<<<<<<<<<<< STEP 21 >>>>>>>>>>>> + array([[-0.50007693],
       [ 0.04485834],
       [ 0.0653331 ],
       [-0.50003536],
       [-0.50002725],
       [-0.5000595 ],
       [-0.50003876],
       [-0.50003786],
       [-0.50002764],
       [-0.50006331],
       [-0.50001781],
       [-0.50002131],
       [-0.50001971],
       [-0.50002123],
       [-0.49999807],
       [-0.50003126],
       [-0.50002447],
       [-0.50001025],
       [-0.50001025],
       [-0.50003375],
       [-0.5000382 ],
       [-0.50008533],
       [-0.50004005],
       [-0.50003588],
       [-0.50004661],
       [-0.50005293],
       [-0.50004624],
       [-0.50004451],
       [-0.50002903],
       [ 0.09892944],
       [-0.49999603]])
array([[-16.46149884],
       [  1.6436794 ],
       [  1.14450699],
       [-17.9689856 ],
       [-18.10194126],
       [-18.09625119],
       [-18.67195161],
       [-18.68197099],
       [-17.89875375],
       [-16.67083858],
       [-18.27395352],
       [-14.17773796],
       [-18.28507562],
       [-18.0196875 ],
       [-17.12145251],
       [-18.09588713],
       [-18.2079335 ],
       [-17.85230822],
       [-17.04869907],
       [-18.22237242],
       [-18.12213874],
       [-16.27621292],
       [-18.32638614],
       [-17.96254399],
       [-16.60721586],
       [-18.21752437],
       [-18.07832174],
       [-18.45268327],
       [-17.28089188],
       [  0.4639008 ],
       [-16.97706206]])
<<<<<<<<<<< STEP 22 >>>>>>>>>>>> + array([[-0.50005847],
       [ 0.04311099],
       [ 0.06181996],
       [-0.50002687],
       [-0.5000207 ],
       [-0.50004525],
       [-0.50002947],
       [-0.50002877],
       [-0.500021  ],
       [-0.50004818],
       [-0.5000135 ],
       [-0.50001674],
       [-0.50001494],
       [-0.5000161 ],
       [-0.4999985 ],
       [-0.50002378],
       [-0.5000186 ],
       [-0.50000775],
       [-0.50000773],
       [-0.50002567],
       [-0.50002904],
       [-0.50006525],
       [-0.50003045],
       [-0.50002728],
       [-0.50003548],
       [-0.50004029],
       [-0.5000352 ],
       [-0.50003385],
       [-0.50002208],
       [ 0.09306034],
       [-0.49999695]])
array([[-16.96155731],
       [  1.68679039],
       [  1.20632695],
       [-18.46901247],
       [-18.60196195],
       [-18.59629644],
       [-19.17198108],
       [-19.18199976],
       [-18.39877475],
       [-17.17088676],
       [-18.77396702],
       [-14.6777547 ],
       [-18.78509056],
       [-18.5197036 ],
       [-17.62145101],
       [-18.59591091],
       [-18.7079521 ],
       [-18.35231597],
       [-17.5487068 ],
       [-18.72239809],
       [-18.62216778],
       [-16.77627817],
       [-18.82641658],
       [-18.46257127],
       [-17.10725135],
       [-18.71756467],
       [-18.57835694],
       [-18.95271712],
       [-17.78091396],
       [  0.55696114],
       [-17.47705902]])
<<<<<<<<<<< STEP 23 >>>>>>>>>>>> + array([[-0.50004449],
       [ 0.04148182],
       [ 0.05861213],
       [-0.50002044],
       [-0.50001572],
       [-0.50003442],
       [-0.50002241],
       [-0.50002188],
       [-0.50001595],
       [-0.50003664],
       [-0.50001025],
       [-0.50001314],
       [-0.50001135],
       [-0.50001223],
       [-0.49999884],
       [-0.50001809],
       [-0.50001414],
       [-0.50000587],
       [-0.50000583],
       [-0.50001952],
       [-0.50002209],
       [-0.50004991],
       [-0.50002316],
       [-0.50002075],
       [-0.500027  ],
       [-0.50003067],
       [-0.50002679],
       [-0.50002575],
       [-0.50001679],
       [ 0.0876437 ],
       [-0.49999767]])
array([[-17.4616018 ],
       [  1.72827221],
       [  1.26493908],
       [-18.96903292],
       [-19.10197767],
       [-19.09633087],
       [-19.6720035 ],
       [-19.68202164],
       [-18.89879071],
       [-17.6709234 ],
       [-19.27397727],
       [-15.17776784],
       [-19.28510191],
       [-19.01971583],
       [-18.12144984],
       [-19.095929  ],
       [-19.20796624],
       [-18.85232184],
       [-18.04871263],
       [-19.22241761],
       [-19.12218987],
       [-17.27632808],
       [-19.32643975],
       [-18.96259202],
       [-17.60727835],
       [-19.21759534],
       [-19.07838373],
       [-19.45274286],
       [-18.28093075],
       [  0.64460483],
       [-17.97705669]])
<<<<<<<<<<< STEP 24 >>>>>>>>>>>> + array([[-0.50003388],
       [ 0.03996094],
       [ 0.05567878],
       [-0.50001557],
       [-0.50001194],
       [-0.50002619],
       [-0.50001706],
       [-0.50001664],
       [-0.50001212],
       [-0.50002787],
       [-0.50000779],
       [-0.50001031],
       [-0.50000863],
       [-0.5000093 ],
       [-0.4999991 ],
       [-0.50001376],
       [-0.50001076],
       [-0.50000445],
       [-0.50000441],
       [-0.50001485],
       [-0.50001682],
       [-0.5000382 ],
       [-0.50001764],
       [-0.5000158 ],
       [-0.50002054],
       [-0.50002334],
       [-0.50002039],
       [-0.50001959],
       [-0.50001276],
       [ 0.082663  ],
       [-0.49999822]])
array([[-17.96163568],
       [  1.76823315],
       [  1.32061785],
       [-19.46904848],
       [-19.60198961],
       [-19.59635705],
       [-20.17202055],
       [-20.18203828],
       [-19.39880283],
       [-18.17095127],
       [-19.77398506],
       [-15.67777815],
       [-19.78511053],
       [-19.51972514],
       [-18.62144894],
       [-19.59594276],
       [-19.707977  ],
       [-19.35232629],
       [-18.54871704],
       [-19.72243245],
       [-19.62220669],
       [-17.77636627],
       [-19.82645738],
       [-19.46260782],
       [-18.10729888],
       [-19.71761868],
       [-19.57840412],
       [-19.95276245],
       [-18.7809435 ],
       [  0.72726784],
       [-18.47705491]])
<<<<<<<<<<< STEP 25 >>>>>>>>>>>> + array([[-0.50002583],
       [ 0.03853924],
       [ 0.05299181],
       [-0.50001186],
       [-0.50000907],
       [-0.50001993],
       [-0.50001298],
       [-0.50001267],
       [-0.50000921],
       [-0.5000212 ],
       [-0.50000593],
       [-0.50000808],
       [-0.50000657],
       [-0.50000708],
       [-0.49999931],
       [-0.50001047],
       [-0.50000819],
       [-0.50000338],
       [-0.50000333],
       [-0.5000113 ],
       [-0.50001282],
       [-0.50002924],
       [-0.50001344],
       [-0.50001204],
       [-0.50001562],
       [-0.50001777],
       [-0.50001553],
       [-0.50001491],
       [-0.50000969],
       [ 0.07809222],
       [-0.49999865]])
array([[-18.4616615 ],
       [  1.80677239],
       [  1.37360966],
       [-19.96906035],
       [-20.10199869],
       [-20.09637699],
       [-20.67203354],
       [-20.68205095],
       [-19.89881203],
       [-18.67097247],
       [-20.27399098],
       [-16.17778624],
       [-20.2851171 ],
       [-20.01973222],
       [-19.12144825],
       [-20.09595323],
       [-20.20798519],
       [-19.85232967],
       [-19.04872037],
       [-20.22244375],
       [-20.12221951],
       [-18.27639551],
       [-20.32647082],
       [-19.96261986],
       [-18.6073145 ],
       [-20.21763645],
       [-20.07841965],
       [-20.45277736],
       [-19.2809532 ],
       [  0.80536005],
       [-18.97705355]])
<<<<<<<<<<< STEP 26 >>>>>>>>>>>> + array([[-0.5000197 ],
       [ 0.03720837],
       [ 0.05052584],
       [-0.50000905],
       [-0.5000069 ],
       [-0.50001518],
       [-0.50000989],
       [-0.50000965],
       [-0.500007  ],
       [-0.50001612],
       [-0.50000452],
       [-0.50000633],
       [-0.500005  ],
       [-0.5000054 ],
       [-0.49999947],
       [-0.50000798],
       [-0.50000624],
       [-0.50000257],
       [-0.50000252],
       [-0.5000086 ],
       [-0.50000978],
       [-0.50002239],
       [-0.50001024],
       [-0.50000918],
       [-0.50001188],
       [-0.50001354],
       [-0.50001183],
       [-0.50001135],
       [-0.50000737],
       [ 0.07390079],
       [-0.49999897]])
array([[-18.9616812 ],
       [  1.84398076],
       [  1.4241355 ],
       [-20.4690694 ],
       [-20.60200558],
       [-20.59639217],
       [-21.17204343],
       [-21.1820606 ],
       [-20.39881904],
       [-19.17098859],
       [-20.7739955 ],
       [-16.67779257],
       [-20.7851221 ],
       [-20.51973761],
       [-19.62144772],
       [-20.59596121],
       [-20.70799143],
       [-20.35233224],
       [-19.54872289],
       [-20.72245235],
       [-20.62222928],
       [-18.77641791],
       [-20.82648107],
       [-20.46262904],
       [-19.10732638],
       [-20.71764999],
       [-20.57843148],
       [-20.95278871],
       [-19.78096057],
       [  0.87926085],
       [-19.47705252]])
<<<<<<<<<<< STEP 27 >>>>>>>>>>>> + array([[-0.50001504],
       [ 0.03596075],
       [ 0.04825813],
       [-0.50000691],
       [-0.50000524],
       [-0.50001156],
       [-0.50000754],
       [-0.50000736],
       [-0.50000532],
       [-0.50001227],
       [-0.50000344],
       [-0.50000496],
       [-0.50000382],
       [-0.50000412],
       [-0.49999959],
       [-0.50000608],
       [-0.50000475],
       [-0.50000196],
       [-0.50000191],
       [-0.50000655],
       [-0.50000746],
       [-0.50001716],
       [-0.50000782],
       [-0.500007  ],
       [-0.50000904],
       [-0.50001031],
       [-0.50000901],
       [-0.50000865],
       [-0.5000056 ],
       [ 0.07005683],
       [-0.49999922]])
array([[-19.46169625],
       [  1.8799415 ],
       [  1.47239364],
       [-20.96907631],
       [-21.10201082],
       [-21.09640373],
       [-21.67205097],
       [-21.68206796],
       [-20.89882436],
       [-19.67100086],
       [-21.27399894],
       [-17.17779753],
       [-21.28512592],
       [-21.01974173],
       [-20.12144731],
       [-21.09596729],
       [-21.20799618],
       [-20.85233419],
       [-20.0487248 ],
       [-21.22245891],
       [-21.12223674],
       [-19.27643507],
       [-21.32648888],
       [-20.96263604],
       [-19.60733542],
       [-21.2176603 ],
       [-21.0784405 ],
       [-21.45279736],
       [-20.28096617],
       [  0.94931768],
       [-19.97705174]])
<<<<<<<<<<< STEP 28 >>>>>>>>>>>> + array([[-0.50001149],
       [ 0.03478944],
       [ 0.04616839],
       [-0.50000528],
       [-0.50000399],
       [-0.50000881],
       [-0.50000575],
       [-0.50000561],
       [-0.50000405],
       [-0.50000934],
       [-0.50000263],
       [-0.50000388],
       [-0.50000291],
       [-0.50000314],
       [-0.49999969],
       [-0.50000463],
       [-0.50000363],
       [-0.50000149],
       [-0.50000145],
       [-0.50000499],
       [-0.5000057 ],
       [-0.50001315],
       [-0.50000597],
       [-0.50000535],
       [-0.50000688],
       [-0.50000786],
       [-0.50000687],
       [-0.50000659],
       [-0.50000426],
       [ 0.06652896],
       [-0.4999994 ]])
array([[-19.96170774],
       [  1.91473095],
       [  1.51856202],
       [-21.46908159],
       [-21.60201481],
       [-21.59641254],
       [-22.17205672],
       [-22.18207357],
       [-21.39882841],
       [-20.1710102 ],
       [-21.77400157],
       [-17.67780141],
       [-21.78512883],
       [-21.51974487],
       [-20.621447  ],
       [-21.59597192],
       [-21.70799981],
       [-21.35233569],
       [-20.54872625],
       [-21.7224639 ],
       [-21.62224244],
       [-19.77644822],
       [-21.82649485],
       [-21.46264139],
       [-20.1073423 ],
       [-21.71766816],
       [-21.57844737],
       [-21.95280396],
       [-20.78097043],
       [  1.01584664],
       [-20.47705114]])
<<<<<<<<<<< STEP 29 >>>>>>>>>>>> + array([[-0.50000879],
       [ 0.03368819],
       [ 0.04423855],
       [-0.50000404],
       [-0.50000304],
       [-0.50000672],
       [-0.50000439],
       [-0.50000428],
       [-0.50000308],
       [-0.50000711],
       [-0.50000201],
       [-0.50000303],
       [-0.50000222],
       [-0.5000024 ],
       [-0.49999976],
       [-0.50000354],
       [-0.50000277],
       [-0.50000114],
       [-0.5000011 ],
       [-0.50000381],
       [-0.50000435],
       [-0.50001008],
       [-0.50000456],
       [-0.50000409],
       [-0.50000524],
       [-0.50000599],
       [-0.50000524],
       [-0.50000503],
       [-0.50000324],
       [ 0.06328746],
       [-0.49999955]])
array([[-20.46171653],
       [  1.94841914],
       [  1.56280057],
       [-21.96908562],
       [-22.10201785],
       [-22.09641927],
       [-22.67206111],
       [-22.68207785],
       [-21.8988315 ],
       [-20.67101732],
       [-22.27400358],
       [-18.17780444],
       [-22.28513105],
       [-22.01974727],
       [-21.12144676],
       [-22.09597546],
       [-22.20800258],
       [-21.85233682],
       [-21.04872735],
       [-22.22246771],
       [-22.12224679],
       [-20.2764583 ],
       [-22.32649941],
       [-21.96264548],
       [-20.60734754],
       [-22.21767416],
       [-22.07845261],
       [-22.45280899],
       [-21.28097367],
       [  1.0791341 ],
       [-20.97705069]])
<<<<<<<<<<< STEP 30 >>>>>>>>>>>> + array([[-0.50000672],
       [ 0.0326513 ],
       [ 0.0424526 ],
       [-0.50000309],
       [-0.50000231],
       [-0.50000513],
       [-0.50000335],
       [-0.50000327],
       [-0.50000235],
       [-0.50000542],
       [-0.50000154],
       [-0.50000237],
       [-0.5000017 ],
       [-0.50000184],
       [-0.49999982],
       [-0.5000027 ],
       [-0.50000211],
       [-0.50000087],
       [-0.50000083],
       [-0.5000029 ],
       [-0.50000333],
       [-0.50000774],
       [-0.50000348],
       [-0.50000312],
       [-0.50000399],
       [-0.50000457],
       [-0.500004  ],
       [-0.50000384],
       [-0.50000247],
       [ 0.06030476],
       [-0.49999966]])
array([[-20.96172325],
       [  1.98107044],
       [  1.60525317],
       [-22.46908871],
       [-22.60202017],
       [-22.59642439],
       [-23.17206446],
       [-23.18208112],
       [-22.39883385],
       [-21.17102274],
       [-22.77400511],
       [-18.6778068 ],
       [-22.78513275],
       [-22.51974911],
       [-21.62144658],
       [-22.59597816],
       [-22.70800469],
       [-22.35233769],
       [-21.54872819],
       [-22.72247061],
       [-22.62225012],
       [-20.77646604],
       [-22.82650289],
       [-22.46264861],
       [-21.10735153],
       [-22.71767873],
       [-22.57845662],
       [-22.95281282],
       [-21.78097614],
       [  1.13943886],
       [-21.47705034]])
<<<<<<<<<<< STEP 31 >>>>>>>>>>>> + array([[-0.50000515],
       [ 0.03167363],
       [ 0.04079634],
       [-0.50000236],
       [-0.50000176],
       [-0.50000392],
       [-0.50000256],
       [-0.5000025 ],
       [-0.50000179],
       [-0.50000413],
       [-0.50000117],
       [-0.50000185],
       [-0.5000013 ],
       [-0.5000014 ],
       [-0.49999986],
       [-0.50000206],
       [-0.50000161],
       [-0.50000066],
       [-0.50000063],
       [-0.50000222],
       [-0.50000255],
       [-0.50000594],
       [-0.50000267],
       [-0.50000239],
       [-0.50000304],
       [-0.50000349],
       [-0.50000306],
       [-0.50000293],
       [-0.50000188],
       [ 0.05755567],
       [-0.49999974]])
array([[-21.4617284 ],
       [  2.01274407],
       [  1.64604952],
       [-22.96909107],
       [-23.10202193],
       [-23.09642831],
       [-23.67206701],
       [-23.68208362],
       [-22.89883564],
       [-21.67102687],
       [-23.27400629],
       [-19.17780865],
       [-23.28513405],
       [-23.01975051],
       [-22.12144644],
       [-23.09598022],
       [-23.20800631],
       [-22.85233836],
       [-22.04872882],
       [-23.22247283],
       [-23.12225267],
       [-21.27647197],
       [-23.32650556],
       [-22.962651  ],
       [-21.60735457],
       [-23.21768222],
       [-23.07845967],
       [-23.45281575],
       [-22.28097802],
       [  1.19699453],
       [-21.97705008]])
<<<<<<<<<<< STEP 32 >>>>>>>>>>>> + array([[-0.50000394],
       [ 0.03075052],
       [ 0.03925719],
       [-0.50000181],
       [-0.50000134],
       [-0.50000299],
       [-0.50000196],
       [-0.50000191],
       [-0.50000137],
       [-0.50000315],
       [-0.5000009 ],
       [-0.50000144],
       [-0.500001  ],
       [-0.50000107],
       [-0.49999989],
       [-0.50000157],
       [-0.50000123],
       [-0.50000051],
       [-0.50000048],
       [-0.50000169],
       [-0.50000195],
       [-0.50000456],
       [-0.50000204],
       [-0.50000183],
       [-0.50000232],
       [-0.50000267],
       [-0.50000233],
       [-0.50000224],
       [-0.50000143],
       [ 0.0550174 ],
       [-0.4999998 ]])
array([[-21.96173234],
       [  2.04349458],
       [  1.68530671],
       [-23.46909288],
       [-23.60202327],
       [-23.5964313 ],
       [-24.17206897],
       [-24.18208553],
       [-23.398837  ],
       [-22.17103003],
       [-23.77400719],
       [-19.67781009],
       [-23.78513505],
       [-23.51975159],
       [-22.62144634],
       [-23.59598179],
       [-23.70800754],
       [-23.35233886],
       [-22.5487293 ],
       [-23.72247452],
       [-23.62225462],
       [-21.77647653],
       [-23.8265076 ],
       [-23.46265283],
       [-22.1073569 ],
       [-23.71768489],
       [-23.57846201],
       [-23.95281799],
       [-22.78097946],
       [  1.25201192],
       [-22.47704988]])
<<<<<<<<<<< STEP 33 >>>>>>>>>>>> + array([[-0.50000302],
       [ 0.02987773],
       [ 0.03782397],
       [-0.50000139],
       [-0.50000103],
       [-0.50000229],
       [-0.5000015 ],
       [-0.50000146],
       [-0.50000104],
       [-0.50000241],
       [-0.50000069],
       [-0.50000112],
       [-0.50000076],
       [-0.50000082],
       [-0.49999992],
       [-0.5000012 ],
       [-0.50000094],
       [-0.50000039],
       [-0.50000037],
       [-0.50000129],
       [-0.50000149],
       [-0.5000035 ],
       [-0.50000156],
       [-0.5000014 ],
       [-0.50000177],
       [-0.50000204],
       [-0.50000178],
       [-0.50000171],
       [-0.50000109],
       [ 0.05266946],
       [-0.49999985]])
array([[-22.46173536],
       [  2.07337231],
       [  1.72313068],
       [-23.96909427],
       [-24.1020243 ],
       [-24.09643359],
       [-24.67207047],
       [-24.68208699],
       [-23.89883805],
       [-22.67103243],
       [-24.27400788],
       [-20.17781122],
       [-24.28513581],
       [-24.01975241],
       [-23.12144625],
       [-24.095983  ],
       [-24.20800848],
       [-23.85233925],
       [-23.04872967],
       [-24.22247582],
       [-24.12225611],
       [-22.27648003],
       [-24.32650916],
       [-23.96265423],
       [-22.60735867],
       [-24.21768693],
       [-24.07846379],
       [-24.4528197 ],
       [-23.28098055],
       [  1.30468139],
       [-22.97704973]])
<<<<<<<<<<< STEP 34 >>>>>>>>>>>> + array([[-0.50000232],
       [ 0.02905144],
       [ 0.03648679],
       [-0.50000106],
       [-0.50000078],
       [-0.50000175],
       [-0.50000114],
       [-0.50000112],
       [-0.5000008 ],
       [-0.50000184],
       [-0.50000053],
       [-0.50000088],
       [-0.50000058],
       [-0.50000063],
       [-0.49999994],
       [-0.50000092],
       [-0.50000072],
       [-0.5000003 ],
       [-0.50000028],
       [-0.50000099],
       [-0.50000114],
       [-0.50000269],
       [-0.5000012 ],
       [-0.50000107],
       [-0.50000135],
       [-0.50000156],
       [-0.50000137],
       [-0.50000131],
       [-0.50000083],
       [ 0.05049351],
       [-0.49999988]])
array([[-22.96173768],
       [  2.10242376],
       [  1.75961747],
       [-24.46909533],
       [-24.60202508],
       [-24.59643534],
       [-25.17207161],
       [-25.18208811],
       [-24.39883884],
       [-23.17103427],
       [-24.77400841],
       [-20.67781209],
       [-24.7851364 ],
       [-24.51975304],
       [-23.62144619],
       [-24.59598392],
       [-24.70800921],
       [-24.35233955],
       [-23.54872995],
       [-24.72247681],
       [-24.62225725],
       [-22.77648272],
       [-24.82651036],
       [-24.4626553 ],
       [-23.10736002],
       [-24.71768849],
       [-24.57846516],
       [-24.95282101],
       [-23.78098138],
       [  1.35517489],
       [-23.47704962]])
<<<<<<<<<<< STEP 35 >>>>>>>>>>>> + array([[-0.50000178],
       [ 0.02826819],
       [ 0.03523684],
       [-0.50000082],
       [-0.5000006 ],
       [-0.50000134],
       [-0.50000088],
       [-0.50000086],
       [-0.50000061],
       [-0.5000014 ],
       [-0.50000041],
       [-0.50000068],
       [-0.50000045],
       [-0.50000048],
       [-0.49999995],
       [-0.5000007 ],
       [-0.50000055],
       [-0.50000023],
       [-0.50000021],
       [-0.50000076],
       [-0.50000088],
       [-0.50000207],
       [-0.50000092],
       [-0.50000082],
       [-0.50000103],
       [-0.50000119],
       [-0.50000104],
       [-0.500001  ],
       [-0.50000064],
       [ 0.04847315],
       [-0.49999991]])
array([[-23.46173945],
       [  2.13069194],
       [  1.79485432],
       [-24.96909615],
       [-25.10202568],
       [-25.09643667],
       [-25.67207249],
       [-25.68208896],
       [-24.89883945],
       [-23.67103568],
       [-25.27400881],
       [-21.17781277],
       [-25.28513684],
       [-25.01975353],
       [-24.12144614],
       [-25.09598462],
       [-25.20800976],
       [-24.85233978],
       [-24.04873017],
       [-25.22247756],
       [-25.12225813],
       [-23.27648478],
       [-25.32651127],
       [-24.96265612],
       [-23.60736105],
       [-25.21768968],
       [-25.0784662 ],
       [-25.45282201],
       [-24.28098202],
       [  1.40364804],
       [-23.97704953]])
<<<<<<<<<<< STEP 36 >>>>>>>>>>>> + array([[-0.50000136],
       [ 0.0275248 ],
       [ 0.03406629],
       [-0.50000063],
       [-0.50000046],
       [-0.50000102],
       [-0.50000067],
       [-0.50000066],
       [-0.50000046],
       [-0.50000107],
       [-0.50000031],
       [-0.50000053],
       [-0.50000034],
       [-0.50000037],
       [-0.49999996],
       [-0.50000054],
       [-0.50000042],
       [-0.50000017],
       [-0.50000016],
       [-0.50000058],
       [-0.50000067],
       [-0.50000159],
       [-0.5000007 ],
       [-0.50000063],
       [-0.50000079],
       [-0.50000091],
       [-0.5000008 ],
       [-0.50000077],
       [-0.50000049],
       [ 0.04659375],
       [-0.49999993]])
array([[-23.96174082],
       [  2.15821674],
       [  1.82892061],
       [-25.46909677],
       [-25.60202614],
       [-25.5964377 ],
       [-26.17207316],
       [-26.18208962],
       [-25.39883992],
       [-24.17103675],
       [-25.77400912],
       [-21.6778133 ],
       [-25.78513719],
       [-25.5197539 ],
       [-24.62144611],
       [-25.59598516],
       [-25.70801018],
       [-25.35233995],
       [-24.54873033],
       [-25.72247814],
       [-25.6222588 ],
       [-23.77648637],
       [-25.82651198],
       [-25.46265675],
       [-24.10736184],
       [-25.71769059],
       [-25.578467  ],
       [-25.95282278],
       [-24.7809825 ],
       [  1.45024179],
       [-24.47704946]])
<<<<<<<<<<< STEP 37 >>>>>>>>>>>> + array([[-0.50000105],
       [ 0.02681841],
       [ 0.03296817],
       [-0.50000048],
       [-0.50000035],
       [-0.50000078],
       [-0.50000051],
       [-0.5000005 ],
       [-0.50000036],
       [-0.50000082],
       [-0.50000024],
       [-0.50000041],
       [-0.50000026],
       [-0.50000028],
       [-0.49999997],
       [-0.50000041],
       [-0.50000032],
       [-0.50000013],
       [-0.50000012],
       [-0.50000044],
       [-0.50000052],
       [-0.50000122],
       [-0.50000054],
       [-0.50000048],
       [-0.5000006 ],
       [-0.5000007 ],
       [-0.50000061],
       [-0.50000059],
       [-0.50000037],
       [ 0.04484228],
       [-0.49999995]])
array([[-24.46174186],
       [  2.18503515],
       [  1.86188878],
       [-25.96909725],
       [-26.10202649],
       [-26.09643848],
       [-26.67207367],
       [-26.68209012],
       [-25.89884027],
       [-24.67103757],
       [-26.27400936],
       [-22.17781372],
       [-26.28513745],
       [-26.01975418],
       [-25.12144608],
       [-26.09598557],
       [-26.20801051],
       [-25.85234009],
       [-25.04873045],
       [-26.22247859],
       [-26.12225932],
       [-24.27648759],
       [-26.32651252],
       [-25.96265724],
       [-24.60736244],
       [-26.21769129],
       [-26.07846761],
       [-26.45282337],
       [-25.28098288],
       [  1.49508408],
       [-24.97704941]])
<<<<<<<<<<< STEP 38 >>>>>>>>>>>> + array([[-0.5000008 ],
       [ 0.02614641],
       [ 0.03193623],
       [-0.50000037],
       [-0.50000027],
       [-0.5000006 ],
       [-0.50000039],
       [-0.50000039],
       [-0.50000027],
       [-0.50000063],
       [-0.50000018],
       [-0.50000032],
       [-0.5000002 ],
       [-0.50000022],
       [-0.49999998],
       [-0.50000032],
       [-0.50000025],
       [-0.5000001 ],
       [-0.50000009],
       [-0.50000034],
       [-0.5000004 ],
       [-0.50000094],
       [-0.50000041],
       [-0.50000037],
       [-0.50000046],
       [-0.50000053],
       [-0.50000047],
       [-0.50000045],
       [-0.50000028],
       [ 0.0432071 ],
       [-0.49999996]])
array([[-24.96174267],
       [  2.21118156],
       [  1.89382501],
       [-26.46909762],
       [-26.60202676],
       [-26.59643908],
       [-27.17207407],
       [-27.18209051],
       [-26.39884054],
       [-25.1710382 ],
       [-26.77400954],
       [-22.67781404],
       [-26.78513765],
       [-26.5197544 ],
       [-25.62144606],
       [-26.59598589],
       [-26.70801076],
       [-26.35234019],
       [-25.54873055],
       [-26.72247893],
       [-26.62225972],
       [-24.77648853],
       [-26.82651293],
       [-26.46265761],
       [-25.1073629 ],
       [-26.71769182],
       [-26.57846808],
       [-26.95282382],
       [-25.78098316],
       [  1.53829118],
       [-25.47704937]])
<<<<<<<<<<< STEP 39 >>>>>>>>>>>> + array([[-0.50000062],
       [ 0.02550641],
       [ 0.03096492],
       [-0.50000028],
       [-0.5000002 ],
       [-0.50000046],
       [-0.5000003 ],
       [-0.5000003 ],
       [-0.50000021],
       [-0.50000048],
       [-0.50000014],
       [-0.50000025],
       [-0.50000016],
       [-0.50000017],
       [-0.49999998],
       [-0.50000024],
       [-0.50000019],
       [-0.50000008],
       [-0.50000007],
       [-0.50000026],
       [-0.5000003 ],
       [-0.50000072],
       [-0.50000032],
       [-0.50000029],
       [-0.50000035],
       [-0.50000041],
       [-0.50000036],
       [-0.50000034],
       [-0.50000022],
       [ 0.04167782],
       [-0.49999997]])
array([[-25.46174328],
       [  2.23668797],
       [  1.92478992],
       [-26.9690979 ],
       [-27.10202696],
       [-27.09643954],
       [-27.67207437],
       [-27.6820908 ],
       [-26.89884075],
       [-25.67103868],
       [-27.27400968],
       [-23.17781429],
       [-27.28513781],
       [-27.01975457],
       [-26.12144604],
       [-27.09598613],
       [-27.20801095],
       [-26.85234027],
       [-26.04873062],
       [-27.22247919],
       [-27.12226002],
       [-25.27648926],
       [-27.32651325],
       [-26.9626579 ],
       [-25.60736325],
       [-27.21769223],
       [-27.07846844],
       [-27.45282416],
       [-26.28098338],
       [  1.57996901],
       [-25.97704934]])
