<<<<<<<<<<< STEP 0 >>>>>>>>>>>> + array([[-0.37196457],
       [-0.53633808],
       [-0.48768633],
       [-0.55246031],
       [-0.54716872],
       [-0.01521431],
       [-0.53796296],
       [-0.53512932],
       [-0.03692984],
       [-0.04754214],
       [-0.55132597],
       [-0.04083729],
       [-0.03894235],
       [-0.55010301],
       [-0.52361754],
       [-0.54579853],
       [-0.54800407],
       [-0.53759537],
       [-0.54818459],
       [-0.53582615],
       [-0.03783691],
       [-0.53847418],
       [-0.53987451],
       [-0.54158565],
       [ 0.01588866],
       [-0.548682  ],
       [-0.55656799],
       [-0.55325513],
       [-0.35622848],
       [-0.54222404],
       [-0.54965187],
       [-0.48455587],
       [-0.54750447],
       [-0.48550925],
       [-0.54795352],
       [-0.0101178 ],
       [-0.55596799],
       [-0.53708145],
       [-0.54980571],
       [-0.5472928 ]])
array([[-2.42371666],
       [-8.75750397],
       [-6.87820128],
       [-9.14758861],
       [-7.95989427],
       [-0.36420498],
       [-8.79532046],
       [-8.74498812],
       [-0.75360284],
       [-1.1777634 ],
       [-9.10202859],
       [-0.51869144],
       [-0.78026485],
       [-9.09770781],
       [-7.25006559],
       [-8.95991367],
       [-9.01450011],
       [-8.7407864 ],
       [-9.05249839],
       [-8.75516218],
       [-0.77109876],
       [-8.82108342],
       [-8.83483209],
       [-8.89303895],
       [ 0.5425282 ],
       [-9.07481905],
       [-6.58109032],
       [-9.16891602],
       [-2.20657231],
       [-8.92576412],
       [-9.07752819],
       [-6.81863132],
       [-7.81926014],
       [-6.85870436],
       [-7.76161012],
       [-0.3023874 ],
       [-9.20997886],
       [-8.80362677],
       [-9.04364911],
       [-8.99831722]])
<<<<<<<<<<< STEP 1 >>>>>>>>>>>> + array([[-0.4028799 ],
       [-0.52156005],
       [-0.4836681 ],
       [-0.53578452],
       [-0.53874832],
       [-0.01198842],
       [-0.52266267],
       [-0.52109959],
       [-0.03345781],
       [-0.03782121],
       [-0.53589726],
       [-0.04154784],
       [-0.03456251],
       [-0.53439824],
       [-0.5175891 ],
       [-0.52802443],
       [-0.53341952],
       [-0.5233765 ],
       [-0.53343685],
       [-0.52129974],
       [-0.03339084],
       [-0.52282933],
       [-0.52448946],
       [-0.52480338],
       [ 0.00918903],
       [-0.53348517],
       [-0.55033432],
       [-0.53635014],
       [-0.39148234],
       [-0.52532573],
       [-0.5342969 ],
       [-0.48157104],
       [-0.53980678],
       [-0.48217446],
       [-0.54059388],
       [-0.00760808],
       [-0.53834159],
       [-0.52192603],
       [-0.53529524],
       [-0.53319398]])
array([[-2.82659656],
       [-9.27906402],
       [-7.36186938],
       [-9.68337314],
       [-8.49864259],
       [-0.37619341],
       [-9.31798313],
       [-9.26608771],
       [-0.78706065],
       [-1.21558462],
       [-9.63792585],
       [-0.56023928],
       [-0.81482737],
       [-9.63210605],
       [-7.76765469],
       [-9.4879381 ],
       [-9.54791963],
       [-9.2641629 ],
       [-9.58593524],
       [-9.27646192],
       [-0.8044896 ],
       [-9.34391274],
       [-9.35932155],
       [-9.41784233],
       [ 0.55171723],
       [-9.60830422],
       [-7.13142464],
       [-9.70526617],
       [-2.59805465],
       [-9.45108985],
       [-9.61182509],
       [-7.30020236],
       [-8.35906691],
       [-7.34087882],
       [-8.302204  ],
       [-0.30999548],
       [-9.74832045],
       [-9.32555281],
       [-9.57894435],
       [-9.5315112 ]])
<<<<<<<<<<< STEP 2 >>>>>>>>>>>> + array([[-0.43112507],
       [-0.51274697],
       [-0.48055513],
       [-0.5256224 ],
       [-0.53272187],
       [-0.00950183],
       [-0.51354536],
       [-0.51267153],
       [-0.03151597],
       [-0.02988204],
       [-0.5264049 ],
       [-0.04017763],
       [-0.03174164],
       [-0.52478397],
       [-0.51318184],
       [-0.51740844],
       [-0.52449223],
       [-0.51482246],
       [-0.52445943],
       [-0.51258657],
       [-0.03049305],
       [-0.51340749],
       [-0.5151858 ],
       [-0.51473096],
       [ 0.00374943],
       [-0.52423254],
       [-0.54559141],
       [-0.52605758],
       [-0.42487733],
       [-0.51519015],
       [-0.52497229],
       [-0.47906625],
       [-0.53414114],
       [-0.4795079 ],
       [-0.53505536],
       [-0.0056501 ],
       [-0.52765519],
       [-0.51286269],
       [-0.52638595],
       [-0.52454068]])
array([[ -3.25772163],
       [ -9.79181099],
       [ -7.84242451],
       [-10.20899554],
       [ -9.03136446],
       [ -0.38569523],
       [ -9.83152849],
       [ -9.77875924],
       [ -0.81857661],
       [ -1.24546666],
       [-10.16433075],
       [ -0.60041691],
       [ -0.846569  ],
       [-10.15689002],
       [ -8.28083654],
       [-10.00534654],
       [-10.07241186],
       [ -9.77898535],
       [-10.11039467],
       [ -9.78904849],
       [ -0.83498264],
       [ -9.85732023],
       [ -9.87450735],
       [ -9.93257329],
       [  0.55546665],
       [-10.13253676],
       [ -7.67701605],
       [-10.23132375],
       [ -3.02293198],
       [ -9.96627999],
       [-10.13679738],
       [ -7.77926861],
       [ -8.89320805],
       [ -7.82038672],
       [ -8.83725936],
       [ -0.31564557],
       [-10.27597564],
       [ -9.8384155 ],
       [-10.1053303 ],
       [-10.05605188]])
<<<<<<<<<<< STEP 3 >>>>>>>>>>>> + array([[-0.45264585],
       [-0.50749908],
       [-0.4785374 ],
       [-0.51924278],
       [-0.52809752],
       [-0.00761166],
       [-0.50811167],
       [-0.50759834],
       [-0.03086518],
       [-0.02346517],
       [-0.5203451 ],
       [-0.03791301],
       [-0.03024522],
       [-0.51871434],
       [-0.50992751],
       [-0.51103452],
       [-0.51883589],
       [-0.50963106],
       [-0.51880671],
       [-0.50736365],
       [-0.02890227],
       [-0.50773464],
       [-0.50952321],
       [-0.50867979],
       [-0.00111622],
       [-0.51841663],
       [-0.54144727],
       [-0.51960161],
       [-0.45182003],
       [-0.50910193],
       [-0.51911841],
       [-0.47740384],
       [-0.52965433],
       [-0.47778345],
       [-0.53057773],
       [-0.00412447],
       [-0.52096834],
       [-0.50744748],
       [-0.52068236],
       [-0.51902572]])
array([[ -3.71036748],
       [-10.29931007],
       [ -8.32096191],
       [-10.72823832],
       [ -9.55946198],
       [ -0.3933069 ],
       [-10.33964017],
       [-10.28635758],
       [ -0.84944179],
       [ -1.26893183],
       [-10.68467585],
       [ -0.63832993],
       [ -0.87681423],
       [-10.67560436],
       [ -8.79076405],
       [-10.51638106],
       [-10.59124775],
       [-10.28861641],
       [-10.62920138],
       [-10.29641214],
       [ -0.86388492],
       [-10.36505488],
       [-10.38403055],
       [-10.44125308],
       [  0.55435044],
       [-10.65095339],
       [ -8.21846332],
       [-10.75092536],
       [ -3.47475201],
       [-10.47538193],
       [-10.65591579],
       [ -8.25667245],
       [ -9.42286238],
       [ -8.29817018],
       [ -9.3678371 ],
       [ -0.31977005],
       [-10.79694398],
       [-10.34586298],
       [-10.62601266],
       [-10.5750776 ]])
<<<<<<<<<<< STEP 4 >>>>>>>>>>>> + array([[-0.46459783],
       [-0.50438103],
       [-0.47792353],
       [-0.51496755],
       [-0.52414298],
       [-0.00618598],
       [-0.50486859],
       [-0.50454351],
       [-0.03111544],
       [-0.01832248],
       [-0.51617059],
       [-0.03585975],
       [-0.02970159],
       [-0.51461994],
       [-0.50750629],
       [-0.5071581 ],
       [-0.51496765],
       [-0.50642434],
       [-0.51495913],
       [-0.50424455],
       [-0.02825484],
       [-0.50434073],
       [-0.50604818],
       [-0.50505126],
       [-0.0057114 ],
       [-0.51449049],
       [-0.53715471],
       [-0.51527485],
       [-0.46864047],
       [-0.50544205],
       [-0.51515168],
       [-0.47701053],
       [-0.52568672],
       [-0.47736816],
       [-0.52655144],
       [-0.00293779],
       [-0.51647242],
       [-0.50422718],
       [-0.516696  ],
       [-0.51521722]])
array([[ -4.17496531],
       [-10.8036911 ],
       [ -8.79888544],
       [-11.24320588],
       [-10.08360496],
       [ -0.39949288],
       [-10.84450876],
       [-10.79090108],
       [ -0.88055723],
       [ -1.28725431],
       [-11.20084645],
       [ -0.67418967],
       [ -0.90651582],
       [-11.1902243 ],
       [ -9.29827033],
       [-11.02353916],
       [-11.1062154 ],
       [-10.79504075],
       [-11.14416051],
       [-10.80065669],
       [ -0.89213975],
       [-10.86939561],
       [-10.89007874],
       [-10.94630434],
       [  0.54863904],
       [-11.16544388],
       [ -8.75561803],
       [-11.2662002 ],
       [ -3.94339248],
       [-10.98082397],
       [-11.17106746],
       [ -8.73368297],
       [ -9.9485491 ],
       [ -8.77553834],
       [ -9.89438853],
       [ -0.32270784],
       [-11.3134164 ],
       [-10.85009016],
       [-11.14270866],
       [-11.09029482]])
<<<<<<<<<<< STEP 5 >>>>>>>>>>>> + array([[-0.46740493],
       [-0.50253425],
       [-0.47893667],
       [-0.51179115],
       [-0.52038562],
       [-0.00510173],
       [-0.50292551],
       [-0.50270893],
       [-0.03167903],
       [-0.01423509],
       [-0.51295227],
       [-0.03443202],
       [-0.02956924],
       [-0.51155718],
       [-0.50569639],
       [-0.50474048],
       [-0.51199505],
       [-0.50438044],
       [-0.51200306],
       [-0.50239973],
       [-0.02803069],
       [-0.50234679],
       [-0.50389219],
       [-0.50289206],
       [-0.00985482],
       [-0.51152585],
       [-0.53225478],
       [-0.51205401],
       [-0.47493392],
       [-0.50324402],
       [-0.51212303],
       [-0.47818544],
       [-0.52180734],
       [-0.47852346],
       [-0.52257308],
       [-0.00201789],
       [-0.51308729],
       [-0.50233458],
       [-0.51353497],
       [-0.51225442]])
array([[ -4.64237023],
       [-11.30622535],
       [ -9.27782212],
       [-11.75499702],
       [-10.60399058],
       [ -0.40459461],
       [-11.34743427],
       [-11.29361002],
       [ -0.91223625],
       [ -1.30148939],
       [-11.71379872],
       [ -0.7086217 ],
       [ -0.93608506],
       [-11.70178148],
       [ -9.80396673],
       [-11.52827964],
       [-11.61821045],
       [-11.29942119],
       [-11.65616357],
       [-11.30305641],
       [ -0.92017044],
       [-11.37174239],
       [-11.39397092],
       [-11.44919641],
       [  0.53878422],
       [-11.67696973],
       [ -9.2878728 ],
       [-11.77825421],
       [ -4.4183264 ],
       [-11.48406799],
       [-11.6831905 ],
       [ -9.21186841],
       [-10.47035644],
       [ -9.2540618 ],
       [-10.41696161],
       [ -0.32472573],
       [-11.82650368],
       [-11.35242473],
       [-11.65624364],
       [-11.60254923]])
<<<<<<<<<<< STEP 6 >>>>>>>>>>>> + array([[-0.46518262],
       [-0.50144529],
       [-0.48144856],
       [-0.50918851],
       [-0.51666495],
       [-0.00424946],
       [-0.50175339],
       [-0.50161358],
       [-0.03188846],
       [-0.01101632],
       [-0.51021895],
       [-0.03326409],
       [-0.02924279],
       [-0.50903396],
       [-0.50433974],
       [-0.5031761 ],
       [-0.50946615],
       [-0.50302067],
       [-0.50947854],
       [-0.50132719],
       [-0.02765346],
       [-0.50121442],
       [-0.50253588],
       [-0.50162596],
       [-0.01308168],
       [-0.50904623],
       [-0.52675811],
       [-0.50940658],
       [-0.47435578],
       [-0.50192778],
       [-0.50955262],
       [-0.4808406 ],
       [-0.51789192],
       [-0.48114368],
       [-0.51853761],
       [-0.0013088 ],
       [-0.51026018],
       [-0.50124534],
       [-0.51076287],
       [-0.50970601]])
array([[ -5.10755285],
       [-11.80767065],
       [ -9.75927067],
       [-12.26418553],
       [-11.12065553],
       [ -0.40884407],
       [-11.84918765],
       [-11.7952236 ],
       [ -0.94412471],
       [ -1.31250572],
       [-12.22401766],
       [ -0.74188579],
       [ -0.96532785],
       [-12.21081544],
       [-10.30830647],
       [-12.03145574],
       [-12.12767661],
       [-11.80244186],
       [-12.16564212],
       [-11.8043836 ],
       [ -0.9478239 ],
       [-11.87295681],
       [-11.8965068 ],
       [-11.95082237],
       [  0.52570254],
       [-12.18601595],
       [ -9.81463091],
       [-12.28766079],
       [ -4.89268218],
       [-11.98599577],
       [-12.19274312],
       [ -9.69270901],
       [-10.98824835],
       [ -9.73520548],
       [-10.93549921],
       [ -0.32603453],
       [-12.33676386],
       [-11.85367007],
       [-12.16700651],
       [-12.11225524]])
<<<<<<<<<<< STEP 7 >>>>>>>>>>>> + array([[-0.46354568],
       [-0.50080737],
       [-0.48490628],
       [-0.50697072],
       [-0.51309775],
       [-0.00354552],
       [-0.50104107],
       [-0.50096416],
       [-0.03125508],
       [-0.00850628],
       [-0.50782768],
       [-0.03170006],
       [-0.0282787 ],
       [-0.50687602],
       [-0.50332003],
       [-0.50212687],
       [-0.50724592],
       [-0.50208018],
       [-0.50725219],
       [-0.50071795],
       [-0.02670248],
       [-0.50060166],
       [-0.50166981],
       [-0.50089809],
       [-0.01502049],
       [-0.5068958 ],
       [-0.52111269],
       [-0.50714393],
       [-0.47257676],
       [-0.50114289],
       [-0.50729609],
       [-0.48443466],
       [-0.5140973 ],
       [-0.48468693],
       [-0.5146187 ],
       [-0.00076588],
       [-0.50781016],
       [-0.50063643],
       [-0.50827637],
       [-0.50745159]])
array([[ -5.57109853],
       [-12.30847802],
       [-10.24417695],
       [-12.77115625],
       [-11.63375328],
       [ -0.41238959],
       [-12.35022872],
       [-12.29618776],
       [ -0.97537979],
       [ -1.321012  ],
       [-12.73184534],
       [ -0.77358585],
       [ -0.99360655],
       [-12.71769147],
       [-10.8116265 ],
       [-12.53358261],
       [-12.63492253],
       [-12.30452204],
       [-12.67289431],
       [-12.30510156],
       [ -0.97452637],
       [-12.37355848],
       [-12.3981766 ],
       [-12.45172046],
       [  0.51068205],
       [-12.69291176],
       [-10.3357436 ],
       [-12.79480473],
       [ -5.36525894],
       [-12.48713866],
       [-12.70003921],
       [-10.17714367],
       [-11.50234566],
       [-10.21989241],
       [-11.45011791],
       [ -0.3268004 ],
       [-12.84457402],
       [-12.35430651],
       [-12.67528288],
       [-12.61970683]])
<<<<<<<<<<< STEP 8 >>>>>>>>>>>> + array([[ -4.66295381e-01],
       [ -5.00437243e-01],
       [ -4.88581888e-01],
       [ -5.05118715e-01],
       [ -5.09908643e-01],
       [ -2.93919504e-03],
       [ -5.00606600e-01],
       [ -5.00581009e-01],
       [ -2.96432502e-02],
       [ -6.56628563e-03],
       [ -5.05796619e-01],
       [ -2.93283892e-02],
       [ -2.65453241e-02],
       [ -5.05069265e-01],
       [ -5.02550436e-01],
       [ -5.01409034e-01],
       [ -5.05355052e-01],
       [ -5.01417108e-01],
       [ -5.05350495e-01],
       [ -5.00380461e-01],
       [ -2.50513843e-02],
       [ -5.00288398e-01],
       [ -5.01109489e-01],
       [ -5.00488193e-01],
       [ -1.56262827e-02],
       [ -5.05078487e-01],
       [ -5.15895359e-01],
       [ -5.05250484e-01],
       [ -4.73825552e-01],
       [ -5.00676766e-01],
       [ -5.05374123e-01],
       [ -4.88234913e-01],
       [ -5.10684909e-01],
       [ -4.88429608e-01],
       [ -5.11091315e-01],
       [ -3.52669009e-04],
       [ -5.05740987e-01],
       [ -5.00307382e-01],
       [ -5.06131426e-01],
       [ -5.05522295e-01]])
array([[ -6.03739391],
       [-12.80891526],
       [-10.73275884],
       [-13.27627496],
       [-12.14366192],
       [ -0.41532878],
       [-12.85083532],
       [-12.79676877],
       [ -1.00502304],
       [ -1.32757829],
       [-13.23764196],
       [ -0.80291424],
       [ -1.02015187],
       [-13.22276073],
       [-11.31417694],
       [-13.03499164],
       [-13.14027758],
       [-12.80593915],
       [-13.1782448 ],
       [-12.80548202],
       [ -0.99957776],
       [-12.87384687],
       [-12.89928609],
       [-12.95220866],
       [  0.49505577],
       [-13.19799024],
       [-10.85163896],
       [-13.30005521],
       [ -5.83908449],
       [-12.98781543],
       [-13.20541333],
       [-10.66537858],
       [-12.01303057],
       [-10.70832201],
       [-11.96120923],
       [ -0.32715307],
       [-13.35031501],
       [-12.85461389],
       [-13.18141431],
       [-13.12522913]])
<<<<<<<<<<< STEP 9 >>>>>>>>>>>> + array([[ -4.73776584e-01],
       [ -5.00225375e-01],
       [ -4.91897519e-01],
       [ -5.03644219e-01],
       [ -5.07260254e-01],
       [ -2.40697407e-03],
       [ -5.00342524e-01],
       [ -5.00354972e-01],
       [ -2.72262976e-02],
       [ -5.07728358e-03],
       [ -5.04161240e-01],
       [ -2.61490271e-02],
       [ -2.41819674e-02],
       [ -5.03627160e-01],
       [ -5.01966434e-01],
       [ -5.00917843e-01],
       [ -5.03830998e-01],
       [ -5.00950700e-01],
       [ -5.03816019e-01],
       [ -5.00197775e-01],
       [ -2.28270338e-02],
       [ -5.00137539e-01],
       [ -5.00743393e-01],
       [ -5.00261477e-01],
       [ -1.51412288e-02],
       [ -5.03620966e-01],
       [ -5.11506504e-01],
       [ -5.03740909e-01],
       [ -4.79046888e-01],
       [ -5.00400741e-01],
       [ -5.03826201e-01],
       [ -4.91655689e-01],
       [ -5.07841456e-01],
       [ -4.91795958e-01],
       [ -5.08150070e-01],
       [ -3.94575058e-05],
       [ -5.04082991e-01],
       [ -5.00135962e-01],
       [ -5.04390097e-01],
       [ -5.03962054e-01]])
array([[ -6.5111705 ],
       [-13.30914064],
       [-11.22465636],
       [-13.77991918],
       [-12.65092217],
       [ -0.41773575],
       [-13.35117784],
       [-13.29712374],
       [ -1.03224934],
       [ -1.33265557],
       [-13.7418032 ],
       [ -0.82906327],
       [ -1.04433384],
       [-13.72638789],
       [-11.81614337],
       [-13.53590948],
       [-13.64410858],
       [-13.30688985],
       [-13.68206082],
       [-13.30567979],
       [ -1.02240479],
       [-13.37398441],
       [-13.40002949],
       [-13.45247013],
       [  0.47991454],
       [-13.70161121],
       [-11.36314547],
       [-13.80379612],
       [ -6.31813138],
       [-13.48821617],
       [-13.70923953],
       [-11.15703427],
       [-12.52087202],
       [-11.20011797],
       [-12.4693593 ],
       [ -0.32719253],
       [-13.854398  ],
       [-13.35474985],
       [-13.6858044 ],
       [-13.62919118]])
