<<<<<<<<<<< STEP 0 >>>>>>>>>>>> + array([[-0.52051746],
       [ 0.05755028],
       [ 0.1993456 ],
       [-0.51864687],
       [-0.51554   ],
       [-0.52250031],
       [-0.51977974],
       [-0.52042689],
       [-0.51583897],
       [-0.39364712],
       [-0.52672425],
       [-0.17992775],
       [-0.51934197],
       [-0.51770598],
       [-0.51014234],
       [-0.51669733],
       [-0.51747519],
       [-0.51717895],
       [-0.52159387],
       [-0.51741717],
       [-0.51740158],
       [-0.51439012],
       [-0.51835444],
       [-0.51651695],
       [-0.50865217],
       [-0.51636942],
       [-0.51533318],
       [-0.51711818],
       [-0.50700296],
       [-0.16129782],
       [-0.50487675]])
array([[-6.00711871],
       [ 0.6235918 ],
       [-1.49463395],
       [-7.42838548],
       [-7.52949083],
       [-7.69060404],
       [-8.14122343],
       [-8.09887687],
       [-7.59680254],
       [-4.15726652],
       [-6.7742983 ],
       [-1.71850616],
       [-7.67279912],
       [-7.45380467],
       [-6.60601297],
       [-7.55758455],
       [-7.72832243],
       [-7.31743895],
       [-5.80536059],
       [-7.71533037],
       [-7.5261313 ],
       [-6.87784442],
       [-7.72946393],
       [-7.39531212],
       [-7.05831871],
       [-6.84974357],
       [-7.61582889],
       [-7.90539254],
       [-6.71013368],
       [-3.05218494],
       [-6.6762925 ]])
<<<<<<<<<<< STEP 1 >>>>>>>>>>>> + array([[-0.51827125],
       [ 0.05592617],
       [ 0.20493148],
       [-0.5132297 ],
       [-0.51006673],
       [-0.51489666],
       [-0.51334352],
       [-0.51390157],
       [-0.51022023],
       [-0.41656696],
       [-0.5186174 ],
       [-0.19431453],
       [-0.51331584],
       [-0.51224214],
       [-0.50691768],
       [-0.51114542],
       [-0.51176799],
       [-0.51173226],
       [-0.51487097],
       [-0.51158808],
       [-0.51216841],
       [-0.51092646],
       [-0.51275057],
       [-0.51154566],
       [-0.50508914],
       [-0.51040989],
       [-0.5100065 ],
       [-0.51130233],
       [-0.50387381],
       [-0.15670314],
       [-0.5033464 ]])
array([[-6.52538995],
       [ 0.67951796],
       [-1.28970247],
       [-7.94161518],
       [-8.03955756],
       [-8.2055007 ],
       [-8.65456695],
       [-8.61277844],
       [-8.10702277],
       [-4.57383348],
       [-7.2929157 ],
       [-1.91282069],
       [-8.18611496],
       [-7.96604681],
       [-7.11293065],
       [-8.06872997],
       [-8.24009041],
       [-7.82917121],
       [-6.32023156],
       [-8.22691844],
       [-8.03829972],
       [-7.38877088],
       [-8.2422145 ],
       [-7.90685779],
       [-7.56340785],
       [-7.36015345],
       [-8.12583538],
       [-8.41669487],
       [-7.21400749],
       [-3.20888808],
       [-7.1796389 ]])
<<<<<<<<<<< STEP 2 >>>>>>>>>>>> + array([[-0.51523927],
       [ 0.05451926],
       [ 0.20070121],
       [-0.50956756],
       [-0.50650502],
       [-0.50994234],
       [-0.50910052],
       [-0.50958257],
       [-0.50660009],
       [-0.43812402],
       [-0.513147  ],
       [-0.21378825],
       [-0.5092902 ],
       [-0.5085964 ],
       [-0.50473322],
       [-0.50748234],
       [-0.50799067],
       [-0.50808427],
       [-0.51026419],
       [-0.50773046],
       [-0.50868807],
       [-0.50826982],
       [-0.5090322 ],
       [-0.50823877],
       [-0.50287087],
       [-0.50661488],
       [-0.50656676],
       [-0.50754003],
       [-0.50200289],
       [-0.15964078],
       [-0.50235631]])
array([[-7.04062922],
       [ 0.73403723],
       [-1.08900126],
       [-8.45118274],
       [-8.54606259],
       [-8.71544304],
       [-9.16366747],
       [-9.12236101],
       [-8.61362286],
       [-5.0119575 ],
       [-7.80606269],
       [-2.12660894],
       [-8.69540517],
       [-8.47464321],
       [-7.61766386],
       [-8.57621231],
       [-8.74808108],
       [-8.33725548],
       [-6.83049575],
       [-8.73464891],
       [-8.54698779],
       [-7.8970407 ],
       [-8.7512467 ],
       [-8.41509655],
       [-8.06627871],
       [-7.86676833],
       [-8.63240214],
       [-8.9242349 ],
       [-7.71601037],
       [-3.36852886],
       [-7.6819952 ]])
<<<<<<<<<<< STEP 3 >>>>>>>>>>>> + array([[-0.51222154],
       [ 0.05345055],
       [ 0.19098209],
       [-0.5070154 ],
       [-0.50418409],
       [-0.50668014],
       [-0.50626323],
       [-0.50667403],
       [-0.5042605 ],
       [-0.45611509],
       [-0.50937615],
       [-0.23815365],
       [-0.50654775],
       [-0.50610894],
       [-0.50324166],
       [-0.50504525],
       [-0.50546124],
       [-0.50560615],
       [-0.50708761],
       [-0.50516314],
       [-0.50630422],
       [-0.50624164],
       [-0.50649784],
       [-0.50597415],
       [-0.50151872],
       [-0.50419755],
       [-0.50433218],
       [-0.50507797],
       [-0.50091722],
       [-0.17006105],
       [-0.50169413]])
array([[-7.55285076],
       [ 0.78748778],
       [-0.89801917],
       [-8.95819813],
       [-9.05024668],
       [-9.22212318],
       [-9.6699307 ],
       [-9.62903504],
       [-9.11788336],
       [-5.46807259],
       [-8.31543885],
       [-2.36476259],
       [-9.20195292],
       [-8.98075215],
       [-8.12090552],
       [-9.08125756],
       [-9.25354232],
       [-8.84286163],
       [-7.33758336],
       [-9.23981205],
       [-9.05329201],
       [-8.40328234],
       [-9.25774455],
       [-8.92107071],
       [-8.56779743],
       [-8.37096589],
       [-9.13673432],
       [-9.42931287],
       [-8.21692759],
       [-3.53858992],
       [-8.18368934]])
<<<<<<<<<<< STEP 4 >>>>>>>>>>>> + array([[-0.50957517],
       [ 0.05278098],
       [ 0.17859816],
       [-0.50519224],
       [-0.50267004],
       [-0.50451086],
       [-0.50434112],
       [-0.50468496],
       [-0.50274395],
       [-0.46983828],
       [-0.50672972],
       [-0.26709096],
       [-0.50464727],
       [-0.50437849],
       [-0.50221557],
       [-0.50341072],
       [-0.50374888],
       [-0.50390128],
       [-0.50488174],
       [-0.50344521],
       [-0.50462956],
       [-0.50469845],
       [-0.50472973],
       [-0.504384  ],
       [-0.5007155 ],
       [-0.50265686],
       [-0.50287173],
       [-0.50344886],
       [-0.50031214],
       [-0.18775837],
       [-0.50123758]])
array([[ -8.06242594],
       [  0.84026876],
       [ -0.71942101],
       [ -9.46339037],
       [ -9.55291671],
       [ -9.72663405],
       [-10.17427182],
       [-10.13372   ],
       [ -9.62062731],
       [ -5.93791086],
       [ -8.82216857],
       [ -2.63185356],
       [ -9.70660019],
       [ -9.48513064],
       [ -8.62312109],
       [ -9.58466828],
       [ -9.75729121],
       [ -9.34676291],
       [ -7.84246511],
       [ -9.74325726],
       [ -9.55792157],
       [ -8.9079808 ],
       [ -9.76247428],
       [ -9.42545471],
       [ -9.06851293],
       [ -8.87362274],
       [ -9.63960605],
       [ -9.93276173],
       [ -8.71723973],
       [ -3.72634829],
       [ -8.68492692]])
<<<<<<<<<<< STEP 5 >>>>>>>>>>>> + array([[-0.5073984 ],
       [ 0.05250193],
       [ 0.16529534],
       [-0.50386682],
       [-0.50168182],
       [-0.50305555],
       [-0.50302449],
       [-0.50330743],
       [-0.50175817],
       [-0.47963921],
       [-0.50484774],
       [-0.29988928],
       [-0.50331275],
       [-0.50315652],
       [-0.50150576],
       [-0.50230656],
       [-0.50257886],
       [-0.50271674],
       [-0.50334186],
       [-0.50229017],
       [-0.50343008],
       [-0.50352743],
       [-0.50347346],
       [-0.50324577],
       [-0.5002535 ],
       [-0.50167377],
       [-0.50191128],
       [-0.50235972],
       [-0.49999397],
       [-0.21232531],
       [-0.50091497]])
array([[ -8.56982434],
       [  0.89277069],
       [ -0.55412567],
       [ -9.9672572 ],
       [-10.05459853],
       [-10.22968959],
       [-10.67729631],
       [-10.63702743],
       [-10.12238549],
       [ -6.41755008],
       [ -9.32701631],
       [ -2.93174283],
       [-10.20991294],
       [ -9.98828716],
       [ -9.12462685],
       [-10.08697484],
       [-10.25987007],
       [ -9.84947965],
       [ -8.34580697],
       [-10.24554743],
       [-10.06135165],
       [ -9.41150822],
       [-10.26594774],
       [ -9.92870048],
       [ -9.56876643],
       [ -9.37529652],
       [-10.14151733],
       [-10.43512145],
       [ -9.2172337 ],
       [ -3.9386736 ],
       [ -9.18584189]])
<<<<<<<<<<< STEP 6 >>>>>>>>>>>> + array([[-0.50567014],
       [ 0.05253406],
       [ 0.15209433],
       [-0.50289212],
       [-0.50103774],
       [-0.50207213],
       [-0.50211466],
       [-0.50234426],
       [-0.50111634],
       [-0.48633392],
       [-0.50349822],
       [-0.33516123],
       [-0.50236721],
       [-0.50228458],
       [-0.50101385],
       [-0.50155672],
       [-0.50177401],
       [-0.50188875],
       [-0.50226541],
       [-0.50151139],
       [-0.50255865],
       [-0.50264132],
       [-0.50256851],
       [-0.50241941],
       [-0.49999946],
       [-0.50104573],
       [-0.5012757 ],
       [-0.50162466],
       [-0.49984196],
       [-0.24306425],
       [-0.50068268]])
array([[ -9.07549448],
       [  0.94530474],
       [ -0.40203134],
       [-10.47014932],
       [-10.55563628],
       [-10.73176173],
       [-11.17941098],
       [-11.13937169],
       [-10.62350182],
       [ -6.903884  ],
       [ -9.83051453],
       [ -3.26690406],
       [-10.71228015],
       [-10.49057174],
       [ -9.6256407 ],
       [-10.58853156],
       [-10.76164408],
       [-10.3513684 ],
       [ -8.84807237],
       [-10.74705881],
       [-10.5639103 ],
       [ -9.91414955],
       [-10.76851625],
       [-10.43111988],
       [-10.06876589],
       [ -9.87634224],
       [-10.64279304],
       [-10.93674611],
       [ -9.71707567],
       [ -4.18173785],
       [ -9.68652458]])
<<<<<<<<<<< STEP 7 >>>>>>>>>>>> + array([[-0.50432558],
       [ 0.05273799],
       [ 0.13955023],
       [-0.50216996],
       [-0.50062038],
       [-0.50140441],
       [-0.50148208],
       [-0.50166639],
       [-0.50069884],
       [-0.49079018],
       [-0.50252665],
       [-0.37075495],
       [-0.501694  ],
       [-0.50165833],
       [-0.50067424],
       [-0.50104634],
       [-0.50121851],
       [-0.50130913],
       [-0.50151603],
       [-0.50098666],
       [-0.50191868],
       [-0.50197322],
       [-0.50190975],
       [-0.50181298],
       [-0.49986981],
       [-0.50064444],
       [-0.50085272],
       [-0.50112442],
       [-0.49978261],
       [-0.27876678],
       [-0.50051298]])
array([[ -9.57982006],
       [  0.99804273],
       [ -0.26248111],
       [-10.97231928],
       [-11.05625665],
       [-11.23316613],
       [-11.68089305],
       [-11.64103808],
       [-11.12420066],
       [ -7.39467418],
       [-10.33304118],
       [ -3.63765901],
       [-11.21397415],
       [-10.99223007],
       [-10.12631494],
       [-11.0895779 ],
       [-11.26286259],
       [-10.85267753],
       [ -9.34958841],
       [-11.24804547],
       [-11.06582899],
       [-10.41612277],
       [-11.270426  ],
       [-10.93293286],
       [-10.5686357 ],
       [-10.37698668],
       [-11.14364576],
       [-11.43787053],
       [-10.21685827],
       [ -4.46050463],
       [-10.18703755]])
<<<<<<<<<<< STEP 8 >>>>>>>>>>>> + array([[-0.50329172],
       [ 0.05294173],
       [ 0.1279347 ],
       [-0.50163217],
       [-0.50035337],
       [-0.50095025],
       [-0.50104074],
       [-0.50118751],
       [-0.50042872],
       [-0.49372812],
       [-0.50182675],
       [-0.40407001],
       [-0.50121397],
       [-0.50120697],
       [-0.50044212],
       [-0.50069953],
       [-0.50083528],
       [-0.50090458],
       [-0.50099975],
       [-0.5006351 ],
       [-0.50144462],
       [-0.50147171],
       [-0.50142613],
       [-0.50136409],
       [-0.49981312],
       [-0.50038869],
       [-0.50057003],
       [-0.50078161],
       [-0.49977241],
       [-0.31745303],
       [-0.5003875 ]])
array([[-10.08311178],
       [  1.05098446],
       [ -0.13454641],
       [-11.47395145],
       [-11.55661002],
       [-11.73411638],
       [-12.18193379],
       [-12.14222559],
       [-11.62462937],
       [ -7.88840229],
       [-10.83486793],
       [ -4.04172902],
       [-11.71518812],
       [-11.49343703],
       [-10.62675706],
       [-11.59027742],
       [-11.76369787],
       [-11.35358211],
       [ -9.85058815],
       [-11.74868058],
       [-11.5672736 ],
       [-10.91759447],
       [-11.77185213],
       [-11.43429695],
       [-11.06844882],
       [-10.87737537],
       [-11.64421579],
       [-11.93865214],
       [-10.71663069],
       [ -4.77795766],
       [-10.68742506]])
<<<<<<<<<<< STEP 9 >>>>>>>>>>>> + array([[-0.50250194],
       [ 0.05298287],
       [ 0.11735685],
       [-0.50123015],
       [-0.50018631],
       [-0.50064181],
       [-0.50073249],
       [-0.50084863],
       [-0.50025588],
       [-0.4956722 ],
       [-0.5013232 ],
       [-0.43276112],
       [-0.50087192],
       [-0.50088108],
       [-0.50028594],
       [-0.50046518],
       [-0.50057186],
       [-0.500624  ],
       [-0.50064963],
       [-0.50040215],
       [-0.50109091],
       [-0.50109703],
       [-0.50106863],
       [-0.50102943],
       [-0.49979821],
       [-0.50022694],
       [-0.50038073],
       [-0.50054546],
       [-0.49978647],
       [-0.35634818],
       [-0.50029381]])
array([[-10.58561372],
       [  1.10396733],
       [ -0.01718956],
       [-11.9751816 ],
       [-12.05679633],
       [-12.23475819],
       [-12.68266629],
       [-12.64307422],
       [-12.12488525],
       [ -8.38407449],
       [-11.33619113],
       [ -4.47449014],
       [-12.21606003],
       [-11.99431811],
       [-11.127043  ],
       [-12.0907426 ],
       [-12.26426973],
       [-11.85420611],
       [-10.35123778],
       [-12.24908273],
       [-12.06836451],
       [-11.41869151],
       [-12.27292075],
       [-11.93532638],
       [-11.56824703],
       [-11.37760231],
       [-12.14459652],
       [-12.43919761],
       [-11.21641716],
       [ -5.13430584],
       [-11.18771886]])
<<<<<<<<<<< STEP 10 >>>>>>>>>>>> + array([[-0.50190066],
       [ 0.05274959],
       [ 0.10783661],
       [-0.50092868],
       [-0.50008529],
       [-0.50043318],
       [-0.50051724],
       [-0.50060865],
       [-0.50014721],
       [-0.49697468],
       [-0.50096141],
       [-0.45545785],
       [-0.50062843],
       [-0.50064547],
       [-0.50018277],
       [-0.50030813],
       [-0.50039178],
       [-0.50043082],
       [-0.50041665],
       [-0.5002502 ],
       [-0.50082548],
       [-0.50081827],
       [-0.50080288],
       [-0.50077849],
       [-0.4998062 ],
       [-0.50012617],
       [-0.5002541 ],
       [-0.50038224],
       [-0.49981105],
       [-0.39236573],
       [-0.50022328]])
array([[-11.08751438],
       [  1.15671691],
       [  0.09064705],
       [-12.47611028],
       [-12.55688162],
       [-12.73519137],
       [-13.18318353],
       [-13.14368287],
       [-12.62503246],
       [ -8.88104917],
       [-11.83715253],
       [ -4.92994799],
       [-12.71668846],
       [-12.49496358],
       [-11.62722577],
       [-12.59105073],
       [-12.76466152],
       [-12.35463693],
       [-10.85165443],
       [-12.74933293],
       [-12.56919   ],
       [-11.91950977],
       [-12.77372363],
       [-12.43610487],
       [-12.06805323],
       [-11.87772847],
       [-12.64485062],
       [-12.93957985],
       [-11.7162282 ],
       [ -5.52667157],
       [-11.68794215]])
<<<<<<<<<<< STEP 11 >>>>>>>>>>>> + array([[-0.50144363],
       [ 0.05220018],
       [ 0.09934314],
       [-0.50070205],
       [-0.5000271 ],
       [-0.50029279],
       [-0.50036696],
       [-0.50043855],
       [-0.50008048],
       [-0.49786095],
       [-0.50070148],
       [-0.47203457],
       [-0.50045508],
       [-0.50047479],
       [-0.50011586],
       [-0.50020385],
       [-0.50026928],
       [-0.50029857],
       [-0.50026455],
       [-0.5001529 ],
       [-0.50062547],
       [-0.50061141],
       [-0.50060447],
       [-0.50058954],
       [-0.4998257 ],
       [-0.5000649 ],
       [-0.50016967],
       [-0.50026918],
       [-0.49983882],
       [-0.42299389],
       [-0.5001699 ]])
array([[-11.58895801],
       [  1.20891709],
       [  0.18999019],
       [-12.97681233],
       [-13.05690872],
       [-13.23548416],
       [-13.68355049],
       [-13.64412142],
       [-13.12511294],
       [ -9.37891012],
       [-12.33785401],
       [ -5.40198256],
       [-13.21714354],
       [-12.99543837],
       [-12.12734164],
       [-13.09125458],
       [-13.2649308 ],
       [-12.8549355 ],
       [-11.35191897],
       [-13.24948583],
       [-13.06981547],
       [-12.42012118],
       [-13.2743281 ],
       [-12.93669441],
       [-12.56787893],
       [-12.37779338],
       [-13.1450203 ],
       [-13.43984902],
       [-12.21606702],
       [ -5.94966545],
       [-12.18811205]])
<<<<<<<<<<< STEP 12 >>>>>>>>>>>> + array([[-0.50109653],
       [ 0.05135433],
       [ 0.09181264],
       [-0.50053132],
       [-0.4999959 ],
       [-0.5001987 ],
       [-0.50026191],
       [-0.50031772],
       [-0.5000407 ],
       [-0.4984727 ],
       [-0.50051434],
       [-0.48332334],
       [-0.50033138],
       [-0.50035077],
       [-0.50007312],
       [-0.50013513],
       [-0.50018617],
       [-0.50020824],
       [-0.50016687],
       [-0.50009178],
       [-0.50047435],
       [-0.500458  ],
       [-0.50045588],
       [-0.50044687],
       [-0.49984979],
       [-0.50002896],
       [-0.50011362],
       [-0.5001907 ],
       [-0.499866  ],
       [-0.44702282],
       [-0.50012935]])
array([[-12.09005454],
       [  1.26027142],
       [  0.28180283],
       [-13.47734365],
       [-13.55690462],
       [-13.73568286],
       [-14.18381239],
       [-14.14443915],
       [-13.62515364],
       [ -9.87738282],
       [-12.83836835],
       [ -5.8853059 ],
       [-13.71747492],
       [-13.49578913],
       [-12.62741476],
       [-13.59138971],
       [-13.76511697],
       [-13.35514374],
       [-11.85208585],
       [-13.74957761],
       [-13.57028982],
       [-12.92057918],
       [-13.77478399],
       [-13.43714128],
       [-13.06772872],
       [-12.87782233],
       [-13.64513391],
       [-13.94003972],
       [-12.71593302],
       [ -6.39668828],
       [-12.6882414 ]])
<<<<<<<<<<< STEP 13 >>>>>>>>>>>> + array([[-0.500833  ],
       [ 0.05026806],
       [ 0.08515902],
       [-0.5004025 ],
       [-0.49998102],
       [-0.50013575],
       [-0.50018824],
       [-0.50023157],
       [-0.50001783],
       [-0.49889996],
       [-0.50037907],
       [-0.49057362],
       [-0.50024273],
       [-0.50026027],
       [-0.50004611],
       [-0.50009006],
       [-0.50012974],
       [-0.50014644],
       [-0.50010493],
       [-0.50005409],
       [-0.50035997],
       [-0.50034409],
       [-0.50034433],
       [-0.50033898],
       [-0.49987439],
       [-0.50000887],
       [-0.5000765 ],
       [-0.50013605],
       [-0.49989071],
       [-0.46461988],
       [-0.5000985 ]])
array([[-12.59088754],
       [  1.31053948],
       [  0.36696185],
       [-13.97774615],
       [-14.05688564],
       [-14.23581861],
       [-14.68400063],
       [-14.64467071],
       [-14.12517147],
       [-10.37628277],
       [-13.33874742],
       [ -6.37587952],
       [-14.21771766],
       [-13.9960494 ],
       [-13.12746087],
       [-14.09147977],
       [-14.26524671],
       [-13.85529018],
       [-12.35219078],
       [-14.2496317 ],
       [-14.07064979],
       [-13.42092327],
       [-14.27512832],
       [-13.93748026],
       [-13.56760311],
       [-13.3778312 ],
       [-14.14521041],
       [-14.44017577],
       [-13.21582374],
       [ -6.86130815],
       [-13.18833991]])
<<<<<<<<<<< STEP 14 >>>>>>>>>>>> + array([[-0.50063297],
       [ 0.04900894],
       [ 0.07928432],
       [-0.50030519],
       [-0.49997555],
       [-0.50009356],
       [-0.5001363 ],
       [-0.50016981],
       [-0.50000529],
       [-0.49920132],
       [-0.50028078],
       [-0.49500797],
       [-0.50017884],
       [-0.50019392],
       [-0.50002914],
       [-0.50006051],
       [-0.50009126],
       [-0.50010393],
       [-0.50006597],
       [-0.50003124],
       [-0.50027333],
       [-0.50025928],
       [-0.50026043],
       [-0.5002573 ],
       [-0.49989725],
       [-0.49999841],
       [-0.50005192],
       [-0.5000978 ],
       [-0.49991218],
       [-0.47683716],
       [-0.50007501]])
array([[-13.09152051],
       [  1.35954842],
       [  0.44624617],
       [-14.47805134],
       [-14.55686119],
       [-14.73591217],
       [-15.18413693],
       [-15.14484052],
       [-14.62517676],
       [-10.8754841 ],
       [-13.8390282 ],
       [ -6.87088749],
       [-14.71789649],
       [-14.49624332],
       [-13.62749001],
       [-14.59154029],
       [-14.76533797],
       [-14.35539411],
       [-12.85225675],
       [-14.74966294],
       [-14.57092312],
       [-13.92118255],
       [-14.77538875],
       [-14.43773756],
       [-14.06750036],
       [-13.8778296 ],
       [-14.64526233],
       [-14.94027358],
       [-13.71573591],
       [ -7.33814532],
       [-13.68841492]])
<<<<<<<<<<< STEP 15 >>>>>>>>>>>> + array([[-0.50048114],
       [ 0.0476401 ],
       [ 0.07408907],
       [-0.5002316 ],
       [-0.49997514],
       [-0.50006513],
       [-0.50009942],
       [-0.50012525],
       [-0.49999886],
       [-0.4994158 ],
       [-0.50020895],
       [-0.49760491],
       [-0.50013248],
       [-0.50014503],
       [-0.50001851],
       [-0.50004108],
       [-0.50006484],
       [-0.50007446],
       [-0.50004157],
       [-0.5000176 ],
       [-0.50020766],
       [-0.50019594],
       [-0.50019722],
       [-0.50019542],
       [-0.49991731],
       [-0.49999357],
       [-0.50003559],
       [-0.50007086],
       [-0.49993022],
       [-0.48500551],
       [-0.50005713]])
array([[-13.59200165],
       [  1.40718851],
       [  0.52033525],
       [-14.97828294],
       [-15.05683633],
       [-15.2359773 ],
       [-15.68423635],
       [-15.64496577],
       [-15.12517562],
       [-11.3748999 ],
       [-14.33923715],
       [ -7.3684924 ],
       [-15.21802897],
       [-14.99638834],
       [-14.12750853],
       [-15.09158136],
       [-15.26540281],
       [-14.85546857],
       [-13.35229832],
       [-15.24968054],
       [-15.07113078],
       [-14.42137849],
       [-15.27558598],
       [-14.93793298],
       [-14.56741767],
       [-14.37782318],
       [-15.14529792],
       [-15.44034443],
       [-14.21566613],
       [ -7.82315083],
       [-14.18847205]])
<<<<<<<<<<< STEP 16 >>>>>>>>>>>> + array([[-0.5003659 ],
       [ 0.04621338],
       [ 0.06947996],
       [-0.5001759 ],
       [-0.4999772 ],
       [-0.50004583],
       [-0.50007302],
       [-0.50009288],
       [-0.49999593],
       [-0.49956976],
       [-0.50015615],
       [-0.49906012],
       [-0.50009862],
       [-0.50010883],
       [-0.50001184],
       [-0.50002821],
       [-0.50004652],
       [-0.50005384],
       [-0.50002631],
       [-0.50000959],
       [-0.50015786],
       [-0.50014845],
       [-0.50014953],
       [-0.50014852],
       [-0.49993426],
       [-0.49999188],
       [-0.50002467],
       [-0.50005172],
       [-0.49994504],
       [-0.49033567],
       [-0.50004352]])
array([[-14.09236755],
       [  1.45340189],
       [  0.58981521],
       [-15.47845884],
       [-15.55681352],
       [-15.73602313],
       [-16.18430937],
       [-16.14505865],
       [-15.62517155],
       [-11.87446966],
       [-14.8393933 ],
       [ -7.86755252],
       [-15.71812759],
       [-15.49649717],
       [-14.62752037],
       [-15.59160957],
       [-15.76544932],
       [-15.3555224 ],
       [-13.85232463],
       [-15.74969014],
       [-15.57128864],
       [-14.92152693],
       [-15.77573551],
       [-15.43808151],
       [-15.06735193],
       [-14.87781506],
       [-15.64532259],
       [-15.94039615],
       [-14.71561117],
       [ -8.3134865 ],
       [-14.68851556]])
<<<<<<<<<<< STEP 17 >>>>>>>>>>>> + array([[-0.50027841],
       [ 0.04476813],
       [ 0.06537398],
       [-0.50013371],
       [-0.49998024],
       [-0.50003259],
       [-0.50005398],
       [-0.50006922],
       [-0.49999493],
       [-0.49968121],
       [-0.50011712],
       [-0.49983245],
       [-0.50007374],
       [-0.50008191],
       [-0.50000765],
       [-0.5000196 ],
       [-0.50003369],
       [-0.50003925],
       [-0.50001675],
       [-0.50000497],
       [-0.50012008],
       [-0.50011272],
       [-0.5001135 ],
       [-0.50011295],
       [-0.49994822],
       [-0.49999183],
       [-0.50001729],
       [-0.50003801],
       [-0.499957  ],
       [-0.49376572],
       [-0.50003315]])
array([[-14.59264596],
       [  1.49817002],
       [  0.65518919],
       [-15.97859255],
       [-16.05679376],
       [-16.23605572],
       [-16.68436335],
       [-16.64512787],
       [-16.12516648],
       [-12.37415086],
       [-15.33951043],
       [ -8.36738497],
       [-16.21820133],
       [-15.99657909],
       [-15.12752802],
       [-16.09162917],
       [-16.26548301],
       [-15.85556166],
       [-14.35234138],
       [-16.2496951 ],
       [-16.07140872],
       [-15.42163965],
       [-16.27584901],
       [-15.93819446],
       [-15.56730015],
       [-15.37780689],
       [-16.14533988],
       [-16.44043417],
       [-15.21556818],
       [ -8.80725221],
       [-15.18854872]])
<<<<<<<<<<< STEP 18 >>>>>>>>>>>> + array([[-0.50021196],
       [ 0.04333268],
       [ 0.06169961],
       [-0.50010171],
       [-0.49998347],
       [-0.50002341],
       [-0.50004012],
       [-0.5000518 ],
       [-0.49999492],
       [-0.4997625 ],
       [-0.50008814],
       [-0.50020988],
       [-0.50005535],
       [-0.50006181],
       [-0.50000499],
       [-0.50001379],
       [-0.50002461],
       [-0.50002884],
       [-0.50001074],
       [-0.50000235],
       [-0.5000914 ],
       [-0.50008575],
       [-0.50008625],
       [-0.50008596],
       [-0.49995949],
       [-0.49999256],
       [-0.50001226],
       [-0.50002812],
       [-0.49996653],
       [-0.49595914],
       [-0.50002527]])
array([[-15.09285792],
       [  1.5415027 ],
       [  0.7168888 ],
       [-16.47869426],
       [-16.55677723],
       [-16.73607913],
       [-17.18440347],
       [-17.14517968],
       [-16.6251614 ],
       [-12.87391337],
       [-15.83959857],
       [ -8.86759485],
       [-16.71825668],
       [-16.4966409 ],
       [-15.62753301],
       [-16.59164296],
       [-16.76550762],
       [-16.3555905 ],
       [-14.85235212],
       [-16.74969746],
       [-16.57150012],
       [-15.9217254 ],
       [-16.77593526],
       [-16.43828042],
       [-16.06725964],
       [-15.87779946],
       [-16.64535214],
       [-16.94046228],
       [-15.71553471],
       [ -9.30321135],
       [-15.68857398]])
<<<<<<<<<<< STEP 19 >>>>>>>>>>>> + array([[-0.50016146],
       [ 0.04192651],
       [ 0.05839634],
       [-0.50007744],
       [-0.49998649],
       [-0.50001698],
       [-0.50002997],
       [-0.50003892],
       [-0.49999538],
       [-0.49982224],
       [-0.50006651],
       [-0.50036691],
       [-0.50004168],
       [-0.50004675],
       [-0.5000033 ],
       [-0.50000982],
       [-0.50001811],
       [-0.50002134],
       [-0.50000695],
       [-0.50000092],
       [-0.50006961],
       [-0.50006535],
       [-0.5000656 ],
       [-0.50006546],
       [-0.49996847],
       [-0.49999359],
       [-0.50000879],
       [-0.50002091],
       [-0.49997405],
       [-0.4973606 ],
       [-0.50001927]])
array([[-15.59301938],
       [  1.58342921],
       [  0.77528514],
       [-16.9787717 ],
       [-17.05676371],
       [-17.2360961 ],
       [-17.68443344],
       [-17.64521859],
       [-17.12515678],
       [-13.3737356 ],
       [-16.33966508],
       [ -9.36796176],
       [-17.21829836],
       [-16.99668766],
       [-16.1275363 ],
       [-17.09165278],
       [-17.26552573],
       [-16.85561184],
       [-15.35235908],
       [-17.24969838],
       [-17.07156973],
       [-16.42179075],
       [-17.27600086],
       [-16.93834589],
       [-16.56722811],
       [-16.37779305],
       [-17.14536092],
       [-17.44048319],
       [-16.21550875],
       [ -9.80057195],
       [-16.18859325]])
<<<<<<<<<<< STEP 20 >>>>>>>>>>>> + array([[-0.50012307],
       [ 0.04056244],
       [ 0.05541335],
       [-0.500059  ],
       [-0.49998913],
       [-0.50001242],
       [-0.50002248],
       [-0.50002933],
       [-0.49999602],
       [-0.49986641],
       [-0.50005031],
       [-0.50040643],
       [-0.50003147],
       [-0.50003543],
       [-0.50000221],
       [-0.50000706],
       [-0.50001342],
       [-0.50001588],
       [-0.50000454],
       [-0.50000017],
       [-0.50005306],
       [-0.50004987],
       [-0.50004994],
       [-0.50004989],
       [-0.49997555],
       [-0.49999466],
       [-0.50000636],
       [-0.50001563],
       [-0.49997993],
       [-0.4982589 ],
       [-0.5000147 ]])
array([[-16.09314246],
       [  1.62399166],
       [  0.83069849],
       [-17.47883069],
       [-17.55675285],
       [-17.73610852],
       [-18.18445592],
       [-18.14524792],
       [-17.6251528 ],
       [-13.87360201],
       [-16.83971539],
       [ -9.86836819],
       [-17.71832983],
       [-17.49672309],
       [-16.62753851],
       [-17.59165984],
       [-17.76553916],
       [-17.35562771],
       [-15.85236362],
       [-17.74969855],
       [-17.57162279],
       [-16.92184062],
       [-17.7760508 ],
       [-17.43839578],
       [-17.06720366],
       [-16.87778771],
       [-17.64536729],
       [-17.94049882],
       [-16.71548868],
       [-10.29883085],
       [-16.68860795]])
<<<<<<<<<<< STEP 21 >>>>>>>>>>>> + array([[-0.50009387],
       [ 0.03924838],
       [ 0.05270805],
       [-0.50004498],
       [-0.49999136],
       [-0.50000915],
       [-0.50001693],
       [-0.50002216],
       [-0.49999668],
       [-0.49989926],
       [-0.50003814],
       [-0.50038754],
       [-0.50002382],
       [-0.5000269 ],
       [-0.5000015 ],
       [-0.50000513],
       [-0.50001001],
       [-0.50001187],
       [-0.500003  ],
       [-0.49999981],
       [-0.50004046],
       [-0.5000381 ],
       [-0.50003805],
       [-0.50003804],
       [-0.4999811 ],
       [-0.49999565],
       [-0.50000465],
       [-0.50001172],
       [-0.49998452],
       [-0.49883823],
       [-0.50001122]])
array([[-16.59323633],
       [  1.66324004],
       [  0.88340655],
       [-17.97887567],
       [-18.05674421],
       [-18.23611767],
       [-18.68447285],
       [-18.64527008],
       [-18.12514948],
       [-14.37350127],
       [-17.33975352],
       [-10.36875573],
       [-18.21835366],
       [-17.99674999],
       [-17.12754   ],
       [-18.09166498],
       [-18.26554916],
       [-17.85563959],
       [-16.35236662],
       [-18.24969835],
       [-18.07166325],
       [-17.42187872],
       [-18.27608885],
       [-17.93843382],
       [-17.56718475],
       [-17.37778336],
       [-18.14537193],
       [-18.44051054],
       [-17.2154732 ],
       [-10.79766908],
       [-17.18861916]])
<<<<<<<<<<< STEP 22 >>>>>>>>>>>> + array([[-0.50007164],
       [ 0.03798872],
       [ 0.05024471],
       [-0.50003432],
       [-0.49999319],
       [-0.50000679],
       [-0.50001278],
       [-0.50001679],
       [-0.49999729],
       [-0.4999238 ],
       [-0.50002896],
       [-0.50034322],
       [-0.50001807],
       [-0.50002045],
       [-0.50000103],
       [-0.50000376],
       [-0.5000075 ],
       [-0.50000892],
       [-0.500002  ],
       [-0.49999965],
       [-0.50003088],
       [-0.50002914],
       [-0.50002902],
       [-0.50002903],
       [-0.49998542],
       [-0.49999651],
       [-0.50000342],
       [-0.50000883],
       [-0.49998807],
       [-0.49921503],
       [-0.50000856]])
array([[-17.09330797],
       [  1.70122876],
       [  0.93365125],
       [-18.47890999],
       [-18.5567374 ],
       [-18.73612445],
       [-19.18448564],
       [-19.14528687],
       [-18.62514677],
       [-14.87342507],
       [-17.83978249],
       [-10.86909895],
       [-18.71837173],
       [-18.49677044],
       [-17.62754103],
       [-18.59166874],
       [-18.76555666],
       [-18.3556485 ],
       [-16.85236862],
       [-18.74969801],
       [-18.57169413],
       [-17.92190786],
       [-18.77611787],
       [-18.43846285],
       [-18.06717017],
       [-17.87777987],
       [-18.64537535],
       [-18.94051937],
       [-17.71546127],
       [-11.29688411],
       [-17.68862772]])
<<<<<<<<<<< STEP 23 >>>>>>>>>>>> + array([[-0.50005471],
       [ 0.03678539],
       [ 0.04799321],
       [-0.5000262 ],
       [-0.49999467],
       [-0.50000506],
       [-0.50000968],
       [-0.50001274],
       [-0.49999782],
       [-0.49994223],
       [-0.50002203],
       [-0.50029116],
       [-0.50001373],
       [-0.50001557],
       [-0.50000072],
       [-0.50000278],
       [-0.50000564],
       [-0.50000672],
       [-0.50000135],
       [-0.49999962],
       [-0.50002358],
       [-0.50002231],
       [-0.50002215],
       [-0.50002216],
       [-0.49998877],
       [-0.49999723],
       [-0.50000254],
       [-0.50000667],
       [-0.49999082],
       [-0.49946263],
       [-0.50000654]])
array([[-17.59336268],
       [  1.73801415],
       [  0.98164447],
       [-18.9789362 ],
       [-19.05673207],
       [-19.23612951],
       [-19.68449532],
       [-19.64529961],
       [-19.12514459],
       [-15.3733673 ],
       [-18.33980451],
       [-11.36939011],
       [-19.21838546],
       [-18.99678601],
       [-18.12754175],
       [-19.09167152],
       [-19.2655623 ],
       [-18.85565523],
       [-17.35236997],
       [-19.24969762],
       [-19.07171771],
       [-18.42193017],
       [-19.27614001],
       [-18.93848501],
       [-18.56715894],
       [-18.3777771 ],
       [-19.14537789],
       [-19.44052604],
       [-18.21545209],
       [-11.79634675],
       [-18.18863427]])
<<<<<<<<<<< STEP 24 >>>>>>>>>>>> + array([[-0.5000418 ],
       [ 0.03563859],
       [ 0.0459281 ],
       [-0.50002002],
       [-0.49999584],
       [-0.50000379],
       [-0.50000735],
       [-0.50000969],
       [-0.49999827],
       [-0.4999561 ],
       [-0.50001678],
       [-0.50024029],
       [-0.50001045],
       [-0.50001187],
       [-0.50000051],
       [-0.50000207],
       [-0.50000426],
       [-0.50000508],
       [-0.50000092],
       [-0.49999963],
       [-0.50001801],
       [-0.50001709],
       [-0.50001691],
       [-0.50001693],
       [-0.49999136],
       [-0.49999782],
       [-0.50000189],
       [-0.50000505],
       [-0.49999294],
       [-0.49962724],
       [-0.500005  ]])
array([[-18.09340448],
       [  1.77365273],
       [  1.02757257],
       [-19.47895621],
       [-19.55672791],
       [-19.7361333 ],
       [-20.18450266],
       [-20.1453093 ],
       [-19.62514286],
       [-15.8733234 ],
       [-18.83982129],
       [-11.8696304 ],
       [-19.71839592],
       [-19.49679788],
       [-18.62754226],
       [-19.59167359],
       [-19.76556655],
       [-19.35566031],
       [-17.85237089],
       [-19.74969725],
       [-19.57173572],
       [-18.92194727],
       [-19.77615693],
       [-19.43850195],
       [-19.06715029],
       [-18.87777492],
       [-19.64537978],
       [-19.94053109],
       [-18.71544503],
       [-12.29597399],
       [-18.68863927]])
<<<<<<<<<<< STEP 25 >>>>>>>>>>>> + array([[-0.50003196],
       [ 0.03454738],
       [ 0.04402773],
       [-0.5000153 ],
       [-0.49999677],
       [-0.50000285],
       [-0.50000559],
       [-0.50000738],
       [-0.49999863],
       [-0.49996659],
       [-0.50001279],
       [-0.50019464],
       [-0.50000797],
       [-0.50000906],
       [-0.50000036],
       [-0.50000155],
       [-0.50000322],
       [-0.50000385],
       [-0.50000064],
       [-0.49999967],
       [-0.50001377],
       [-0.5000131 ],
       [-0.50001293],
       [-0.50001295],
       [-0.49999335],
       [-0.4999983 ],
       [-0.50000142],
       [-0.50000383],
       [-0.49999458],
       [-0.49973806],
       [-0.50000382]])
array([[-18.59343645],
       [  1.80820011],
       [  1.0716003 ],
       [-19.97897152],
       [-20.05672467],
       [-20.23613616],
       [-20.68450825],
       [-20.64531667],
       [-20.12514149],
       [-16.37328998],
       [-19.33983408],
       [-12.36982505],
       [-20.21840388],
       [-19.99680694],
       [-19.12754262],
       [-20.09167514],
       [-20.26556978],
       [-19.85566417],
       [-18.35237153],
       [-20.24969693],
       [-20.07174949],
       [-19.42196037],
       [-20.27616985],
       [-19.93851489],
       [-19.56714365],
       [-19.37777322],
       [-20.1453812 ],
       [-20.44053492],
       [-19.21543961],
       [-12.79571204],
       [-19.18864309]])
<<<<<<<<<<< STEP 26 >>>>>>>>>>>> + array([[-0.50002445],
       [ 0.03351006],
       [ 0.04227359],
       [-0.5000117 ],
       [-0.49999749],
       [-0.50000216],
       [-0.50000425],
       [-0.50000562],
       [-0.49999893],
       [-0.49997453],
       [-0.50000977],
       [-0.50015562],
       [-0.50000608],
       [-0.50000692],
       [-0.50000026],
       [-0.50000116],
       [-0.50000245],
       [-0.50000293],
       [-0.50000045],
       [-0.49999972],
       [-0.50001053],
       [-0.50001005],
       [-0.50000988],
       [-0.5000099 ],
       [-0.49999489],
       [-0.49999867],
       [-0.50000107],
       [-0.50000291],
       [-0.49999583],
       [-0.49981365],
       [-0.50000293]])
array([[-19.09346089],
       [  1.84171018],
       [  1.11387389],
       [-20.47898322],
       [-20.55672217],
       [-20.73613831],
       [-21.1845125 ],
       [-21.1453223 ],
       [-20.62514042],
       [-16.87326451],
       [-19.83984385],
       [-12.86998067],
       [-20.71840996],
       [-20.49681386],
       [-19.62754288],
       [-20.5916763 ],
       [-20.76557223],
       [-20.35566709],
       [-18.85237198],
       [-20.74969665],
       [-20.57176003],
       [-19.92197042],
       [-20.77617974],
       [-20.43852479],
       [-20.06713854],
       [-19.87777189],
       [-20.64538227],
       [-20.94053783],
       [-19.71543544],
       [-13.29552569],
       [-19.68864601]])
<<<<<<<<<<< STEP 27 >>>>>>>>>>>> + array([[-0.50001871],
       [ 0.03252447],
       [ 0.0406498 ],
       [-0.50000896],
       [-0.49999806],
       [-0.50000163],
       [-0.50000324],
       [-0.50000429],
       [-0.49999916],
       [-0.49998055],
       [-0.50000746],
       [-0.50012325],
       [-0.50000464],
       [-0.50000529],
       [-0.50000019],
       [-0.50000088],
       [-0.50000186],
       [-0.50000223],
       [-0.50000032],
       [-0.49999977],
       [-0.50000806],
       [-0.50000772],
       [-0.50000756],
       [-0.50000758],
       [-0.49999608],
       [-0.49999897],
       [-0.50000081],
       [-0.50000222],
       [-0.4999968 ],
       [-0.4998659 ],
       [-0.50000224]])
array([[-19.59347961],
       [  1.87423465],
       [  1.1545237 ],
       [-20.97899218],
       [-21.05672023],
       [-21.23613995],
       [-21.68451575],
       [-21.64532659],
       [-21.12513959],
       [-17.37324506],
       [-20.33985131],
       [-13.37010392],
       [-21.21841461],
       [-20.99681914],
       [-20.12754307],
       [-21.09167718],
       [-21.26557409],
       [-20.85566932],
       [-19.3523723 ],
       [-21.24969642],
       [-21.07176809],
       [-20.42197814],
       [-21.2761873 ],
       [-20.93853237],
       [-20.56713461],
       [-20.37777086],
       [-21.14538308],
       [-21.44054005],
       [-20.21543224],
       [-13.79539159],
       [-20.18864825]])
<<<<<<<<<<< STEP 28 >>>>>>>>>>>> + array([[-0.50001433],
       [ 0.03158815],
       [ 0.03914266],
       [-0.50000686],
       [-0.4999985 ],
       [-0.50000124],
       [-0.50000248],
       [-0.50000328],
       [-0.49999935],
       [-0.49998514],
       [-0.50000571],
       [-0.50009694],
       [-0.50000355],
       [-0.50000404],
       [-0.50000014],
       [-0.50000067],
       [-0.50000142],
       [-0.5000017 ],
       [-0.50000023],
       [-0.49999982],
       [-0.50000617],
       [-0.50000592],
       [-0.50000579],
       [-0.5000058 ],
       [-0.49999699],
       [-0.4999992 ],
       [-0.50000061],
       [-0.50000169],
       [-0.49999754],
       [-0.4999025 ],
       [-0.50000171]])
array([[-20.09349393],
       [  1.90582279],
       [  1.19366636],
       [-21.47899904],
       [-21.55671873],
       [-21.73614119],
       [-22.18451823],
       [-22.14532987],
       [-21.62513894],
       [-17.8732302 ],
       [-20.83985702],
       [-13.87020086],
       [-21.71841816],
       [-21.49682319],
       [-20.62754322],
       [-21.59167784],
       [-21.76557551],
       [-21.35567102],
       [-19.85237252],
       [-21.74969624],
       [-21.57177426],
       [-20.92198406],
       [-21.77619309],
       [-21.43853817],
       [-21.0671316 ],
       [-20.87777007],
       [-21.64538369],
       [-21.94054175],
       [-20.71542978],
       [-14.29529409],
       [-20.68864997]])
<<<<<<<<<<< STEP 29 >>>>>>>>>>>> + array([[-0.50001098],
       [ 0.03069853],
       [ 0.03774028],
       [-0.50000525],
       [-0.49999884],
       [-0.50000094],
       [-0.50000189],
       [-0.50000251],
       [-0.4999995 ],
       [-0.49998863],
       [-0.50000437],
       [-0.50007586],
       [-0.50000272],
       [-0.5000031 ],
       [-0.50000011],
       [-0.50000051],
       [-0.50000108],
       [-0.5000013 ],
       [-0.50000016],
       [-0.49999985],
       [-0.50000473],
       [-0.50000455],
       [-0.50000443],
       [-0.50000445],
       [-0.49999769],
       [-0.49999938],
       [-0.50000046],
       [-0.50000129],
       [-0.49999811],
       [-0.49992845],
       [-0.50000131]])
array([[-20.59350491],
       [  1.93652132],
       [  1.23140663],
       [-21.97900429],
       [-22.05671758],
       [-22.23614213],
       [-22.68452012],
       [-22.64533238],
       [-22.12513843],
       [-18.37321883],
       [-21.33986138],
       [-14.37027671],
       [-22.21842087],
       [-21.99682628],
       [-21.12754332],
       [-22.09167835],
       [-22.26557659],
       [-21.85567232],
       [-20.35237269],
       [-22.24969609],
       [-22.07177899],
       [-21.42198861],
       [-22.27619752],
       [-21.93854262],
       [-21.56712929],
       [-21.37776945],
       [-22.14538415],
       [-22.44054304],
       [-21.21542789],
       [-14.79522255],
       [-21.18865128]])
<<<<<<<<<<< STEP 30 >>>>>>>>>>>> + array([[-0.50000841],
       [ 0.02985301],
       [ 0.0364323 ],
       [-0.50000403],
       [-0.49999911],
       [-0.50000072],
       [-0.50000145],
       [-0.50000192],
       [-0.49999961],
       [-0.4999913 ],
       [-0.50000334],
       [-0.50005913],
       [-0.50000208],
       [-0.50000237],
       [-0.50000008],
       [-0.50000038],
       [-0.50000083],
       [-0.50000099],
       [-0.50000012],
       [-0.49999988],
       [-0.50000362],
       [-0.5000035 ],
       [-0.5000034 ],
       [-0.50000341],
       [-0.49999822],
       [-0.49999953],
       [-0.50000035],
       [-0.50000099],
       [-0.49999855],
       [-0.49994708],
       [-0.50000101]])
array([[-21.09351333],
       [  1.96637434],
       [  1.26783893],
       [-22.47900832],
       [-22.55671669],
       [-22.73614285],
       [-23.18452157],
       [-23.1453343 ],
       [-22.62513804],
       [-18.87321013],
       [-21.83986473],
       [-14.87033584],
       [-22.71842295],
       [-22.49682865],
       [-21.6275434 ],
       [-22.59167873],
       [-22.76557742],
       [-22.35567331],
       [-20.85237281],
       [-22.74969597],
       [-22.57178261],
       [-21.92199211],
       [-22.77620092],
       [-22.43854603],
       [-22.06712751],
       [-21.87776898],
       [-22.6453845 ],
       [-22.94054402],
       [-21.71542644],
       [-15.29516962],
       [-21.68865229]])
<<<<<<<<<<< STEP 31 >>>>>>>>>>>> + array([[-0.50000645],
       [ 0.02904903],
       [ 0.03520969],
       [-0.50000309],
       [-0.49999931],
       [-0.50000055],
       [-0.50000111],
       [-0.50000147],
       [-0.4999997 ],
       [-0.49999333],
       [-0.50000256],
       [-0.50004596],
       [-0.50000159],
       [-0.50000182],
       [-0.50000006],
       [-0.50000029],
       [-0.50000063],
       [-0.50000076],
       [-0.50000009],
       [-0.49999991],
       [-0.50000278],
       [-0.50000269],
       [-0.50000261],
       [-0.50000261],
       [-0.49999863],
       [-0.49999963],
       [-0.50000027],
       [-0.50000076],
       [-0.49999889],
       [-0.49996058],
       [-0.50000077]])
array([[-21.59351978],
       [  1.99542337],
       [  1.30304862],
       [-22.9790114 ],
       [-23.056716  ],
       [-23.2361434 ],
       [-23.68452268],
       [-23.64533577],
       [-23.12513774],
       [-19.37320346],
       [-22.33986729],
       [-15.3703818 ],
       [-23.21842455],
       [-22.99683047],
       [-22.12754346],
       [-23.09167903],
       [-23.26557805],
       [-22.85567407],
       [-21.35237289],
       [-23.24969588],
       [-23.07178539],
       [-22.4219948 ],
       [-23.27620353],
       [-22.93854864],
       [-22.56712614],
       [-22.37776861],
       [-23.14538477],
       [-23.44054478],
       [-22.21542533],
       [-15.7951302 ],
       [-22.18865306]])
<<<<<<<<<<< STEP 32 >>>>>>>>>>>> + array([[-0.50000495],
       [ 0.0282841 ],
       [ 0.03406449],
       [-0.50000237],
       [-0.49999947],
       [-0.50000042],
       [-0.50000085],
       [-0.50000113],
       [-0.49999977],
       [-0.49999489],
       [-0.50000196],
       [-0.50003564],
       [-0.50000122],
       [-0.50000139],
       [-0.50000004],
       [-0.50000022],
       [-0.50000049],
       [-0.50000058],
       [-0.50000006],
       [-0.49999993],
       [-0.50000213],
       [-0.50000207],
       [-0.500002  ],
       [-0.500002  ],
       [-0.49999895],
       [-0.49999972],
       [-0.50000021],
       [-0.50000058],
       [-0.49999914],
       [-0.49997046],
       [-0.50000059]])
array([[-22.09352473],
       [  2.02370747],
       [  1.33711311],
       [-23.47901377],
       [-23.55671547],
       [-23.73614382],
       [-24.18452353],
       [-24.1453369 ],
       [-23.6251375 ],
       [-19.87319835],
       [-22.83986925],
       [-15.87041744],
       [-23.71842577],
       [-23.49683186],
       [-22.6275435 ],
       [-23.59167925],
       [-23.76557854],
       [-23.35567466],
       [-21.85237296],
       [-23.74969581],
       [-23.57178753],
       [-22.92199687],
       [-23.77620553],
       [-23.43855064],
       [-23.06712509],
       [-22.87776833],
       [-23.64538498],
       [-23.94054536],
       [-22.71542447],
       [-16.29510067],
       [-22.68865365]])
<<<<<<<<<<< STEP 33 >>>>>>>>>>>> + array([[-0.5000038 ],
       [ 0.02755583],
       [ 0.0329897 ],
       [-0.50000182],
       [-0.49999959],
       [-0.50000032],
       [-0.50000065],
       [-0.50000086],
       [-0.49999982],
       [-0.49999608],
       [-0.50000151],
       [-0.5000276 ],
       [-0.50000094],
       [-0.50000107],
       [-0.50000003],
       [-0.50000017],
       [-0.50000037],
       [-0.50000045],
       [-0.50000005],
       [-0.49999994],
       [-0.50000164],
       [-0.50000159],
       [-0.50000153],
       [-0.50000154],
       [-0.49999919],
       [-0.49999978],
       [-0.50000016],
       [-0.50000044],
       [-0.49999934],
       [-0.49997776],
       [-0.50000045]])
array([[-22.59352853],
       [  2.0512633 ],
       [  1.37010281],
       [-23.97901559],
       [-24.05671506],
       [-24.23614414],
       [-24.68452418],
       [-24.64533776],
       [-24.12513732],
       [-20.37319443],
       [-23.33987076],
       [-16.37044504],
       [-24.21842671],
       [-23.99683293],
       [-23.12754354],
       [-24.09167942],
       [-24.26557891],
       [-23.8556751 ],
       [-22.352373  ],
       [-24.24969575],
       [-24.07178916],
       [-23.42199846],
       [-24.27620706],
       [-23.93855218],
       [-23.56712429],
       [-23.37776811],
       [-24.14538514],
       [-24.4405458 ],
       [-23.21542381],
       [-16.79507843],
       [-23.18865411]])
<<<<<<<<<<< STEP 34 >>>>>>>>>>>> + array([[-0.50000292],
       [ 0.02686195],
       [ 0.03197914],
       [-0.5000014 ],
       [-0.49999969],
       [-0.50000025],
       [-0.5000005 ],
       [-0.50000066],
       [-0.49999986],
       [-0.49999699],
       [-0.50000116],
       [-0.50002134],
       [-0.50000072],
       [-0.50000082],
       [-0.50000003],
       [-0.50000013],
       [-0.50000029],
       [-0.50000034],
       [-0.50000004],
       [-0.49999996],
       [-0.50000126],
       [-0.50000122],
       [-0.50000118],
       [-0.50000118],
       [-0.49999938],
       [-0.49999983],
       [-0.50000012],
       [-0.50000034],
       [-0.49999949],
       [-0.49998319],
       [-0.50000035]])
array([[-23.09353144],
       [  2.07812525],
       [  1.40208195],
       [-24.47901699],
       [-24.55671475],
       [-24.73614438],
       [-25.18452468],
       [-25.14533842],
       [-24.62513718],
       [-20.87319141],
       [-23.83987192],
       [-16.87046638],
       [-24.71842742],
       [-24.49683375],
       [-23.62754356],
       [-24.59167956],
       [-24.7655792 ],
       [-24.35567544],
       [-22.85237304],
       [-24.74969571],
       [-24.57179042],
       [-23.92199968],
       [-24.77620824],
       [-24.43855336],
       [-24.06712367],
       [-23.87776795],
       [-24.64538526],
       [-24.94054614],
       [-23.71542331],
       [-17.29506161],
       [-23.68865446]])
<<<<<<<<<<< STEP 35 >>>>>>>>>>>> + array([[-0.50000224],
       [ 0.02620035],
       [ 0.03102729],
       [-0.50000107],
       [-0.49999976],
       [-0.50000019],
       [-0.50000038],
       [-0.50000051],
       [-0.49999989],
       [-0.49999769],
       [-0.50000089],
       [-0.50001649],
       [-0.50000055],
       [-0.50000063],
       [-0.50000002],
       [-0.5000001 ],
       [-0.50000022],
       [-0.50000026],
       [-0.50000003],
       [-0.49999997],
       [-0.50000096],
       [-0.50000094],
       [-0.5000009 ],
       [-0.50000091],
       [-0.49999952],
       [-0.49999987],
       [-0.50000009],
       [-0.50000026],
       [-0.49999961],
       [-0.49998724],
       [-0.50000027]])
array([[-23.59353368],
       [  2.1043256 ],
       [  1.43310924],
       [-24.97901806],
       [-25.05671451],
       [-25.23614457],
       [-25.68452507],
       [-25.64533893],
       [-25.12513708],
       [-21.3731891 ],
       [-24.3398728 ],
       [-17.37048287],
       [-25.21842798],
       [-24.99683438],
       [-24.12754358],
       [-25.09167966],
       [-25.26557942],
       [-24.85567571],
       [-23.35237306],
       [-25.24969568],
       [-25.07179138],
       [-24.42200063],
       [-25.27620914],
       [-24.93855427],
       [-24.56712319],
       [-24.37776782],
       [-25.14538535],
       [-25.4405464 ],
       [-24.21542292],
       [-17.79504885],
       [-24.18865473]])
<<<<<<<<<<< STEP 36 >>>>>>>>>>>> + array([[-0.50000172],
       [ 0.02556901],
       [ 0.03012928],
       [-0.50000082],
       [-0.49999981],
       [-0.50000014],
       [-0.50000029],
       [-0.50000039],
       [-0.49999992],
       [-0.49999822],
       [-0.50000068],
       [-0.50001273],
       [-0.50000042],
       [-0.50000048],
       [-0.50000002],
       [-0.50000008],
       [-0.50000017],
       [-0.5000002 ],
       [-0.50000002],
       [-0.49999997],
       [-0.50000074],
       [-0.50000073],
       [-0.50000069],
       [-0.5000007 ],
       [-0.49999963],
       [-0.4999999 ],
       [-0.50000007],
       [-0.5000002 ],
       [-0.4999997 ],
       [-0.49999029],
       [-0.50000021]])
array([[-24.0935354 ],
       [  2.12989461],
       [  1.46323852],
       [-25.47901888],
       [-25.55671432],
       [-25.73614472],
       [-26.18452536],
       [-26.14533932],
       [-25.62513699],
       [-21.87318733],
       [-24.83987349],
       [-17.87049561],
       [-25.7184284 ],
       [-25.49683487],
       [-24.6275436 ],
       [-25.59167973],
       [-25.76557958],
       [-25.35567591],
       [-23.85237308],
       [-25.74969565],
       [-25.57179212],
       [-24.92200135],
       [-25.77620984],
       [-25.43855496],
       [-25.06712282],
       [-24.87776772],
       [-25.64538542],
       [-25.9405466 ],
       [-24.71542262],
       [-18.29503915],
       [-24.68865493]])
<<<<<<<<<<< STEP 37 >>>>>>>>>>>> + array([[-0.50000132],
       [ 0.02496606],
       [ 0.02928072],
       [-0.50000063],
       [-0.49999986],
       [-0.50000011],
       [-0.50000023],
       [-0.5000003 ],
       [-0.49999994],
       [-0.49999863],
       [-0.50000052],
       [-0.50000983],
       [-0.50000033],
       [-0.50000037],
       [-0.50000001],
       [-0.50000006],
       [-0.50000013],
       [-0.50000015],
       [-0.50000001],
       [-0.49999998],
       [-0.50000057],
       [-0.50000056],
       [-0.50000053],
       [-0.50000054],
       [-0.49999972],
       [-0.49999992],
       [-0.50000005],
       [-0.50000015],
       [-0.49999977],
       [-0.4999926 ],
       [-0.50000016]])
array([[-24.59353673],
       [  2.15486068],
       [  1.49251924],
       [-25.97901952],
       [-26.05671418],
       [-26.23614483],
       [-26.68452559],
       [-26.64533962],
       [-26.12513693],
       [-22.37318596],
       [-25.33987401],
       [-18.37050544],
       [-26.21842873],
       [-25.99683524],
       [-25.12754361],
       [-26.09167979],
       [-26.26557971],
       [-25.85567606],
       [-24.3523731 ],
       [-26.24969563],
       [-26.07179269],
       [-25.42200191],
       [-26.27621037],
       [-25.9385555 ],
       [-25.56712254],
       [-25.37776764],
       [-26.14538548],
       [-26.44054675],
       [-25.21542239],
       [-18.79503175],
       [-25.18865509]])
<<<<<<<<<<< STEP 38 >>>>>>>>>>>> + array([[-0.50000102],
       [ 0.02438977],
       [ 0.0284777 ],
       [-0.50000049],
       [-0.49999989],
       [-0.50000009],
       [-0.50000017],
       [-0.50000023],
       [-0.49999995],
       [-0.49999895],
       [-0.5000004 ],
       [-0.50000758],
       [-0.50000025],
       [-0.50000029],
       [-0.50000001],
       [-0.50000005],
       [-0.5000001 ],
       [-0.50000012],
       [-0.50000001],
       [-0.49999998],
       [-0.50000044],
       [-0.50000043],
       [-0.50000041],
       [-0.50000041],
       [-0.49999978],
       [-0.49999994],
       [-0.50000004],
       [-0.50000012],
       [-0.49999982],
       [-0.49999434],
       [-0.50000012]])
array([[-25.09353774],
       [  2.17925045],
       [  1.52099694],
       [-26.47902   ],
       [-26.55671407],
       [-26.73614491],
       [-27.18452576],
       [-27.14533985],
       [-26.62513688],
       [-22.87318491],
       [-25.83987441],
       [-18.87051302],
       [-26.71842898],
       [-26.49683552],
       [-25.62754362],
       [-26.59167984],
       [-26.76557981],
       [-26.35567618],
       [-24.85237311],
       [-26.74969562],
       [-26.57179313],
       [-25.92200234],
       [-26.77621078],
       [-26.43855591],
       [-26.06712233],
       [-25.87776758],
       [-26.64538552],
       [-26.94054687],
       [-25.71542221],
       [-19.29502609],
       [-25.68865521]])
<<<<<<<<<<< STEP 39 >>>>>>>>>>>> + array([[-0.50000078],
       [ 0.0238385 ],
       [ 0.0277167 ],
       [-0.50000037],
       [-0.49999991],
       [-0.50000007],
       [-0.50000013],
       [-0.50000018],
       [-0.49999996],
       [-0.49999919],
       [-0.50000031],
       [-0.50000585],
       [-0.50000019],
       [-0.50000022],
       [-0.50000001],
       [-0.50000004],
       [-0.50000008],
       [-0.50000009],
       [-0.50000001],
       [-0.49999999],
       [-0.50000034],
       [-0.50000033],
       [-0.50000032],
       [-0.50000032],
       [-0.49999983],
       [-0.49999995],
       [-0.50000003],
       [-0.50000009],
       [-0.49999986],
       [-0.49999567],
       [-0.50000009]])
array([[-25.59353853],
       [  2.20308895],
       [  1.54871365],
       [-26.97902038],
       [-27.05671398],
       [-27.23614498],
       [-27.68452589],
       [-27.64534003],
       [-27.12513684],
       [-23.3731841 ],
       [-26.33987472],
       [-19.37051887],
       [-27.21842917],
       [-26.99683574],
       [-26.12754363],
       [-27.09167987],
       [-27.26557989],
       [-26.85567627],
       [-25.35237312],
       [-27.2496956 ],
       [-27.07179347],
       [-26.42200267],
       [-27.2762111 ],
       [-26.93855623],
       [-26.56712216],
       [-26.37776754],
       [-27.14538555],
       [-27.44054696],
       [-26.21542207],
       [-19.79502176],
       [-26.18865531]])
