<<<<<<<<<<< STEP 0 >>>>>>>>>>>> + array([[ -5.00001382e-01],
       [ -5.00000755e-01],
       [ -4.99999914e-01],
       [ -2.71594704e-02],
       [ -4.99999892e-01],
       [ -2.41923699e-03],
       [ -5.00000793e-01],
       [ -5.00000974e-01],
       [ -5.00000080e-01],
       [ -5.00000330e-01],
       [ -5.00000688e-01],
       [ -5.00000712e-01],
       [ -5.00000112e-01],
       [ -5.01942771e-03],
       [ -5.00000398e-01],
       [ -5.00000856e-01],
       [ -4.99999934e-01],
       [ -5.00000845e-01],
       [ -5.00000143e-01],
       [ -5.00000831e-01],
       [ -5.00001376e-01],
       [ -8.46076959e-04],
       [ -5.00001444e-01],
       [  6.56878365e-03],
       [ -4.99999913e-01],
       [ -5.00001413e-01],
       [ -5.00004413e-01],
       [ -5.00000867e-01],
       [ -5.00005172e-01],
       [ -1.24212764e-04],
       [ -5.00005039e-01],
       [ -4.99999988e-01],
       [  5.92882969e-03],
       [ -5.00001502e-01],
       [ -5.00000307e-01],
       [ -5.00000831e-01],
       [ -5.00000991e-01],
       [ -5.00000176e-01],
       [ -5.00001386e-01],
       [  1.09433988e-02]])
array([[-28.65285914],
       [-29.08185658],
       [-27.93153938],
       [ -3.81403669],
       [-28.02335941],
       [ -0.26031589],
       [-28.93093511],
       [-29.28407091],
       [-28.1481319 ],
       [-28.60255706],
       [-29.26767849],
       [-29.07142083],
       [-28.12890761],
       [ -0.54071517],
       [-28.29554179],
       [-29.09932784],
       [-28.22344883],
       [-29.01628931],
       [-27.99328692],
       [-29.14871015],
       [-27.97344125],
       [ -0.33392381],
       [-28.58260448],
       [ -0.0981192 ],
       [-27.85033825],
       [-28.60643506],
       [-26.38200542],
       [-29.18232555],
       [-24.95066387],
       [ -0.51719321],
       [-26.1994885 ],
       [-27.86960783],
       [ -0.08228543],
       [-28.58814664],
       [-27.96938102],
       [-29.14397477],
       [-29.03638463],
       [-28.17120965],
       [-28.6570934 ],
       [ -0.05929571]])
<<<<<<<<<<< STEP 1 >>>>>>>>>>>> + array([[ -5.00001078e-01],
       [ -5.00000591e-01],
       [ -4.99999933e-01],
       [ -2.83065779e-02],
       [ -4.99999915e-01],
       [ -2.46903011e-03],
       [ -5.00000620e-01],
       [ -5.00000761e-01],
       [ -5.00000062e-01],
       [ -5.00000256e-01],
       [ -5.00000538e-01],
       [ -5.00000557e-01],
       [ -5.00000087e-01],
       [ -5.05155198e-03],
       [ -5.00000311e-01],
       [ -5.00000670e-01],
       [ -4.99999948e-01],
       [ -5.00000661e-01],
       [ -5.00000112e-01],
       [ -5.00000650e-01],
       [ -5.00001077e-01],
       [ -8.47010714e-04],
       [ -5.00001129e-01],
       [  6.56372785e-03],
       [ -4.99999931e-01],
       [ -5.00001104e-01],
       [ -5.00003448e-01],
       [ -5.00000678e-01],
       [ -5.00004054e-01],
       [ -1.49845326e-04],
       [ -5.00003940e-01],
       [ -4.99999990e-01],
       [  5.92264709e-03],
       [ -5.00001174e-01],
       [ -5.00000238e-01],
       [ -5.00000649e-01],
       [ -5.00000775e-01],
       [ -5.00000138e-01],
       [ -5.00001083e-01],
       [  1.08915821e-02]])
array([[-29.15286022],
       [-29.58185717],
       [-28.43153931],
       [ -3.84234327],
       [-28.52335932],
       [ -0.26278492],
       [-29.43093573],
       [-29.78407167],
       [-28.64813196],
       [-29.10255732],
       [-29.76767903],
       [-29.57142139],
       [-28.6289077 ],
       [ -0.54576673],
       [-28.7955421 ],
       [-29.59932851],
       [-28.72344877],
       [-29.51628997],
       [-28.49328703],
       [-29.64871079],
       [-28.47344233],
       [ -0.33477082],
       [-29.0826056 ],
       [ -0.09155547],
       [-28.35033818],
       [-29.10643616],
       [-26.88200887],
       [-29.68232623],
       [-25.45066792],
       [ -0.51734306],
       [-26.69949244],
       [-28.36960782],
       [ -0.07636278],
       [-29.08814782],
       [-28.46938126],
       [-29.64397541],
       [-29.53638541],
       [-28.67120979],
       [-29.15709448],
       [ -0.04840413]])
<<<<<<<<<<< STEP 2 >>>>>>>>>>>> + array([[ -5.00000842e-01],
       [ -5.00000463e-01],
       [ -4.99999948e-01],
       [ -2.95435202e-02],
       [ -4.99999933e-01],
       [ -2.51939013e-03],
       [ -5.00000485e-01],
       [ -5.00000595e-01],
       [ -5.00000048e-01],
       [ -5.00000198e-01],
       [ -5.00000421e-01],
       [ -5.00000436e-01],
       [ -5.00000067e-01],
       [ -5.08444693e-03],
       [ -5.00000242e-01],
       [ -5.00000525e-01],
       [ -4.99999959e-01],
       [ -5.00000517e-01],
       [ -5.00000088e-01],
       [ -5.00000508e-01],
       [ -5.00000843e-01],
       [ -8.48043671e-04],
       [ -5.00000882e-01],
       [  6.55896081e-03],
       [ -4.99999945e-01],
       [ -5.00000862e-01],
       [ -5.00002695e-01],
       [ -5.00000531e-01],
       [ -5.00003178e-01],
       [ -1.75387614e-04],
       [ -5.00003081e-01],
       [ -4.99999992e-01],
       [  5.91676318e-03],
       [ -5.00000917e-01],
       [ -5.00000185e-01],
       [ -5.00000508e-01],
       [ -5.00000606e-01],
       [ -5.00000108e-01],
       [ -5.00000845e-01],
       [  1.08406269e-02]])
array([[-29.65286106],
       [-30.08185763],
       [-28.93153926],
       [ -3.87188679],
       [-29.02335926],
       [ -0.26530432],
       [-29.93093622],
       [-30.28407226],
       [-29.14813201],
       [-29.60255751],
       [-30.26767945],
       [-30.07142183],
       [-29.12890777],
       [ -0.55085117],
       [-29.29554234],
       [-30.09932903],
       [-29.22344873],
       [-30.01629049],
       [-28.99328712],
       [-30.1487113 ],
       [-28.97344317],
       [ -0.33561886],
       [-29.58260649],
       [ -0.08499651],
       [-28.85033813],
       [-29.60643702],
       [-27.38201156],
       [-30.18232676],
       [-25.9506711 ],
       [ -0.51751845],
       [-27.19949552],
       [-28.86960782],
       [ -0.07044602],
       [-29.58814873],
       [-28.96938144],
       [-30.14397592],
       [-30.03638601],
       [-29.17120989],
       [-29.65709532],
       [ -0.0375635 ]])
<<<<<<<<<<< STEP 3 >>>>>>>>>>>> + array([[ -5.00000657e-01],
       [ -5.00000363e-01],
       [ -4.99999960e-01],
       [ -3.08803043e-02],
       [ -4.99999948e-01],
       [ -2.57028051e-03],
       [ -5.00000379e-01],
       [ -5.00000466e-01],
       [ -5.00000037e-01],
       [ -5.00000153e-01],
       [ -5.00000329e-01],
       [ -5.00000341e-01],
       [ -5.00000052e-01],
       [ -5.11806677e-03],
       [ -5.00000189e-01],
       [ -5.00000411e-01],
       [ -4.99999968e-01],
       [ -5.00000405e-01],
       [ -5.00000069e-01],
       [ -5.00000397e-01],
       [ -5.00000660e-01],
       [ -8.49161658e-04],
       [ -5.00000690e-01],
       [  6.55447965e-03],
       [ -4.99999956e-01],
       [ -5.00000673e-01],
       [ -5.00002106e-01],
       [ -5.00000415e-01],
       [ -5.00002491e-01],
       [ -2.00842205e-04],
       [ -5.00002409e-01],
       [ -4.99999994e-01],
       [  5.91117568e-03],
       [ -5.00000717e-01],
       [ -5.00000144e-01],
       [ -5.00000397e-01],
       [ -5.00000473e-01],
       [ -5.00000084e-01],
       [ -5.00000660e-01],
       [  1.07905217e-02]])
array([[ -3.01528617e+01],
       [ -3.05818580e+01],
       [ -2.94315392e+01],
       [ -3.90276710e+00],
       [ -2.95233592e+01],
       [ -2.67874596e-01],
       [ -3.04309366e+01],
       [ -3.07840727e+01],
       [ -2.96481320e+01],
       [ -3.01025577e+01],
       [ -3.07676798e+01],
       [ -3.05714222e+01],
       [ -2.96289078e+01],
       [ -5.55969239e-01],
       [ -2.97955425e+01],
       [ -3.05993294e+01],
       [ -2.97234487e+01],
       [ -3.05162909e+01],
       [ -2.94932872e+01],
       [ -3.06487117e+01],
       [ -2.94734438e+01],
       [ -3.36468022e-01],
       [ -3.00826072e+01],
       [ -7.84420288e-02],
       [ -2.93503381e+01],
       [ -3.01064377e+01],
       [ -2.78820137e+01],
       [ -3.06823272e+01],
       [ -2.64506736e+01],
       [ -5.17719288e-01],
       [ -2.76994979e+01],
       [ -2.93696078e+01],
       [ -6.45348461e-02],
       [ -3.00881494e+01],
       [ -2.94693816e+01],
       [ -3.06439763e+01],
       [ -3.05363865e+01],
       [ -2.96712100e+01],
       [ -3.01570960e+01],
       [ -2.67729797e-02]])
<<<<<<<<<<< STEP 4 >>>>>>>>>>>> + array([[ -5.00000513e-01],
       [ -5.00000284e-01],
       [ -4.99999969e-01],
       [ -3.23285388e-02],
       [ -4.99999959e-01],
       [ -2.62165215e-03],
       [ -5.00000296e-01],
       [ -5.00000364e-01],
       [ -5.00000028e-01],
       [ -5.00000119e-01],
       [ -5.00000258e-01],
       [ -5.00000267e-01],
       [ -5.00000040e-01],
       [ -5.15236273e-03],
       [ -5.00000147e-01],
       [ -5.00000322e-01],
       [ -4.99999974e-01],
       [ -5.00000317e-01],
       [ -5.00000054e-01],
       [ -5.00000311e-01],
       [ -5.00000516e-01],
       [ -8.50355012e-04],
       [ -5.00000539e-01],
       [  6.55027673e-03],
       [ -4.99999965e-01],
       [ -5.00000526e-01],
       [ -5.00001646e-01],
       [ -5.00000325e-01],
       [ -5.00001953e-01],
       [ -2.26215673e-04],
       [ -5.00001884e-01],
       [ -4.99999995e-01],
       [  5.90587448e-03],
       [ -5.00000560e-01],
       [ -5.00000112e-01],
       [ -5.00000310e-01],
       [ -5.00000370e-01],
       [ -5.00000066e-01],
       [ -5.00000516e-01],
       [  1.07412457e-02]])
array([[ -3.06528622e+01],
       [ -3.10818583e+01],
       [ -2.99315392e+01],
       [ -3.93509563e+00],
       [ -3.00233592e+01],
       [ -2.70496248e-01],
       [ -3.09309369e+01],
       [ -3.12840731e+01],
       [ -3.01481321e+01],
       [ -3.06025578e+01],
       [ -3.12676800e+01],
       [ -3.10714224e+01],
       [ -3.01289079e+01],
       [ -5.61121602e-01],
       [ -3.02955427e+01],
       [ -3.10993298e+01],
       [ -3.02234487e+01],
       [ -3.10162912e+01],
       [ -2.99932872e+01],
       [ -3.11487120e+01],
       [ -2.99734443e+01],
       [ -3.37318377e-01],
       [ -3.05826077e+01],
       [ -7.18917520e-02],
       [ -2.98503381e+01],
       [ -3.06064382e+01],
       [ -2.83820153e+01],
       [ -3.11823275e+01],
       [ -2.69506755e+01],
       [ -5.17945503e-01],
       [ -2.81994998e+01],
       [ -2.98696078e+01],
       [ -5.86289716e-02],
       [ -3.05881500e+01],
       [ -2.99693817e+01],
       [ -3.11439766e+01],
       [ -3.10363869e+01],
       [ -3.01712100e+01],
       [ -3.06570965e+01],
       [ -1.60317340e-02]])
<<<<<<<<<<< STEP 5 >>>>>>>>>>>> + array([[ -5.00000400e-01],
       [ -5.00000222e-01],
       [ -4.99999976e-01],
       [ -3.39017156e-02],
       [ -4.99999968e-01],
       [ -2.67343976e-03],
       [ -5.00000232e-01],
       [ -5.00000285e-01],
       [ -5.00000022e-01],
       [ -5.00000092e-01],
       [ -5.00000202e-01],
       [ -5.00000209e-01],
       [ -5.00000031e-01],
       [ -5.18727923e-03],
       [ -5.00000115e-01],
       [ -5.00000252e-01],
       [ -4.99999980e-01],
       [ -5.00000248e-01],
       [ -5.00000043e-01],
       [ -5.00000243e-01],
       [ -5.00000404e-01],
       [ -8.51617950e-04],
       [ -5.00000422e-01],
       [  6.54633918e-03],
       [ -4.99999972e-01],
       [ -5.00000411e-01],
       [ -5.00001287e-01],
       [ -5.00000254e-01],
       [ -5.00001531e-01],
       [ -2.51518704e-04],
       [ -5.00001474e-01],
       [ -4.99999996e-01],
       [  5.90084106e-03],
       [ -5.00000438e-01],
       [ -5.00000087e-01],
       [ -5.00000243e-01],
       [ -5.00000289e-01],
       [ -5.00000051e-01],
       [ -5.00000403e-01],
       [  1.06927687e-02]])
array([[ -3.11528626e+01],
       [ -3.15818585e+01],
       [ -3.04315392e+01],
       [ -3.96899735e+00],
       [ -3.05233591e+01],
       [ -2.73169688e-01],
       [ -3.14309371e+01],
       [ -3.17840734e+01],
       [ -3.06481321e+01],
       [ -3.11025579e+01],
       [ -3.17676802e+01],
       [ -3.15714226e+01],
       [ -3.06289079e+01],
       [ -5.66308881e-01],
       [ -3.07955428e+01],
       [ -3.15993300e+01],
       [ -3.07234487e+01],
       [ -3.15162915e+01],
       [ -3.04932873e+01],
       [ -3.16487123e+01],
       [ -3.04734447e+01],
       [ -3.38169995e-01],
       [ -3.10826081e+01],
       [ -6.53454129e-02],
       [ -3.03503380e+01],
       [ -3.11064386e+01],
       [ -2.88820166e+01],
       [ -3.16823278e+01],
       [ -2.74506771e+01],
       [ -5.18197022e-01],
       [ -2.86995013e+01],
       [ -3.03696078e+01],
       [ -5.27281306e-02],
       [ -3.10881504e+01],
       [ -3.04693818e+01],
       [ -3.16439769e+01],
       [ -3.15363871e+01],
       [ -3.06712101e+01],
       [ -3.11570969e+01],
       [ -5.33896533e-03]])
<<<<<<<<<<< STEP 6 >>>>>>>>>>>> + array([[ -5.00000312e-01],
       [ -5.00000174e-01],
       [ -4.99999981e-01],
       [ -3.56155584e-02],
       [ -4.99999975e-01],
       [ -2.72555728e-03],
       [ -5.00000181e-01],
       [ -5.00000223e-01],
       [ -5.00000017e-01],
       [ -5.00000071e-01],
       [ -5.00000158e-01],
       [ -5.00000163e-01],
       [ -5.00000024e-01],
       [ -5.22274982e-03],
       [ -5.00000090e-01],
       [ -5.00000197e-01],
       [ -4.99999984e-01],
       [ -5.00000194e-01],
       [ -5.00000034e-01],
       [ -5.00000190e-01],
       [ -5.00000316e-01],
       [ -8.52948193e-04],
       [ -5.00000330e-01],
       [  6.54264811e-03],
       [ -4.99999978e-01],
       [ -5.00000321e-01],
       [ -5.00001006e-01],
       [ -5.00000199e-01],
       [ -5.00001200e-01],
       [ -2.76766447e-04],
       [ -5.00001152e-01],
       [ -4.99999997e-01],
       [  5.89604748e-03],
       [ -5.00000342e-01],
       [ -5.00000068e-01],
       [ -5.00000190e-01],
       [ -5.00000226e-01],
       [ -5.00000040e-01],
       [ -5.00000315e-01],
       [  1.06450499e-02]])
array([[ -3.16528629e+01],
       [ -3.20818587e+01],
       [ -3.09315391e+01],
       [ -4.00461291e+00],
       [ -3.10233591e+01],
       [ -2.75895245e-01],
       [ -3.19309373e+01],
       [ -3.22840736e+01],
       [ -3.11481321e+01],
       [ -3.16025579e+01],
       [ -3.22676804e+01],
       [ -3.20714228e+01],
       [ -3.11289079e+01],
       [ -5.71531631e-01],
       [ -3.12955429e+01],
       [ -3.20993302e+01],
       [ -3.12234486e+01],
       [ -3.20162917e+01],
       [ -3.09932873e+01],
       [ -3.21487124e+01],
       [ -3.09734451e+01],
       [ -3.39022943e-01],
       [ -3.15826085e+01],
       [ -5.88027648e-02],
       [ -3.08503380e+01],
       [ -3.16064390e+01],
       [ -2.93820176e+01],
       [ -3.21823280e+01],
       [ -2.79506783e+01],
       [ -5.18473789e-01],
       [ -2.91995024e+01],
       [ -3.08696078e+01],
       [ -4.68320831e-02],
       [ -3.15881508e+01],
       [ -3.09693819e+01],
       [ -3.21439771e+01],
       [ -3.20363874e+01],
       [ -3.11712101e+01],
       [ -3.16570972e+01],
       [  5.30608455e-03]])
<<<<<<<<<<< STEP 7 >>>>>>>>>>>> + array([[ -5.00000244e-01],
       [ -5.00000136e-01],
       [ -4.99999986e-01],
       [ -3.74884563e-02],
       [ -4.99999980e-01],
       [ -2.77789216e-03],
       [ -5.00000142e-01],
       [ -5.00000174e-01],
       [ -5.00000013e-01],
       [ -5.00000055e-01],
       [ -5.00000123e-01],
       [ -5.00000128e-01],
       [ -5.00000019e-01],
       [ -5.25869245e-03],
       [ -5.00000070e-01],
       [ -5.00000155e-01],
       [ -4.99999987e-01],
       [ -5.00000152e-01],
       [ -5.00000026e-01],
       [ -5.00000149e-01],
       [ -5.00000248e-01],
       [ -8.54346782e-04],
       [ -5.00000258e-01],
       [  6.53917750e-03],
       [ -4.99999982e-01],
       [ -5.00000250e-01],
       [ -5.00000786e-01],
       [ -5.00000156e-01],
       [ -5.00000941e-01],
       [ -3.01979122e-04],
       [ -5.00000901e-01],
       [ -4.99999998e-01],
       [  5.89145474e-03],
       [ -5.00000267e-01],
       [ -5.00000053e-01],
       [ -5.00000148e-01],
       [ -5.00000177e-01],
       [ -5.00000031e-01],
       [ -5.00000246e-01],
       [  1.05980362e-02]])
array([[ -3.21528632e+01],
       [ -3.25818588e+01],
       [ -3.14315391e+01],
       [ -4.04210136e+00],
       [ -3.15233591e+01],
       [ -2.78673137e-01],
       [ -3.24309374e+01],
       [ -3.27840738e+01],
       [ -3.16481321e+01],
       [ -3.21025580e+01],
       [ -3.27676805e+01],
       [ -3.25714229e+01],
       [ -3.16289079e+01],
       [ -5.76790323e-01],
       [ -3.17955430e+01],
       [ -3.25993304e+01],
       [ -3.17234486e+01],
       [ -3.25162918e+01],
       [ -3.14932873e+01],
       [ -3.26487126e+01],
       [ -3.14734453e+01],
       [ -3.39877290e-01],
       [ -3.20826087e+01],
       [ -5.22635872e-02],
       [ -3.13503380e+01],
       [ -3.21064392e+01],
       [ -2.98820184e+01],
       [ -3.26823281e+01],
       [ -2.84506792e+01],
       [ -5.18775768e-01],
       [ -2.96995033e+01],
       [ -3.13696078e+01],
       [ -4.09406284e-02],
       [ -3.20881511e+01],
       [ -3.14693819e+01],
       [ -3.26439772e+01],
       [ -3.25363875e+01],
       [ -3.16712102e+01],
       [ -3.21570975e+01],
       [  1.59041207e-02]])
<<<<<<<<<<< STEP 8 >>>>>>>>>>>> + array([[ -5.00000190e-01],
       [ -5.00000107e-01],
       [ -4.99999989e-01],
       [ -3.95420023e-02],
       [ -4.99999984e-01],
       [ -2.83029819e-03],
       [ -5.00000111e-01],
       [ -5.00000136e-01],
       [ -5.00000010e-01],
       [ -5.00000043e-01],
       [ -5.00000097e-01],
       [ -5.00000100e-01],
       [ -5.00000015e-01],
       [ -5.29500380e-03],
       [ -5.00000055e-01],
       [ -5.00000121e-01],
       [ -4.99999990e-01],
       [ -5.00000119e-01],
       [ -5.00000021e-01],
       [ -5.00000116e-01],
       [ -5.00000194e-01],
       [ -8.55818111e-04],
       [ -5.00000202e-01],
       [  6.53589269e-03],
       [ -4.99999986e-01],
       [ -5.00000196e-01],
       [ -5.00000614e-01],
       [ -5.00000122e-01],
       [ -5.00000738e-01],
       [ -3.27182923e-04],
       [ -5.00000705e-01],
       [ -4.99999998e-01],
       [  5.88701059e-03],
       [ -5.00000209e-01],
       [ -5.00000041e-01],
       [ -5.00000116e-01],
       [ -5.00000138e-01],
       [ -5.00000025e-01],
       [ -5.00000192e-01],
       [  1.05516600e-02]])
array([[ -3.26528634e+01],
       [ -3.30818589e+01],
       [ -3.19315391e+01],
       [ -4.08164337e+00],
       [ -3.20233591e+01],
       [ -2.81503435e-01],
       [ -3.29309376e+01],
       [ -3.32840739e+01],
       [ -3.21481321e+01],
       [ -3.26025580e+01],
       [ -3.32676806e+01],
       [ -3.30714230e+01],
       [ -3.21289079e+01],
       [ -5.82085327e-01],
       [ -3.22955430e+01],
       [ -3.30993305e+01],
       [ -3.22234486e+01],
       [ -3.30162919e+01],
       [ -3.19932874e+01],
       [ -3.31487127e+01],
       [ -3.19734455e+01],
       [ -3.40733108e-01],
       [ -3.25826089e+01],
       [ -4.57276946e-02],
       [ -3.18503380e+01],
       [ -3.26064394e+01],
       [ -3.03820190e+01],
       [ -3.31823282e+01],
       [ -2.89506800e+01],
       [ -5.19102951e-01],
       [ -3.01995040e+01],
       [ -3.18696078e+01],
       [ -3.50536178e-02],
       [ -3.25881513e+01],
       [ -3.19693819e+01],
       [ -3.31439773e+01],
       [ -3.30363877e+01],
       [ -3.21712102e+01],
       [ -3.26570977e+01],
       [  2.64557807e-02]])
<<<<<<<<<<< STEP 9 >>>>>>>>>>>> + array([[ -5.00000149e-01],
       [ -5.00000084e-01],
       [ -4.99999991e-01],
       [ -4.18016641e-02],
       [ -4.99999988e-01],
       [ -2.88258633e-03],
       [ -5.00000087e-01],
       [ -5.00000107e-01],
       [ -5.00000008e-01],
       [ -5.00000033e-01],
       [ -5.00000076e-01],
       [ -5.00000078e-01],
       [ -5.00000011e-01],
       [ -5.33155242e-03],
       [ -5.00000043e-01],
       [ -5.00000095e-01],
       [ -4.99999992e-01],
       [ -5.00000093e-01],
       [ -5.00000016e-01],
       [ -5.00000091e-01],
       [ -5.00000152e-01],
       [ -8.57370150e-04],
       [ -5.00000158e-01],
       [  6.53274831e-03],
       [ -4.99999989e-01],
       [ -5.00000153e-01],
       [ -5.00000480e-01],
       [ -5.00000096e-01],
       [ -5.00000578e-01],
       [ -3.52411273e-04],
       [ -5.00000551e-01],
       [ -4.99999999e-01],
       [  5.88264648e-03],
       [ -5.00000163e-01],
       [ -5.00000032e-01],
       [ -5.00000091e-01],
       [ -5.00000108e-01],
       [ -5.00000019e-01],
       [ -5.00000150e-01],
       [  1.05058359e-02]])
array([[ -3.31528635e+01],
       [ -3.35818590e+01],
       [ -3.24315391e+01],
       [ -4.12344503e+00],
       [ -3.25233591e+01],
       [ -2.84386021e-01],
       [ -3.34309376e+01],
       [ -3.37840740e+01],
       [ -3.26481321e+01],
       [ -3.31025581e+01],
       [ -3.37676807e+01],
       [ -3.35714231e+01],
       [ -3.26289080e+01],
       [ -5.87416879e-01],
       [ -3.27955430e+01],
       [ -3.35993306e+01],
       [ -3.27234486e+01],
       [ -3.35162920e+01],
       [ -3.24932874e+01],
       [ -3.36487128e+01],
       [ -3.24734457e+01],
       [ -3.41590478e-01],
       [ -3.30826091e+01],
       [ -3.91949462e-02],
       [ -3.23503380e+01],
       [ -3.31064396e+01],
       [ -3.08820195e+01],
       [ -3.36823283e+01],
       [ -2.94506805e+01],
       [ -5.19455362e-01],
       [ -3.06995046e+01],
       [ -3.23696078e+01],
       [ -2.91709713e-02],
       [ -3.30881514e+01],
       [ -3.24693820e+01],
       [ -3.36439774e+01],
       [ -3.35363878e+01],
       [ -3.26712102e+01],
       [ -3.31570978e+01],
       [  3.69616166e-02]])
<<<<<<<<<<< STEP 10 >>>>>>>>>>>> + array([[ -5.00000116e-01],
       [ -5.00000066e-01],
       [ -4.99999993e-01],
       [ -4.42976244e-02],
       [ -4.99999990e-01],
       [ -2.93451300e-03],
       [ -5.00000068e-01],
       [ -5.00000083e-01],
       [ -5.00000006e-01],
       [ -5.00000026e-01],
       [ -5.00000059e-01],
       [ -5.00000061e-01],
       [ -5.00000009e-01],
       [ -5.36817007e-03],
       [ -5.00000033e-01],
       [ -5.00000074e-01],
       [ -4.99999994e-01],
       [ -5.00000073e-01],
       [ -5.00000013e-01],
       [ -5.00000071e-01],
       [ -5.00000119e-01],
       [ -8.59014898e-04],
       [ -5.00000123e-01],
       [  6.52968560e-03],
       [ -4.99999991e-01],
       [ -5.00000119e-01],
       [ -5.00000375e-01],
       [ -5.00000075e-01],
       [ -5.00000453e-01],
       [ -3.77706524e-04],
       [ -5.00000431e-01],
       [ -4.99999999e-01],
       [  5.87827357e-03],
       [ -5.00000128e-01],
       [ -5.00000025e-01],
       [ -5.00000071e-01],
       [ -5.00000085e-01],
       [ -5.00000015e-01],
       [ -5.00000117e-01],
       [  1.04604565e-02]])
array([[ -3.36528636e+01],
       [ -3.40818591e+01],
       [ -3.29315391e+01],
       [ -4.16774266e+00],
       [ -3.30233590e+01],
       [ -2.87320534e-01],
       [ -3.39309377e+01],
       [ -3.42840741e+01],
       [ -3.31481321e+01],
       [ -3.36025581e+01],
       [ -3.42676808e+01],
       [ -3.40714232e+01],
       [ -3.31289080e+01],
       [ -5.92785049e-01],
       [ -3.32955431e+01],
       [ -3.40993307e+01],
       [ -3.32234486e+01],
       [ -3.40162921e+01],
       [ -3.29932874e+01],
       [ -3.41487129e+01],
       [ -3.29734458e+01],
       [ -3.42449493e-01],
       [ -3.35826092e+01],
       [ -3.26652606e-02],
       [ -3.28503379e+01],
       [ -3.36064397e+01],
       [ -3.13820199e+01],
       [ -3.41823284e+01],
       [ -2.99506810e+01],
       [ -5.19833068e-01],
       [ -3.11995050e+01],
       [ -3.28696078e+01],
       [ -2.32926977e-02],
       [ -3.35881516e+01],
       [ -3.29693820e+01],
       [ -3.41439775e+01],
       [ -3.40363879e+01],
       [ -3.31712102e+01],
       [ -3.36570979e+01],
       [  4.74220731e-02]])
<<<<<<<<<<< STEP 11 >>>>>>>>>>>> + array([[ -5.00000091e-01],
       [ -5.00000051e-01],
       [ -4.99999995e-01],
       [ -4.70658370e-02],
       [ -4.99999992e-01],
       [ -2.98576500e-03],
       [ -5.00000053e-01],
       [ -5.00000065e-01],
       [ -5.00000004e-01],
       [ -5.00000020e-01],
       [ -5.00000046e-01],
       [ -5.00000048e-01],
       [ -5.00000007e-01],
       [ -5.40464073e-03],
       [ -5.00000026e-01],
       [ -5.00000058e-01],
       [ -4.99999995e-01],
       [ -5.00000057e-01],
       [ -5.00000010e-01],
       [ -5.00000056e-01],
       [ -5.00000093e-01],
       [ -8.60769075e-04],
       [ -5.00000096e-01],
       [  6.52662893e-03],
       [ -4.99999993e-01],
       [ -5.00000093e-01],
       [ -5.00000293e-01],
       [ -5.00000059e-01],
       [ -5.00000355e-01],
       [ -4.03122206e-04],
       [ -5.00000337e-01],
       [ -4.99999999e-01],
       [  5.87377747e-03],
       [ -5.00000100e-01],
       [ -5.00000019e-01],
       [ -5.00000055e-01],
       [ -5.00000066e-01],
       [ -5.00000012e-01],
       [ -5.00000091e-01],
       [  1.04153869e-02]])
array([[ -3.41528637e+01],
       [ -3.45818591e+01],
       [ -3.34315391e+01],
       [ -4.21480849e+00],
       [ -3.35233590e+01],
       [ -2.90306299e-01],
       [ -3.44309378e+01],
       [ -3.47840742e+01],
       [ -3.36481322e+01],
       [ -3.41025581e+01],
       [ -3.47676808e+01],
       [ -3.45714232e+01],
       [ -3.36289080e+01],
       [ -5.98189690e-01],
       [ -3.37955431e+01],
       [ -3.45993307e+01],
       [ -3.37234486e+01],
       [ -3.45162921e+01],
       [ -3.34932874e+01],
       [ -3.46487129e+01],
       [ -3.34734459e+01],
       [ -3.43310262e-01],
       [ -3.40826093e+01],
       [ -2.61386317e-02],
       [ -3.33503379e+01],
       [ -3.41064398e+01],
       [ -3.18820202e+01],
       [ -3.46823285e+01],
       [ -3.04506813e+01],
       [ -5.20236191e-01],
       [ -3.16995054e+01],
       [ -3.33696078e+01],
       [ -1.74189202e-02],
       [ -3.40881517e+01],
       [ -3.34693820e+01],
       [ -3.46439775e+01],
       [ -3.45363879e+01],
       [ -3.36712102e+01],
       [ -3.41570980e+01],
       [  5.78374600e-02]])
<<<<<<<<<<< STEP 12 >>>>>>>>>>>> + array([[ -5.00000071e-01],
       [ -5.00000040e-01],
       [ -4.99999996e-01],
       [ -5.01493575e-02],
       [ -4.99999994e-01],
       [ -3.03594005e-03],
       [ -5.00000041e-01],
       [ -5.00000051e-01],
       [ -5.00000003e-01],
       [ -5.00000015e-01],
       [ -5.00000036e-01],
       [ -5.00000038e-01],
       [ -5.00000005e-01],
       [ -5.44068653e-03],
       [ -5.00000020e-01],
       [ -5.00000046e-01],
       [ -4.99999996e-01],
       [ -5.00000045e-01],
       [ -5.00000008e-01],
       [ -5.00000044e-01],
       [ -5.00000073e-01],
       [ -8.62655138e-04],
       [ -5.00000075e-01],
       [  6.52348117e-03],
       [ -4.99999994e-01],
       [ -5.00000073e-01],
       [ -5.00000229e-01],
       [ -5.00000046e-01],
       [ -5.00000279e-01],
       [ -4.28725997e-04],
       [ -5.00000264e-01],
       [ -4.99999999e-01],
       [  5.86901133e-03],
       [ -5.00000078e-01],
       [ -5.00000015e-01],
       [ -5.00000043e-01],
       [ -5.00000052e-01],
       [ -5.00000009e-01],
       [ -5.00000071e-01],
       [  1.03704571e-02]])
array([[ -3.46528638e+01],
       [ -3.50818592e+01],
       [ -3.39315391e+01],
       [ -4.26495785e+00],
       [ -3.40233590e+01],
       [ -2.93342240e-01],
       [ -3.49309378e+01],
       [ -3.52840742e+01],
       [ -3.41481322e+01],
       [ -3.46025581e+01],
       [ -3.52676808e+01],
       [ -3.50714233e+01],
       [ -3.41289080e+01],
       [ -6.03630377e-01],
       [ -3.42955431e+01],
       [ -3.50993308e+01],
       [ -3.42234486e+01],
       [ -3.50162922e+01],
       [ -3.39932874e+01],
       [ -3.51487130e+01],
       [ -3.39734459e+01],
       [ -3.44172917e-01],
       [ -3.45826094e+01],
       [ -1.96151506e-02],
       [ -3.38503379e+01],
       [ -3.46064398e+01],
       [ -3.23820204e+01],
       [ -3.51823285e+01],
       [ -3.09506816e+01],
       [ -5.20664917e-01],
       [ -3.21995056e+01],
       [ -3.38696078e+01],
       [ -1.15499089e-02],
       [ -3.45881517e+01],
       [ -3.39693820e+01],
       [ -3.51439776e+01],
       [ -3.50363880e+01],
       [ -3.41712102e+01],
       [ -3.46570981e+01],
       [  6.82079170e-02]])
<<<<<<<<<<< STEP 13 >>>>>>>>>>>> + array([[ -5.00000055e-01],
       [ -5.00000031e-01],
       [ -4.99999997e-01],
       [ -5.36000304e-02],
       [ -4.99999995e-01],
       [ -3.08452145e-03],
       [ -5.00000032e-01],
       [ -5.00000040e-01],
       [ -5.00000003e-01],
       [ -5.00000012e-01],
       [ -5.00000028e-01],
       [ -5.00000029e-01],
       [ -5.00000004e-01],
       [ -5.47594951e-03],
       [ -5.00000016e-01],
       [ -5.00000036e-01],
       [ -4.99999997e-01],
       [ -5.00000035e-01],
       [ -5.00000006e-01],
       [ -5.00000034e-01],
       [ -5.00000057e-01],
       [ -8.64702660e-04],
       [ -5.00000059e-01],
       [  6.52011774e-03],
       [ -4.99999996e-01],
       [ -5.00000057e-01],
       [ -5.00000179e-01],
       [ -5.00000036e-01],
       [ -5.00000218e-01],
       [ -4.54603635e-04],
       [ -5.00000206e-01],
       [ -4.99999999e-01],
       [  5.86378684e-03],
       [ -5.00000061e-01],
       [ -5.00000012e-01],
       [ -5.00000034e-01],
       [ -5.00000040e-01],
       [ -5.00000007e-01],
       [ -5.00000056e-01],
       [  1.03254525e-02]])
array([[ -3.51528639e+01],
       [ -3.55818592e+01],
       [ -3.44315391e+01],
       [ -4.31855788e+00],
       [ -3.45233590e+01],
       [ -2.96426761e-01],
       [ -3.54309378e+01],
       [ -3.57840743e+01],
       [ -3.46481322e+01],
       [ -3.51025582e+01],
       [ -3.57676809e+01],
       [ -3.55714233e+01],
       [ -3.46289080e+01],
       [ -6.09106326e-01],
       [ -3.47955431e+01],
       [ -3.55993308e+01],
       [ -3.47234486e+01],
       [ -3.55162922e+01],
       [ -3.44932874e+01],
       [ -3.56487130e+01],
       [ -3.44734460e+01],
       [ -3.45037620e-01],
       [ -3.50826094e+01],
       [ -1.30950328e-02],
       [ -3.43503379e+01],
       [ -3.51064399e+01],
       [ -3.28820206e+01],
       [ -3.56823285e+01],
       [ -3.14506818e+01],
       [ -5.21119520e-01],
       [ -3.26995058e+01],
       [ -3.43696078e+01],
       [ -5.68612207e-03],
       [ -3.50881518e+01],
       [ -3.44693821e+01],
       [ -3.56439776e+01],
       [ -3.55363880e+01],
       [ -3.46712103e+01],
       [ -3.51570981e+01],
       [  7.85333696e-02]])
<<<<<<<<<<< STEP 14 >>>>>>>>>>>> + array([[ -5.00000043e-01],
       [ -5.00000025e-01],
       [ -4.99999998e-01],
       [ -5.74806302e-02],
       [ -4.99999996e-01],
       [ -3.13084515e-03],
       [ -5.00000025e-01],
       [ -5.00000031e-01],
       [ -5.00000002e-01],
       [ -5.00000009e-01],
       [ -5.00000022e-01],
       [ -5.00000023e-01],
       [ -5.00000003e-01],
       [ -5.50996783e-03],
       [ -5.00000012e-01],
       [ -5.00000028e-01],
       [ -4.99999998e-01],
       [ -5.00000027e-01],
       [ -5.00000005e-01],
       [ -5.00000027e-01],
       [ -5.00000045e-01],
       [ -8.66950205e-04],
       [ -5.00000046e-01],
       [  6.51637875e-03],
       [ -4.99999997e-01],
       [ -5.00000044e-01],
       [ -5.00000140e-01],
       [ -5.00000028e-01],
       [ -5.00000171e-01],
       [ -4.80864054e-04],
       [ -5.00000161e-01],
       [ -5.00000000e-01],
       [  5.85786236e-03],
       [ -5.00000048e-01],
       [ -5.00000009e-01],
       [ -5.00000026e-01],
       [ -5.00000032e-01],
       [ -5.00000006e-01],
       [ -5.00000044e-01],
       [  1.02801014e-02]])
array([[ -3.56528639e+01],
       [ -3.60818592e+01],
       [ -3.49315391e+01],
       [ -4.37603851e+00],
       [ -3.50233590e+01],
       [ -2.99557606e-01],
       [ -3.59309379e+01],
       [ -3.62840743e+01],
       [ -3.51481322e+01],
       [ -3.56025582e+01],
       [ -3.62676809e+01],
       [ -3.60714233e+01],
       [ -3.51289080e+01],
       [ -6.14616294e-01],
       [ -3.52955432e+01],
       [ -3.60993308e+01],
       [ -3.52234486e+01],
       [ -3.60162923e+01],
       [ -3.49932874e+01],
       [ -3.61487130e+01],
       [ -3.49734460e+01],
       [ -3.45904570e-01],
       [ -3.55826095e+01],
       [ -6.57865406e-03],
       [ -3.48503379e+01],
       [ -3.56064399e+01],
       [ -3.33820207e+01],
       [ -3.61823286e+01],
       [ -3.19506820e+01],
       [ -5.21600384e-01],
       [ -3.31995060e+01],
       [ -3.48696078e+01],
       [  1.71740291e-04],
       [ -3.55881518e+01],
       [ -3.49693821e+01],
       [ -3.61439776e+01],
       [ -3.60363881e+01],
       [ -3.51712103e+01],
       [ -3.56570982e+01],
       [  8.88134710e-02]])
<<<<<<<<<<< STEP 15 >>>>>>>>>>>> + array([[-0.50000003],
       [-0.50000002],
       [-0.5       ],
       [-0.06186759],
       [-0.5       ],
       [-0.00317406],
       [-0.50000002],
       [-0.50000002],
       [-0.5       ],
       [-0.50000001],
       [-0.50000002],
       [-0.50000002],
       [-0.5       ],
       [-0.00554214],
       [-0.50000001],
       [-0.50000002],
       [-0.5       ],
       [-0.50000002],
       [-0.5       ],
       [-0.50000002],
       [-0.50000003],
       [-0.00086945],
       [-0.50000004],
       [ 0.00651206],
       [-0.5       ],
       [-0.50000003],
       [-0.50000011],
       [-0.50000002],
       [-0.50000013],
       [-0.00050765],
       [-0.50000013],
       [-0.5       ],
       [ 0.00585093],
       [-0.50000004],
       [-0.50000001],
       [-0.50000002],
       [-0.50000002],
       [-0.5       ],
       [-0.50000003],
       [ 0.01023406]])
array([[ -3.61528639e+01],
       [ -3.65818592e+01],
       [ -3.54315391e+01],
       [ -4.43790610e+00],
       [ -3.55233590e+01],
       [ -3.02731663e-01],
       [ -3.64309379e+01],
       [ -3.67840743e+01],
       [ -3.56481322e+01],
       [ -3.61025582e+01],
       [ -3.67676809e+01],
       [ -3.65714233e+01],
       [ -3.56289080e+01],
       [ -6.20158439e-01],
       [ -3.57955432e+01],
       [ -3.65993308e+01],
       [ -3.57234486e+01],
       [ -3.65162923e+01],
       [ -3.54932874e+01],
       [ -3.66487131e+01],
       [ -3.54734461e+01],
       [ -3.46774018e-01],
       [ -3.60826095e+01],
       [ -6.65953387e-05],
       [ -3.53503379e+01],
       [ -3.61064400e+01],
       [ -3.38820208e+01],
       [ -3.66823286e+01],
       [ -3.24506821e+01],
       [ -5.22108030e-01],
       [ -3.36995061e+01],
       [ -3.53696078e+01],
       [  6.02266771e-03],
       [ -3.60881519e+01],
       [ -3.54693821e+01],
       [ -3.66439777e+01],
       [ -3.65363881e+01],
       [ -3.56712103e+01],
       [ -3.61570982e+01],
       [  9.90475292e-02]])
<<<<<<<<<<< STEP 16 >>>>>>>>>>>> + array([[-0.50000003],
       [-0.50000002],
       [-0.5       ],
       [-0.06685445],
       [-0.5       ],
       [-0.00321305],
       [-0.50000002],
       [-0.50000002],
       [-0.5       ],
       [-0.50000001],
       [-0.50000001],
       [-0.50000001],
       [-0.5       ],
       [-0.00557171],
       [-0.50000001],
       [-0.50000002],
       [-0.5       ],
       [-0.50000002],
       [-0.5       ],
       [-0.50000002],
       [-0.50000003],
       [-0.00087226],
       [-0.50000003],
       [ 0.00650689],
       [-0.5       ],
       [-0.50000003],
       [-0.50000009],
       [-0.50000002],
       [-0.5000001 ],
       [-0.00053513],
       [-0.5000001 ],
       [-0.5       ],
       [ 0.00584258],
       [-0.50000003],
       [-0.50000001],
       [-0.50000002],
       [-0.50000002],
       [-0.5       ],
       [-0.50000003],
       [ 0.01018688]])
array([[ -3.66528640e+01],
       [ -3.70818592e+01],
       [ -3.59315391e+01],
       [ -4.50476054e+00],
       [ -3.60233590e+01],
       [ -3.05944717e-01],
       [ -3.69309379e+01],
       [ -3.72840743e+01],
       [ -3.61481322e+01],
       [ -3.66025582e+01],
       [ -3.72676809e+01],
       [ -3.70714233e+01],
       [ -3.61289080e+01],
       [ -6.25730147e-01],
       [ -3.62955432e+01],
       [ -3.70993309e+01],
       [ -3.62234486e+01],
       [ -3.70162923e+01],
       [ -3.59932874e+01],
       [ -3.71487131e+01],
       [ -3.59734461e+01],
       [ -3.47646279e-01],
       [ -3.65826095e+01],
       [  6.44029776e-03],
       [ -3.58503379e+01],
       [ -3.66064400e+01],
       [ -3.43820209e+01],
       [ -3.71823286e+01],
       [ -3.29506822e+01],
       [ -5.22643158e-01],
       [ -3.41995062e+01],
       [ -3.58696078e+01],
       [  1.18652500e-02],
       [ -3.65881519e+01],
       [ -3.59693821e+01],
       [ -3.71439777e+01],
       [ -3.70363881e+01],
       [ -3.61712103e+01],
       [ -3.66570982e+01],
       [  1.09234411e-01]])
<<<<<<<<<<< STEP 17 >>>>>>>>>>>> + array([[-0.50000002],
       [-0.50000001],
       [-0.5       ],
       [-0.07255628],
       [-0.5       ],
       [-0.00324642],
       [-0.50000001],
       [-0.50000001],
       [-0.5       ],
       [-0.5       ],
       [-0.50000001],
       [-0.50000001],
       [-0.5       ],
       [-0.00559766],
       [-0.50000001],
       [-0.50000001],
       [-0.5       ],
       [-0.50000001],
       [-0.5       ],
       [-0.50000001],
       [-0.50000002],
       [-0.00087547],
       [-0.50000002],
       [ 0.00650054],
       [-0.5       ],
       [-0.50000002],
       [-0.50000007],
       [-0.50000001],
       [-0.50000008],
       [-0.00056354],
       [-0.50000008],
       [-0.5       ],
       [ 0.00583231],
       [-0.50000002],
       [-0.5       ],
       [-0.50000001],
       [-0.50000002],
       [-0.5       ],
       [-0.50000002],
       [ 0.01013801]])
array([[ -3.71528640e+01],
       [ -3.75818593e+01],
       [ -3.64315391e+01],
       [ -4.57731682e+00],
       [ -3.65233590e+01],
       [ -3.09191133e-01],
       [ -3.74309379e+01],
       [ -3.77840743e+01],
       [ -3.66481322e+01],
       [ -3.71025582e+01],
       [ -3.77676809e+01],
       [ -3.75714234e+01],
       [ -3.66289080e+01],
       [ -6.31327803e-01],
       [ -3.67955432e+01],
       [ -3.75993309e+01],
       [ -3.67234486e+01],
       [ -3.75162923e+01],
       [ -3.64932874e+01],
       [ -3.76487131e+01],
       [ -3.64734461e+01],
       [ -3.48521751e-01],
       [ -3.70826096e+01],
       [  1.29408384e-02],
       [ -3.63503379e+01],
       [ -3.71064400e+01],
       [ -3.48820210e+01],
       [ -3.76823286e+01],
       [ -3.34506823e+01],
       [ -5.23206695e-01],
       [ -3.46995063e+01],
       [ -3.63696078e+01],
       [  1.76975613e-02],
       [ -3.70881519e+01],
       [ -3.64693821e+01],
       [ -3.76439777e+01],
       [ -3.75363881e+01],
       [ -3.66712103e+01],
       [ -3.71570983e+01],
       [  1.19372419e-01]])
<<<<<<<<<<< STEP 18 >>>>>>>>>>>> + array([[-0.50000002],
       [-0.50000001],
       [-0.5       ],
       [-0.07911518],
       [-0.5       ],
       [-0.0032723 ],
       [-0.50000001],
       [-0.50000001],
       [-0.5       ],
       [-0.5       ],
       [-0.50000001],
       [-0.50000001],
       [-0.5       ],
       [-0.00561869],
       [-0.5       ],
       [-0.50000001],
       [-0.5       ],
       [-0.50000001],
       [-0.5       ],
       [-0.50000001],
       [-0.50000002],
       [-0.00087919],
       [-0.50000002],
       [ 0.00649256],
       [-0.5       ],
       [-0.50000002],
       [-0.50000005],
       [-0.50000001],
       [-0.50000006],
       [-0.00059317],
       [-0.50000006],
       [-0.5       ],
       [ 0.00581945],
       [-0.50000002],
       [-0.5       ],
       [-0.50000001],
       [-0.50000001],
       [-0.5       ],
       [-0.50000002],
       [ 0.01008671]])
array([[ -3.76528640e+01],
       [ -3.80818593e+01],
       [ -3.69315391e+01],
       [ -4.65643200e+00],
       [ -3.70233590e+01],
       [ -3.12463434e-01],
       [ -3.79309379e+01],
       [ -3.82840744e+01],
       [ -3.71481322e+01],
       [ -3.76025582e+01],
       [ -3.82676809e+01],
       [ -3.80714234e+01],
       [ -3.71289080e+01],
       [ -6.36946491e-01],
       [ -3.72955432e+01],
       [ -3.80993309e+01],
       [ -3.72234486e+01],
       [ -3.80162923e+01],
       [ -3.69932874e+01],
       [ -3.81487131e+01],
       [ -3.69734461e+01],
       [ -3.49400943e-01],
       [ -3.75826096e+01],
       [  1.94333988e-02],
       [ -3.68503379e+01],
       [ -3.76064400e+01],
       [ -3.53820210e+01],
       [ -3.81823286e+01],
       [ -3.39506824e+01],
       [ -5.23799863e-01],
       [ -3.51995064e+01],
       [ -3.68696078e+01],
       [  2.35170090e-02],
       [ -3.75881520e+01],
       [ -3.69693821e+01],
       [ -3.81439777e+01],
       [ -3.80363881e+01],
       [ -3.71712103e+01],
       [ -3.76570983e+01],
       [  1.29459129e-01]])
<<<<<<<<<<< STEP 19 >>>>>>>>>>>> + array([[-0.50000001],
       [-0.50000001],
       [-0.5       ],
       [-0.08670714],
       [-0.5       ],
       [-0.00328833],
       [-0.50000001],
       [-0.50000001],
       [-0.5       ],
       [-0.5       ],
       [-0.50000001],
       [-0.50000001],
       [-0.5       ],
       [-0.00563311],
       [-0.5       ],
       [-0.50000001],
       [-0.5       ],
       [-0.50000001],
       [-0.5       ],
       [-0.50000001],
       [-0.50000001],
       [-0.00088356],
       [-0.50000001],
       [ 0.00648238],
       [-0.5       ],
       [-0.50000001],
       [-0.50000004],
       [-0.50000001],
       [-0.50000005],
       [-0.0006244 ],
       [-0.50000005],
       [-0.5       ],
       [ 0.00580313],
       [-0.50000001],
       [-0.5       ],
       [-0.50000001],
       [-0.50000001],
       [-0.5       ],
       [-0.50000001],
       [ 0.01003205]])
array([[ -3.81528640e+01],
       [ -3.85818593e+01],
       [ -3.74315391e+01],
       [ -4.74313913e+00],
       [ -3.75233590e+01],
       [ -3.15751764e-01],
       [ -3.84309379e+01],
       [ -3.87840744e+01],
       [ -3.76481322e+01],
       [ -3.81025582e+01],
       [ -3.87676809e+01],
       [ -3.85714234e+01],
       [ -3.76289080e+01],
       [ -6.42579606e-01],
       [ -3.77955432e+01],
       [ -3.85993309e+01],
       [ -3.77234486e+01],
       [ -3.85162923e+01],
       [ -3.74932874e+01],
       [ -3.86487131e+01],
       [ -3.74734462e+01],
       [ -3.50284505e-01],
       [ -3.80826096e+01],
       [  2.59157802e-02],
       [ -3.73503379e+01],
       [ -3.81064401e+01],
       [ -3.58820211e+01],
       [ -3.86823286e+01],
       [ -3.44506824e+01],
       [ -5.24424263e-01],
       [ -3.56995064e+01],
       [ -3.73696078e+01],
       [  2.93201376e-02],
       [ -3.80881520e+01],
       [ -3.74693821e+01],
       [ -3.86439777e+01],
       [ -3.85363882e+01],
       [ -3.76712103e+01],
       [ -3.81570983e+01],
       [  1.39491184e-01]])
<<<<<<<<<<< STEP 20 >>>>>>>>>>>> + array([[-0.50000001],
       [-0.50000001],
       [-0.5       ],
       [-0.09555024],
       [-0.5       ],
       [-0.00329141],
       [-0.50000001],
       [-0.50000001],
       [-0.5       ],
       [-0.5       ],
       [-0.5       ],
       [-0.50000001],
       [-0.5       ],
       [-0.00563874],
       [-0.5       ],
       [-0.50000001],
       [-0.5       ],
       [-0.50000001],
       [-0.5       ],
       [-0.50000001],
       [-0.50000001],
       [-0.00088877],
       [-0.50000001],
       [ 0.00646926],
       [-0.5       ],
       [-0.50000001],
       [-0.50000003],
       [-0.50000001],
       [-0.50000004],
       [-0.00065773],
       [-0.50000004],
       [-0.5       ],
       [ 0.00578224],
       [-0.50000001],
       [-0.5       ],
       [-0.50000001],
       [-0.50000001],
       [-0.5       ],
       [-0.50000001],
       [ 0.00997284]])
array([[ -3.86528640e+01],
       [ -3.90818593e+01],
       [ -3.79315391e+01],
       [ -4.83868937e+00],
       [ -3.80233590e+01],
       [ -3.19043179e-01],
       [ -3.89309379e+01],
       [ -3.92840744e+01],
       [ -3.81481322e+01],
       [ -3.86025582e+01],
       [ -3.92676809e+01],
       [ -3.90714234e+01],
       [ -3.81289080e+01],
       [ -6.48218343e-01],
       [ -3.82955432e+01],
       [ -3.90993309e+01],
       [ -3.82234486e+01],
       [ -3.90162923e+01],
       [ -3.79932874e+01],
       [ -3.91487131e+01],
       [ -3.79734462e+01],
       [ -3.51173271e-01],
       [ -3.85826096e+01],
       [  3.23850450e-02],
       [ -3.78503379e+01],
       [ -3.86064401e+01],
       [ -3.63820211e+01],
       [ -3.91823286e+01],
       [ -3.49506825e+01],
       [ -5.25081988e-01],
       [ -3.61995064e+01],
       [ -3.78696078e+01],
       [  3.51023735e-02],
       [ -3.85881520e+01],
       [ -3.79693821e+01],
       [ -3.91439777e+01],
       [ -3.90363882e+01],
       [ -3.81712103e+01],
       [ -3.86570983e+01],
       [  1.49464021e-01]])
<<<<<<<<<<< STEP 21 >>>>>>>>>>>> + array([[-0.50000001],
       [-0.5       ],
       [-0.5       ],
       [-0.10591398],
       [-0.5       ],
       [-0.00327757],
       [-0.5       ],
       [-0.50000001],
       [-0.5       ],
       [-0.5       ],
       [-0.5       ],
       [-0.5       ],
       [-0.5       ],
       [-0.00563271],
       [-0.5       ],
       [-0.5       ],
       [-0.5       ],
       [-0.5       ],
       [-0.5       ],
       [-0.5       ],
       [-0.50000001],
       [-0.00089504],
       [-0.50000001],
       [ 0.00645226],
       [-0.5       ],
       [-0.50000001],
       [-0.50000002],
       [-0.5       ],
       [-0.50000003],
       [-0.00069378],
       [-0.50000003],
       [-0.5       ],
       [ 0.00575532],
       [-0.50000001],
       [-0.5       ],
       [-0.5       ],
       [-0.50000001],
       [-0.5       ],
       [-0.50000001],
       [ 0.00990751]])
array([[ -3.91528640e+01],
       [ -3.95818593e+01],
       [ -3.84315391e+01],
       [ -4.94460335e+00],
       [ -3.85233590e+01],
       [ -3.22320751e-01],
       [ -3.94309379e+01],
       [ -3.97840744e+01],
       [ -3.86481322e+01],
       [ -3.91025582e+01],
       [ -3.97676810e+01],
       [ -3.95714234e+01],
       [ -3.86289080e+01],
       [ -6.53851049e-01],
       [ -3.87955432e+01],
       [ -3.95993309e+01],
       [ -3.87234486e+01],
       [ -3.95162923e+01],
       [ -3.84932874e+01],
       [ -3.96487131e+01],
       [ -3.84734462e+01],
       [ -3.52068313e-01],
       [ -3.90826096e+01],
       [  3.88373009e-02],
       [ -3.83503379e+01],
       [ -3.91064401e+01],
       [ -3.68820211e+01],
       [ -3.96823287e+01],
       [ -3.54506825e+01],
       [ -5.25775765e-01],
       [ -3.66995065e+01],
       [ -3.83696078e+01],
       [  4.08576982e-02],
       [ -3.90881520e+01],
       [ -3.84693821e+01],
       [ -3.96439777e+01],
       [ -3.95363882e+01],
       [ -3.86712103e+01],
       [ -3.91570983e+01],
       [  1.59371527e-01]])
<<<<<<<<<<< STEP 22 >>>>>>>>>>>> + array([[-0.50000001],
       [-0.5       ],
       [-0.5       ],
       [-0.11812873],
       [-0.5       ],
       [-0.00324168],
       [-0.5       ],
       [-0.5       ],
       [-0.5       ],
       [-0.5       ],
       [-0.5       ],
       [-0.5       ],
       [-0.5       ],
       [-0.00561134],
       [-0.5       ],
       [-0.5       ],
       [-0.5       ],
       [-0.5       ],
       [-0.5       ],
       [-0.5       ],
       [-0.50000001],
       [-0.0009027 ],
       [-0.50000001],
       [ 0.00643013],
       [-0.5       ],
       [-0.50000001],
       [-0.50000002],
       [-0.5       ],
       [-0.50000002],
       [-0.00073337],
       [-0.50000002],
       [-0.5       ],
       [ 0.00572054],
       [-0.50000001],
       [-0.5       ],
       [-0.5       ],
       [-0.5       ],
       [-0.5       ],
       [-0.50000001],
       [ 0.00983407]])
array([[-39.65286403],
       [-40.08185929],
       [-38.93153908],
       [ -5.06273207],
       [-39.02335901],
       [ -0.32556243],
       [-39.93093794],
       [-40.28407438],
       [-39.14813217],
       [-39.60255819],
       [-40.26768096],
       [-40.07142338],
       [-39.128908  ],
       [ -0.65946239],
       [-39.29554319],
       [-40.09933091],
       [-39.22344858],
       [-40.01629234],
       [-38.99328744],
       [-40.14871311],
       [-38.97344618],
       [ -0.35297101],
       [-39.58260963],
       [  0.04526743],
       [-38.85033792],
       [-39.60644008],
       [-37.38202113],
       [-40.18232865],
       [-35.95068253],
       [ -0.52650914],
       [-37.1995065 ],
       [-38.86960779],
       [  0.04657823],
       [-39.58815199],
       [-38.96938209],
       [-40.14397773],
       [-40.03638817],
       [-39.17121028],
       [-39.65709832],
       [  0.1692056 ]])
<<<<<<<<<<< STEP 23 >>>>>>>>>>>> + array([[-0.5       ],
       [-0.5       ],
       [-0.5       ],
       [-0.13259259],
       [-0.5       ],
       [-0.00317722],
       [-0.5       ],
       [-0.5       ],
       [-0.5       ],
       [-0.5       ],
       [-0.5       ],
       [-0.5       ],
       [-0.5       ],
       [-0.00556994],
       [-0.5       ],
       [-0.5       ],
       [-0.5       ],
       [-0.5       ],
       [-0.5       ],
       [-0.5       ],
       [-0.5       ],
       [-0.00091213],
       [-0.5       ],
       [ 0.00640131],
       [-0.5       ],
       [-0.5       ],
       [-0.50000001],
       [-0.5       ],
       [-0.50000002],
       [-0.00077754],
       [-0.50000002],
       [-0.5       ],
       [ 0.0056755 ],
       [-0.50000001],
       [-0.5       ],
       [-0.5       ],
       [-0.5       ],
       [-0.5       ],
       [-0.5       ],
       [ 0.00975002]])
array([[-40.15286404],
       [-40.58185929],
       [-39.43153908],
       [ -5.19532467],
       [-39.52335901],
       [ -0.32873965],
       [-40.43093795],
       [-40.78407439],
       [-39.64813217],
       [-40.10255819],
       [-40.76768096],
       [-40.57142338],
       [-39.628908  ],
       [ -0.66503233],
       [-39.7955432 ],
       [-40.59933091],
       [-39.72344858],
       [-40.51629234],
       [-39.49328744],
       [-40.64871311],
       [-39.47344619],
       [ -0.35388314],
       [-40.08260963],
       [  0.05166874],
       [-39.35033792],
       [-40.10644008],
       [-37.88202115],
       [-40.68232866],
       [-36.45068255],
       [ -0.52728668],
       [-37.69950651],
       [-39.36960779],
       [  0.05225374],
       [-40.08815199],
       [-39.46938209],
       [-40.64397773],
       [-40.53638817],
       [-39.67121028],
       [-40.15709832],
       [  0.17895562]])
<<<<<<<<<<< STEP 24 >>>>>>>>>>>> + array([[-0.5       ],
       [-0.5       ],
       [-0.5       ],
       [-0.14977032],
       [-0.5       ],
       [-0.00307604],
       [-0.5       ],
       [-0.5       ],
       [-0.5       ],
       [-0.5       ],
       [-0.5       ],
       [-0.5       ],
       [-0.5       ],
       [-0.00550261],
       [-0.5       ],
       [-0.5       ],
       [-0.5       ],
       [-0.5       ],
       [-0.5       ],
       [-0.5       ],
       [-0.5       ],
       [-0.00092382],
       [-0.5       ],
       [ 0.00636386],
       [-0.5       ],
       [-0.5       ],
       [-0.50000001],
       [-0.5       ],
       [-0.50000001],
       [-0.00082759],
       [-0.50000001],
       [-0.5       ],
       [ 0.00561726],
       [-0.5       ],
       [-0.5       ],
       [-0.5       ],
       [-0.5       ],
       [-0.5       ],
       [-0.5       ],
       [ 0.0096522 ]])
array([[-40.65286404],
       [-41.0818593 ],
       [-39.93153908],
       [ -5.34509499],
       [-40.02335901],
       [ -0.33181569],
       [-40.93093795],
       [-41.28407439],
       [-40.14813217],
       [-40.60255819],
       [-41.26768096],
       [-41.07142339],
       [-40.128908  ],
       [ -0.67053494],
       [-40.2955432 ],
       [-41.09933092],
       [-40.22344858],
       [-41.01629234],
       [-39.99328744],
       [-41.14871312],
       [-39.97344619],
       [ -0.35480696],
       [-40.58260963],
       [  0.0580326 ],
       [-39.85033792],
       [-40.60644008],
       [-38.38202116],
       [-41.18232866],
       [-36.95068257],
       [ -0.52811427],
       [-38.19950653],
       [-39.86960779],
       [  0.05787099],
       [-40.588152  ],
       [-39.96938209],
       [-41.14397773],
       [-41.03638817],
       [-40.17121028],
       [-40.65709833],
       [  0.18860783]])
<<<<<<<<<<< STEP 25 >>>>>>>>>>>> + array([[-0.5       ],
       [-0.5       ],
       [-0.5       ],
       [-0.1701732 ],
       [-0.5       ],
       [-0.00292829],
       [-0.5       ],
       [-0.5       ],
       [-0.5       ],
       [-0.5       ],
       [-0.5       ],
       [-0.5       ],
       [-0.5       ],
       [-0.00540216],
       [-0.5       ],
       [-0.5       ],
       [-0.5       ],
       [-0.5       ],
       [-0.5       ],
       [-0.5       ],
       [-0.5       ],
       [-0.00093837],
       [-0.5       ],
       [ 0.00631539],
       [-0.5       ],
       [-0.5       ],
       [-0.50000001],
       [-0.5       ],
       [-0.50000001],
       [-0.00088509],
       [-0.50000001],
       [-0.5       ],
       [ 0.00554221],
       [-0.5       ],
       [-0.5       ],
       [-0.5       ],
       [-0.5       ],
       [-0.5       ],
       [-0.5       ],
       [ 0.00953683]])
array([[-41.15286404],
       [-41.5818593 ],
       [-40.43153908],
       [ -5.51526819],
       [-40.52335901],
       [ -0.33474398],
       [-41.43093795],
       [-41.78407439],
       [-40.64813217],
       [-41.10255819],
       [-41.76768096],
       [-41.57142339],
       [-40.628908  ],
       [ -0.67593709],
       [-40.7955432 ],
       [-41.59933092],
       [-40.72344858],
       [-41.51629235],
       [-40.49328744],
       [-41.64871312],
       [-40.47344619],
       [ -0.35574533],
       [-41.08260964],
       [  0.06434799],
       [-40.35033792],
       [-41.10644009],
       [-38.88202117],
       [-41.68232866],
       [-37.45068258],
       [ -0.52899936],
       [-38.69950654],
       [-40.36960779],
       [  0.0634132 ],
       [-41.088152  ],
       [-40.46938209],
       [-41.64397773],
       [-41.53638818],
       [-40.67121028],
       [-41.15709833],
       [  0.19814465]])
<<<<<<<<<<< STEP 26 >>>>>>>>>>>> + array([[-0.5       ],
       [-0.5       ],
       [-0.5       ],
       [-0.1943018 ],
       [-0.5       ],
       [-0.00272268],
       [-0.5       ],
       [-0.5       ],
       [-0.5       ],
       [-0.5       ],
       [-0.5       ],
       [-0.5       ],
       [-0.5       ],
       [-0.00526029],
       [-0.5       ],
       [-0.5       ],
       [-0.5       ],
       [-0.5       ],
       [-0.5       ],
       [-0.5       ],
       [-0.5       ],
       [-0.00095647],
       [-0.5       ],
       [ 0.00625317],
       [-0.5       ],
       [-0.5       ],
       [-0.50000001],
       [-0.5       ],
       [-0.50000001],
       [-0.00095183],
       [-0.50000001],
       [-0.5       ],
       [ 0.00544622],
       [-0.5       ],
       [-0.5       ],
       [-0.5       ],
       [-0.5       ],
       [-0.5       ],
       [-0.5       ],
       [ 0.00939955]])
array([[-41.65286404],
       [-42.0818593 ],
       [-40.93153908],
       [ -5.70956998],
       [-41.02335901],
       [ -0.33746665],
       [-41.93093795],
       [-42.28407439],
       [-41.14813217],
       [-41.60255819],
       [-42.26768096],
       [-42.07142339],
       [-41.128908  ],
       [ -0.68119738],
       [-41.2955432 ],
       [-42.09933092],
       [-41.22344858],
       [-42.01629235],
       [-40.99328744],
       [-42.14871312],
       [-40.9734462 ],
       [ -0.35670181],
       [-41.58260964],
       [  0.07060116],
       [-40.85033792],
       [-41.60644009],
       [-39.38202118],
       [-42.18232866],
       [-37.95068258],
       [ -0.52995119],
       [-39.19950654],
       [-40.86960779],
       [  0.06885942],
       [-41.588152  ],
       [-40.96938209],
       [-42.14397774],
       [-42.03638818],
       [-41.17121028],
       [-41.65709833],
       [  0.2075442 ]])
<<<<<<<<<<< STEP 27 >>>>>>>>>>>> + array([[-0.5       ],
       [-0.5       ],
       [-0.5       ],
       [-0.22252528],
       [-0.5       ],
       [-0.00244743],
       [-0.5       ],
       [-0.5       ],
       [-0.5       ],
       [-0.5       ],
       [-0.5       ],
       [-0.5       ],
       [-0.5       ],
       [-0.00506826],
       [-0.5       ],
       [-0.5       ],
       [-0.5       ],
       [-0.5       ],
       [-0.5       ],
       [-0.5       ],
       [-0.5       ],
       [-0.00097883],
       [-0.5       ],
       [ 0.00617433],
       [-0.5       ],
       [-0.5       ],
       [-0.50000001],
       [-0.5       ],
       [-0.50000001],
       [-0.00102967],
       [-0.50000001],
       [-0.5       ],
       [ 0.00532497],
       [-0.5       ],
       [-0.5       ],
       [-0.5       ],
       [-0.5       ],
       [-0.5       ],
       [-0.5       ],
       [ 0.00923589]])
array([[-42.15286405],
       [-42.5818593 ],
       [-41.43153908],
       [ -5.93209527],
       [-41.52335901],
       [ -0.33991408],
       [-42.43093795],
       [-42.78407439],
       [-41.64813217],
       [-42.10255819],
       [-42.76768096],
       [-42.57142339],
       [-41.628908  ],
       [ -0.68626564],
       [-41.7955432 ],
       [-42.59933092],
       [-41.72344858],
       [-42.51629235],
       [-41.49328744],
       [-42.64871312],
       [-41.4734462 ],
       [ -0.35768064],
       [-42.08260964],
       [  0.07677549],
       [-41.35033792],
       [-42.10644009],
       [-39.88202118],
       [-42.68232866],
       [-38.45068259],
       [ -0.53098086],
       [-39.69950655],
       [-41.36960779],
       [  0.07418439],
       [-42.08815201],
       [-41.46938209],
       [-42.64397774],
       [-42.53638818],
       [-41.67121028],
       [-42.15709833],
       [  0.21678009]])
<<<<<<<<<<< STEP 28 >>>>>>>>>>>> + array([[-0.5       ],
       [-0.5       ],
       [-0.5       ],
       [-0.25487391],
       [-0.5       ],
       [-0.00209246],
       [-0.5       ],
       [-0.5       ],
       [-0.5       ],
       [-0.5       ],
       [-0.5       ],
       [-0.5       ],
       [-0.5       ],
       [-0.0048184 ],
       [-0.5       ],
       [-0.5       ],
       [-0.5       ],
       [-0.5       ],
       [-0.5       ],
       [-0.5       ],
       [-0.5       ],
       [-0.00100606],
       [-0.5       ],
       [ 0.00607636],
       [-0.5       ],
       [-0.5       ],
       [-0.5       ],
       [-0.5       ],
       [-0.5       ],
       [-0.00112021],
       [-0.5       ],
       [-0.5       ],
       [ 0.00517471],
       [-0.5       ],
       [-0.5       ],
       [-0.5       ],
       [-0.5       ],
       [-0.5       ],
       [-0.5       ],
       [ 0.00904201]])
array([[-42.65286405],
       [-43.0818593 ],
       [-41.93153908],
       [ -6.18696918],
       [-42.02335901],
       [ -0.34200654],
       [-42.93093795],
       [-43.2840744 ],
       [-42.14813217],
       [-42.60255819],
       [-43.26768096],
       [-43.07142339],
       [-42.128908  ],
       [ -0.69108404],
       [-42.2955432 ],
       [-43.09933092],
       [-42.22344858],
       [-43.01629235],
       [-41.99328744],
       [-43.14871312],
       [-41.9734462 ],
       [ -0.3586867 ],
       [-42.58260964],
       [  0.08285186],
       [-41.85033792],
       [-42.60644009],
       [-40.38202118],
       [-43.18232866],
       [-38.95068259],
       [ -0.53210107],
       [-40.19950655],
       [-41.86960779],
       [  0.0793591 ],
       [-42.58815201],
       [-41.96938209],
       [-43.14397774],
       [-43.03638818],
       [-42.17121028],
       [-42.65709833],
       [  0.2258221 ]])
<<<<<<<<<<< STEP 29 >>>>>>>>>>>> + array([[-0.5       ],
       [-0.5       ],
       [-0.5       ],
       [-0.29075565],
       [-0.5       ],
       [-0.00165299],
       [-0.5       ],
       [-0.5       ],
       [-0.5       ],
       [-0.5       ],
       [-0.5       ],
       [-0.5       ],
       [-0.5       ],
       [-0.00450669],
       [-0.5       ],
       [-0.5       ],
       [-0.5       ],
       [-0.5       ],
       [-0.5       ],
       [-0.5       ],
       [-0.5       ],
       [-0.00103844],
       [-0.5       ],
       [ 0.00595797],
       [-0.5       ],
       [-0.5       ],
       [-0.5       ],
       [-0.5       ],
       [-0.5       ],
       [-0.00122413],
       [-0.5       ],
       [-0.5       ],
       [ 0.00499357],
       [-0.5       ],
       [-0.5       ],
       [-0.5       ],
       [-0.5       ],
       [-0.5       ],
       [-0.5       ],
       [ 0.00881616]])
array([[-43.15286405],
       [-43.5818593 ],
       [-42.43153908],
       [ -6.47772483],
       [-42.52335901],
       [ -0.34365953],
       [-43.43093795],
       [-43.7840744 ],
       [-42.64813217],
       [-43.10255819],
       [-43.76768096],
       [-43.57142339],
       [-42.628908  ],
       [ -0.69559073],
       [-42.7955432 ],
       [-43.59933092],
       [-42.72344858],
       [-43.51629235],
       [-42.49328744],
       [-43.64871312],
       [-42.4734462 ],
       [ -0.35972514],
       [-43.08260964],
       [  0.08880982],
       [-42.35033792],
       [-43.10644009],
       [-40.88202119],
       [-43.68232867],
       [-39.4506826 ],
       [ -0.5333252 ],
       [-40.69950656],
       [-42.36960779],
       [  0.08435266],
       [-43.08815201],
       [-42.46938209],
       [-43.64397774],
       [-43.53638818],
       [-42.67121028],
       [-43.15709833],
       [  0.23463826]])
<<<<<<<<<<< STEP 30 >>>>>>>>>>>> + array([[-0.5       ],
       [-0.5       ],
       [-0.5       ],
       [-0.32870014],
       [-0.5       ],
       [-0.00113414],
       [-0.5       ],
       [-0.5       ],
       [-0.5       ],
       [-0.5       ],
       [-0.5       ],
       [-0.5       ],
       [-0.5       ],
       [-0.00413614],
       [-0.5       ],
       [-0.5       ],
       [-0.5       ],
       [-0.5       ],
       [-0.5       ],
       [-0.5       ],
       [-0.5       ],
       [-0.00107562],
       [-0.5       ],
       [ 0.00582015],
       [-0.5       ],
       [-0.5       ],
       [-0.5       ],
       [-0.5       ],
       [-0.5       ],
       [-0.00134048],
       [-0.5       ],
       [-0.5       ],
       [ 0.00478328],
       [-0.5       ],
       [-0.5       ],
       [-0.5       ],
       [-0.5       ],
       [-0.5       ],
       [-0.5       ],
       [ 0.00856048]])
array([[-43.65286405],
       [-44.0818593 ],
       [-42.93153908],
       [ -6.80642496],
       [-43.02335901],
       [ -0.34479368],
       [-43.93093795],
       [-44.2840744 ],
       [-43.14813217],
       [-43.60255819],
       [-44.26768096],
       [-44.07142339],
       [-43.128908  ],
       [ -0.69972687],
       [-43.2955432 ],
       [-44.09933092],
       [-43.22344858],
       [-44.01629235],
       [-42.99328744],
       [-44.14871312],
       [-42.9734462 ],
       [ -0.36080075],
       [-43.58260964],
       [  0.09462997],
       [-42.85033792],
       [-43.60644009],
       [-41.38202119],
       [-44.18232867],
       [-39.9506826 ],
       [ -0.53466568],
       [-41.19950656],
       [-42.86960779],
       [  0.08913594],
       [-43.58815201],
       [-42.96938209],
       [-44.14397774],
       [-44.03638818],
       [-43.17121028],
       [-43.65709833],
       [  0.24319874]])
<<<<<<<<<<< STEP 31 >>>>>>>>>>>> + array([[-0.5       ],
       [-0.5       ],
       [-0.5       ],
       [-0.36635515],
       [-0.5       ],
       [-0.00055463],
       [-0.5       ],
       [-0.5       ],
       [-0.5       ],
       [-0.5       ],
       [-0.5       ],
       [-0.5       ],
       [-0.5       ],
       [-0.00371958],
       [-0.5       ],
       [-0.5       ],
       [-0.5       ],
       [-0.5       ],
       [-0.5       ],
       [-0.5       ],
       [-0.5       ],
       [-0.00111639],
       [-0.5       ],
       [ 0.00566714],
       [-0.5       ],
       [-0.5       ],
       [-0.5       ],
       [-0.5       ],
       [-0.5       ],
       [-0.00146606],
       [-0.5       ],
       [-0.5       ],
       [ 0.00455056],
       [-0.5       ],
       [-0.5       ],
       [-0.5       ],
       [-0.5       ],
       [-0.5       ],
       [-0.5       ],
       [ 0.00828239]])
array([[-44.15286405],
       [-44.5818593 ],
       [-43.43153908],
       [ -7.17278011],
       [-43.52335901],
       [ -0.34534831],
       [-44.43093795],
       [-44.7840744 ],
       [-43.64813217],
       [-44.10255819],
       [-44.76768096],
       [-44.57142339],
       [-43.628908  ],
       [ -0.70344645],
       [-43.7955432 ],
       [-44.59933092],
       [-43.72344858],
       [-44.51629235],
       [-43.49328744],
       [-44.64871312],
       [-43.4734462 ],
       [ -0.36191714],
       [-44.08260964],
       [  0.10029712],
       [-43.35033792],
       [-44.10644009],
       [-41.88202119],
       [-44.68232867],
       [-40.4506826 ],
       [ -0.53613174],
       [-41.69950656],
       [-43.36960779],
       [  0.0936865 ],
       [-44.08815201],
       [-43.46938209],
       [-44.64397774],
       [-44.53638818],
       [-43.67121028],
       [-44.15709833],
       [  0.25148114]])
<<<<<<<<<<< STEP 32 >>>>>>>>>>>> + array([[ -5.00000000e-01],
       [ -5.00000000e-01],
       [ -5.00000000e-01],
       [ -4.00957669e-01],
       [ -5.00000000e-01],
       [  5.36801678e-05],
       [ -5.00000000e-01],
       [ -5.00000000e-01],
       [ -5.00000000e-01],
       [ -5.00000000e-01],
       [ -5.00000000e-01],
       [ -5.00000000e-01],
       [ -5.00000000e-01],
       [ -3.27956064e-03],
       [ -5.00000000e-01],
       [ -5.00000000e-01],
       [ -5.00000000e-01],
       [ -5.00000000e-01],
       [ -5.00000000e-01],
       [ -5.00000000e-01],
       [ -5.00000000e-01],
       [ -1.15869667e-03],
       [ -5.00000000e-01],
       [  5.50635912e-03],
       [ -5.00000000e-01],
       [ -5.00000000e-01],
       [ -5.00000001e-01],
       [ -5.00000000e-01],
       [ -5.00000001e-01],
       [ -1.59542528e-03],
       [ -5.00000001e-01],
       [ -5.00000000e-01],
       [  4.30703150e-03],
       [ -5.00000000e-01],
       [ -5.00000000e-01],
       [ -5.00000000e-01],
       [ -5.00000000e-01],
       [ -5.00000000e-01],
       [ -5.00000000e-01],
       [  7.99448507e-03]])
array([[-44.65286405],
       [-45.0818593 ],
       [-43.93153908],
       [ -7.57373778],
       [-44.02335901],
       [ -0.34529463],
       [-44.93093795],
       [-45.2840744 ],
       [-44.14813217],
       [-44.60255819],
       [-45.26768096],
       [-45.07142339],
       [-44.128908  ],
       [ -0.70672601],
       [-44.2955432 ],
       [-45.09933092],
       [-44.22344858],
       [-45.01629235],
       [-43.99328744],
       [-45.14871312],
       [-43.9734462 ],
       [ -0.36307584],
       [-44.58260965],
       [  0.10580348],
       [-43.85033792],
       [-44.60644009],
       [-42.38202119],
       [-45.18232867],
       [-40.9506826 ],
       [ -0.53772716],
       [-42.19950656],
       [-43.86960779],
       [  0.09799353],
       [-44.58815201],
       [-43.96938209],
       [-45.14397774],
       [-45.03638818],
       [-44.17121028],
       [-44.65709833],
       [  0.25947562]])
<<<<<<<<<<< STEP 33 >>>>>>>>>>>> + array([[-0.5       ],
       [-0.5       ],
       [-0.5       ],
       [-0.4301957 ],
       [-0.5       ],
       [ 0.00065218],
       [-0.5       ],
       [-0.5       ],
       [-0.5       ],
       [-0.5       ],
       [-0.5       ],
       [-0.5       ],
       [-0.5       ],
       [-0.0028439 ],
       [-0.5       ],
       [-0.5       ],
       [-0.5       ],
       [-0.5       ],
       [-0.5       ],
       [-0.5       ],
       [-0.5       ],
       [-0.00120004],
       [-0.5       ],
       [ 0.00534694],
       [-0.5       ],
       [-0.5       ],
       [-0.5       ],
       [-0.5       ],
       [-0.5       ],
       [-0.00172202],
       [-0.5       ],
       [-0.5       ],
       [ 0.00406697],
       [-0.5       ],
       [-0.5       ],
       [-0.5       ],
       [-0.5       ],
       [-0.5       ],
       [-0.5       ],
       [ 0.007712  ]])
array([[-45.15286405],
       [-45.5818593 ],
       [-44.43153908],
       [ -8.00393348],
       [-44.52335901],
       [ -0.34464244],
       [-45.43093795],
       [-45.7840744 ],
       [-44.64813217],
       [-45.10255819],
       [-45.76768096],
       [-45.57142339],
       [-44.628908  ],
       [ -0.70956992],
       [-44.7955432 ],
       [-45.59933092],
       [-44.72344858],
       [-45.51629235],
       [-44.49328744],
       [-45.64871312],
       [-44.4734462 ],
       [ -0.36427588],
       [-45.08260965],
       [  0.11115042],
       [-44.35033792],
       [-45.10644009],
       [-42.88202119],
       [-45.68232867],
       [-41.4506826 ],
       [ -0.53944919],
       [-42.69950656],
       [-44.36960779],
       [  0.1020605 ],
       [-45.08815201],
       [-44.46938209],
       [-45.64397774],
       [-45.53638818],
       [-44.67121028],
       [-45.15709834],
       [  0.26718762]])
<<<<<<<<<<< STEP 34 >>>>>>>>>>>> + array([[-0.5       ],
       [-0.5       ],
       [-0.5       ],
       [-0.45295031],
       [-0.5       ],
       [ 0.00120576],
       [-0.5       ],
       [-0.5       ],
       [-0.5       ],
       [-0.5       ],
       [-0.5       ],
       [-0.5       ],
       [-0.5       ],
       [-0.00243838],
       [-0.5       ],
       [-0.5       ],
       [-0.5       ],
       [-0.5       ],
       [-0.5       ],
       [-0.5       ],
       [-0.5       ],
       [-0.00123812],
       [-0.5       ],
       [ 0.00519737],
       [-0.5       ],
       [-0.5       ],
       [-0.5       ],
       [-0.5       ],
       [-0.5       ],
       [-0.00183987],
       [-0.5       ],
       [-0.5       ],
       [ 0.00384355],
       [-0.5       ],
       [-0.5       ],
       [-0.5       ],
       [-0.5       ],
       [-0.5       ],
       [-0.5       ],
       [ 0.00744882]])
array([[-45.65286405],
       [-46.0818593 ],
       [-44.93153908],
       [ -8.45688379],
       [-45.02335901],
       [ -0.34343668],
       [-45.93093795],
       [-46.2840744 ],
       [-45.14813217],
       [-45.60255819],
       [-46.26768096],
       [-46.07142339],
       [-45.128908  ],
       [ -0.7120083 ],
       [-45.2955432 ],
       [-46.09933092],
       [-45.22344858],
       [-46.01629235],
       [-44.99328744],
       [-46.14871312],
       [-44.9734462 ],
       [ -0.365514  ],
       [-45.58260965],
       [  0.11634779],
       [-44.85033792],
       [-45.60644009],
       [-43.38202119],
       [-46.18232867],
       [-41.9506826 ],
       [ -0.54128906],
       [-43.19950656],
       [-44.86960779],
       [  0.10590405],
       [-45.58815201],
       [-44.96938209],
       [-46.14397774],
       [-46.03638818],
       [-45.17121028],
       [-45.65709834],
       [  0.27463644]])
<<<<<<<<<<< STEP 35 >>>>>>>>>>>> + array([[-0.5       ],
       [-0.5       ],
       [-0.5       ],
       [-0.46942036],
       [-0.5       ],
       [ 0.00169096],
       [-0.5       ],
       [-0.5       ],
       [-0.5       ],
       [-0.5       ],
       [-0.5       ],
       [-0.5       ],
       [-0.5       ],
       [-0.00208065],
       [-0.5       ],
       [-0.5       ],
       [-0.5       ],
       [-0.5       ],
       [-0.5       ],
       [-0.5       ],
       [-0.5       ],
       [-0.0012714 ],
       [-0.5       ],
       [ 0.00506346],
       [-0.5       ],
       [-0.5       ],
       [-0.5       ],
       [-0.5       ],
       [-0.5       ],
       [-0.00194498],
       [-0.5       ],
       [-0.5       ],
       [ 0.00364574],
       [-0.5       ],
       [-0.5       ],
       [-0.5       ],
       [-0.5       ],
       [-0.5       ],
       [-0.5       ],
       [ 0.00721426]])
array([[-46.15286405],
       [-46.5818593 ],
       [-45.43153908],
       [ -8.92630415],
       [-45.52335901],
       [ -0.34174572],
       [-46.43093795],
       [-46.7840744 ],
       [-45.64813217],
       [-46.10255819],
       [-46.76768096],
       [-46.57142339],
       [-45.628908  ],
       [ -0.71408895],
       [-45.7955432 ],
       [-46.59933092],
       [-45.72344858],
       [-46.51629235],
       [-45.49328744],
       [-46.64871312],
       [-45.4734462 ],
       [ -0.3667854 ],
       [-46.08260965],
       [  0.12141125],
       [-45.35033792],
       [-46.10644009],
       [-43.88202119],
       [-46.68232867],
       [-42.4506826 ],
       [ -0.54323404],
       [-43.69950657],
       [-45.36960779],
       [  0.10954978],
       [-46.08815201],
       [-45.46938209],
       [-46.64397774],
       [-46.53638818],
       [-45.67121028],
       [-46.15709834],
       [  0.2818507 ]])
<<<<<<<<<<< STEP 36 >>>>>>>>>>>> + array([[-0.5       ],
       [-0.5       ],
       [-0.5       ],
       [-0.48066823],
       [-0.5       ],
       [ 0.00209824],
       [-0.5       ],
       [-0.5       ],
       [-0.5       ],
       [-0.5       ],
       [-0.5       ],
       [-0.5       ],
       [-0.5       ],
       [-0.00177835],
       [-0.5       ],
       [-0.5       ],
       [-0.5       ],
       [-0.5       ],
       [-0.5       ],
       [-0.5       ],
       [-0.5       ],
       [-0.00129925],
       [-0.5       ],
       [ 0.00494773],
       [-0.5       ],
       [-0.5       ],
       [-0.5       ],
       [-0.5       ],
       [-0.5       ],
       [-0.00203575],
       [-0.5       ],
       [-0.5       ],
       [ 0.00347735],
       [-0.5       ],
       [-0.5       ],
       [-0.5       ],
       [-0.5       ],
       [-0.5       ],
       [-0.5       ],
       [ 0.00701205]])
array([[-46.65286405],
       [-47.0818593 ],
       [-45.93153908],
       [ -9.40697238],
       [-46.02335901],
       [ -0.33964748],
       [-46.93093795],
       [-47.2840744 ],
       [-46.14813217],
       [-46.60255819],
       [-47.26768096],
       [-47.07142339],
       [-46.128908  ],
       [ -0.7158673 ],
       [-46.2955432 ],
       [-47.09933092],
       [-46.22344858],
       [-47.01629235],
       [-45.99328744],
       [-47.14871312],
       [-45.9734462 ],
       [ -0.36808465],
       [-46.58260965],
       [  0.12635898],
       [-45.85033792],
       [-46.60644009],
       [-44.38202119],
       [-47.18232867],
       [-42.9506826 ],
       [ -0.54526978],
       [-44.19950657],
       [-45.86960779],
       [  0.11302713],
       [-46.58815201],
       [-45.96938209],
       [-47.14397774],
       [-47.03638818],
       [-46.17121028],
       [-46.65709834],
       [  0.28886274]])
<<<<<<<<<<< STEP 37 >>>>>>>>>>>> + array([[-0.5       ],
       [-0.5       ],
       [-0.5       ],
       [-0.48802523],
       [-0.5       ],
       [ 0.00242913],
       [-0.5       ],
       [-0.5       ],
       [-0.5       ],
       [-0.5       ],
       [-0.5       ],
       [-0.5       ],
       [-0.5       ],
       [-0.001531  ],
       [-0.5       ],
       [-0.5       ],
       [-0.5       ],
       [-0.5       ],
       [-0.5       ],
       [-0.5       ],
       [-0.5       ],
       [-0.00132176],
       [-0.5       ],
       [ 0.00485005],
       [-0.5       ],
       [-0.5       ],
       [-0.5       ],
       [-0.5       ],
       [-0.5       ],
       [-0.0021125 ],
       [-0.5       ],
       [-0.5       ],
       [ 0.003338  ],
       [-0.5       ],
       [-0.5       ],
       [-0.5       ],
       [-0.5       ],
       [-0.5       ],
       [-0.5       ],
       [ 0.00684151]])
array([[-47.15286405],
       [-47.5818593 ],
       [-46.43153908],
       [ -9.89499761],
       [-46.52335901],
       [ -0.33721834],
       [-47.43093795],
       [-47.7840744 ],
       [-46.64813217],
       [-47.10255819],
       [-47.76768096],
       [-47.57142339],
       [-46.628908  ],
       [ -0.7173983 ],
       [-46.7955432 ],
       [-47.59933092],
       [-46.72344858],
       [-47.51629235],
       [-46.49328744],
       [-47.64871312],
       [-46.4734462 ],
       [ -0.36940641],
       [-47.08260965],
       [  0.13120903],
       [-46.35033792],
       [-47.10644009],
       [-44.88202119],
       [-47.68232867],
       [-43.4506826 ],
       [ -0.54738229],
       [-44.69950657],
       [-46.36960779],
       [  0.11636514],
       [-47.08815201],
       [-46.46938209],
       [-47.64397774],
       [-47.53638818],
       [-46.67121028],
       [-47.15709834],
       [  0.29570425]])
<<<<<<<<<<< STEP 38 >>>>>>>>>>>> + array([[-0.5       ],
       [-0.5       ],
       [-0.5       ],
       [-0.49269328],
       [-0.5       ],
       [ 0.00269156],
       [-0.5       ],
       [-0.5       ],
       [-0.5       ],
       [-0.5       ],
       [-0.5       ],
       [-0.5       ],
       [-0.5       ],
       [-0.00133331],
       [-0.5       ],
       [-0.5       ],
       [-0.5       ],
       [-0.5       ],
       [-0.5       ],
       [-0.5       ],
       [-0.5       ],
       [-0.0013395 ],
       [-0.5       ],
       [ 0.00476868],
       [-0.5       ],
       [-0.5       ],
       [-0.5       ],
       [-0.5       ],
       [-0.5       ],
       [-0.00217669],
       [-0.5       ],
       [-0.5       ],
       [ 0.00322484],
       [-0.5       ],
       [-0.5       ],
       [-0.5       ],
       [-0.5       ],
       [-0.5       ],
       [-0.5       ],
       [ 0.00669939]])
array([[-47.65286405],
       [-48.0818593 ],
       [-46.93153908],
       [-10.38769089],
       [-47.02335901],
       [ -0.33452679],
       [-47.93093795],
       [-48.2840744 ],
       [-47.14813217],
       [-47.60255819],
       [-48.26768096],
       [-48.07142339],
       [-47.128908  ],
       [ -0.71873161],
       [-47.2955432 ],
       [-48.09933092],
       [-47.22344858],
       [-48.01629235],
       [-46.99328744],
       [-48.14871312],
       [-46.9734462 ],
       [ -0.3707459 ],
       [-47.58260965],
       [  0.13597771],
       [-46.85033792],
       [-47.60644009],
       [-45.38202119],
       [-48.18232867],
       [-43.9506826 ],
       [ -0.54955898],
       [-45.19950657],
       [-46.86960779],
       [  0.11958998],
       [-47.58815201],
       [-46.96938209],
       [-48.14397774],
       [-48.03638818],
       [-47.17121028],
       [-47.65709834],
       [  0.30240364]])
<<<<<<<<<<< STEP 39 >>>>>>>>>>>> + array([[-0.5       ],
       [-0.5       ],
       [-0.5       ],
       [-0.49559403],
       [-0.5       ],
       [ 0.00289593],
       [-0.5       ],
       [-0.5       ],
       [-0.5       ],
       [-0.5       ],
       [-0.5       ],
       [-0.5       ],
       [-0.5       ],
       [-0.00117799],
       [-0.5       ],
       [-0.5       ],
       [-0.5       ],
       [-0.5       ],
       [-0.5       ],
       [-0.5       ],
       [-0.5       ],
       [-0.00135316],
       [-0.5       ],
       [ 0.00470124],
       [-0.5       ],
       [-0.5       ],
       [-0.5       ],
       [-0.5       ],
       [-0.5       ],
       [-0.0022302 ],
       [-0.5       ],
       [-0.5       ],
       [ 0.003134  ],
       [-0.5       ],
       [-0.5       ],
       [-0.5       ],
       [-0.5       ],
       [-0.5       ],
       [-0.5       ],
       [ 0.0065814 ]])
array([[-48.15286405],
       [-48.5818593 ],
       [-47.43153908],
       [-10.88328493],
       [-47.52335901],
       [ -0.33163086],
       [-48.43093795],
       [-48.7840744 ],
       [-47.64813217],
       [-48.10255819],
       [-48.76768096],
       [-48.57142339],
       [-47.628908  ],
       [ -0.7199096 ],
       [-47.7955432 ],
       [-48.59933092],
       [-47.72344858],
       [-48.51629235],
       [-47.49328744],
       [-48.64871312],
       [-47.4734462 ],
       [ -0.37209906],
       [-48.08260965],
       [  0.14067895],
       [-47.35033792],
       [-48.10644009],
       [-45.88202119],
       [-48.68232867],
       [-44.4506826 ],
       [ -0.55178919],
       [-45.69950657],
       [-47.36960779],
       [  0.12272398],
       [-48.08815201],
       [-47.46938209],
       [-48.64397774],
       [-48.53638818],
       [-47.67121028],
       [-48.15709834],
       [  0.30898504]])
<<<<<<<<<<< STEP 40 >>>>>>>>>>>> + array([[-0.5       ],
       [-0.5       ],
       [-0.5       ],
       [-0.49737069],
       [-0.5       ],
       [ 0.00305274],
       [-0.5       ],
       [-0.5       ],
       [-0.5       ],
       [-0.5       ],
       [-0.5       ],
       [-0.5       ],
       [-0.5       ],
       [-0.00105758],
       [-0.5       ],
       [-0.5       ],
       [-0.5       ],
       [-0.5       ],
       [-0.5       ],
       [-0.5       ],
       [-0.5       ],
       [-0.00136348],
       [-0.5       ],
       [ 0.00464527],
       [-0.5       ],
       [-0.5       ],
       [-0.5       ],
       [-0.5       ],
       [-0.5       ],
       [-0.00227494],
       [-0.5       ],
       [-0.5       ],
       [ 0.00306151],
       [-0.5       ],
       [-0.5       ],
       [-0.5       ],
       [-0.5       ],
       [-0.5       ],
       [-0.5       ],
       [ 0.00648324]])
array([[-48.65286405],
       [-49.0818593 ],
       [-47.93153908],
       [-11.38065562],
       [-48.02335901],
       [ -0.32857812],
       [-48.93093795],
       [-49.2840744 ],
       [-48.14813217],
       [-48.60255819],
       [-49.26768096],
       [-49.07142339],
       [-48.128908  ],
       [ -0.72096718],
       [-48.2955432 ],
       [-49.09933092],
       [-48.22344858],
       [-49.01629235],
       [-47.99328744],
       [-49.14871312],
       [-47.9734462 ],
       [ -0.37346255],
       [-48.58260965],
       [  0.14532422],
       [-47.85033792],
       [-48.60644009],
       [-46.38202119],
       [-49.18232867],
       [-44.9506826 ],
       [ -0.55406412],
       [-46.19950657],
       [-47.86960779],
       [  0.12578549],
       [-48.58815201],
       [-47.96938209],
       [-49.14397774],
       [-49.03638818],
       [-48.17121028],
       [-48.65709834],
       [  0.31546828]])
<<<<<<<<<<< STEP 41 >>>>>>>>>>>> + array([[-0.5       ],
       [-0.5       ],
       [-0.5       ],
       [-0.49844742],
       [-0.5       ],
       [ 0.00317141],
       [-0.5       ],
       [-0.5       ],
       [-0.5       ],
       [-0.5       ],
       [-0.5       ],
       [-0.5       ],
       [-0.5       ],
       [-0.0009653 ],
       [-0.5       ],
       [-0.5       ],
       [-0.5       ],
       [-0.5       ],
       [-0.5       ],
       [-0.5       ],
       [-0.5       ],
       [-0.00137112],
       [-0.5       ],
       [ 0.00459856],
       [-0.5       ],
       [-0.5       ],
       [-0.5       ],
       [-0.5       ],
       [-0.5       ],
       [-0.00231261],
       [-0.5       ],
       [-0.5       ],
       [ 0.00300381],
       [-0.5       ],
       [-0.5       ],
       [-0.5       ],
       [-0.5       ],
       [-0.5       ],
       [-0.5       ],
       [ 0.00640104]])
array([[-49.15286405],
       [-49.5818593 ],
       [-48.43153908],
       [-11.87910304],
       [-48.52335901],
       [ -0.32540672],
       [-49.43093795],
       [-49.7840744 ],
       [-48.64813217],
       [-49.10255819],
       [-49.76768096],
       [-49.57142339],
       [-48.628908  ],
       [ -0.72193248],
       [-48.7955432 ],
       [-49.59933092],
       [-48.72344858],
       [-49.51629235],
       [-48.49328744],
       [-49.64871312],
       [-48.4734462 ],
       [ -0.37483367],
       [-49.08260965],
       [  0.14992278],
       [-48.35033792],
       [-49.10644009],
       [-46.8820212 ],
       [-49.68232867],
       [-45.4506826 ],
       [ -0.55637673],
       [-46.69950657],
       [-48.36960779],
       [  0.1287893 ],
       [-49.08815201],
       [-48.46938209],
       [-49.64397774],
       [-49.53638818],
       [-48.67121028],
       [-49.15709834],
       [  0.32186932]])
<<<<<<<<<<< STEP 42 >>>>>>>>>>>> + array([[-0.5       ],
       [-0.5       ],
       [-0.5       ],
       [-0.49909437],
       [-0.5       ],
       [ 0.00325988],
       [-0.5       ],
       [-0.5       ],
       [-0.5       ],
       [-0.5       ],
       [-0.5       ],
       [-0.5       ],
       [-0.5       ],
       [-0.0008954 ],
       [-0.5       ],
       [-0.5       ],
       [-0.5       ],
       [-0.5       ],
       [-0.5       ],
       [-0.5       ],
       [-0.5       ],
       [-0.00137664],
       [-0.5       ],
       [ 0.00455923],
       [-0.5       ],
       [-0.5       ],
       [-0.5       ],
       [-0.5       ],
       [-0.5       ],
       [-0.00234467],
       [-0.5       ],
       [-0.5       ],
       [ 0.00295786],
       [-0.5       ],
       [-0.5       ],
       [-0.5       ],
       [-0.5       ],
       [-0.5       ],
       [-0.5       ],
       [ 0.00633152]])
array([[-49.65286405],
       [-50.0818593 ],
       [-48.93153908],
       [-12.37819741],
       [-49.02335901],
       [ -0.32214684],
       [-49.93093795],
       [-50.2840744 ],
       [-49.14813217],
       [-49.60255819],
       [-50.26768096],
       [-50.07142339],
       [-49.128908  ],
       [ -0.72282788],
       [-49.2955432 ],
       [-50.09933092],
       [-49.22344858],
       [-50.01629235],
       [-48.99328744],
       [-50.14871312],
       [-48.9734462 ],
       [ -0.37621031],
       [-49.58260965],
       [  0.15448201],
       [-48.85033792],
       [-49.60644009],
       [-47.3820212 ],
       [-50.18232867],
       [-45.9506826 ],
       [ -0.5587214 ],
       [-47.19950657],
       [-48.86960779],
       [  0.13174716],
       [-49.58815201],
       [-48.96938209],
       [-50.14397774],
       [-50.03638818],
       [-49.17121028],
       [-49.65709834],
       [  0.32820084]])
<<<<<<<<<<< STEP 43 >>>>>>>>>>>> + array([[-0.5       ],
       [-0.5       ],
       [-0.5       ],
       [-0.49947998],
       [-0.5       ],
       [ 0.00332464],
       [-0.5       ],
       [-0.5       ],
       [-0.5       ],
       [-0.5       ],
       [-0.5       ],
       [-0.5       ],
       [-0.5       ],
       [-0.00084316],
       [-0.5       ],
       [-0.5       ],
       [-0.5       ],
       [-0.5       ],
       [-0.5       ],
       [-0.5       ],
       [-0.5       ],
       [-0.00138048],
       [-0.5       ],
       [ 0.00452572],
       [-0.5       ],
       [-0.5       ],
       [-0.5       ],
       [-0.5       ],
       [-0.5       ],
       [-0.0023723 ],
       [-0.5       ],
       [-0.5       ],
       [ 0.00292118],
       [-0.5       ],
       [-0.5       ],
       [-0.5       ],
       [-0.5       ],
       [-0.5       ],
       [-0.5       ],
       [ 0.00627202]])
array([[-50.15286405],
       [-50.5818593 ],
       [-49.43153908],
       [-12.87767739],
       [-49.52335901],
       [ -0.3188222 ],
       [-50.43093795],
       [-50.7840744 ],
       [-49.64813217],
       [-50.10255819],
       [-50.76768096],
       [-50.57142339],
       [-49.628908  ],
       [ -0.72367104],
       [-49.7955432 ],
       [-50.59933092],
       [-49.72344858],
       [-50.51629235],
       [-49.49328744],
       [-50.64871312],
       [-49.4734462 ],
       [ -0.37759078],
       [-50.08260965],
       [  0.15900774],
       [-49.35033792],
       [-50.10644009],
       [-47.8820212 ],
       [-50.68232867],
       [-46.4506826 ],
       [ -0.5610937 ],
       [-47.69950657],
       [-49.36960779],
       [  0.13466834],
       [-50.08815201],
       [-49.46938209],
       [-50.64397774],
       [-50.53638818],
       [-49.67121028],
       [-50.15709834],
       [  0.33447286]])
<<<<<<<<<<< STEP 44 >>>>>>>>>>>> + array([[-0.5       ],
       [-0.5       ],
       [-0.5       ],
       [-0.49970784],
       [-0.5       ],
       [ 0.00337087],
       [-0.5       ],
       [-0.5       ],
       [-0.5       ],
       [-0.5       ],
       [-0.5       ],
       [-0.5       ],
       [-0.5       ],
       [-0.00080479],
       [-0.5       ],
       [-0.5       ],
       [-0.5       ],
       [-0.5       ],
       [-0.5       ],
       [-0.5       ],
       [-0.5       ],
       [-0.00138301],
       [-0.5       ],
       [ 0.00449681],
       [-0.5       ],
       [-0.5       ],
       [-0.5       ],
       [-0.5       ],
       [-0.5       ],
       [-0.00239647],
       [-0.5       ],
       [-0.5       ],
       [ 0.00289176],
       [-0.5       ],
       [-0.5       ],
       [-0.5       ],
       [-0.5       ],
       [-0.5       ],
       [-0.5       ],
       [ 0.0062204 ]])
array([[-50.65286405],
       [-51.0818593 ],
       [-49.93153908],
       [-13.37738523],
       [-50.02335901],
       [ -0.31545133],
       [-50.93093795],
       [-51.2840744 ],
       [-50.14813217],
       [-50.60255819],
       [-51.26768096],
       [-51.07142339],
       [-50.128908  ],
       [ -0.72447583],
       [-50.2955432 ],
       [-51.09933092],
       [-50.22344858],
       [-51.01629235],
       [-49.99328744],
       [-51.14871312],
       [-49.9734462 ],
       [ -0.3789738 ],
       [-50.58260965],
       [  0.16350455],
       [-49.85033792],
       [-50.60644009],
       [-48.3820212 ],
       [-51.18232867],
       [-46.9506826 ],
       [ -0.56349017],
       [-48.19950657],
       [-49.86960779],
       [  0.13756011],
       [-50.58815201],
       [-49.96938209],
       [-51.14397774],
       [-51.03638818],
       [-50.17121028],
       [-50.65709834],
       [  0.34069326]])
<<<<<<<<<<< STEP 45 >>>>>>>>>>>> + array([[-0.5       ],
       [-0.5       ],
       [-0.5       ],
       [-0.49984107],
       [-0.5       ],
       [ 0.00340267],
       [-0.5       ],
       [-0.5       ],
       [-0.5       ],
       [-0.5       ],
       [-0.5       ],
       [-0.5       ],
       [-0.5       ],
       [-0.00077727],
       [-0.5       ],
       [-0.5       ],
       [-0.5       ],
       [-0.5       ],
       [-0.5       ],
       [-0.5       ],
       [-0.5       ],
       [-0.00138453],
       [-0.5       ],
       [ 0.0044715 ],
       [-0.5       ],
       [-0.5       ],
       [-0.5       ],
       [-0.5       ],
       [-0.5       ],
       [-0.00241792],
       [-0.5       ],
       [-0.5       ],
       [ 0.00286804],
       [-0.5       ],
       [-0.5       ],
       [-0.5       ],
       [-0.5       ],
       [-0.5       ],
       [-0.5       ],
       [ 0.00617498]])
array([[-51.15286405],
       [-51.5818593 ],
       [-50.43153908],
       [-13.87722629],
       [-50.52335901],
       [ -0.31204866],
       [-51.43093795],
       [-51.7840744 ],
       [-50.64813217],
       [-51.10255819],
       [-51.76768096],
       [-51.57142339],
       [-50.628908  ],
       [ -0.7252531 ],
       [-50.7955432 ],
       [-51.59933092],
       [-50.72344858],
       [-51.51629235],
       [-50.49328744],
       [-51.64871312],
       [-50.4734462 ],
       [ -0.38035833],
       [-51.08260965],
       [  0.16797604],
       [-50.35033792],
       [-51.10644009],
       [-48.8820212 ],
       [-51.68232867],
       [-47.4506826 ],
       [ -0.56590809],
       [-48.69950657],
       [-50.36960779],
       [  0.14042814],
       [-51.08815201],
       [-50.46938209],
       [-51.64397774],
       [-51.53638818],
       [-50.67121028],
       [-51.15709834],
       [  0.34686824]])
<<<<<<<<<<< STEP 46 >>>>>>>>>>>> + array([[-0.5       ],
       [-0.5       ],
       [-0.5       ],
       [-0.4999179 ],
       [-0.5       ],
       [ 0.00342326],
       [-0.5       ],
       [-0.5       ],
       [-0.5       ],
       [-0.5       ],
       [-0.5       ],
       [-0.5       ],
       [-0.5       ],
       [-0.00075823],
       [-0.5       ],
       [-0.5       ],
       [-0.5       ],
       [-0.5       ],
       [-0.5       ],
       [-0.5       ],
       [-0.5       ],
       [-0.00138527],
       [-0.5       ],
       [ 0.00444903],
       [-0.5       ],
       [-0.5       ],
       [-0.5       ],
       [-0.5       ],
       [-0.5       ],
       [-0.00243726],
       [-0.5       ],
       [-0.5       ],
       [ 0.00284875],
       [-0.5       ],
       [-0.5       ],
       [-0.5       ],
       [-0.5       ],
       [-0.5       ],
       [-0.5       ],
       [ 0.00613443]])
array([[-51.65286405],
       [-52.0818593 ],
       [-50.93153908],
       [-14.3771442 ],
       [-51.02335901],
       [ -0.3086254 ],
       [-51.93093795],
       [-52.2840744 ],
       [-51.14813217],
       [-51.60255819],
       [-52.26768096],
       [-52.07142339],
       [-51.128908  ],
       [ -0.72601133],
       [-51.2955432 ],
       [-52.09933092],
       [-51.22344858],
       [-52.01629235],
       [-50.99328744],
       [-52.14871312],
       [-50.9734462 ],
       [ -0.38174359],
       [-51.58260965],
       [  0.17242507],
       [-50.85033792],
       [-51.60644009],
       [-49.3820212 ],
       [-52.18232867],
       [-47.9506826 ],
       [ -0.56834535],
       [-49.19950657],
       [-50.86960779],
       [  0.14327689],
       [-51.58815201],
       [-50.96938209],
       [-52.14397774],
       [-52.03638818],
       [-51.17121028],
       [-51.65709834],
       [  0.35300267]])
<<<<<<<<<<< STEP 47 >>>>>>>>>>>> + array([[-0.5       ],
       [-0.5       ],
       [-0.5       ],
       [-0.49996137],
       [-0.5       ],
       [ 0.00343515],
       [-0.5       ],
       [-0.5       ],
       [-0.5       ],
       [-0.5       ],
       [-0.5       ],
       [-0.5       ],
       [-0.5       ],
       [-0.00074582],
       [-0.5       ],
       [-0.5       ],
       [-0.5       ],
       [-0.5       ],
       [-0.5       ],
       [-0.5       ],
       [-0.5       ],
       [-0.0013854 ],
       [-0.5       ],
       [ 0.00442878],
       [-0.5       ],
       [-0.5       ],
       [-0.5       ],
       [-0.5       ],
       [-0.5       ],
       [-0.00245495],
       [-0.5       ],
       [-0.5       ],
       [ 0.00283293],
       [-0.5       ],
       [-0.5       ],
       [-0.5       ],
       [-0.5       ],
       [-0.5       ],
       [-0.5       ],
       [ 0.00609771]])
array([[-52.15286405],
       [-52.5818593 ],
       [-51.43153908],
       [-14.87710557],
       [-51.52335901],
       [ -0.30519025],
       [-52.43093795],
       [-52.7840744 ],
       [-51.64813217],
       [-52.10255819],
       [-52.76768096],
       [-52.57142339],
       [-51.628908  ],
       [ -0.72675715],
       [-51.7955432 ],
       [-52.59933092],
       [-51.72344858],
       [-52.51629235],
       [-51.49328744],
       [-52.64871312],
       [-51.4734462 ],
       [ -0.38312899],
       [-52.08260965],
       [  0.17685385],
       [-51.35033792],
       [-52.10644009],
       [-49.8820212 ],
       [-52.68232867],
       [-48.4506826 ],
       [ -0.57080029],
       [-49.69950657],
       [-51.36960779],
       [  0.14610982],
       [-52.08815201],
       [-51.46938209],
       [-52.64397774],
       [-52.53638818],
       [-51.67121028],
       [-52.15709834],
       [  0.35910038]])
<<<<<<<<<<< STEP 48 >>>>>>>>>>>> + array([[-0.5       ],
       [-0.5       ],
       [-0.5       ],
       [-0.49998529],
       [-0.5       ],
       [ 0.00344031],
       [-0.5       ],
       [-0.5       ],
       [-0.5       ],
       [-0.5       ],
       [-0.5       ],
       [-0.5       ],
       [-0.5       ],
       [-0.00073857],
       [-0.5       ],
       [-0.5       ],
       [-0.5       ],
       [-0.5       ],
       [-0.5       ],
       [-0.5       ],
       [-0.5       ],
       [-0.00138507],
       [-0.5       ],
       [ 0.0044103 ],
       [-0.5       ],
       [-0.5       ],
       [-0.5       ],
       [-0.5       ],
       [-0.5       ],
       [-0.00247135],
       [-0.5       ],
       [-0.5       ],
       [ 0.00281981],
       [-0.5       ],
       [-0.5       ],
       [-0.5       ],
       [-0.5       ],
       [-0.5       ],
       [-0.5       ],
       [ 0.00606401]])
array([[-52.65286405],
       [-53.0818593 ],
       [-51.93153908],
       [-15.37709086],
       [-52.02335901],
       [ -0.30174995],
       [-52.93093795],
       [-53.2840744 ],
       [-52.14813217],
       [-52.60255819],
       [-53.26768096],
       [-53.07142339],
       [-52.128908  ],
       [ -0.72749572],
       [-52.2955432 ],
       [-53.09933092],
       [-52.22344858],
       [-53.01629235],
       [-51.99328744],
       [-53.14871312],
       [-51.9734462 ],
       [ -0.38451406],
       [-52.58260965],
       [  0.18126416],
       [-51.85033792],
       [-52.60644009],
       [-50.3820212 ],
       [-53.18232867],
       [-48.9506826 ],
       [ -0.57327165],
       [-50.19950657],
       [-51.86960779],
       [  0.14892964],
       [-52.58815201],
       [-51.96938209],
       [-53.14397774],
       [-53.03638818],
       [-52.17121028],
       [-52.65709834],
       [  0.36516439]])
<<<<<<<<<<< STEP 49 >>>>>>>>>>>> + array([[-0.5       ],
       [-0.5       ],
       [-0.5       ],
       [-0.49999787],
       [-0.5       ],
       [ 0.00344025],
       [-0.5       ],
       [-0.5       ],
       [-0.5       ],
       [-0.5       ],
       [-0.5       ],
       [-0.5       ],
       [-0.5       ],
       [-0.00073536],
       [-0.5       ],
       [-0.5       ],
       [-0.5       ],
       [-0.5       ],
       [-0.5       ],
       [-0.5       ],
       [-0.5       ],
       [-0.00138438],
       [-0.5       ],
       [ 0.00439321],
       [-0.5       ],
       [-0.5       ],
       [-0.5       ],
       [-0.5       ],
       [-0.5       ],
       [-0.00248677],
       [-0.5       ],
       [-0.5       ],
       [ 0.00280881],
       [-0.5       ],
       [-0.5       ],
       [-0.5       ],
       [-0.5       ],
       [-0.5       ],
       [-0.5       ],
       [ 0.0060327 ]])
array([[-53.15286405],
       [-53.5818593 ],
       [-52.43153908],
       [-15.87708873],
       [-52.52335901],
       [ -0.29830969],
       [-53.43093795],
       [-53.7840744 ],
       [-52.64813217],
       [-53.10255819],
       [-53.76768096],
       [-53.57142339],
       [-52.628908  ],
       [ -0.72823107],
       [-52.7955432 ],
       [-53.59933092],
       [-52.72344858],
       [-53.51629235],
       [-52.49328744],
       [-53.64871312],
       [-52.4734462 ],
       [ -0.38589844],
       [-53.08260965],
       [  0.18565736],
       [-52.35033792],
       [-53.10644009],
       [-50.8820212 ],
       [-53.68232867],
       [-49.4506826 ],
       [ -0.57575841],
       [-50.69950657],
       [-52.36960779],
       [  0.15173845],
       [-53.08815201],
       [-52.46938209],
       [-53.64397774],
       [-53.53638818],
       [-52.67121028],
       [-53.15709834],
       [  0.3711971 ]])
