<<<<<<<<<<< STEP 0 >>>>>>>>>>>> + array([[-0.90519511],
       [-0.04843064],
       [-0.33883822],
       [-0.91005526],
       [-0.93821956],
       [-1.11294732],
       [-0.392645  ],
       [-1.09041701],
       [-0.42757131],
       [-0.41989725],
       [-1.0088627 ],
       [-0.11377859],
       [-0.99548459],
       [-0.93545409],
       [-0.7721638 ],
       [-0.96541952],
       [-1.02784109],
       [-0.89186011],
       [-0.95844173],
       [-0.55032773],
       [-0.97121306],
       [-0.96838444],
       [-1.01612269],
       [-0.92484613],
       [-0.89106565],
       [-0.956386  ],
       [-0.96146297],
       [-1.03108844],
       [-0.46765625],
       [-0.31948362],
       [-0.32425862]])
array([[-0.90519511],
       [-0.04843064],
       [-0.33883822],
       [-0.91005526],
       [-0.93821956],
       [-1.11294732],
       [-0.392645  ],
       [-1.09041701],
       [-0.42757131],
       [-0.41989725],
       [-1.0088627 ],
       [-0.11377859],
       [-0.99548459],
       [-0.93545409],
       [-0.7721638 ],
       [-0.96541952],
       [-1.02784109],
       [-0.89186011],
       [-0.95844173],
       [-0.55032773],
       [-0.97121306],
       [-0.96838444],
       [-1.01612269],
       [-0.92484613],
       [-0.89106565],
       [-0.956386  ],
       [-0.96146297],
       [-1.03108844],
       [-0.46765625],
       [-0.31948362],
       [-0.32425862]])
<<<<<<<<<<< STEP 1 >>>>>>>>>>>> + array([[-0.86792873],
       [-0.08270991],
       [-0.44008952],
       [-0.86785099],
       [-0.88064518],
       [-1.03270607],
       [-0.59195245],
       [-1.01602907],
       [-0.53249586],
       [-0.51826228],
       [-0.95290234],
       [-0.17168825],
       [-0.95490455],
       [-0.89875949],
       [-0.71510419],
       [-0.90950409],
       [-0.94489272],
       [-0.85969478],
       [-0.87429843],
       [-0.66278984],
       [-0.92550866],
       [-0.82679743],
       [-0.96512098],
       [-0.88914308],
       [-0.8138875 ],
       [-0.9111157 ],
       [-0.91652134],
       [-0.988048  ],
       [-0.54687223],
       [-0.36597095],
       [-0.36876258]])
array([[-1.77312384],
       [-0.13114055],
       [-0.77892774],
       [-1.77790625],
       [-1.81886474],
       [-2.14565339],
       [-0.98459745],
       [-2.10644607],
       [-0.96006717],
       [-0.93815953],
       [-1.96176504],
       [-0.28546683],
       [-1.95038915],
       [-1.83421358],
       [-1.48726799],
       [-1.87492362],
       [-1.9727338 ],
       [-1.75155489],
       [-1.83274016],
       [-1.21311757],
       [-1.89672172],
       [-1.79518187],
       [-1.98124367],
       [-1.81398921],
       [-1.70495315],
       [-1.8675017 ],
       [-1.8779843 ],
       [-2.01913644],
       [-1.01452848],
       [-0.68545457],
       [-0.6930212 ]])
<<<<<<<<<<< STEP 2 >>>>>>>>>>>> + array([[-0.8267173 ],
       [-0.07834686],
       [-0.47490704],
       [-0.82359565],
       [-0.8249637 ],
       [-0.9395041 ],
       [-0.72480838],
       [-0.93600937],
       [-0.63265377],
       [-0.59944635],
       [-0.87405272],
       [-0.20862584],
       [-0.87919353],
       [-0.83878328],
       [-0.67083688],
       [-0.83674804],
       [-0.86201098],
       [-0.80903167],
       [-0.79395607],
       [-0.73841993],
       [-0.85703784],
       [-0.71289849],
       [-0.88679182],
       [-0.83020955],
       [-0.74104066],
       [-0.83860108],
       [-0.85114565],
       [-0.90744111],
       [-0.59612119],
       [-0.38973899],
       [-0.41525243]])
array([[-2.59984114],
       [-0.20948742],
       [-1.25383478],
       [-2.60150191],
       [-2.64382844],
       [-3.08515749],
       [-1.70940583],
       [-3.04245544],
       [-1.59272094],
       [-1.53760588],
       [-2.83581776],
       [-0.49409267],
       [-2.82958268],
       [-2.67299687],
       [-2.15810488],
       [-2.71167165],
       [-2.83474478],
       [-2.56058655],
       [-2.62669624],
       [-1.9515375 ],
       [-2.75375956],
       [-2.50808036],
       [-2.86803549],
       [-2.64419876],
       [-2.44599381],
       [-2.70610278],
       [-2.72912995],
       [-2.92657755],
       [-1.61064967],
       [-1.07519357],
       [-1.10827362]])
<<<<<<<<<<< STEP 3 >>>>>>>>>>>> + array([[-0.77012293],
       [-0.05770585],
       [-0.40977869],
       [-0.76587364],
       [-0.76861498],
       [-0.84534871],
       [-0.76794949],
       [-0.84846805],
       [-0.68984628],
       [-0.64772671],
       [-0.78792504],
       [-0.23193634],
       [-0.79268805],
       [-0.7661897 ],
       [-0.63555564],
       [-0.76386742],
       [-0.78372456],
       [-0.74823803],
       [-0.72562279],
       [-0.75002376],
       [-0.77891436],
       [-0.63861236],
       [-0.79995281],
       [-0.75971181],
       [-0.68405205],
       [-0.76400108],
       [-0.77966634],
       [-0.81890518],
       [-0.6144117 ],
       [-0.38418466],
       [-0.45763819]])
array([[-3.36996408],
       [-0.26719327],
       [-1.66361347],
       [-3.36737555],
       [-3.41244342],
       [-3.9305062 ],
       [-2.47735532],
       [-3.89092349],
       [-2.28256722],
       [-2.1853326 ],
       [-3.6237428 ],
       [-0.72602901],
       [-3.62227073],
       [-3.43918657],
       [-2.79366052],
       [-3.47553908],
       [-3.61846934],
       [-3.30882459],
       [-3.35231903],
       [-2.70156126],
       [-3.53267392],
       [-3.14669273],
       [-3.6679883 ],
       [-3.40391057],
       [-3.13004586],
       [-3.47010386],
       [-3.50879629],
       [-3.74548273],
       [-2.22506136],
       [-1.45937823],
       [-1.56591182]])
<<<<<<<<<<< STEP 4 >>>>>>>>>>>> + array([[-0.70169119],
       [-0.0333557 ],
       [-0.26554476],
       [-0.69806938],
       [-0.7056611 ],
       [-0.75288943],
       [-0.74148068],
       [-0.75592637],
       [-0.68485136],
       [-0.65591568],
       [-0.70722074],
       [-0.23811925],
       [-0.71100993],
       [-0.69373362],
       [-0.60310518],
       [-0.69493905],
       [-0.70884349],
       [-0.68503524],
       [-0.66555715],
       [-0.70959161],
       [-0.70132393],
       [-0.59479521],
       [-0.71565088],
       [-0.68841555],
       [-0.63684894],
       [-0.69452945],
       [-0.70743106],
       [-0.7321982 ],
       [-0.60459306],
       [-0.3563419 ],
       [-0.48851192]])
array([[-4.07165527],
       [-0.30054897],
       [-1.92915823],
       [-4.06544493],
       [-4.11810452],
       [-4.68339563],
       [-3.21883599],
       [-4.64684986],
       [-2.96741858],
       [-2.84124828],
       [-4.33096355],
       [-0.96414826],
       [-4.33328066],
       [-4.13292019],
       [-3.3967657 ],
       [-4.17047812],
       [-4.32731283],
       [-3.99385983],
       [-4.01787618],
       [-3.41115288],
       [-4.23399784],
       [-3.74148794],
       [-4.38363918],
       [-4.09232612],
       [-3.76689479],
       [-4.16463331],
       [-4.21622735],
       [-4.47768093],
       [-2.82965442],
       [-1.81572013],
       [-2.05442374]])
<<<<<<<<<<< STEP 5 >>>>>>>>>>>> + array([[-0.63818362],
       [-0.01153749],
       [-0.10540145],
       [-0.63570034],
       [-0.64428607],
       [-0.67218688],
       [-0.69102589],
       [-0.67379474],
       [-0.64236452],
       [-0.63326723],
       [-0.6403765 ],
       [-0.22831983],
       [-0.64319305],
       [-0.63185651],
       [-0.5737998 ],
       [-0.63513173],
       [-0.6438144 ],
       [-0.62846263],
       [-0.61433639],
       [-0.65237826],
       [-0.63546163],
       [-0.56891863],
       [-0.64485386],
       [-0.62729961],
       [-0.59579229],
       [-0.63420603],
       [-0.64281328],
       [-0.65711541],
       [-0.57748952],
       [-0.32412672],
       [-0.5053849 ]])
array([[-4.70983889],
       [-0.31208646],
       [-2.03455968],
       [-4.70114527],
       [-4.76239059],
       [-5.35558251],
       [-3.90986189],
       [-5.3206446 ],
       [-3.6097831 ],
       [-3.47451551],
       [-4.97134004],
       [-1.19246809],
       [-4.9764737 ],
       [-4.7647767 ],
       [-3.97056551],
       [-4.80560985],
       [-4.97112723],
       [-4.62232246],
       [-4.63221257],
       [-4.06353113],
       [-4.86945947],
       [-4.31040657],
       [-5.02849304],
       [-4.71962573],
       [-4.36268708],
       [-4.79883935],
       [-4.85904062],
       [-5.13479634],
       [-3.40714395],
       [-2.13984685],
       [-2.55980865]])
<<<<<<<<<<< STEP 6 >>>>>>>>>>>> + array([[-0.59093353],
       [ 0.00590507],
       [ 0.02116117],
       [-0.58934243],
       [-0.59519407],
       [-0.61187757],
       [-0.64309678],
       [-0.61295597],
       [-0.59676121],
       [-0.59913003],
       [-0.59196233],
       [-0.2129793 ],
       [-0.59394852],
       [-0.58652799],
       [-0.55044746],
       [-0.58960322],
       [-0.59486434],
       [-0.58532491],
       [-0.5753609 ],
       [-0.60315163],
       [-0.58798906],
       [-0.55189466],
       [-0.5939574 ],
       [-0.58294396],
       [-0.56311955],
       [-0.58799611],
       [-0.59344552],
       [-0.60142139],
       [-0.54925949],
       [-0.30468736],
       [-0.51154597]])
array([[-5.30077242],
       [-0.30618139],
       [-2.01339852],
       [-5.2904877 ],
       [-5.35758467],
       [-5.96746008],
       [-4.55295866],
       [-5.93360058],
       [-4.20654431],
       [-4.07364555],
       [-5.56330237],
       [-1.40544739],
       [-5.57042222],
       [-5.35130469],
       [-4.52101297],
       [-5.39521307],
       [-5.56599157],
       [-5.20764736],
       [-5.20757346],
       [-4.66668276],
       [-5.45744853],
       [-4.86230123],
       [-5.62245043],
       [-5.30256969],
       [-4.92580663],
       [-5.38683546],
       [-5.45248614],
       [-5.73621773],
       [-3.95640344],
       [-2.44453421],
       [-3.07135462]])
<<<<<<<<<<< STEP 7 >>>>>>>>>>>> + array([[-0.55971108],
       [ 0.01970124],
       [ 0.10309241],
       [-0.55867446],
       [-0.56083437],
       [-0.5712829 ],
       [-0.60338152],
       [-0.57249172],
       [-0.5622341 ],
       [-0.56734037],
       [-0.55987489],
       [-0.20184789],
       [-0.56121893],
       [-0.55639193],
       [-0.53370864],
       [-0.55820198],
       [-0.56151367],
       [-0.55575086],
       [-0.54851695],
       [-0.5680372 ],
       [-0.55700814],
       [-0.53945807],
       [-0.5607137 ],
       [-0.55385733],
       [-0.53981196],
       [-0.5560658 ],
       [-0.55966438],
       [-0.56422026],
       [-0.52807224],
       [-0.30183868],
       [-0.51200287]])
array([[-5.8604835 ],
       [-0.28648016],
       [-1.9103061 ],
       [-5.84916217],
       [-5.91841904],
       [-6.53874298],
       [-5.15634018],
       [-6.5060923 ],
       [-4.76877841],
       [-4.64098592],
       [-6.12317726],
       [-1.60729528],
       [-6.13164114],
       [-5.90769662],
       [-5.05472161],
       [-5.95341505],
       [-6.12750524],
       [-5.76339822],
       [-5.75609041],
       [-5.23471996],
       [-6.01445668],
       [-5.40175929],
       [-6.18316413],
       [-5.85642702],
       [-5.46561859],
       [-5.94290126],
       [-6.01215052],
       [-6.300438  ],
       [-4.48447567],
       [-2.74637289],
       [-3.58335749]])
<<<<<<<<<<< STEP 8 >>>>>>>>>>>> + array([[-0.53992187],
       [ 0.0309644 ],
       [ 0.15017425],
       [-0.53921017],
       [-0.53832052],
       [-0.54524046],
       [-0.57251928],
       [-0.54674189],
       [-0.53917314],
       [-0.54310723],
       [-0.53936993],
       [-0.19848977],
       [-0.54024957],
       [-0.53713163],
       [-0.52238163],
       [-0.53759331],
       [-0.53982931],
       [-0.53644611],
       [-0.53099781],
       [-0.54463268],
       [-0.53752907],
       [-0.52996911],
       [-0.53978058],
       [-0.53550761],
       [-0.52431158],
       [-0.53519615],
       [-0.53776282],
       [-0.54054307],
       [-0.51437427],
       [-0.31226237],
       [-0.51037924]])
array([[-6.40040537],
       [-0.25551575],
       [-1.76013186],
       [-6.38837233],
       [-6.45673956],
       [-7.08398344],
       [-5.72885947],
       [-7.05283419],
       [-5.30795154],
       [-5.18409315],
       [-6.6625472 ],
       [-1.80578505],
       [-6.67189071],
       [-6.44482825],
       [-5.57710325],
       [-6.49100836],
       [-6.66733456],
       [-6.29984433],
       [-6.28708822],
       [-5.77935264],
       [-6.55198574],
       [-5.93172841],
       [-6.72294472],
       [-6.39193462],
       [-5.98993017],
       [-6.47809742],
       [-6.54991333],
       [-6.84098106],
       [-4.99884995],
       [-3.05863527],
       [-4.09373673]])
<<<<<<<<<<< STEP 9 >>>>>>>>>>>> + array([[-0.52737723],
       [ 0.04054324],
       [ 0.17430914],
       [-0.52685975],
       [-0.52396482],
       [-0.52878905],
       [-0.54991593],
       [-0.53050613],
       [-0.52445373],
       [-0.5264327 ],
       [-0.52632266],
       [-0.20305238],
       [-0.52688008],
       [-0.52488402],
       [-0.51489102],
       [-0.52431088],
       [-0.52593264],
       [-0.52402313],
       [-0.51980997],
       [-0.52932478],
       [-0.52529401],
       [-0.52267551],
       [-0.52662539],
       [-0.5239542 ],
       [-0.51439536],
       [-0.52188862],
       [-0.5238533 ],
       [-0.52570421],
       [-0.50619504],
       [-0.3319836 ],
       [-0.5084008 ]])
array([[-6.9277826 ],
       [-0.21497251],
       [-1.58582272],
       [-6.91523209],
       [-6.98070438],
       [-7.61277249],
       [-6.2787754 ],
       [-7.58334032],
       [-5.83240527],
       [-5.71052585],
       [-7.18886985],
       [-2.00883743],
       [-7.19877079],
       [-6.96971227],
       [-6.09199427],
       [-7.01531924],
       [-7.19326719],
       [-6.82386746],
       [-6.80689818],
       [-6.30867743],
       [-7.07727975],
       [-6.45440391],
       [-7.24957011],
       [-6.91588882],
       [-6.50432553],
       [-6.99998604],
       [-7.07376663],
       [-7.36668527],
       [-5.50504499],
       [-3.39061887],
       [-4.60213753]])
