<<<<<<<<<<< STEP 0 >>>>>>>>>>>> + array([[-0.50000008],
       [-0.50000681],
       [-0.50000041],
       [-0.49999992],
       [-0.50000006],
       [-0.500001  ],
       [-0.50000036],
       [-0.50000284],
       [-0.49999986],
       [-0.50000034],
       [-0.50000012],
       [-0.5000001 ],
       [-0.50000016],
       [-0.0149603 ],
       [-0.50000104],
       [-0.49999995],
       [ 0.00870891],
       [-0.49999986],
       [ 0.02195558],
       [-0.50003168],
       [-0.50000003],
       [-0.49999996],
       [-0.50000018],
       [-0.50000407],
       [-0.50030063],
       [-0.50000199],
       [-0.49999985],
       [-0.49999986],
       [-0.49999989],
       [-0.50000027],
       [-0.46243995],
       [-0.49999983],
       [-0.50000007],
       [-0.50000013],
       [-0.50000032],
       [-0.50000065],
       [-0.49999987],
       [-0.4999999 ],
       [-0.49999986],
       [-0.49999974]])
array([[-28.24691767],
       [-20.36814706],
       [-28.19910196],
       [-27.02398024],
       [-28.46408227],
       [-26.0152429 ],
       [-28.51496563],
       [-22.27764031],
       [-27.41049181],
       [-27.03089048],
       [-27.98349342],
       [-28.24910896],
       [-28.33566525],
       [ -1.14704295],
       [-27.98554936],
       [-27.57781069],
       [ -0.25810878],
       [-27.48178096],
       [ -1.70278079],
       [-16.84556605],
       [-28.07595958],
       [-27.57748794],
       [-28.31683057],
       [-25.63042363],
       [-15.45017137],
       [-26.14277171],
       [-26.57347597],
       [-26.63662828],
       [-27.67339889],
       [-27.97964247],
       [ -7.32328767],
       [-28.44974835],
       [-28.33812465],
       [-28.33276004],
       [-27.42029079],
       [-28.17462678],
       [-27.1133224 ],
       [-27.67295093],
       [-27.78368252],
       [-27.20049971]])
<<<<<<<<<<< STEP 1 >>>>>>>>>>>> + array([[-0.50000005],
       [-0.50000376],
       [-0.5000003 ],
       [-0.49999992],
       [-0.50000003],
       [-0.50000074],
       [-0.50000025],
       [-0.50000152],
       [-0.49999988],
       [-0.50000022],
       [-0.50000007],
       [-0.50000005],
       [-0.5000001 ],
       [-0.01504925],
       [-0.50000078],
       [-0.49999996],
       [ 0.00852515],
       [-0.4999999 ],
       [ 0.02224095],
       [-0.50001489],
       [-0.49999999],
       [-0.49999996],
       [-0.5000001 ],
       [-0.50000305],
       [-0.50021664],
       [-0.50000147],
       [-0.49999987],
       [-0.49999986],
       [-0.49999993],
       [-0.5000002 ],
       [-0.47615845],
       [-0.49999987],
       [-0.50000004],
       [-0.50000008],
       [-0.50000025],
       [-0.50000043],
       [-0.4999999 ],
       [-0.49999993],
       [-0.4999999 ],
       [-0.49999978]])
array([[-28.74691771],
       [-20.86815082],
       [-28.69910226],
       [-27.52398016],
       [-28.9640823 ],
       [-26.51524364],
       [-29.01496588],
       [-22.77764183],
       [-27.91049169],
       [-27.5308907 ],
       [-28.48349349],
       [-28.74910901],
       [-28.83566535],
       [ -1.16209221],
       [-28.48555014],
       [-28.07781065],
       [ -0.24958362],
       [-27.98178086],
       [ -1.68053983],
       [-17.34558095],
       [-28.57595957],
       [-28.0774879 ],
       [-28.81683067],
       [-26.13042668],
       [-15.95038802],
       [-26.64277319],
       [-27.07347584],
       [-27.13662814],
       [-28.17339882],
       [-28.47964267],
       [ -7.79944612],
       [-28.94974822],
       [-28.83812469],
       [-28.83276012],
       [-27.92029105],
       [-28.67462721],
       [-27.6133223 ],
       [-28.17295086],
       [-28.28368242],
       [-27.70049949]])
<<<<<<<<<<< STEP 2 >>>>>>>>>>>> + array([[-0.50000003],
       [-0.50000193],
       [-0.50000021],
       [-0.49999993],
       [-0.50000002],
       [-0.50000055],
       [-0.50000018],
       [-0.50000073],
       [-0.4999999 ],
       [-0.50000014],
       [-0.50000003],
       [-0.50000002],
       [-0.50000006],
       [-0.01514788],
       [-0.50000059],
       [-0.49999997],
       [ 0.00835428],
       [-0.49999994],
       [ 0.02240669],
       [-0.50000522],
       [-0.49999996],
       [-0.49999996],
       [-0.50000006],
       [-0.5000023 ],
       [-0.50015717],
       [-0.5000011 ],
       [-0.49999989],
       [-0.49999987],
       [-0.49999995],
       [-0.50000015],
       [-0.48526115],
       [-0.4999999 ],
       [-0.50000002],
       [-0.50000005],
       [-0.5000002 ],
       [-0.50000028],
       [-0.49999992],
       [-0.49999995],
       [-0.49999993],
       [-0.49999982]])
array([[-29.24691774],
       [-21.36815274],
       [-29.19910247],
       [-28.02398009],
       [-29.46408232],
       [-27.01524419],
       [-29.51496606],
       [-23.27764256],
       [-28.41049159],
       [-28.03089084],
       [-28.98349352],
       [-29.24910903],
       [-29.33566541],
       [ -1.17724008],
       [-28.98555074],
       [-28.57781062],
       [ -0.24122934],
       [-28.4817808 ],
       [ -1.65813314],
       [-17.84558617],
       [-29.07595953],
       [-28.57748786],
       [-29.31683073],
       [-26.63042898],
       [-16.45054519],
       [-27.14277428],
       [-27.57347573],
       [-27.63662801],
       [-28.67339877],
       [-28.97964281],
       [ -8.28470727],
       [-29.44974811],
       [-29.33812471],
       [-29.33276017],
       [-28.42029125],
       [-29.17462749],
       [-28.11332223],
       [-28.67295081],
       [-28.78368235],
       [-28.2004993 ]])
<<<<<<<<<<< STEP 3 >>>>>>>>>>>> + array([[-0.50000001],
       [-0.50000086],
       [-0.50000016],
       [-0.49999994],
       [-0.50000001],
       [-0.50000042],
       [-0.50000012],
       [-0.50000028],
       [-0.49999992],
       [-0.50000009],
       [-0.50000002],
       [-0.5       ],
       [-0.50000004],
       [-0.0152558 ],
       [-0.50000045],
       [-0.49999998],
       [ 0.00819551],
       [-0.49999996],
       [ 0.02246831],
       [-0.50000002],
       [-0.49999996],
       [-0.49999996],
       [-0.50000003],
       [-0.50000174],
       [-0.50011496],
       [-0.50000082],
       [-0.49999991],
       [-0.49999989],
       [-0.49999997],
       [-0.50000011],
       [-0.49107684],
       [-0.49999992],
       [-0.50000001],
       [-0.50000003],
       [-0.50000016],
       [-0.50000018],
       [-0.49999994],
       [-0.49999997],
       [-0.49999995],
       [-0.49999985]])
array([[-29.74691775],
       [-21.86815361],
       [-29.69910263],
       [-28.52398002],
       [-29.96408233],
       [-27.51524461],
       [-30.01496618],
       [-23.77764284],
       [-28.91049151],
       [-28.53089093],
       [-29.48349354],
       [-29.74910903],
       [-29.83566545],
       [ -1.19249588],
       [-29.48555119],
       [-29.0778106 ],
       [ -0.23303383],
       [-28.98178075],
       [ -1.63566483],
       [-18.34558619],
       [-29.57595949],
       [-29.07748782],
       [-29.81683076],
       [-27.13043072],
       [-16.95066015],
       [-27.64277511],
       [-28.07347563],
       [-28.1366279 ],
       [-29.17339874],
       [-29.47964292],
       [ -8.77578411],
       [-29.94974803],
       [-29.83812471],
       [-29.8327602 ],
       [-28.9202914 ],
       [-29.67462767],
       [-28.61332217],
       [-29.17295078],
       [-29.2836823 ],
       [-28.70049915]])
<<<<<<<<<<< STEP 4 >>>>>>>>>>>> + array([[-0.50000001],
       [-0.50000027],
       [-0.50000012],
       [-0.49999995],
       [-0.5       ],
       [-0.50000032],
       [-0.50000009],
       [-0.50000004],
       [-0.49999993],
       [-0.50000006],
       [-0.50000001],
       [-0.49999999],
       [-0.50000002],
       [-0.01537246],
       [-0.50000035],
       [-0.49999998],
       [ 0.00804749],
       [-0.49999997],
       [ 0.02244392],
       [-0.49999748],
       [-0.49999996],
       [-0.49999997],
       [-0.50000002],
       [-0.50000132],
       [-0.5000848 ],
       [-0.50000062],
       [-0.49999992],
       [-0.49999991],
       [-0.49999998],
       [-0.50000008],
       [-0.49469355],
       [-0.49999994],
       [-0.5       ],
       [-0.50000002],
       [-0.50000012],
       [-0.50000012],
       [-0.49999996],
       [-0.49999998],
       [-0.49999997],
       [-0.49999988]])
array([[-30.24691776],
       [-22.36815387],
       [-30.19910274],
       [-29.02397997],
       [-30.46408233],
       [-28.01524493],
       [-30.51496627],
       [-24.27764288],
       [-29.41049144],
       [-29.03089098],
       [-29.98349354],
       [-30.24910902],
       [-30.33566547],
       [ -1.20786834],
       [-29.98555154],
       [-29.57781058],
       [ -0.22498633],
       [-29.48178072],
       [ -1.61322091],
       [-18.84558367],
       [-30.07595944],
       [-29.57748779],
       [-30.31683078],
       [-27.63043203],
       [-17.45074495],
       [-28.14277573],
       [-28.57347555],
       [-28.63662781],
       [-29.67339872],
       [-29.979643  ],
       [ -9.27047765],
       [-30.44974797],
       [-30.33812472],
       [-30.33276022],
       [-29.42029152],
       [-30.17462779],
       [-29.11332212],
       [-29.67295075],
       [-29.78368227],
       [-29.20049903]])
<<<<<<<<<<< STEP 5 >>>>>>>>>>>> + array([[-0.5       ],
       [-0.49999996],
       [-0.50000009],
       [-0.49999996],
       [-0.5       ],
       [-0.50000024],
       [-0.50000006],
       [-0.49999992],
       [-0.49999995],
       [-0.50000004],
       [-0.5       ],
       [-0.49999999],
       [-0.50000001],
       [-0.01549729],
       [-0.50000027],
       [-0.49999999],
       [ 0.00790872],
       [-0.49999998],
       [ 0.02235091],
       [-0.49999647],
       [-0.49999996],
       [-0.49999997],
       [-0.50000001],
       [-0.500001  ],
       [-0.50006305],
       [-0.50000047],
       [-0.49999994],
       [-0.49999992],
       [-0.49999998],
       [-0.50000006],
       [-0.49689904],
       [-0.49999995],
       [-0.5       ],
       [-0.50000001],
       [-0.5000001 ],
       [-0.50000008],
       [-0.49999997],
       [-0.49999998],
       [-0.49999998],
       [-0.4999999 ]])
array([[-30.74691777],
       [-22.86815384],
       [-30.69910283],
       [-29.52397993],
       [-30.96408233],
       [-28.51524517],
       [-31.01496634],
       [-24.7776428 ],
       [-29.91049139],
       [-29.53089102],
       [-30.48349354],
       [-30.74910901],
       [-30.83566549],
       [ -1.22336563],
       [-30.4855518 ],
       [-30.07781057],
       [ -0.21707761],
       [-29.9817807 ],
       [ -1.59087   ],
       [-19.34558014],
       [-30.5759594 ],
       [-30.07748776],
       [-30.81683079],
       [-28.13043304],
       [-17.950808  ],
       [-28.6427762 ],
       [-29.07347549],
       [-29.13662773],
       [-30.1733987 ],
       [-30.47964306],
       [ -9.76737669],
       [-30.94974792],
       [-30.83812472],
       [-30.83276024],
       [-29.92029162],
       [-30.67462787],
       [-29.61332209],
       [-30.17295074],
       [-30.28368224],
       [-29.70049893]])
<<<<<<<<<<< STEP 6 >>>>>>>>>>>> + array([[-0.5       ],
       [-0.49999982],
       [-0.50000006],
       [-0.49999996],
       [-0.5       ],
       [-0.50000018],
       [-0.50000005],
       [-0.49999987],
       [-0.49999996],
       [-0.50000002],
       [-0.5       ],
       [-0.49999999],
       [-0.50000001],
       [-0.01562983],
       [-0.50000021],
       [-0.49999999],
       [ 0.00777775],
       [-0.49999999],
       [ 0.02220439],
       [-0.49999629],
       [-0.49999996],
       [-0.49999998],
       [-0.5       ],
       [-0.50000077],
       [-0.50004722],
       [-0.50000036],
       [-0.49999995],
       [-0.49999994],
       [-0.49999999],
       [-0.50000005],
       [-0.49822346],
       [-0.49999996],
       [-0.5       ],
       [-0.50000001],
       [-0.50000007],
       [-0.50000005],
       [-0.49999997],
       [-0.49999999],
       [-0.49999998],
       [-0.49999992]])
array([[-31.24691777],
       [-23.36815365],
       [-31.1991029 ],
       [-30.02397989],
       [-31.46408233],
       [-29.01524535],
       [-31.51496638],
       [-25.27764267],
       [-30.41049134],
       [-30.03089105],
       [-30.98349354],
       [-31.249109  ],
       [-31.33566549],
       [ -1.23899546],
       [-30.98555201],
       [-30.57781056],
       [ -0.20929986],
       [-30.48178068],
       [ -1.5686656 ],
       [-19.84557644],
       [-31.07595937],
       [-30.57748774],
       [-31.31683079],
       [-28.6304338 ],
       [-18.45085523],
       [-29.14277656],
       [-29.57347544],
       [-29.63662767],
       [-30.67339869],
       [-30.97964311],
       [-10.26560016],
       [-31.44974788],
       [-31.33812471],
       [-31.33276025],
       [-30.42029169],
       [-31.17462792],
       [-30.11332206],
       [-30.67295072],
       [-30.78368223],
       [-30.20049886]])
<<<<<<<<<<< STEP 7 >>>>>>>>>>>> + array([[-0.5       ],
       [-0.49999976],
       [-0.50000005],
       [-0.49999997],
       [-0.5       ],
       [-0.50000014],
       [-0.50000003],
       [-0.49999986],
       [-0.49999996],
       [-0.50000002],
       [-0.5       ],
       [-0.49999999],
       [-0.5       ],
       [-0.01576974],
       [-0.50000016],
       [-0.49999999],
       [ 0.00765332],
       [-0.49999999],
       [ 0.02201688],
       [-0.49999652],
       [-0.49999997],
       [-0.49999998],
       [-0.5       ],
       [-0.50000059],
       [-0.50003559],
       [-0.50000027],
       [-0.49999996],
       [-0.49999995],
       [-0.49999999],
       [-0.50000004],
       [-0.49900802],
       [-0.49999997],
       [-0.5       ],
       [-0.50000001],
       [-0.50000006],
       [-0.50000004],
       [-0.49999998],
       [-0.49999999],
       [-0.49999999],
       [-0.49999994]])
array([[-31.74691777],
       [-23.86815341],
       [-31.69910294],
       [-30.52397986],
       [-31.96408233],
       [-29.51524549],
       [-32.01496642],
       [-25.77764252],
       [-30.91049131],
       [-30.53089106],
       [-31.48349354],
       [-31.74910898],
       [-31.8356655 ],
       [ -1.2547652 ],
       [-31.48555217],
       [-31.07781055],
       [ -0.20164654],
       [-30.98178067],
       [ -1.54664872],
       [-20.34557296],
       [-31.57595934],
       [-31.07748772],
       [-31.81683079],
       [-29.13043439],
       [-18.95089082],
       [-29.64277683],
       [-30.0734754 ],
       [-30.13662762],
       [-31.17339868],
       [-31.47964314],
       [-10.76460817],
       [-31.94974785],
       [-31.83812471],
       [-31.83276025],
       [-30.92029175],
       [-31.67462796],
       [-30.61332204],
       [-31.17295072],
       [-31.28368221],
       [-30.70049879]])
<<<<<<<<<<< STEP 8 >>>>>>>>>>>> + array([[-0.5       ],
       [-0.49999975],
       [-0.50000004],
       [-0.49999998],
       [-0.5       ],
       [-0.50000011],
       [-0.50000003],
       [-0.49999986],
       [-0.49999997],
       [-0.50000001],
       [-0.5       ],
       [-0.49999999],
       [-0.5       ],
       [-0.01591682],
       [-0.50000012],
       [-0.49999999],
       [ 0.00753437],
       [-0.49999999],
       [ 0.02179841],
       [-0.49999693],
       [-0.49999998],
       [-0.49999999],
       [-0.5       ],
       [-0.50000045],
       [-0.50002696],
       [-0.50000021],
       [-0.49999997],
       [-0.49999996],
       [-0.49999999],
       [-0.50000003],
       [-0.49946623],
       [-0.49999998],
       [-0.5       ],
       [-0.5       ],
       [-0.50000005],
       [-0.50000003],
       [-0.49999998],
       [-0.49999999],
       [-0.49999999],
       [-0.49999995]])
array([[-32.24691777],
       [-24.36815317],
       [-32.19910298],
       [-31.02397984],
       [-32.46408233],
       [-30.0152456 ],
       [-32.51496644],
       [-26.27764238],
       [-31.41049128],
       [-31.03089107],
       [-31.98349353],
       [-32.24910897],
       [-32.3356655 ],
       [ -1.27068202],
       [-31.98555229],
       [-31.57781054],
       [ -0.19411217],
       [-31.48178067],
       [ -1.52485031],
       [-20.84556989],
       [-32.07595931],
       [-31.57748771],
       [-32.31683079],
       [-29.63043484],
       [-19.45091778],
       [-30.14277704],
       [-30.57347537],
       [-30.63662758],
       [-31.67339868],
       [-31.97964317],
       [-11.2640744 ],
       [-32.44974783],
       [-32.33812471],
       [-32.33276025],
       [-31.4202918 ],
       [-32.17462798],
       [-31.11332202],
       [-31.67295071],
       [-31.7836822 ],
       [-31.20049875]])
<<<<<<<<<<< STEP 9 >>>>>>>>>>>> + array([[-0.5       ],
       [-0.49999977],
       [-0.50000003],
       [-0.49999998],
       [-0.5       ],
       [-0.50000008],
       [-0.50000002],
       [-0.49999988],
       [-0.49999998],
       [-0.50000001],
       [-0.5       ],
       [-0.49999999],
       [-0.5       ],
       [-0.01607096],
       [-0.5000001 ],
       [-0.49999999],
       [ 0.00742001],
       [-0.49999999],
       [ 0.02155691],
       [-0.49999739],
       [-0.49999998],
       [-0.49999999],
       [-0.5       ],
       [-0.50000035],
       [-0.50002052],
       [-0.50000016],
       [-0.49999998],
       [-0.49999997],
       [-0.5       ],
       [-0.50000002],
       [-0.49972938],
       [-0.49999998],
       [-0.5       ],
       [-0.5       ],
       [-0.50000004],
       [-0.50000002],
       [-0.49999999],
       [-0.5       ],
       [-0.49999999],
       [-0.49999996]])
array([[-32.74691777],
       [-24.86815294],
       [-32.69910301],
       [-31.52397982],
       [-32.96408232],
       [-30.51524568],
       [-33.01496646],
       [-26.77764226],
       [-31.91049126],
       [-31.53089108],
       [-32.48349353],
       [-32.74910896],
       [-32.8356655 ],
       [ -1.28675298],
       [-32.48555239],
       [-32.07781053],
       [ -0.18669216],
       [-31.98178066],
       [ -1.5032934 ],
       [-21.34556729],
       [-32.57595929],
       [-32.0774877 ],
       [-32.81683079],
       [-30.13043519],
       [-19.9509383 ],
       [-30.6427772 ],
       [-31.07347534],
       [-31.13662755],
       [-32.17339867],
       [-32.47964319],
       [-11.76380379],
       [-32.94974781],
       [-32.83812471],
       [-32.83276026],
       [-31.92029183],
       [-32.674628  ],
       [-31.61332201],
       [-32.1729507 ],
       [-32.2836822 ],
       [-31.70049871]])
<<<<<<<<<<< STEP 10 >>>>>>>>>>>> + array([[-0.5       ],
       [-0.4999998 ],
       [-0.50000002],
       [-0.49999999],
       [-0.5       ],
       [-0.50000006],
       [-0.50000001],
       [-0.49999989],
       [-0.49999998],
       [-0.5       ],
       [-0.5       ],
       [-0.49999999],
       [-0.5       ],
       [-0.01623216],
       [-0.50000007],
       [-0.5       ],
       [ 0.00730955],
       [-0.5       ],
       [ 0.02129858],
       [-0.49999783],
       [-0.49999998],
       [-0.49999999],
       [-0.5       ],
       [-0.50000027],
       [-0.50001567],
       [-0.50000012],
       [-0.49999998],
       [-0.49999998],
       [-0.5       ],
       [-0.50000002],
       [-0.49987717],
       [-0.49999999],
       [-0.5       ],
       [-0.5       ],
       [-0.50000003],
       [-0.50000001],
       [-0.49999999],
       [-0.5       ],
       [-0.49999999],
       [-0.49999997]])
array([[-33.24691777],
       [-25.36815274],
       [-33.19910303],
       [-32.02397981],
       [-33.46408232],
       [-31.01524575],
       [-33.51496648],
       [-27.27764215],
       [-32.41049124],
       [-32.03089109],
       [-32.98349353],
       [-33.24910896],
       [-33.3356655 ],
       [ -1.30298515],
       [-32.98555246],
       [-32.57781053],
       [ -0.17938261],
       [-32.48178066],
       [ -1.48199482],
       [-21.84556512],
       [-33.07595928],
       [-32.57748769],
       [-33.31683079],
       [-30.63043545],
       [-20.45095397],
       [-31.14277732],
       [-31.57347532],
       [-31.63662752],
       [-32.67339867],
       [-32.97964321],
       [-12.26368095],
       [-33.4497478 ],
       [-33.3381247 ],
       [-33.33276026],
       [-32.42029186],
       [-33.17462801],
       [-32.113322  ],
       [-32.6729507 ],
       [-32.78368219],
       [-32.20049868]])
<<<<<<<<<<< STEP 11 >>>>>>>>>>>> + array([[-0.5       ],
       [-0.49999983],
       [-0.50000002],
       [-0.49999999],
       [-0.5       ],
       [-0.50000005],
       [-0.50000001],
       [-0.49999991],
       [-0.49999999],
       [-0.5       ],
       [-0.5       ],
       [-0.49999999],
       [-0.5       ],
       [-0.0164005 ],
       [-0.50000006],
       [-0.5       ],
       [ 0.00720243],
       [-0.5       ],
       [ 0.02102826],
       [-0.49999823],
       [-0.49999999],
       [-0.49999999],
       [-0.5       ],
       [-0.5000002 ],
       [-0.500012  ],
       [-0.5000001 ],
       [-0.49999998],
       [-0.49999998],
       [-0.5       ],
       [-0.50000001],
       [-0.49995752],
       [-0.49999999],
       [-0.5       ],
       [-0.5       ],
       [-0.50000002],
       [-0.50000001],
       [-0.49999999],
       [-0.5       ],
       [-0.5       ],
       [-0.49999998]])
array([[-33.74691777],
       [-25.86815257],
       [-33.69910305],
       [-32.52397979],
       [-33.96408232],
       [-31.5152458 ],
       [-34.01496649],
       [-27.77764207],
       [-32.91049122],
       [-32.53089109],
       [-33.48349353],
       [-33.74910895],
       [-33.8356655 ],
       [ -1.31938565],
       [-33.48555252],
       [-33.07781052],
       [ -0.17218018],
       [-32.98178066],
       [ -1.46096656],
       [-22.34556335],
       [-33.57595927],
       [-33.07748768],
       [-33.81683078],
       [-31.13043566],
       [-20.95096597],
       [-31.64277742],
       [-32.07347531],
       [-32.1366275 ],
       [-33.17339867],
       [-33.47964322],
       [-12.76363847],
       [-33.94974779],
       [-33.8381247 ],
       [-33.83276026],
       [-32.92029188],
       [-33.67462802],
       [-32.613322  ],
       [-33.1729507 ],
       [-33.28368219],
       [-32.70049865]])
<<<<<<<<<<< STEP 12 >>>>>>>>>>>> + array([[-0.5       ],
       [-0.49999986],
       [-0.50000001],
       [-0.49999999],
       [-0.5       ],
       [-0.50000004],
       [-0.50000001],
       [-0.49999993],
       [-0.49999999],
       [-0.5       ],
       [-0.5       ],
       [-0.49999999],
       [-0.5       ],
       [-0.01657611],
       [-0.50000005],
       [-0.5       ],
       [ 0.00709819],
       [-0.5       ],
       [ 0.0207497 ],
       [-0.49999857],
       [-0.49999999],
       [-0.49999999],
       [-0.5       ],
       [-0.50000016],
       [-0.50000922],
       [-0.50000007],
       [-0.49999999],
       [-0.49999999],
       [-0.5       ],
       [-0.50000001],
       [-0.49999902],
       [-0.49999999],
       [-0.5       ],
       [-0.5       ],
       [-0.50000002],
       [-0.50000001],
       [-0.49999999],
       [-0.5       ],
       [-0.5       ],
       [-0.49999998]])
array([[-34.24691777],
       [-26.36815243],
       [-34.19910306],
       [-33.02397979],
       [-34.46408232],
       [-32.01524584],
       [-34.5149665 ],
       [-28.27764199],
       [-33.41049121],
       [-33.03089109],
       [-33.98349352],
       [-34.24910894],
       [-34.3356655 ],
       [ -1.33596176],
       [-33.98555257],
       [-33.57781052],
       [ -0.16508199],
       [-33.48178065],
       [ -1.44021686],
       [-22.84556192],
       [-34.07595925],
       [-33.57748768],
       [-34.31683078],
       [-31.63043581],
       [-21.45097519],
       [-32.14277749],
       [-32.5734753 ],
       [-32.63662749],
       [-33.67339867],
       [-33.97964323],
       [-13.26363749],
       [-34.44974778],
       [-34.3381247 ],
       [-34.33276026],
       [-33.4202919 ],
       [-34.17462803],
       [-33.11332199],
       [-33.6729507 ],
       [-33.78368218],
       [-33.20049864]])
<<<<<<<<<<< STEP 13 >>>>>>>>>>>> + array([[-0.5       ],
       [-0.49999988],
       [-0.50000001],
       [-0.49999999],
       [-0.5       ],
       [-0.50000003],
       [-0.50000001],
       [-0.49999994],
       [-0.49999999],
       [-0.5       ],
       [-0.5       ],
       [-0.5       ],
       [-0.5       ],
       [-0.0167592 ],
       [-0.50000004],
       [-0.5       ],
       [ 0.00699647],
       [-0.5       ],
       [ 0.02046583],
       [-0.49999886],
       [-0.49999999],
       [-0.5       ],
       [-0.5       ],
       [-0.50000012],
       [-0.50000709],
       [-0.50000006],
       [-0.49999999],
       [-0.49999999],
       [-0.5       ],
       [-0.50000001],
       [-0.50001859],
       [-0.49999999],
       [-0.5       ],
       [-0.5       ],
       [-0.50000001],
       [-0.5       ],
       [-0.5       ],
       [-0.5       ],
       [-0.5       ],
       [-0.49999999]])
array([[-34.74691777],
       [-26.86815231],
       [-34.69910307],
       [-33.52397978],
       [-34.96408232],
       [-32.51524587],
       [-35.01496651],
       [-28.77764193],
       [-33.9104912 ],
       [-33.53089109],
       [-34.48349352],
       [-34.74910894],
       [-34.8356655 ],
       [ -1.35272096],
       [-34.4855526 ],
       [-34.07781052],
       [ -0.15808551],
       [-33.98178065],
       [ -1.41975102],
       [-23.34556078],
       [-34.57595925],
       [-34.07748767],
       [-34.81683078],
       [-32.13043593],
       [-21.95098228],
       [-32.64277755],
       [-33.07347529],
       [-33.13662748],
       [-34.17339867],
       [-34.47964324],
       [-13.76365608],
       [-34.94974778],
       [-34.8381247 ],
       [-34.83276026],
       [-33.92029191],
       [-34.67462803],
       [-33.61332199],
       [-34.17295069],
       [-34.28368218],
       [-33.70049862]])
<<<<<<<<<<< STEP 14 >>>>>>>>>>>> + array([[-0.5       ],
       [-0.49999991],
       [-0.50000001],
       [-0.49999999],
       [-0.5       ],
       [-0.50000002],
       [-0.50000001],
       [-0.49999995],
       [-0.49999999],
       [-0.5       ],
       [-0.5       ],
       [-0.5       ],
       [-0.5       ],
       [-0.01695002],
       [-0.50000003],
       [-0.5       ],
       [ 0.00689699],
       [-0.5       ],
       [ 0.02017891],
       [-0.49999909],
       [-0.49999999],
       [-0.5       ],
       [-0.5       ],
       [-0.50000009],
       [-0.50000546],
       [-0.50000004],
       [-0.49999999],
       [-0.49999999],
       [-0.5       ],
       [-0.50000001],
       [-0.50002612],
       [-0.5       ],
       [-0.5       ],
       [-0.5       ],
       [-0.50000001],
       [-0.5       ],
       [-0.5       ],
       [-0.5       ],
       [-0.5       ],
       [-0.49999999]])
array([[-35.24691777],
       [-27.36815221],
       [-35.19910308],
       [-34.02397977],
       [-35.46408232],
       [-33.01524589],
       [-35.51496651],
       [-29.27764188],
       [-34.4104912 ],
       [-34.03089109],
       [-34.98349352],
       [-35.24910894],
       [-35.3356655 ],
       [ -1.36967099],
       [-34.98555263],
       [-34.57781052],
       [ -0.15118852],
       [-34.48178065],
       [ -1.39957212],
       [-23.84555987],
       [-35.07595924],
       [-34.57748767],
       [-35.31683078],
       [-32.63043603],
       [-22.45098774],
       [-33.14277759],
       [-33.57347528],
       [-33.63662747],
       [-34.67339867],
       [-34.97964324],
       [-14.2636822 ],
       [-35.44974777],
       [-35.3381247 ],
       [-35.33276026],
       [-34.42029192],
       [-35.17462804],
       [-34.11332198],
       [-34.67295069],
       [-34.78368218],
       [-34.20049861]])
<<<<<<<<<<< STEP 15 >>>>>>>>>>>> + array([[-0.5       ],
       [-0.49999992],
       [-0.50000001],
       [-0.5       ],
       [-0.5       ],
       [-0.50000002],
       [-0.5       ],
       [-0.49999996],
       [-0.49999999],
       [-0.5       ],
       [-0.5       ],
       [-0.5       ],
       [-0.5       ],
       [-0.01714886],
       [-0.50000002],
       [-0.5       ],
       [ 0.00679952],
       [-0.5       ],
       [ 0.01989067],
       [-0.49999928],
       [-0.49999999],
       [-0.5       ],
       [-0.5       ],
       [-0.50000007],
       [-0.50000421],
       [-0.50000003],
       [-0.49999999],
       [-0.49999999],
       [-0.5       ],
       [-0.5       ],
       [-0.50002733],
       [-0.5       ],
       [-0.5       ],
       [-0.5       ],
       [-0.50000001],
       [-0.5       ],
       [-0.5       ],
       [-0.5       ],
       [-0.5       ],
       [-0.49999999]])
array([[-35.74691777],
       [-27.86815214],
       [-35.69910309],
       [-34.52397977],
       [-35.96408232],
       [-33.51524591],
       [-36.01496652],
       [-29.77764185],
       [-34.91049119],
       [-34.5308911 ],
       [-35.48349352],
       [-35.74910893],
       [-35.8356655 ],
       [ -1.38681985],
       [-35.48555265],
       [-35.07781052],
       [ -0.144389  ],
       [-34.98178065],
       [ -1.37968145],
       [-24.34555915],
       [-35.57595924],
       [-35.07748767],
       [-35.81683078],
       [-33.1304361 ],
       [-22.95099195],
       [-33.64277763],
       [-34.07347527],
       [-34.13662746],
       [-35.17339867],
       [-35.47964325],
       [-14.76370953],
       [-35.94974777],
       [-35.8381247 ],
       [-35.83276026],
       [-34.92029193],
       [-35.67462804],
       [-34.61332198],
       [-35.17295069],
       [-35.28368218],
       [-34.7004986 ]])
<<<<<<<<<<< STEP 16 >>>>>>>>>>>> + array([[-0.5       ],
       [-0.49999994],
       [-0.5       ],
       [-0.5       ],
       [-0.5       ],
       [-0.50000001],
       [-0.5       ],
       [-0.49999997],
       [-0.5       ],
       [-0.5       ],
       [-0.5       ],
       [-0.5       ],
       [-0.5       ],
       [-0.01735607],
       [-0.50000002],
       [-0.5       ],
       [ 0.00670386],
       [-0.5       ],
       [ 0.01960248],
       [-0.49999943],
       [-0.5       ],
       [-0.5       ],
       [-0.5       ],
       [-0.50000006],
       [-0.50000325],
       [-0.50000003],
       [-0.5       ],
       [-0.49999999],
       [-0.5       ],
       [-0.5       ],
       [-0.50002546],
       [-0.5       ],
       [-0.5       ],
       [-0.5       ],
       [-0.50000001],
       [-0.5       ],
       [-0.5       ],
       [-0.5       ],
       [-0.5       ],
       [-0.49999999]])
array([[-36.24691776],
       [-28.36815208],
       [-36.19910309],
       [-35.02397977],
       [-36.46408232],
       [-34.01524592],
       [-36.51496652],
       [-30.27764182],
       [-35.41049119],
       [-35.0308911 ],
       [-35.98349352],
       [-36.24910893],
       [-36.3356655 ],
       [ -1.40417592],
       [-35.98555267],
       [-35.57781051],
       [ -0.13768514],
       [-35.48178065],
       [ -1.36007897],
       [-24.84555858],
       [-36.07595923],
       [-35.57748767],
       [-36.31683078],
       [-33.63043616],
       [-23.4509952 ],
       [-34.14277765],
       [-34.57347527],
       [-34.63662746],
       [-35.67339867],
       [-35.97964325],
       [-15.26373499],
       [-36.44974776],
       [-36.3381247 ],
       [-36.33276026],
       [-35.42029194],
       [-36.17462804],
       [-35.11332198],
       [-35.67295069],
       [-35.78368218],
       [-35.20049859]])
<<<<<<<<<<< STEP 17 >>>>>>>>>>>> + array([[-0.5       ],
       [-0.49999995],
       [-0.5       ],
       [-0.5       ],
       [-0.5       ],
       [-0.50000001],
       [-0.5       ],
       [-0.49999998],
       [-0.5       ],
       [-0.5       ],
       [-0.5       ],
       [-0.5       ],
       [-0.5       ],
       [-0.01757201],
       [-0.50000001],
       [-0.5       ],
       [ 0.00660986],
       [-0.5       ],
       [ 0.01931537],
       [-0.49999955],
       [-0.5       ],
       [-0.5       ],
       [-0.5       ],
       [-0.50000004],
       [-0.50000251],
       [-0.50000002],
       [-0.5       ],
       [-0.5       ],
       [-0.5       ],
       [-0.5       ],
       [-0.50002232],
       [-0.5       ],
       [-0.5       ],
       [-0.5       ],
       [-0.5       ],
       [-0.5       ],
       [-0.5       ],
       [-0.5       ],
       [-0.5       ],
       [-0.49999999]])
array([[-36.74691776],
       [-28.86815203],
       [-36.69910309],
       [-35.52397976],
       [-36.96408232],
       [-34.51524593],
       [-37.01496652],
       [-30.77764179],
       [-35.91049118],
       [-35.5308911 ],
       [-36.48349352],
       [-36.74910893],
       [-36.8356655 ],
       [ -1.42174793],
       [-36.48555268],
       [-36.07781051],
       [ -0.13107528],
       [-35.98178065],
       [ -1.3407636 ],
       [-25.34555814],
       [-36.57595923],
       [-36.07748766],
       [-36.81683078],
       [-34.1304362 ],
       [-23.95099772],
       [-34.64277767],
       [-35.07347527],
       [-35.13662745],
       [-36.17339867],
       [-36.47964326],
       [-15.76375731],
       [-36.94974776],
       [-36.8381247 ],
       [-36.83276026],
       [-35.92029194],
       [-36.67462804],
       [-35.61332198],
       [-36.17295069],
       [-36.28368218],
       [-35.70049859]])
<<<<<<<<<<< STEP 18 >>>>>>>>>>>> + array([[-0.5       ],
       [-0.49999996],
       [-0.5       ],
       [-0.5       ],
       [-0.5       ],
       [-0.50000001],
       [-0.5       ],
       [-0.49999998],
       [-0.5       ],
       [-0.5       ],
       [-0.5       ],
       [-0.5       ],
       [-0.5       ],
       [-0.01779711],
       [-0.50000001],
       [-0.5       ],
       [ 0.00651739],
       [-0.5       ],
       [ 0.01903015],
       [-0.49999965],
       [-0.5       ],
       [-0.5       ],
       [-0.5       ],
       [-0.50000003],
       [-0.50000194],
       [-0.50000002],
       [-0.5       ],
       [-0.5       ],
       [-0.5       ],
       [-0.5       ],
       [-0.50001886],
       [-0.5       ],
       [-0.5       ],
       [-0.5       ],
       [-0.5       ],
       [-0.5       ],
       [-0.5       ],
       [-0.5       ],
       [-0.5       ],
       [-0.5       ]])
array([[-37.24691776],
       [-29.36815199],
       [-37.1991031 ],
       [-36.02397976],
       [-37.46408232],
       [-35.01524594],
       [-37.51496652],
       [-31.27764177],
       [-36.41049118],
       [-36.0308911 ],
       [-36.98349352],
       [-37.24910893],
       [-37.3356655 ],
       [ -1.43954504],
       [-36.98555269],
       [-36.57781051],
       [ -0.12455789],
       [-36.48178065],
       [ -1.32173345],
       [-25.84555778],
       [-37.07595923],
       [-36.57748766],
       [-37.31683078],
       [-34.63043623],
       [-24.45099966],
       [-35.14277769],
       [-35.57347526],
       [-35.63662745],
       [-36.67339867],
       [-36.97964326],
       [-16.26377618],
       [-37.44974776],
       [-37.3381247 ],
       [-37.33276026],
       [-36.42029194],
       [-37.17462804],
       [-36.11332198],
       [-36.67295069],
       [-36.78368217],
       [-36.20049859]])
<<<<<<<<<<< STEP 19 >>>>>>>>>>>> + array([[-0.5       ],
       [-0.49999997],
       [-0.5       ],
       [-0.5       ],
       [-0.5       ],
       [-0.50000001],
       [-0.5       ],
       [-0.49999999],
       [-0.5       ],
       [-0.5       ],
       [-0.5       ],
       [-0.5       ],
       [-0.5       ],
       [-0.01803183],
       [-0.50000001],
       [-0.5       ],
       [ 0.00642635],
       [-0.5       ],
       [ 0.01874742],
       [-0.49999972],
       [-0.5       ],
       [-0.5       ],
       [-0.5       ],
       [-0.50000003],
       [-0.5000015 ],
       [-0.50000001],
       [-0.5       ],
       [-0.5       ],
       [-0.5       ],
       [-0.5       ],
       [-0.50001556],
       [-0.5       ],
       [-0.5       ],
       [-0.5       ],
       [-0.5       ],
       [-0.5       ],
       [-0.5       ],
       [-0.5       ],
       [-0.5       ],
       [-0.5       ]])
array([[-37.74691776],
       [-29.86815196],
       [-37.6991031 ],
       [-36.52397976],
       [-37.96408232],
       [-35.51524595],
       [-38.01496652],
       [-31.77764176],
       [-36.91049118],
       [-36.5308911 ],
       [-37.48349352],
       [-37.74910893],
       [-37.8356655 ],
       [ -1.45757686],
       [-37.4855527 ],
       [-37.07781051],
       [ -0.11813154],
       [-36.98178065],
       [ -1.30298602],
       [-26.34555751],
       [-37.57595922],
       [-37.07748766],
       [-37.81683078],
       [-35.13043626],
       [-24.95100117],
       [-35.6427777 ],
       [-36.07347526],
       [-36.13662745],
       [-37.17339867],
       [-37.47964326],
       [-16.76379173],
       [-37.94974776],
       [-37.8381247 ],
       [-37.83276026],
       [-36.92029195],
       [-37.67462805],
       [-36.61332198],
       [-37.17295069],
       [-37.28368217],
       [-36.70049858]])
<<<<<<<<<<< STEP 20 >>>>>>>>>>>> + array([[-0.5       ],
       [-0.49999998],
       [-0.5       ],
       [-0.5       ],
       [-0.5       ],
       [-0.50000001],
       [-0.5       ],
       [-0.49999999],
       [-0.5       ],
       [-0.5       ],
       [-0.5       ],
       [-0.5       ],
       [-0.5       ],
       [-0.01827666],
       [-0.50000001],
       [-0.5       ],
       [ 0.00633665],
       [-0.5       ],
       [ 0.01846766],
       [-0.49999978],
       [-0.5       ],
       [-0.5       ],
       [-0.5       ],
       [-0.50000002],
       [-0.50000116],
       [-0.50000001],
       [-0.5       ],
       [-0.5       ],
       [-0.5       ],
       [-0.5       ],
       [-0.50001263],
       [-0.5       ],
       [-0.5       ],
       [-0.5       ],
       [-0.5       ],
       [-0.5       ],
       [-0.5       ],
       [-0.5       ],
       [-0.5       ],
       [-0.5       ]])
array([[-38.24691776],
       [-30.36815194],
       [-38.1991031 ],
       [-37.02397976],
       [-38.46408232],
       [-36.01524595],
       [-38.51496653],
       [-32.27764175],
       [-37.41049118],
       [-37.0308911 ],
       [-37.98349352],
       [-38.24910893],
       [-38.3356655 ],
       [ -1.47585352],
       [-37.98555271],
       [-37.57781051],
       [ -0.11179489],
       [-37.48178065],
       [ -1.28451837],
       [-26.84555729],
       [-38.07595922],
       [-37.57748766],
       [-38.31683078],
       [-35.63043628],
       [-25.45100233],
       [-36.14277771],
       [-36.57347526],
       [-36.63662744],
       [-37.67339867],
       [-37.97964326],
       [-17.26380436],
       [-38.44974776],
       [-38.3381247 ],
       [-38.33276026],
       [-37.42029195],
       [-38.17462805],
       [-37.11332197],
       [-37.67295069],
       [-37.78368217],
       [-37.20049858]])
<<<<<<<<<<< STEP 21 >>>>>>>>>>>> + array([[-0.5       ],
       [-0.49999998],
       [-0.5       ],
       [-0.5       ],
       [-0.5       ],
       [-0.5       ],
       [-0.5       ],
       [-0.49999999],
       [-0.5       ],
       [-0.5       ],
       [-0.5       ],
       [-0.5       ],
       [-0.5       ],
       [-0.01853215],
       [-0.5       ],
       [-0.5       ],
       [ 0.0062482 ],
       [-0.5       ],
       [ 0.01819119],
       [-0.49999983],
       [-0.5       ],
       [-0.5       ],
       [-0.5       ],
       [-0.50000002],
       [-0.5000009 ],
       [-0.50000001],
       [-0.5       ],
       [-0.5       ],
       [-0.5       ],
       [-0.5       ],
       [-0.50001013],
       [-0.5       ],
       [-0.5       ],
       [-0.5       ],
       [-0.5       ],
       [-0.5       ],
       [-0.5       ],
       [-0.5       ],
       [-0.5       ],
       [-0.5       ]])
array([[-38.74691776],
       [-30.86815192],
       [-38.6991031 ],
       [-37.52397976],
       [-38.96408231],
       [-36.51524596],
       [-39.01496653],
       [-32.77764174],
       [-37.91049118],
       [-37.5308911 ],
       [-38.48349351],
       [-38.74910892],
       [-38.8356655 ],
       [ -1.49438568],
       [-38.48555271],
       [-38.07781051],
       [ -0.10554669],
       [-37.98178065],
       [ -1.26632718],
       [-27.34555712],
       [-38.57595922],
       [-38.07748766],
       [-38.81683078],
       [-36.13043629],
       [-25.95100323],
       [-36.64277772],
       [-37.07347526],
       [-37.13662744],
       [-38.17339867],
       [-38.47964326],
       [-17.76381449],
       [-38.94974776],
       [-38.8381247 ],
       [-38.83276026],
       [-37.92029195],
       [-38.67462805],
       [-37.61332197],
       [-38.17295069],
       [-38.28368217],
       [-37.70049858]])
<<<<<<<<<<< STEP 22 >>>>>>>>>>>> + array([[-0.5       ],
       [-0.49999998],
       [-0.5       ],
       [-0.5       ],
       [-0.5       ],
       [-0.5       ],
       [-0.5       ],
       [-0.49999999],
       [-0.5       ],
       [-0.5       ],
       [-0.5       ],
       [-0.5       ],
       [-0.5       ],
       [-0.0187989 ],
       [-0.5       ],
       [-0.5       ],
       [ 0.00616094],
       [-0.5       ],
       [ 0.01791828],
       [-0.49999987],
       [-0.5       ],
       [-0.5       ],
       [-0.5       ],
       [-0.50000001],
       [-0.5000007 ],
       [-0.50000001],
       [-0.5       ],
       [-0.5       ],
       [-0.5       ],
       [-0.5       ],
       [-0.50000805],
       [-0.5       ],
       [-0.5       ],
       [-0.5       ],
       [-0.5       ],
       [-0.5       ],
       [-0.5       ],
       [-0.5       ],
       [-0.5       ],
       [-0.5       ]])
array([[-39.24691776],
       [-31.3681519 ],
       [-39.1991031 ],
       [-38.02397976],
       [-39.46408231],
       [-37.01524596],
       [-39.51496653],
       [-33.27764173],
       [-38.41049118],
       [-38.0308911 ],
       [-38.98349351],
       [-39.24910892],
       [-39.3356655 ],
       [ -1.51318457],
       [-38.98555272],
       [-38.57781051],
       [ -0.09938575],
       [-38.48178065],
       [ -1.24840889],
       [-27.84555699],
       [-39.07595922],
       [-38.57748766],
       [-39.31683078],
       [-36.6304363 ],
       [-26.45100393],
       [-37.14277772],
       [-37.57347526],
       [-37.63662744],
       [-38.67339867],
       [-38.97964326],
       [-18.26382254],
       [-39.44974776],
       [-39.3381247 ],
       [-39.33276026],
       [-38.42029195],
       [-39.17462805],
       [-38.11332197],
       [-38.67295069],
       [-38.78368217],
       [-38.20049858]])
<<<<<<<<<<< STEP 23 >>>>>>>>>>>> + array([[-0.5       ],
       [-0.49999999],
       [-0.5       ],
       [-0.5       ],
       [-0.5       ],
       [-0.5       ],
       [-0.5       ],
       [-0.49999999],
       [-0.5       ],
       [-0.5       ],
       [-0.5       ],
       [-0.5       ],
       [-0.5       ],
       [-0.01907752],
       [-0.5       ],
       [-0.5       ],
       [ 0.00607481],
       [-0.5       ],
       [ 0.01764912],
       [-0.4999999 ],
       [-0.5       ],
       [-0.5       ],
       [-0.5       ],
       [-0.50000001],
       [-0.50000054],
       [-0.5       ],
       [-0.5       ],
       [-0.5       ],
       [-0.5       ],
       [-0.5       ],
       [-0.50000636],
       [-0.5       ],
       [-0.5       ],
       [-0.5       ],
       [-0.5       ],
       [-0.5       ],
       [-0.5       ],
       [-0.5       ],
       [-0.5       ],
       [-0.5       ]])
array([[-39.74691776],
       [-31.86815189],
       [-39.6991031 ],
       [-38.52397976],
       [-39.96408231],
       [-37.51524596],
       [-40.01496653],
       [-33.77764172],
       [-38.91049117],
       [-38.5308911 ],
       [-39.48349351],
       [-39.74910892],
       [-39.8356655 ],
       [ -1.5322621 ],
       [-39.48555272],
       [-39.07781051],
       [ -0.09331094],
       [-38.98178065],
       [ -1.23075977],
       [-28.34555689],
       [-39.57595922],
       [-39.07748766],
       [-39.81683078],
       [-37.13043631],
       [-26.95100447],
       [-37.64277773],
       [-38.07347526],
       [-38.13662744],
       [-39.17339867],
       [-39.47964326],
       [-18.7638289 ],
       [-39.94974776],
       [-39.8381247 ],
       [-39.83276026],
       [-38.92029195],
       [-39.67462805],
       [-38.61332197],
       [-39.17295069],
       [-39.28368217],
       [-38.70049858]])
<<<<<<<<<<< STEP 24 >>>>>>>>>>>> + array([[-0.5       ],
       [-0.49999999],
       [-0.5       ],
       [-0.5       ],
       [-0.5       ],
       [-0.5       ],
       [-0.5       ],
       [-0.5       ],
       [-0.5       ],
       [-0.5       ],
       [-0.5       ],
       [-0.5       ],
       [-0.5       ],
       [-0.01936872],
       [-0.5       ],
       [-0.5       ],
       [ 0.00598975],
       [-0.5       ],
       [ 0.01738382],
       [-0.49999992],
       [-0.5       ],
       [-0.5       ],
       [-0.5       ],
       [-0.50000001],
       [-0.50000042],
       [-0.5       ],
       [-0.5       ],
       [-0.5       ],
       [-0.5       ],
       [-0.5       ],
       [-0.500005  ],
       [-0.5       ],
       [-0.5       ],
       [-0.5       ],
       [-0.5       ],
       [-0.5       ],
       [-0.5       ],
       [-0.5       ],
       [-0.5       ],
       [-0.5       ]])
array([[-40.24691776],
       [-32.36815188],
       [-40.1991031 ],
       [-39.02397976],
       [-40.46408231],
       [-38.01524596],
       [-40.51496653],
       [-34.27764172],
       [-39.41049117],
       [-39.0308911 ],
       [-39.98349351],
       [-40.24910892],
       [-40.3356655 ],
       [ -1.55163082],
       [-39.98555272],
       [-39.57781051],
       [ -0.0873212 ],
       [-39.48178065],
       [ -1.21337595],
       [-28.84555681],
       [-40.07595922],
       [-39.57748766],
       [-40.31683078],
       [-37.63043632],
       [-27.45100489],
       [-38.14277773],
       [-38.57347526],
       [-38.63662744],
       [-39.67339867],
       [-39.97964326],
       [-19.26383391],
       [-40.44974775],
       [-40.3381247 ],
       [-40.33276026],
       [-39.42029195],
       [-40.17462805],
       [-39.11332197],
       [-39.67295069],
       [-39.78368217],
       [-39.20049857]])
<<<<<<<<<<< STEP 25 >>>>>>>>>>>> + array([[-0.5       ],
       [-0.49999999],
       [-0.5       ],
       [-0.5       ],
       [-0.5       ],
       [-0.5       ],
       [-0.5       ],
       [-0.5       ],
       [-0.5       ],
       [-0.5       ],
       [-0.5       ],
       [-0.5       ],
       [-0.5       ],
       [-0.01967325],
       [-0.5       ],
       [-0.5       ],
       [ 0.0059057 ],
       [-0.5       ],
       [ 0.01712248],
       [-0.49999994],
       [-0.5       ],
       [-0.5       ],
       [-0.5       ],
       [-0.50000001],
       [-0.50000032],
       [-0.5       ],
       [-0.5       ],
       [-0.5       ],
       [-0.5       ],
       [-0.5       ],
       [-0.50000392],
       [-0.5       ],
       [-0.5       ],
       [-0.5       ],
       [-0.5       ],
       [-0.5       ],
       [-0.5       ],
       [-0.5       ],
       [-0.5       ],
       [-0.5       ]])
array([[-40.74691776],
       [-32.86815187],
       [-40.6991031 ],
       [-39.52397976],
       [-40.96408231],
       [-38.51524596],
       [-41.01496653],
       [-34.77764172],
       [-39.91049117],
       [-39.5308911 ],
       [-40.48349351],
       [-40.74910892],
       [-40.8356655 ],
       [ -1.57130406],
       [-40.48555272],
       [-40.07781051],
       [ -0.08141549],
       [-39.98178065],
       [ -1.19625347],
       [-29.34555674],
       [-40.57595922],
       [-40.07748766],
       [-40.81683078],
       [-38.13043633],
       [-27.95100521],
       [-38.64277774],
       [-39.07347526],
       [-39.13662744],
       [-40.17339867],
       [-40.47964326],
       [-19.76383783],
       [-40.94974775],
       [-40.8381247 ],
       [-40.83276026],
       [-39.92029196],
       [-40.67462805],
       [-39.61332197],
       [-40.17295069],
       [-40.28368217],
       [-39.70049857]])
<<<<<<<<<<< STEP 26 >>>>>>>>>>>> + array([[-0.5       ],
       [-0.49999999],
       [-0.5       ],
       [-0.5       ],
       [-0.5       ],
       [-0.5       ],
       [-0.5       ],
       [-0.5       ],
       [-0.5       ],
       [-0.5       ],
       [-0.5       ],
       [-0.5       ],
       [-0.5       ],
       [-0.0199919 ],
       [-0.5       ],
       [-0.5       ],
       [ 0.00582264],
       [-0.5       ],
       [ 0.01686512],
       [-0.49999995],
       [-0.5       ],
       [-0.5       ],
       [-0.5       ],
       [-0.5       ],
       [-0.50000025],
       [-0.5       ],
       [-0.5       ],
       [-0.5       ],
       [-0.5       ],
       [-0.5       ],
       [-0.50000307],
       [-0.5       ],
       [-0.5       ],
       [-0.5       ],
       [-0.5       ],
       [-0.5       ],
       [-0.5       ],
       [-0.5       ],
       [-0.5       ],
       [-0.5       ]])
array([[-41.24691776],
       [-33.36815187],
       [-41.1991031 ],
       [-40.02397976],
       [-41.46408231],
       [-39.01524597],
       [-41.51496653],
       [-35.27764171],
       [-40.41049117],
       [-40.0308911 ],
       [-40.98349351],
       [-41.24910892],
       [-41.3356655 ],
       [ -1.59129597],
       [-40.98555272],
       [-40.57781051],
       [ -0.07559285],
       [-40.48178065],
       [ -1.17938835],
       [-29.84555669],
       [-41.07595922],
       [-40.57748766],
       [-41.31683078],
       [-38.63043633],
       [-28.45100547],
       [-39.14277774],
       [-39.57347525],
       [-39.63662744],
       [-40.67339867],
       [-40.97964326],
       [-20.26384089],
       [-41.44974775],
       [-41.3381247 ],
       [-41.33276026],
       [-40.42029196],
       [-41.17462805],
       [-40.11332197],
       [-40.67295069],
       [-40.78368217],
       [-40.20049857]])
<<<<<<<<<<< STEP 27 >>>>>>>>>>>> + array([[-0.5       ],
       [-0.5       ],
       [-0.5       ],
       [-0.5       ],
       [-0.5       ],
       [-0.5       ],
       [-0.5       ],
       [-0.5       ],
       [-0.5       ],
       [-0.5       ],
       [-0.5       ],
       [-0.5       ],
       [-0.5       ],
       [-0.02032558],
       [-0.5       ],
       [-0.5       ],
       [ 0.0057405 ],
       [-0.5       ],
       [ 0.01661178],
       [-0.49999996],
       [-0.5       ],
       [-0.5       ],
       [-0.5       ],
       [-0.5       ],
       [-0.5000002 ],
       [-0.5       ],
       [-0.5       ],
       [-0.5       ],
       [-0.5       ],
       [-0.5       ],
       [-0.50000239],
       [-0.5       ],
       [-0.5       ],
       [-0.5       ],
       [-0.5       ],
       [-0.5       ],
       [-0.5       ],
       [-0.5       ],
       [-0.5       ],
       [-0.5       ]])
array([[-41.74691776],
       [-33.86815186],
       [-41.69910311],
       [-40.52397976],
       [-41.96408231],
       [-39.51524597],
       [-42.01496653],
       [-35.77764171],
       [-40.91049117],
       [-40.5308911 ],
       [-41.48349351],
       [-41.74910892],
       [-41.8356655 ],
       [ -1.61162155],
       [-41.48555273],
       [-41.07781051],
       [ -0.06985236],
       [-40.98178065],
       [ -1.16277657],
       [-30.34555666],
       [-41.57595922],
       [-41.07748766],
       [-41.81683078],
       [-39.13043633],
       [-28.95100566],
       [-39.64277774],
       [-40.07347525],
       [-40.13662744],
       [-41.17339867],
       [-41.47964326],
       [-20.76384329],
       [-41.94974775],
       [-41.8381247 ],
       [-41.83276026],
       [-40.92029196],
       [-41.67462805],
       [-40.61332197],
       [-41.17295069],
       [-41.28368217],
       [-40.70049857]])
<<<<<<<<<<< STEP 28 >>>>>>>>>>>> + array([[-0.5       ],
       [-0.5       ],
       [-0.5       ],
       [-0.5       ],
       [-0.5       ],
       [-0.5       ],
       [-0.5       ],
       [-0.5       ],
       [-0.5       ],
       [-0.5       ],
       [-0.5       ],
       [-0.5       ],
       [-0.5       ],
       [-0.02067521],
       [-0.5       ],
       [-0.5       ],
       [ 0.00565924],
       [-0.5       ],
       [ 0.01636244],
       [-0.49999997],
       [-0.5       ],
       [-0.5       ],
       [-0.5       ],
       [-0.5       ],
       [-0.50000015],
       [-0.5       ],
       [-0.5       ],
       [-0.5       ],
       [-0.5       ],
       [-0.5       ],
       [-0.50000186],
       [-0.5       ],
       [-0.5       ],
       [-0.5       ],
       [-0.5       ],
       [-0.5       ],
       [-0.5       ],
       [-0.5       ],
       [-0.5       ],
       [-0.5       ]])
array([[-42.24691776],
       [-34.36815186],
       [-42.19910311],
       [-41.02397976],
       [-42.46408231],
       [-40.01524597],
       [-42.51496653],
       [-36.27764171],
       [-41.41049117],
       [-41.0308911 ],
       [-41.98349351],
       [-42.24910892],
       [-42.3356655 ],
       [ -1.63229676],
       [-41.98555273],
       [-41.57781051],
       [ -0.06419311],
       [-41.48178065],
       [ -1.14641413],
       [-30.84555663],
       [-42.07595922],
       [-41.57748766],
       [-42.31683078],
       [-39.63043634],
       [-29.45100581],
       [-40.14277774],
       [-40.57347525],
       [-40.63662744],
       [-41.67339867],
       [-41.97964326],
       [-21.26384515],
       [-42.44974775],
       [-42.3381247 ],
       [-42.33276026],
       [-41.42029196],
       [-42.17462805],
       [-41.11332197],
       [-41.67295069],
       [-41.78368217],
       [-41.20049857]])
<<<<<<<<<<< STEP 29 >>>>>>>>>>>> + array([[-0.5       ],
       [-0.5       ],
       [-0.5       ],
       [-0.5       ],
       [-0.5       ],
       [-0.5       ],
       [-0.5       ],
       [-0.5       ],
       [-0.5       ],
       [-0.5       ],
       [-0.5       ],
       [-0.5       ],
       [-0.5       ],
       [-0.02104186],
       [-0.5       ],
       [-0.5       ],
       [ 0.00557884],
       [-0.5       ],
       [ 0.01611709],
       [-0.49999998],
       [-0.5       ],
       [-0.5       ],
       [-0.5       ],
       [-0.5       ],
       [-0.50000012],
       [-0.5       ],
       [-0.5       ],
       [-0.5       ],
       [-0.5       ],
       [-0.5       ],
       [-0.50000145],
       [-0.5       ],
       [-0.5       ],
       [-0.5       ],
       [-0.5       ],
       [-0.5       ],
       [-0.5       ],
       [-0.5       ],
       [-0.5       ],
       [-0.5       ]])
array([[-42.74691776],
       [-34.86815186],
       [-42.69910311],
       [-41.52397976],
       [-42.96408231],
       [-40.51524597],
       [-43.01496653],
       [-36.77764171],
       [-41.91049117],
       [-41.5308911 ],
       [-42.48349351],
       [-42.74910892],
       [-42.8356655 ],
       [ -1.65333862],
       [-42.48555273],
       [-42.07781051],
       [ -0.05861428],
       [-41.98178065],
       [ -1.13029704],
       [-31.3455566 ],
       [-42.57595922],
       [-42.07748766],
       [-42.81683078],
       [-40.13043634],
       [-29.95100593],
       [-40.64277774],
       [-41.07347525],
       [-41.13662744],
       [-42.17339867],
       [-42.47964326],
       [-21.7638466 ],
       [-42.94974775],
       [-42.8381247 ],
       [-42.83276026],
       [-41.92029196],
       [-42.67462805],
       [-41.61332197],
       [-42.17295069],
       [-42.28368217],
       [-41.70049857]])
<<<<<<<<<<< STEP 30 >>>>>>>>>>>> + array([[-0.5       ],
       [-0.5       ],
       [-0.5       ],
       [-0.5       ],
       [-0.5       ],
       [-0.5       ],
       [-0.5       ],
       [-0.5       ],
       [-0.5       ],
       [-0.5       ],
       [-0.5       ],
       [-0.5       ],
       [-0.5       ],
       [-0.02142664],
       [-0.5       ],
       [-0.5       ],
       [ 0.00549924],
       [-0.5       ],
       [ 0.01587569],
       [-0.49999998],
       [-0.5       ],
       [-0.5       ],
       [-0.5       ],
       [-0.5       ],
       [-0.50000009],
       [-0.5       ],
       [-0.5       ],
       [-0.5       ],
       [-0.5       ],
       [-0.5       ],
       [-0.50000113],
       [-0.5       ],
       [-0.5       ],
       [-0.5       ],
       [-0.5       ],
       [-0.5       ],
       [-0.5       ],
       [-0.5       ],
       [-0.5       ],
       [-0.5       ]])
array([[-43.24691776],
       [-35.36815185],
       [-43.19910311],
       [-42.02397976],
       [-43.46408231],
       [-41.01524597],
       [-43.51496653],
       [-37.27764171],
       [-42.41049117],
       [-42.0308911 ],
       [-42.98349351],
       [-43.24910892],
       [-43.3356655 ],
       [ -1.67476527],
       [-42.98555273],
       [-42.57781051],
       [ -0.05311504],
       [-42.48178065],
       [ -1.11442135],
       [-31.84555658],
       [-43.07595922],
       [-42.57748766],
       [-43.31683078],
       [-40.63043634],
       [-30.45100602],
       [-41.14277774],
       [-41.57347525],
       [-41.63662744],
       [-42.67339867],
       [-42.97964326],
       [-22.26384772],
       [-43.44974775],
       [-43.3381247 ],
       [-43.33276026],
       [-42.42029196],
       [-43.17462805],
       [-42.11332197],
       [-42.67295069],
       [-42.78368217],
       [-42.20049857]])
<<<<<<<<<<< STEP 31 >>>>>>>>>>>> + array([[-0.5       ],
       [-0.5       ],
       [-0.5       ],
       [-0.5       ],
       [-0.5       ],
       [-0.5       ],
       [-0.5       ],
       [-0.5       ],
       [-0.5       ],
       [-0.5       ],
       [-0.5       ],
       [-0.5       ],
       [-0.5       ],
       [-0.0218308 ],
       [-0.5       ],
       [-0.5       ],
       [ 0.00542041],
       [-0.5       ],
       [ 0.01563818],
       [-0.49999999],
       [-0.5       ],
       [-0.5       ],
       [-0.5       ],
       [-0.5       ],
       [-0.50000007],
       [-0.5       ],
       [-0.5       ],
       [-0.5       ],
       [-0.5       ],
       [-0.5       ],
       [-0.50000087],
       [-0.5       ],
       [-0.5       ],
       [-0.5       ],
       [-0.5       ],
       [-0.5       ],
       [-0.5       ],
       [-0.5       ],
       [-0.5       ],
       [-0.5       ]])
array([[-43.74691776],
       [-35.86815185],
       [-43.69910311],
       [-42.52397975],
       [-43.96408231],
       [-41.51524597],
       [-44.01496653],
       [-37.77764171],
       [-42.91049117],
       [-42.5308911 ],
       [-43.48349351],
       [-43.74910892],
       [-43.8356655 ],
       [ -1.69659607],
       [-43.48555273],
       [-43.07781051],
       [ -0.04769463],
       [-42.98178065],
       [ -1.09878317],
       [-32.34555657],
       [-43.57595922],
       [-43.07748766],
       [-43.81683078],
       [-41.13043634],
       [-30.95100609],
       [-41.64277774],
       [-42.07347525],
       [-42.13662744],
       [-43.17339867],
       [-43.47964326],
       [-22.7638486 ],
       [-43.94974775],
       [-43.8381247 ],
       [-43.83276026],
       [-42.92029196],
       [-43.67462805],
       [-42.61332197],
       [-43.17295069],
       [-43.28368217],
       [-42.70049857]])
<<<<<<<<<<< STEP 32 >>>>>>>>>>>> + array([[-0.5       ],
       [-0.5       ],
       [-0.5       ],
       [-0.5       ],
       [-0.5       ],
       [-0.5       ],
       [-0.5       ],
       [-0.5       ],
       [-0.5       ],
       [-0.5       ],
       [-0.5       ],
       [-0.5       ],
       [-0.5       ],
       [-0.02225568],
       [-0.5       ],
       [-0.5       ],
       [ 0.00534231],
       [-0.5       ],
       [ 0.01540452],
       [-0.49999999],
       [-0.5       ],
       [-0.5       ],
       [-0.5       ],
       [-0.5       ],
       [-0.50000005],
       [-0.5       ],
       [-0.5       ],
       [-0.5       ],
       [-0.5       ],
       [-0.5       ],
       [-0.50000068],
       [-0.5       ],
       [-0.5       ],
       [-0.5       ],
       [-0.5       ],
       [-0.5       ],
       [-0.5       ],
       [-0.5       ],
       [-0.5       ],
       [-0.5       ]])
array([[ -4.42469178e+01],
       [ -3.63681519e+01],
       [ -4.41991031e+01],
       [ -4.30239798e+01],
       [ -4.44640823e+01],
       [ -4.20152460e+01],
       [ -4.45149665e+01],
       [ -3.82776417e+01],
       [ -4.34104912e+01],
       [ -4.30308911e+01],
       [ -4.39834935e+01],
       [ -4.42491089e+01],
       [ -4.43356655e+01],
       [ -1.71885174e+00],
       [ -4.39855527e+01],
       [ -4.35778105e+01],
       [ -4.23523255e-02],
       [ -4.34817807e+01],
       [ -1.08337865e+00],
       [ -3.28455566e+01],
       [ -4.40759592e+01],
       [ -4.35774877e+01],
       [ -4.43168308e+01],
       [ -4.16304363e+01],
       [ -3.14510061e+01],
       [ -4.21427777e+01],
       [ -4.25734753e+01],
       [ -4.26366274e+01],
       [ -4.36733987e+01],
       [ -4.39796433e+01],
       [ -2.32638493e+01],
       [ -4.44497478e+01],
       [ -4.43381247e+01],
       [ -4.43327603e+01],
       [ -4.34202920e+01],
       [ -4.41746280e+01],
       [ -4.31133220e+01],
       [ -4.36729507e+01],
       [ -4.37836822e+01],
       [ -4.32004986e+01]])
<<<<<<<<<<< STEP 33 >>>>>>>>>>>> + array([[-0.5       ],
       [-0.5       ],
       [-0.5       ],
       [-0.5       ],
       [-0.5       ],
       [-0.5       ],
       [-0.5       ],
       [-0.5       ],
       [-0.5       ],
       [-0.5       ],
       [-0.5       ],
       [-0.5       ],
       [-0.5       ],
       [-0.02270275],
       [-0.5       ],
       [-0.5       ],
       [ 0.00526491],
       [-0.5       ],
       [ 0.01517464],
       [-0.49999999],
       [-0.5       ],
       [-0.5       ],
       [-0.5       ],
       [-0.5       ],
       [-0.50000004],
       [-0.5       ],
       [-0.5       ],
       [-0.5       ],
       [-0.5       ],
       [-0.5       ],
       [-0.50000053],
       [-0.5       ],
       [-0.5       ],
       [-0.5       ],
       [-0.5       ],
       [-0.5       ],
       [-0.5       ],
       [-0.5       ],
       [-0.5       ],
       [-0.5       ]])
array([[ -4.47469178e+01],
       [ -3.68681519e+01],
       [ -4.46991031e+01],
       [ -4.35239798e+01],
       [ -4.49640823e+01],
       [ -4.25152460e+01],
       [ -4.50149665e+01],
       [ -3.87776417e+01],
       [ -4.39104912e+01],
       [ -4.35308911e+01],
       [ -4.44834935e+01],
       [ -4.47491089e+01],
       [ -4.48356655e+01],
       [ -1.74155449e+00],
       [ -4.44855527e+01],
       [ -4.40778105e+01],
       [ -3.70874171e-02],
       [ -4.39817807e+01],
       [ -1.06820400e+00],
       [ -3.33455566e+01],
       [ -4.45759592e+01],
       [ -4.40774877e+01],
       [ -4.48168308e+01],
       [ -4.21304363e+01],
       [ -3.19510062e+01],
       [ -4.26427777e+01],
       [ -4.30734753e+01],
       [ -4.31366274e+01],
       [ -4.41733987e+01],
       [ -4.44796433e+01],
       [ -2.37638498e+01],
       [ -4.49497478e+01],
       [ -4.48381247e+01],
       [ -4.48327603e+01],
       [ -4.39202920e+01],
       [ -4.46746280e+01],
       [ -4.36133220e+01],
       [ -4.41729507e+01],
       [ -4.42836822e+01],
       [ -4.37004986e+01]])
<<<<<<<<<<< STEP 34 >>>>>>>>>>>> + array([[-0.5       ],
       [-0.5       ],
       [-0.5       ],
       [-0.5       ],
       [-0.5       ],
       [-0.5       ],
       [-0.5       ],
       [-0.5       ],
       [-0.5       ],
       [-0.5       ],
       [-0.5       ],
       [-0.5       ],
       [-0.5       ],
       [-0.02317364],
       [-0.5       ],
       [-0.5       ],
       [ 0.00518817],
       [-0.5       ],
       [ 0.01494848],
       [-0.49999999],
       [-0.5       ],
       [-0.5       ],
       [-0.5       ],
       [-0.5       ],
       [-0.50000003],
       [-0.5       ],
       [-0.5       ],
       [-0.5       ],
       [-0.5       ],
       [-0.5       ],
       [-0.50000041],
       [-0.5       ],
       [-0.5       ],
       [-0.5       ],
       [-0.5       ],
       [-0.5       ],
       [-0.5       ],
       [-0.5       ],
       [-0.5       ],
       [-0.5       ]])
array([[ -4.52469178e+01],
       [ -3.73681518e+01],
       [ -4.51991031e+01],
       [ -4.40239798e+01],
       [ -4.54640823e+01],
       [ -4.30152460e+01],
       [ -4.55149665e+01],
       [ -3.92776417e+01],
       [ -4.44104912e+01],
       [ -4.40308911e+01],
       [ -4.49834935e+01],
       [ -4.52491089e+01],
       [ -4.53356655e+01],
       [ -1.76472814e+00],
       [ -4.49855527e+01],
       [ -4.45778105e+01],
       [ -3.18992472e-02],
       [ -4.44817807e+01],
       [ -1.05325552e+00],
       [ -3.38455565e+01],
       [ -4.50759592e+01],
       [ -4.45774877e+01],
       [ -4.53168308e+01],
       [ -4.26304363e+01],
       [ -3.24510062e+01],
       [ -4.31427777e+01],
       [ -4.35734753e+01],
       [ -4.36366274e+01],
       [ -4.46733987e+01],
       [ -4.49796433e+01],
       [ -2.42638502e+01],
       [ -4.54497478e+01],
       [ -4.53381247e+01],
       [ -4.53327603e+01],
       [ -4.44202920e+01],
       [ -4.51746280e+01],
       [ -4.41133220e+01],
       [ -4.46729507e+01],
       [ -4.47836822e+01],
       [ -4.42004986e+01]])
<<<<<<<<<<< STEP 35 >>>>>>>>>>>> + array([[-0.5       ],
       [-0.5       ],
       [-0.5       ],
       [-0.5       ],
       [-0.5       ],
       [-0.5       ],
       [-0.5       ],
       [-0.5       ],
       [-0.5       ],
       [-0.5       ],
       [-0.5       ],
       [-0.5       ],
       [-0.5       ],
       [-0.02367013],
       [-0.5       ],
       [-0.5       ],
       [ 0.00511206],
       [-0.5       ],
       [ 0.01472595],
       [-0.49999999],
       [-0.5       ],
       [-0.5       ],
       [-0.5       ],
       [-0.5       ],
       [-0.50000003],
       [-0.5       ],
       [-0.5       ],
       [-0.5       ],
       [-0.5       ],
       [-0.5       ],
       [-0.50000032],
       [-0.5       ],
       [-0.5       ],
       [-0.5       ],
       [-0.5       ],
       [-0.5       ],
       [-0.5       ],
       [-0.5       ],
       [-0.5       ],
       [-0.5       ]])
array([[ -4.57469178e+01],
       [ -3.78681518e+01],
       [ -4.56991031e+01],
       [ -4.45239798e+01],
       [ -4.59640823e+01],
       [ -4.35152460e+01],
       [ -4.60149665e+01],
       [ -3.97776417e+01],
       [ -4.49104912e+01],
       [ -4.45308911e+01],
       [ -4.54834935e+01],
       [ -4.57491089e+01],
       [ -4.58356655e+01],
       [ -1.78839826e+00],
       [ -4.54855527e+01],
       [ -4.50778105e+01],
       [ -2.67871880e-02],
       [ -4.49817807e+01],
       [ -1.03852957e+00],
       [ -3.43455565e+01],
       [ -4.55759592e+01],
       [ -4.50774877e+01],
       [ -4.58168308e+01],
       [ -4.31304363e+01],
       [ -3.29510062e+01],
       [ -4.36427777e+01],
       [ -4.40734753e+01],
       [ -4.41366274e+01],
       [ -4.51733987e+01],
       [ -4.54796433e+01],
       [ -2.47638505e+01],
       [ -4.59497478e+01],
       [ -4.58381247e+01],
       [ -4.58327603e+01],
       [ -4.49202920e+01],
       [ -4.56746280e+01],
       [ -4.46133220e+01],
       [ -4.51729507e+01],
       [ -4.52836822e+01],
       [ -4.47004986e+01]])
<<<<<<<<<<< STEP 36 >>>>>>>>>>>> + array([[-0.5       ],
       [-0.5       ],
       [-0.5       ],
       [-0.5       ],
       [-0.5       ],
       [-0.5       ],
       [-0.5       ],
       [-0.5       ],
       [-0.5       ],
       [-0.5       ],
       [-0.5       ],
       [-0.5       ],
       [-0.5       ],
       [-0.02419417],
       [-0.5       ],
       [-0.5       ],
       [ 0.00503654],
       [-0.5       ],
       [ 0.01450699],
       [-0.5       ],
       [-0.5       ],
       [-0.5       ],
       [-0.5       ],
       [-0.5       ],
       [-0.50000002],
       [-0.5       ],
       [-0.5       ],
       [-0.5       ],
       [-0.5       ],
       [-0.5       ],
       [-0.50000025],
       [-0.5       ],
       [-0.5       ],
       [-0.5       ],
       [-0.5       ],
       [-0.5       ],
       [-0.5       ],
       [-0.5       ],
       [-0.5       ],
       [-0.5       ]])
array([[ -4.62469178e+01],
       [ -3.83681518e+01],
       [ -4.61991031e+01],
       [ -4.50239798e+01],
       [ -4.64640823e+01],
       [ -4.40152460e+01],
       [ -4.65149665e+01],
       [ -4.02776417e+01],
       [ -4.54104912e+01],
       [ -4.50308911e+01],
       [ -4.59834935e+01],
       [ -4.62491089e+01],
       [ -4.63356655e+01],
       [ -1.81259243e+00],
       [ -4.59855527e+01],
       [ -4.55778105e+01],
       [ -2.17506457e-02],
       [ -4.54817807e+01],
       [ -1.02402258e+00],
       [ -3.48455565e+01],
       [ -4.60759592e+01],
       [ -4.55774877e+01],
       [ -4.63168308e+01],
       [ -4.36304363e+01],
       [ -3.34510063e+01],
       [ -4.41427777e+01],
       [ -4.45734753e+01],
       [ -4.46366274e+01],
       [ -4.56733987e+01],
       [ -4.59796433e+01],
       [ -2.52638508e+01],
       [ -4.64497478e+01],
       [ -4.63381247e+01],
       [ -4.63327603e+01],
       [ -4.54202920e+01],
       [ -4.61746280e+01],
       [ -4.51133220e+01],
       [ -4.56729507e+01],
       [ -4.57836822e+01],
       [ -4.52004986e+01]])
<<<<<<<<<<< STEP 37 >>>>>>>>>>>> + array([[-0.5       ],
       [-0.5       ],
       [-0.5       ],
       [-0.5       ],
       [-0.5       ],
       [-0.5       ],
       [-0.5       ],
       [-0.5       ],
       [-0.5       ],
       [-0.5       ],
       [-0.5       ],
       [-0.5       ],
       [-0.5       ],
       [-0.02474792],
       [-0.5       ],
       [-0.5       ],
       [ 0.00496159],
       [-0.5       ],
       [ 0.01429153],
       [-0.5       ],
       [-0.5       ],
       [-0.5       ],
       [-0.5       ],
       [-0.5       ],
       [-0.50000002],
       [-0.5       ],
       [-0.5       ],
       [-0.5       ],
       [-0.5       ],
       [-0.5       ],
       [-0.50000019],
       [-0.5       ],
       [-0.5       ],
       [-0.5       ],
       [-0.5       ],
       [-0.5       ],
       [-0.5       ],
       [-0.5       ],
       [-0.5       ],
       [-0.5       ]])
array([[ -4.67469178e+01],
       [ -3.88681518e+01],
       [ -4.66991031e+01],
       [ -4.55239798e+01],
       [ -4.69640823e+01],
       [ -4.45152460e+01],
       [ -4.70149665e+01],
       [ -4.07776417e+01],
       [ -4.59104912e+01],
       [ -4.55308911e+01],
       [ -4.64834935e+01],
       [ -4.67491089e+01],
       [ -4.68356655e+01],
       [ -1.83734036e+00],
       [ -4.64855527e+01],
       [ -4.60778105e+01],
       [ -1.67890592e-02],
       [ -4.59817807e+01],
       [ -1.00973105e+00],
       [ -3.53455565e+01],
       [ -4.65759592e+01],
       [ -4.60774877e+01],
       [ -4.68168308e+01],
       [ -4.41304363e+01],
       [ -3.39510063e+01],
       [ -4.46427777e+01],
       [ -4.50734753e+01],
       [ -4.51366274e+01],
       [ -4.61733987e+01],
       [ -4.64796433e+01],
       [ -2.57638510e+01],
       [ -4.69497478e+01],
       [ -4.68381247e+01],
       [ -4.68327603e+01],
       [ -4.59202920e+01],
       [ -4.66746280e+01],
       [ -4.56133220e+01],
       [ -4.61729507e+01],
       [ -4.62836822e+01],
       [ -4.57004986e+01]])
<<<<<<<<<<< STEP 38 >>>>>>>>>>>> + array([[-0.5       ],
       [-0.5       ],
       [-0.5       ],
       [-0.5       ],
       [-0.5       ],
       [-0.5       ],
       [-0.5       ],
       [-0.5       ],
       [-0.5       ],
       [-0.5       ],
       [-0.5       ],
       [-0.5       ],
       [-0.5       ],
       [-0.02533379],
       [-0.5       ],
       [-0.5       ],
       [ 0.00488716],
       [-0.5       ],
       [ 0.01407947],
       [-0.5       ],
       [-0.5       ],
       [-0.5       ],
       [-0.5       ],
       [-0.5       ],
       [-0.50000001],
       [-0.5       ],
       [-0.5       ],
       [-0.5       ],
       [-0.5       ],
       [-0.5       ],
       [-0.50000015],
       [-0.5       ],
       [-0.5       ],
       [-0.5       ],
       [-0.5       ],
       [-0.5       ],
       [-0.5       ],
       [-0.5       ],
       [-0.5       ],
       [-0.5       ]])
array([[ -4.72469178e+01],
       [ -3.93681518e+01],
       [ -4.71991031e+01],
       [ -4.60239798e+01],
       [ -4.74640823e+01],
       [ -4.50152460e+01],
       [ -4.75149665e+01],
       [ -4.12776417e+01],
       [ -4.64104912e+01],
       [ -4.60308911e+01],
       [ -4.69834935e+01],
       [ -4.72491089e+01],
       [ -4.73356655e+01],
       [ -1.86267414e+00],
       [ -4.69855527e+01],
       [ -4.65778105e+01],
       [ -1.19019000e-02],
       [ -4.64817807e+01],
       [ -9.95651585e-01],
       [ -3.58455565e+01],
       [ -4.70759592e+01],
       [ -4.65774877e+01],
       [ -4.73168308e+01],
       [ -4.46304363e+01],
       [ -3.44510063e+01],
       [ -4.51427777e+01],
       [ -4.55734753e+01],
       [ -4.56366274e+01],
       [ -4.66733987e+01],
       [ -4.69796433e+01],
       [ -2.62638511e+01],
       [ -4.74497478e+01],
       [ -4.73381247e+01],
       [ -4.73327603e+01],
       [ -4.64202920e+01],
       [ -4.71746280e+01],
       [ -4.61133220e+01],
       [ -4.66729507e+01],
       [ -4.67836822e+01],
       [ -4.62004986e+01]])
<<<<<<<<<<< STEP 39 >>>>>>>>>>>> + array([[-0.5       ],
       [-0.5       ],
       [-0.5       ],
       [-0.5       ],
       [-0.5       ],
       [-0.5       ],
       [-0.5       ],
       [-0.5       ],
       [-0.5       ],
       [-0.5       ],
       [-0.5       ],
       [-0.5       ],
       [-0.5       ],
       [-0.0259544 ],
       [-0.5       ],
       [-0.5       ],
       [ 0.00481323],
       [-0.5       ],
       [ 0.01387075],
       [-0.5       ],
       [-0.5       ],
       [-0.5       ],
       [-0.5       ],
       [-0.5       ],
       [-0.50000001],
       [-0.5       ],
       [-0.5       ],
       [-0.5       ],
       [-0.5       ],
       [-0.5       ],
       [-0.50000011],
       [-0.5       ],
       [-0.5       ],
       [-0.5       ],
       [-0.5       ],
       [-0.5       ],
       [-0.5       ],
       [-0.5       ],
       [-0.5       ],
       [-0.5       ]])
array([[ -4.77469178e+01],
       [ -3.98681518e+01],
       [ -4.76991031e+01],
       [ -4.65239798e+01],
       [ -4.79640823e+01],
       [ -4.55152460e+01],
       [ -4.80149665e+01],
       [ -4.17776417e+01],
       [ -4.69104912e+01],
       [ -4.65308911e+01],
       [ -4.74834935e+01],
       [ -4.77491089e+01],
       [ -4.78356655e+01],
       [ -1.88862855e+00],
       [ -4.74855527e+01],
       [ -4.70778105e+01],
       [ -7.08867100e-03],
       [ -4.69817807e+01],
       [ -9.81780839e-01],
       [ -3.63455565e+01],
       [ -4.75759592e+01],
       [ -4.70774877e+01],
       [ -4.78168308e+01],
       [ -4.51304363e+01],
       [ -3.49510063e+01],
       [ -4.56427777e+01],
       [ -4.60734753e+01],
       [ -4.61366274e+01],
       [ -4.71733987e+01],
       [ -4.74796433e+01],
       [ -2.67638512e+01],
       [ -4.79497478e+01],
       [ -4.78381247e+01],
       [ -4.78327603e+01],
       [ -4.69202920e+01],
       [ -4.76746280e+01],
       [ -4.66133220e+01],
       [ -4.71729507e+01],
       [ -4.72836822e+01],
       [ -4.67004986e+01]])
<<<<<<<<<<< STEP 40 >>>>>>>>>>>> + array([[-0.5       ],
       [-0.5       ],
       [-0.5       ],
       [-0.5       ],
       [-0.5       ],
       [-0.5       ],
       [-0.5       ],
       [-0.5       ],
       [-0.5       ],
       [-0.5       ],
       [-0.5       ],
       [-0.5       ],
       [-0.5       ],
       [-0.02661272],
       [-0.5       ],
       [-0.5       ],
       [ 0.00473977],
       [-0.5       ],
       [ 0.01366528],
       [-0.5       ],
       [-0.5       ],
       [-0.5       ],
       [-0.5       ],
       [-0.5       ],
       [-0.50000001],
       [-0.5       ],
       [-0.5       ],
       [-0.5       ],
       [-0.5       ],
       [-0.5       ],
       [-0.50000009],
       [-0.5       ],
       [-0.5       ],
       [-0.5       ],
       [-0.5       ],
       [-0.5       ],
       [-0.5       ],
       [-0.5       ],
       [-0.5       ],
       [-0.5       ]])
array([[ -4.82469178e+01],
       [ -4.03681518e+01],
       [ -4.81991031e+01],
       [ -4.70239798e+01],
       [ -4.84640823e+01],
       [ -4.60152460e+01],
       [ -4.85149665e+01],
       [ -4.22776417e+01],
       [ -4.74104912e+01],
       [ -4.70308911e+01],
       [ -4.79834935e+01],
       [ -4.82491089e+01],
       [ -4.83356655e+01],
       [ -1.91524127e+00],
       [ -4.79855527e+01],
       [ -4.75778105e+01],
       [ -2.34890564e-03],
       [ -4.74817807e+01],
       [ -9.68115558e-01],
       [ -3.68455565e+01],
       [ -4.80759592e+01],
       [ -4.75774877e+01],
       [ -4.83168308e+01],
       [ -4.56304363e+01],
       [ -3.54510063e+01],
       [ -4.61427777e+01],
       [ -4.65734753e+01],
       [ -4.66366274e+01],
       [ -4.76733987e+01],
       [ -4.79796433e+01],
       [ -2.72638513e+01],
       [ -4.84497478e+01],
       [ -4.83381247e+01],
       [ -4.83327603e+01],
       [ -4.74202920e+01],
       [ -4.81746280e+01],
       [ -4.71133220e+01],
       [ -4.76729507e+01],
       [ -4.77836822e+01],
       [ -4.72004986e+01]])
<<<<<<<<<<< STEP 41 >>>>>>>>>>>> + array([[-0.5       ],
       [-0.5       ],
       [-0.5       ],
       [-0.5       ],
       [-0.5       ],
       [-0.5       ],
       [-0.5       ],
       [-0.5       ],
       [-0.5       ],
       [-0.5       ],
       [-0.5       ],
       [-0.5       ],
       [-0.5       ],
       [-0.02731201],
       [-0.5       ],
       [-0.5       ],
       [ 0.00466674],
       [-0.5       ],
       [ 0.013463  ],
       [-0.5       ],
       [-0.5       ],
       [-0.5       ],
       [-0.5       ],
       [-0.5       ],
       [-0.50000001],
       [-0.5       ],
       [-0.5       ],
       [-0.5       ],
       [-0.5       ],
       [-0.5       ],
       [-0.50000007],
       [-0.5       ],
       [-0.5       ],
       [-0.5       ],
       [-0.5       ],
       [-0.5       ],
       [-0.5       ],
       [-0.5       ],
       [-0.5       ],
       [-0.5       ]])
array([[ -4.87469178e+01],
       [ -4.08681518e+01],
       [ -4.86991031e+01],
       [ -4.75239798e+01],
       [ -4.89640823e+01],
       [ -4.65152460e+01],
       [ -4.90149665e+01],
       [ -4.27776417e+01],
       [ -4.79104912e+01],
       [ -4.75308911e+01],
       [ -4.84834935e+01],
       [ -4.87491089e+01],
       [ -4.88356655e+01],
       [ -1.94255328e+00],
       [ -4.84855527e+01],
       [ -4.80778105e+01],
       [  2.31783284e-03],
       [ -4.79817807e+01],
       [ -9.54652562e-01],
       [ -3.73455565e+01],
       [ -4.85759592e+01],
       [ -4.80774877e+01],
       [ -4.88168308e+01],
       [ -4.61304363e+01],
       [ -3.59510063e+01],
       [ -4.66427777e+01],
       [ -4.70734753e+01],
       [ -4.71366274e+01],
       [ -4.81733987e+01],
       [ -4.84796433e+01],
       [ -2.77638514e+01],
       [ -4.89497478e+01],
       [ -4.88381247e+01],
       [ -4.88327603e+01],
       [ -4.79202920e+01],
       [ -4.86746280e+01],
       [ -4.76133220e+01],
       [ -4.81729507e+01],
       [ -4.82836822e+01],
       [ -4.77004986e+01]])
<<<<<<<<<<< STEP 42 >>>>>>>>>>>> + array([[-0.5       ],
       [-0.5       ],
       [-0.5       ],
       [-0.5       ],
       [-0.5       ],
       [-0.5       ],
       [-0.5       ],
       [-0.5       ],
       [-0.5       ],
       [-0.5       ],
       [-0.5       ],
       [-0.5       ],
       [-0.5       ],
       [-0.02805595],
       [-0.5       ],
       [-0.5       ],
       [ 0.00459412],
       [-0.5       ],
       [ 0.01326382],
       [-0.5       ],
       [-0.5       ],
       [-0.5       ],
       [-0.5       ],
       [-0.5       ],
       [-0.5       ],
       [-0.5       ],
       [-0.5       ],
       [-0.5       ],
       [-0.5       ],
       [-0.5       ],
       [-0.50000005],
       [-0.5       ],
       [-0.5       ],
       [-0.5       ],
       [-0.5       ],
       [-0.5       ],
       [-0.5       ],
       [-0.5       ],
       [-0.5       ],
       [-0.5       ]])
array([[ -4.92469178e+01],
       [ -4.13681518e+01],
       [ -4.91991031e+01],
       [ -4.80239798e+01],
       [ -4.94640823e+01],
       [ -4.70152460e+01],
       [ -4.95149665e+01],
       [ -4.32776417e+01],
       [ -4.84104912e+01],
       [ -4.80308911e+01],
       [ -4.89834935e+01],
       [ -4.92491089e+01],
       [ -4.93356655e+01],
       [ -1.97060922e+00],
       [ -4.89855527e+01],
       [ -4.85778105e+01],
       [  6.91195282e-03],
       [ -4.84817807e+01],
       [ -9.41388743e-01],
       [ -3.78455565e+01],
       [ -4.90759592e+01],
       [ -4.85774877e+01],
       [ -4.93168308e+01],
       [ -4.66304363e+01],
       [ -3.64510063e+01],
       [ -4.71427777e+01],
       [ -4.75734753e+01],
       [ -4.76366274e+01],
       [ -4.86733987e+01],
       [ -4.89796433e+01],
       [ -2.82638514e+01],
       [ -4.94497478e+01],
       [ -4.93381247e+01],
       [ -4.93327603e+01],
       [ -4.84202920e+01],
       [ -4.91746280e+01],
       [ -4.81133220e+01],
       [ -4.86729507e+01],
       [ -4.87836822e+01],
       [ -4.82004986e+01]])
<<<<<<<<<<< STEP 43 >>>>>>>>>>>> + array([[-0.5       ],
       [-0.5       ],
       [-0.5       ],
       [-0.5       ],
       [-0.5       ],
       [-0.5       ],
       [-0.5       ],
       [-0.5       ],
       [-0.5       ],
       [-0.5       ],
       [-0.5       ],
       [-0.5       ],
       [-0.5       ],
       [-0.02884862],
       [-0.5       ],
       [-0.5       ],
       [ 0.00452188],
       [-0.5       ],
       [ 0.01306767],
       [-0.5       ],
       [-0.5       ],
       [-0.5       ],
       [-0.5       ],
       [-0.5       ],
       [-0.5       ],
       [-0.5       ],
       [-0.5       ],
       [-0.5       ],
       [-0.5       ],
       [-0.5       ],
       [-0.50000004],
       [-0.5       ],
       [-0.5       ],
       [-0.5       ],
       [-0.5       ],
       [-0.5       ],
       [-0.5       ],
       [-0.5       ],
       [-0.5       ],
       [-0.5       ]])
array([[ -4.97469178e+01],
       [ -4.18681518e+01],
       [ -4.96991031e+01],
       [ -4.85239798e+01],
       [ -4.99640823e+01],
       [ -4.75152460e+01],
       [ -5.00149665e+01],
       [ -4.37776417e+01],
       [ -4.89104912e+01],
       [ -4.85308911e+01],
       [ -4.94834935e+01],
       [ -4.97491089e+01],
       [ -4.98356655e+01],
       [ -1.99945784e+00],
       [ -4.94855527e+01],
       [ -4.90778105e+01],
       [  1.14338357e-02],
       [ -4.89817807e+01],
       [ -9.28321068e-01],
       [ -3.83455565e+01],
       [ -4.95759592e+01],
       [ -4.90774877e+01],
       [ -4.98168308e+01],
       [ -4.71304363e+01],
       [ -3.69510063e+01],
       [ -4.76427777e+01],
       [ -4.80734753e+01],
       [ -4.81366274e+01],
       [ -4.91733987e+01],
       [ -4.94796433e+01],
       [ -2.87638515e+01],
       [ -4.99497478e+01],
       [ -4.98381247e+01],
       [ -4.98327603e+01],
       [ -4.89202920e+01],
       [ -4.96746280e+01],
       [ -4.86133220e+01],
       [ -4.91729507e+01],
       [ -4.92836822e+01],
       [ -4.87004986e+01]])
<<<<<<<<<<< STEP 44 >>>>>>>>>>>> + array([[-0.5       ],
       [-0.5       ],
       [-0.5       ],
       [-0.5       ],
       [-0.5       ],
       [-0.5       ],
       [-0.5       ],
       [-0.5       ],
       [-0.5       ],
       [-0.5       ],
       [-0.5       ],
       [-0.5       ],
       [-0.5       ],
       [-0.02969464],
       [-0.5       ],
       [-0.5       ],
       [ 0.00445   ],
       [-0.5       ],
       [ 0.0128745 ],
       [-0.5       ],
       [-0.5       ],
       [-0.5       ],
       [-0.5       ],
       [-0.5       ],
       [-0.5       ],
       [-0.5       ],
       [-0.5       ],
       [-0.5       ],
       [-0.5       ],
       [-0.5       ],
       [-0.50000003],
       [-0.5       ],
       [-0.5       ],
       [-0.5       ],
       [-0.5       ],
       [-0.5       ],
       [-0.5       ],
       [-0.5       ],
       [-0.5       ],
       [-0.5       ]])
array([[ -5.02469178e+01],
       [ -4.23681518e+01],
       [ -5.01991031e+01],
       [ -4.90239798e+01],
       [ -5.04640823e+01],
       [ -4.80152460e+01],
       [ -5.05149665e+01],
       [ -4.42776417e+01],
       [ -4.94104912e+01],
       [ -4.90308911e+01],
       [ -4.99834935e+01],
       [ -5.02491089e+01],
       [ -5.03356655e+01],
       [ -2.02915248e+00],
       [ -4.99855527e+01],
       [ -4.95778105e+01],
       [  1.58838375e-02],
       [ -4.94817807e+01],
       [ -9.15446571e-01],
       [ -3.88455565e+01],
       [ -5.00759592e+01],
       [ -4.95774877e+01],
       [ -5.03168308e+01],
       [ -4.76304363e+01],
       [ -3.74510063e+01],
       [ -4.81427777e+01],
       [ -4.85734753e+01],
       [ -4.86366274e+01],
       [ -4.96733987e+01],
       [ -4.99796433e+01],
       [ -2.92638515e+01],
       [ -5.04497478e+01],
       [ -5.03381247e+01],
       [ -5.03327603e+01],
       [ -4.94202920e+01],
       [ -5.01746280e+01],
       [ -4.91133220e+01],
       [ -4.96729507e+01],
       [ -4.97836822e+01],
       [ -4.92004986e+01]])
<<<<<<<<<<< STEP 45 >>>>>>>>>>>> + array([[-0.5       ],
       [-0.5       ],
       [-0.5       ],
       [-0.5       ],
       [-0.5       ],
       [-0.5       ],
       [-0.5       ],
       [-0.5       ],
       [-0.5       ],
       [-0.5       ],
       [-0.5       ],
       [-0.5       ],
       [-0.5       ],
       [-0.03059919],
       [-0.5       ],
       [-0.5       ],
       [ 0.00437845],
       [-0.5       ],
       [ 0.01268422],
       [-0.5       ],
       [-0.5       ],
       [-0.5       ],
       [-0.5       ],
       [-0.5       ],
       [-0.5       ],
       [-0.5       ],
       [-0.5       ],
       [-0.5       ],
       [-0.5       ],
       [-0.5       ],
       [-0.50000002],
       [-0.5       ],
       [-0.5       ],
       [-0.5       ],
       [-0.5       ],
       [-0.5       ],
       [-0.5       ],
       [-0.5       ],
       [-0.5       ],
       [-0.5       ]])
array([[ -5.07469178e+01],
       [ -4.28681518e+01],
       [ -5.06991031e+01],
       [ -4.95239798e+01],
       [ -5.09640823e+01],
       [ -4.85152460e+01],
       [ -5.10149665e+01],
       [ -4.47776417e+01],
       [ -4.99104912e+01],
       [ -4.95308911e+01],
       [ -5.04834935e+01],
       [ -5.07491089e+01],
       [ -5.08356655e+01],
       [ -2.05975166e+00],
       [ -5.04855527e+01],
       [ -5.00778105e+01],
       [  2.02622914e-02],
       [ -4.99817807e+01],
       [ -9.02762351e-01],
       [ -3.93455565e+01],
       [ -5.05759592e+01],
       [ -5.00774877e+01],
       [ -5.08168308e+01],
       [ -4.81304363e+01],
       [ -3.79510063e+01],
       [ -4.86427777e+01],
       [ -4.90734753e+01],
       [ -4.91366274e+01],
       [ -5.01733987e+01],
       [ -5.04796433e+01],
       [ -2.97638515e+01],
       [ -5.09497478e+01],
       [ -5.08381247e+01],
       [ -5.08327603e+01],
       [ -4.99202920e+01],
       [ -5.06746280e+01],
       [ -4.96133220e+01],
       [ -5.01729507e+01],
       [ -5.02836822e+01],
       [ -4.97004986e+01]])
<<<<<<<<<<< STEP 46 >>>>>>>>>>>> + array([[-0.5       ],
       [-0.5       ],
       [-0.5       ],
       [-0.5       ],
       [-0.5       ],
       [-0.5       ],
       [-0.5       ],
       [-0.5       ],
       [-0.5       ],
       [-0.5       ],
       [-0.5       ],
       [-0.5       ],
       [-0.5       ],
       [-0.03156813],
       [-0.5       ],
       [-0.5       ],
       [ 0.00430722],
       [-0.5       ],
       [ 0.01249678],
       [-0.5       ],
       [-0.5       ],
       [-0.5       ],
       [-0.5       ],
       [-0.5       ],
       [-0.5       ],
       [-0.5       ],
       [-0.5       ],
       [-0.5       ],
       [-0.5       ],
       [-0.5       ],
       [-0.50000002],
       [-0.5       ],
       [-0.5       ],
       [-0.5       ],
       [-0.5       ],
       [-0.5       ],
       [-0.5       ],
       [-0.5       ],
       [-0.5       ],
       [-0.5       ]])
array([[ -5.12469178e+01],
       [ -4.33681518e+01],
       [ -5.11991031e+01],
       [ -5.00239798e+01],
       [ -5.14640823e+01],
       [ -4.90152460e+01],
       [ -5.15149665e+01],
       [ -4.52776417e+01],
       [ -5.04104912e+01],
       [ -5.00308911e+01],
       [ -5.09834935e+01],
       [ -5.12491089e+01],
       [ -5.13356655e+01],
       [ -2.09131979e+00],
       [ -5.09855527e+01],
       [ -5.05778105e+01],
       [  2.45695099e-02],
       [ -5.04817807e+01],
       [ -8.90265567e-01],
       [ -3.98455565e+01],
       [ -5.10759592e+01],
       [ -5.05774877e+01],
       [ -5.13168308e+01],
       [ -4.86304363e+01],
       [ -3.84510063e+01],
       [ -4.91427777e+01],
       [ -4.95734753e+01],
       [ -4.96366274e+01],
       [ -5.06733987e+01],
       [ -5.09796433e+01],
       [ -3.02638516e+01],
       [ -5.14497478e+01],
       [ -5.13381247e+01],
       [ -5.13327603e+01],
       [ -5.04202920e+01],
       [ -5.11746280e+01],
       [ -5.01133220e+01],
       [ -5.06729507e+01],
       [ -5.07836822e+01],
       [ -5.02004986e+01]])
<<<<<<<<<<< STEP 47 >>>>>>>>>>>> + array([[-0.5       ],
       [-0.5       ],
       [-0.5       ],
       [-0.5       ],
       [-0.5       ],
       [-0.5       ],
       [-0.5       ],
       [-0.5       ],
       [-0.5       ],
       [-0.5       ],
       [-0.5       ],
       [-0.5       ],
       [-0.5       ],
       [-0.03260811],
       [-0.5       ],
       [-0.5       ],
       [ 0.00423628],
       [-0.5       ],
       [ 0.01231214],
       [-0.5       ],
       [-0.5       ],
       [-0.5       ],
       [-0.5       ],
       [-0.5       ],
       [-0.5       ],
       [-0.5       ],
       [-0.5       ],
       [-0.5       ],
       [-0.5       ],
       [-0.5       ],
       [-0.50000001],
       [-0.5       ],
       [-0.5       ],
       [-0.5       ],
       [-0.5       ],
       [-0.5       ],
       [-0.5       ],
       [-0.5       ],
       [-0.5       ],
       [-0.5       ]])
array([[ -5.17469178e+01],
       [ -4.38681518e+01],
       [ -5.16991031e+01],
       [ -5.05239798e+01],
       [ -5.19640823e+01],
       [ -4.95152460e+01],
       [ -5.20149665e+01],
       [ -4.57776417e+01],
       [ -5.09104912e+01],
       [ -5.05308911e+01],
       [ -5.14834935e+01],
       [ -5.17491089e+01],
       [ -5.18356655e+01],
       [ -2.12392790e+00],
       [ -5.14855527e+01],
       [ -5.10778105e+01],
       [  2.88057884e-02],
       [ -5.09817807e+01],
       [ -8.77953432e-01],
       [ -4.03455565e+01],
       [ -5.15759592e+01],
       [ -5.10774877e+01],
       [ -5.18168308e+01],
       [ -4.91304363e+01],
       [ -3.89510063e+01],
       [ -4.96427777e+01],
       [ -5.00734753e+01],
       [ -5.01366274e+01],
       [ -5.11733987e+01],
       [ -5.14796433e+01],
       [ -3.07638516e+01],
       [ -5.19497478e+01],
       [ -5.18381247e+01],
       [ -5.18327603e+01],
       [ -5.09202920e+01],
       [ -5.16746280e+01],
       [ -5.06133220e+01],
       [ -5.11729507e+01],
       [ -5.12836822e+01],
       [ -5.07004986e+01]])
<<<<<<<<<<< STEP 48 >>>>>>>>>>>> + array([[-0.5       ],
       [-0.5       ],
       [-0.5       ],
       [-0.5       ],
       [-0.5       ],
       [-0.5       ],
       [-0.5       ],
       [-0.5       ],
       [-0.5       ],
       [-0.5       ],
       [-0.5       ],
       [-0.5       ],
       [-0.5       ],
       [-0.03372668],
       [-0.5       ],
       [-0.5       ],
       [ 0.00416562],
       [-0.5       ],
       [ 0.01213023],
       [-0.5       ],
       [-0.5       ],
       [-0.5       ],
       [-0.5       ],
       [-0.5       ],
       [-0.5       ],
       [-0.5       ],
       [-0.5       ],
       [-0.5       ],
       [-0.5       ],
       [-0.5       ],
       [-0.50000001],
       [-0.5       ],
       [-0.5       ],
       [-0.5       ],
       [-0.5       ],
       [-0.5       ],
       [-0.5       ],
       [-0.5       ],
       [-0.5       ],
       [-0.5       ]])
array([[ -5.22469178e+01],
       [ -4.43681518e+01],
       [ -5.21991031e+01],
       [ -5.10239798e+01],
       [ -5.24640823e+01],
       [ -5.00152460e+01],
       [ -5.25149665e+01],
       [ -4.62776417e+01],
       [ -5.14104912e+01],
       [ -5.10308911e+01],
       [ -5.19834935e+01],
       [ -5.22491089e+01],
       [ -5.23356655e+01],
       [ -2.15765458e+00],
       [ -5.19855527e+01],
       [ -5.15778105e+01],
       [  3.29714092e-02],
       [ -5.14817807e+01],
       [ -8.65823203e-01],
       [ -4.08455565e+01],
       [ -5.20759592e+01],
       [ -5.15774877e+01],
       [ -5.23168308e+01],
       [ -4.96304363e+01],
       [ -3.94510063e+01],
       [ -5.01427777e+01],
       [ -5.05734753e+01],
       [ -5.06366274e+01],
       [ -5.16733987e+01],
       [ -5.19796433e+01],
       [ -3.12638516e+01],
       [ -5.24497478e+01],
       [ -5.23381247e+01],
       [ -5.23327603e+01],
       [ -5.14202920e+01],
       [ -5.21746280e+01],
       [ -5.11133220e+01],
       [ -5.16729507e+01],
       [ -5.17836822e+01],
       [ -5.12004986e+01]])
<<<<<<<<<<< STEP 49 >>>>>>>>>>>> + array([[-0.5       ],
       [-0.5       ],
       [-0.5       ],
       [-0.5       ],
       [-0.5       ],
       [-0.5       ],
       [-0.5       ],
       [-0.5       ],
       [-0.5       ],
       [-0.5       ],
       [-0.5       ],
       [-0.5       ],
       [-0.5       ],
       [-0.03493248],
       [-0.5       ],
       [-0.5       ],
       [ 0.00409524],
       [-0.5       ],
       [ 0.01195103],
       [-0.5       ],
       [-0.5       ],
       [-0.5       ],
       [-0.5       ],
       [-0.5       ],
       [-0.5       ],
       [-0.5       ],
       [-0.5       ],
       [-0.5       ],
       [-0.5       ],
       [-0.5       ],
       [-0.50000001],
       [-0.5       ],
       [-0.5       ],
       [-0.5       ],
       [-0.5       ],
       [-0.5       ],
       [-0.5       ],
       [-0.5       ],
       [-0.5       ],
       [-0.5       ]])
array([[ -5.27469178e+01],
       [ -4.48681518e+01],
       [ -5.26991031e+01],
       [ -5.15239798e+01],
       [ -5.29640823e+01],
       [ -5.05152460e+01],
       [ -5.30149665e+01],
       [ -4.67776417e+01],
       [ -5.19104912e+01],
       [ -5.15308911e+01],
       [ -5.24834935e+01],
       [ -5.27491089e+01],
       [ -5.28356655e+01],
       [ -2.19258705e+00],
       [ -5.24855527e+01],
       [ -5.20778105e+01],
       [  3.70666465e-02],
       [ -5.19817807e+01],
       [ -8.53872178e-01],
       [ -4.13455565e+01],
       [ -5.25759592e+01],
       [ -5.20774877e+01],
       [ -5.28168308e+01],
       [ -5.01304363e+01],
       [ -3.99510063e+01],
       [ -5.06427777e+01],
       [ -5.10734753e+01],
       [ -5.11366274e+01],
       [ -5.21733987e+01],
       [ -5.24796433e+01],
       [ -3.17638516e+01],
       [ -5.29497478e+01],
       [ -5.28381247e+01],
       [ -5.28327603e+01],
       [ -5.19202920e+01],
       [ -5.26746280e+01],
       [ -5.16133220e+01],
       [ -5.21729507e+01],
       [ -5.22836822e+01],
       [ -5.17004986e+01]])
