<<<<<<<<<<< STEP 0 >>>>>>>>>>>> + array([[ -5.04244282e-01],
       [ -4.98862950e-01],
       [ -4.07119124e-02],
       [ -5.00351315e-01],
       [ -5.02294513e-01],
       [ -5.00382710e-01],
       [ -5.02157736e-01],
       [ -5.02011871e-01],
       [ -5.04245158e-01],
       [ -5.02465625e-01],
       [ -3.72601117e-01],
       [ -5.00320190e-01],
       [ -5.00566767e-01],
       [ -5.02148079e-01],
       [ -4.99965157e-01],
       [ -4.98068809e-01],
       [ -2.74180775e-02],
       [ -5.00506292e-01],
       [ -5.04094198e-01],
       [ -3.53684401e-02],
       [ -4.99610177e-01],
       [ -5.01691646e-01],
       [ -5.02099000e-01],
       [  4.01776474e-03],
       [ -4.97862063e-01],
       [ -4.99823744e-01],
       [ -5.04924668e-01],
       [ -5.02170004e-01],
       [ -5.01921006e-01],
       [ -5.02263434e-01],
       [ -4.21541225e-02],
       [  2.47188361e-04],
       [ -4.99946719e-01],
       [ -5.00350550e-01],
       [ -1.57929746e-03],
       [ -7.35877793e-03],
       [ -5.00298844e-01],
       [  6.24528985e-04],
       [ -5.04256952e-01],
       [ -5.04171188e-01]])
array([[-13.0048784 ],
       [-11.59910879],
       [ -1.70184639],
       [-14.61963823],
       [-13.93584242],
       [-13.49764165],
       [-13.9578854 ],
       [-13.82614676],
       [-12.99897835],
       [-13.84151389],
       [ -4.79042398],
       [-13.41535517],
       [-13.30463513],
       [-13.93743646],
       [-13.10425129],
       [-11.23655311],
       [  0.53273088],
       [-13.43495811],
       [-13.01678186],
       [ -1.47457744],
       [-13.33456761],
       [-13.89177832],
       [-13.74684164],
       [ -0.50528739],
       [-11.46781557],
       [-13.25457202],
       [-12.06592538],
       [-13.99528491],
       [-13.82008636],
       [-13.82890944],
       [ -1.8994619 ],
       [ -0.44126875],
       [-13.26327233],
       [-13.3277232 ],
       [ -0.27725529],
       [ -0.42894181],
       [-13.43486379],
       [ -0.23984849],
       [-13.00144637],
       [-12.9909518 ]])
<<<<<<<<<<< STEP 1 >>>>>>>>>>>> + array([[-0.50324095],
       [-0.49928184],
       [-0.03841167],
       [-0.50024002],
       [-0.50172337],
       [-0.50026052],
       [-0.50162501],
       [-0.50151303],
       [-0.5032434 ],
       [-0.50186626],
       [-0.41093956],
       [-0.50022615],
       [-0.50042192],
       [-0.50161259],
       [-0.49994382],
       [-0.4986963 ],
       [-0.02545045],
       [-0.50036052],
       [-0.50312426],
       [-0.03292714],
       [-0.4996726 ],
       [-0.50126184],
       [-0.50157154],
       [ 0.00467164],
       [-0.49849971],
       [-0.49983636],
       [-0.50373446],
       [-0.50162315],
       [-0.50143828],
       [-0.50171086],
       [-0.03941538],
       [ 0.00061168],
       [-0.4999403 ],
       [-0.50025764],
       [-0.00159203],
       [-0.0074465 ],
       [-0.5002038 ],
       [ 0.00091403],
       [-0.50325499],
       [-0.50318295]])
array([[-13.50811934],
       [-12.09839063],
       [ -1.74025805],
       [-15.11987825],
       [-14.43756579],
       [-13.99790217],
       [-14.45951041],
       [-14.32765979],
       [-13.50222176],
       [-14.34338015],
       [ -5.20136354],
       [-13.91558132],
       [-13.80505705],
       [-14.43904905],
       [-13.60419511],
       [-11.73524941],
       [  0.50728043],
       [-13.93531864],
       [-13.51990612],
       [ -1.50750459],
       [-13.8342402 ],
       [-14.39304016],
       [-14.24841318],
       [ -0.50061575],
       [-11.96631528],
       [-13.75440838],
       [-12.56965984],
       [-14.49690806],
       [-14.32152464],
       [-14.3306203 ],
       [ -1.93887728],
       [ -0.44065707],
       [-13.76321263],
       [-13.82798085],
       [ -0.27884732],
       [ -0.43638831],
       [-13.93506759],
       [ -0.23893446],
       [-13.50470135],
       [-13.49413474]])
<<<<<<<<<<< STEP 2 >>>>>>>>>>>> + array([[-0.50245556],
       [-0.49960611],
       [-0.03573286],
       [-0.50016975],
       [-0.50128312],
       [-0.50018005],
       [-0.5012176 ],
       [-0.5011282 ],
       [-0.5024588 ],
       [-0.50140196],
       [-0.44622357],
       [-0.50016732],
       [-0.50031748],
       [-0.50120034],
       [-0.49993762],
       [-0.49918181],
       [-0.02260088],
       [-0.50025745],
       [-0.50236483],
       [-0.03006453],
       [-0.49973479],
       [-0.50093337],
       [-0.50116451],
       [ 0.0052361 ],
       [-0.49899851],
       [-0.49985759],
       [-0.50280016],
       [-0.50120516],
       [-0.50106667],
       [-0.50128375],
       [-0.03641028],
       [ 0.00089656],
       [-0.49994553],
       [-0.50019431],
       [-0.0016487 ],
       [-0.00760424],
       [-0.50014074],
       [ 0.00120719],
       [-0.50246957],
       [-0.5024089 ]])
array([[-14.0105749 ],
       [-12.59799675],
       [ -1.77599091],
       [-15.620048  ],
       [-14.93884891],
       [-14.49808222],
       [-14.96072801],
       [-14.82878798],
       [-14.00468055],
       [-14.84478211],
       [ -5.64758711],
       [-14.41574864],
       [-14.30537454],
       [-14.94024939],
       [-14.10413273],
       [-12.23443122],
       [  0.48467955],
       [-14.43557608],
       [-14.02227094],
       [ -1.53756912],
       [-14.33397499],
       [-14.89397353],
       [-14.74957769],
       [ -0.49537965],
       [-12.46531378],
       [-14.25426597],
       [-13.07246   ],
       [-14.99811322],
       [-14.82259131],
       [-14.83190405],
       [ -1.97528755],
       [ -0.4397605 ],
       [-14.26315816],
       [-14.32817516],
       [ -0.28049601],
       [ -0.44399255],
       [-14.43520833],
       [ -0.23772727],
       [-14.00717093],
       [-13.99654364]])
<<<<<<<<<<< STEP 3 >>>>>>>>>>>> + array([[-0.50185003],
       [-0.49983833],
       [-0.03285202],
       [-0.50012399],
       [-0.500949  ],
       [-0.50012631],
       [-0.50090898],
       [-0.5008358 ],
       [-0.50185357],
       [-0.50104731],
       [-0.47472298],
       [-0.50012863],
       [-0.50024097],
       [-0.5008877 ],
       [-0.49993945],
       [-0.49953538],
       [-0.01923987],
       [-0.50018434],
       [-0.50177955],
       [-0.02697274],
       [-0.4997902 ],
       [-0.5006859 ],
       [-0.50085598],
       [ 0.00572214],
       [-0.49936812],
       [-0.49988076],
       [-0.50208186],
       [-0.50088978],
       [-0.50078526],
       [-0.50095807],
       [-0.03329957],
       [ 0.00111804],
       [-0.49995486],
       [-0.50014955],
       [-0.00173435],
       [-0.00780846],
       [-0.50009839],
       [ 0.00149505],
       [-0.50186333],
       [-0.50181223]])
array([[-14.51242493],
       [-13.09783507],
       [ -1.80884293],
       [-16.12017199],
       [-15.43979791],
       [-14.99820853],
       [-15.46163699],
       [-15.32962378],
       [-14.50653412],
       [-15.34582941],
       [ -6.12231009],
       [-14.91587727],
       [-14.80561551],
       [-15.44113708],
       [-14.60407218],
       [-12.73396659],
       [  0.46543967],
       [-14.93576042],
       [-14.52405049],
       [ -1.56454186],
       [-14.8337652 ],
       [-15.39465943],
       [-15.25043367],
       [ -0.48965751],
       [-12.96468191],
       [-14.75414673],
       [-13.57454187],
       [-15.499003  ],
       [-15.32337657],
       [-15.33286212],
       [ -2.00858712],
       [ -0.43864247],
       [-14.76311302],
       [-14.82832471],
       [ -0.28223036],
       [ -0.451801  ],
       [-14.93530672],
       [ -0.23623221],
       [-14.50903426],
       [-14.49835588]])
<<<<<<<<<<< STEP 4 >>>>>>>>>>>> + array([[-0.50139054],
       [-0.49998905],
       [-0.03001039],
       [-0.50009289],
       [-0.50069995],
       [-0.50008988],
       [-0.50067801],
       [-0.50061756],
       [-0.50139411],
       [-0.50078072],
       [-0.49463665],
       [-0.50010134],
       [-0.50018413],
       [-0.50065478],
       [-0.49994519],
       [-0.49977479],
       [-0.01578492],
       [-0.50013255],
       [-0.50133592],
       [-0.02391161],
       [-0.49983639],
       [-0.5005027 ],
       [-0.50062688],
       [ 0.00613321],
       [-0.49962562],
       [-0.49990254],
       [-0.50154163],
       [-0.5006556 ],
       [-0.50057624],
       [-0.5007136 ],
       [-0.03030815],
       [ 0.00128893],
       [-0.49996448],
       [-0.50011663],
       [-0.00183325],
       [-0.00803297],
       [-0.50006964],
       [ 0.00176374],
       [-0.50140285],
       [-0.50135994]])
array([[-15.01381548],
       [-13.59782412],
       [ -1.83885332],
       [-16.62026489],
       [-15.94049786],
       [-15.49829841],
       [-15.962315  ],
       [-15.83024135],
       [-15.00792824],
       [-15.84661013],
       [ -6.61694674],
       [-15.41597861],
       [-15.30579964],
       [-15.94179186],
       [-15.10401737],
       [-13.23374138],
       [  0.44965476],
       [-15.43589298],
       [-15.02538641],
       [ -1.58845347],
       [-15.33360159],
       [-15.89516213],
       [-15.75106055],
       [ -0.4835243 ],
       [-13.46430752],
       [-15.25404927],
       [-14.0760835 ],
       [-15.9996586 ],
       [-15.82395281],
       [-15.83357572],
       [ -2.03889527],
       [ -0.43735353],
       [-15.2630775 ],
       [-15.32844134],
       [ -0.28406361],
       [ -0.45983397],
       [-15.43537636],
       [ -0.23446848],
       [-15.01043711],
       [-14.99971582]])
<<<<<<<<<<< STEP 5 >>>>>>>>>>>> + array([[-0.50104617],
       [-0.50007538],
       [-0.02741731],
       [-0.5000708 ],
       [-0.50051706],
       [-0.50006484],
       [-0.50050689],
       [-0.50045707],
       [-0.50104961],
       [-0.5005829 ],
       [-0.50650463],
       [-0.50008074],
       [-0.50014141],
       [-0.50048378],
       [-0.49995247],
       [-0.49992429],
       [-0.01256919],
       [-0.50009593],
       [-0.50100399],
       [-0.02110678],
       [-0.49987334],
       [-0.50036911],
       [-0.50045967],
       [ 0.00647177],
       [-0.49979413],
       [-0.49992152],
       [-0.50114242],
       [-0.50048404],
       [-0.50042348],
       [-0.50053242],
       [-0.02762818],
       [ 0.00141965],
       [-0.49997279],
       [-0.50009159],
       [-0.0019325 ],
       [-0.00825575],
       [-0.50004992],
       [ 0.00200126],
       [-0.5010574 ],
       [-0.50102155]])
array([[-15.51486164],
       [-14.0978995 ],
       [ -1.86627063],
       [-17.12033569],
       [-16.44101492],
       [-15.99836325],
       [-16.46282189],
       [-16.33069841],
       [-15.50897785],
       [-16.34719303],
       [ -7.12345137],
       [-15.91605935],
       [-15.80594105],
       [-16.44227564],
       [-15.60396983],
       [-13.73366567],
       [  0.43708557],
       [-15.93598891],
       [-15.52639041],
       [ -1.60956025],
       [-15.83347493],
       [-16.39553124],
       [-16.25152022],
       [ -0.47705253],
       [-13.96410165],
       [-15.75397079],
       [-14.57722592],
       [-16.50014263],
       [-16.32437629],
       [-16.33410814],
       [ -2.06652346],
       [ -0.43593388],
       [-15.76305029],
       [-15.82853293],
       [ -0.28599611],
       [ -0.46808973],
       [-15.93542628],
       [ -0.23246722],
       [-15.51149451],
       [-15.50073737]])
<<<<<<<<<<< STEP 6 >>>>>>>>>>>> + array([[-0.50078971],
       [-0.50011637],
       [-0.02519336],
       [-0.50005452],
       [-0.50038384],
       [-0.50004737],
       [-0.50038071],
       [-0.50033997],
       [-0.50079295],
       [-0.50043709],
       [-0.51228532],
       [-0.5000645 ],
       [-0.50010901],
       [-0.50035924],
       [-0.49995994],
       [-0.5000095 ],
       [-0.00977696],
       [-0.50007   ],
       [-0.50075729],
       [-0.01868918],
       [-0.49990219],
       [-0.50027251],
       [-0.50033881],
       [ 0.00674305],
       [-0.49989807],
       [-0.4999374 ],
       [-0.50085029],
       [-0.50035925],
       [-0.50031284],
       [-0.50039902],
       [-0.02536414],
       [ 0.00151864],
       [-0.49997941],
       [-0.50007211],
       [-0.0020241 ],
       [-0.00846303],
       [-0.50003623],
       [ 0.0022016 ],
       [-0.50079987],
       [-0.50077009]])
array([[-16.01565135],
       [-14.59801587],
       [ -1.89146399],
       [-17.62039021],
       [-16.94139876],
       [-16.49841062],
       [-16.9632026 ],
       [-16.83103838],
       [-16.0097708 ],
       [-16.84763012],
       [ -7.63573669],
       [-16.41612386],
       [-16.30605007],
       [-16.94263488],
       [-16.10392978],
       [-14.23367517],
       [  0.42730861],
       [-16.4360589 ],
       [-16.02714769],
       [ -1.62824943],
       [-16.33337711],
       [-16.89580375],
       [-16.75185903],
       [ -0.47030948],
       [-14.46399972],
       [-16.25390819],
       [-15.07807621],
       [-17.00050188],
       [-16.82468913],
       [-16.83450716],
       [ -2.0918876 ],
       [ -0.43441524],
       [-16.26302971],
       [-16.32860504],
       [ -0.28802021],
       [ -0.47655276],
       [-16.43546251],
       [ -0.23026562],
       [-16.01229437],
       [-16.00150745]])
<<<<<<<<<<< STEP 7 >>>>>>>>>>>> + array([[-0.50059883],
       [-0.50012869],
       [-0.02337168],
       [-0.50004222],
       [-0.50028688],
       [-0.50003501],
       [-0.50028759],
       [-0.5002546 ],
       [-0.50060182],
       [-0.50032965],
       [-0.51415654],
       [-0.50005143],
       [-0.50008428],
       [-0.5002686 ],
       [-0.49996691],
       [-0.50005253],
       [-0.0074606 ],
       [-0.50005154],
       [-0.50057403],
       [-0.01669602],
       [-0.49992446],
       [-0.5002027 ],
       [-0.5002516 ],
       [ 0.00695519],
       [-0.49995864],
       [-0.49995037],
       [-0.50063692],
       [-0.50026849],
       [-0.50023281],
       [-0.50030083],
       [-0.02353598],
       [ 0.00159277],
       [-0.49998448],
       [-0.50005678],
       [-0.00210464],
       [-0.00864901],
       [-0.50002661],
       [ 0.0023646 ],
       [-0.50060795],
       [-0.50058335]])
array([[-16.51625018],
       [-15.09814455],
       [ -1.91483567],
       [-18.12043243],
       [-17.44168564],
       [-16.99844563],
       [-17.46349018],
       [-17.33129298],
       [-16.51037262],
       [-17.34795977],
       [ -8.14989323],
       [-16.91617529],
       [-16.80613435],
       [-17.44290348],
       [-16.60389669],
       [-14.7337277 ],
       [  0.41984801],
       [-16.93611044],
       [-16.52772172],
       [ -1.64494545],
       [-16.83330158],
       [-17.39600644],
       [-17.25211063],
       [ -0.46335429],
       [-14.96395836],
       [-16.75385856],
       [-15.57871314],
       [-17.50077037],
       [-17.32492194],
       [-17.33480798],
       [ -2.11542358],
       [ -0.43282248],
       [-16.76301419],
       [-16.82866182],
       [ -0.29012486],
       [ -0.48520177],
       [-16.93548912],
       [ -0.22790102],
       [-16.51290232],
       [-16.5020908 ]])
<<<<<<<<<<< STEP 8 >>>>>>>>>>>> + array([[-0.50045628],
       [-0.50012475],
       [-0.0219289 ],
       [-0.5000328 ],
       [-0.50021598],
       [-0.50002614],
       [-0.50021854],
       [-0.50019207],
       [-0.50045899],
       [-0.50025014],
       [-0.51384346],
       [-0.50004087],
       [-0.50006531],
       [-0.50020231],
       [-0.49997306],
       [-0.50006996],
       [-0.00559249],
       [-0.50003829],
       [-0.50043738],
       [-0.01510362],
       [-0.49994159],
       [-0.500152  ],
       [-0.50018838],
       [ 0.00711768],
       [-0.49999179],
       [-0.49996081],
       [-0.50048046],
       [-0.50020217],
       [-0.50017465],
       [-0.50022821],
       [-0.02211065],
       [ 0.0016475 ],
       [-0.49998831],
       [-0.50004468],
       [-0.0021737 ],
       [-0.00881325],
       [-0.50001976],
       [ 0.00249384],
       [-0.50046439],
       [-0.50044417]])
array([[-17.01670646],
       [-15.5982693 ],
       [ -1.93676457],
       [-18.62046523],
       [-17.94190162],
       [-17.49847177],
       [-17.96370872],
       [-17.83148505],
       [-17.0108316 ],
       [-17.84820991],
       [ -8.66373669],
       [-17.41621616],
       [-17.30619966],
       [-17.94310579],
       [-17.10386975],
       [-15.23379766],
       [  0.41425552],
       [-17.43614874],
       [-17.02815911],
       [ -1.66004907],
       [-17.33324317],
       [-17.89615845],
       [-17.75229901],
       [ -0.45623661],
       [-15.46395015],
       [-17.25381937],
       [-16.0791936 ],
       [-18.00097254],
       [-17.82509659],
       [-17.8350362 ],
       [ -2.13753423],
       [ -0.43117498],
       [-17.2630025 ],
       [-17.3287065 ],
       [ -0.29229856],
       [ -0.49401502],
       [-17.43550889],
       [ -0.22540717],
       [-17.01336671],
       [-17.00253496]])
<<<<<<<<<<< STEP 9 >>>>>>>>>>>> + array([[-0.50034923],
       [-0.50011277],
       [-0.02081605],
       [-0.50002552],
       [-0.50016374],
       [-0.50001968],
       [-0.50016698],
       [-0.50014591],
       [-0.50035165],
       [-0.5001909 ],
       [-0.51248485],
       [-0.50003236],
       [-0.50005069],
       [-0.50015346],
       [-0.4999783 ],
       [-0.50007294],
       [-0.00411066],
       [-0.50002869],
       [-0.50033489],
       [-0.01386031],
       [-0.49995476],
       [-0.50011488],
       [-0.50014218],
       [ 0.0072398 ],
       [-0.50000847],
       [-0.49996914],
       [-0.50036489],
       [-0.5001533 ],
       [-0.50013203],
       [-0.50017415],
       [-0.02103248],
       [ 0.00168716],
       [-0.49999117],
       [-0.50003512],
       [-0.00223238],
       [-0.00895799],
       [-0.50001482],
       [ 0.00259441],
       [-0.50035638],
       [-0.50033983]])
array([[-17.51705569],
       [-16.09838207],
       [ -1.95758061],
       [-19.12049075],
       [-18.44206536],
       [-17.99849145],
       [-18.4638757 ],
       [-18.33163095],
       [-17.51118325],
       [-18.3484008 ],
       [ -9.17622154],
       [-17.91624852],
       [-17.80625035],
       [-18.44325925],
       [-17.60384805],
       [-15.7338706 ],
       [  0.41014487],
       [-17.93617743],
       [-17.528494  ],
       [ -1.67390938],
       [-17.83319793],
       [-18.39627333],
       [-18.2524412 ],
       [ -0.44899682],
       [-15.96395862],
       [-17.75378851],
       [-16.57955849],
       [-18.50112585],
       [-18.32522862],
       [-18.33521034],
       [ -2.15856672],
       [ -0.42948782],
       [-17.76299367],
       [-17.82874162],
       [ -0.29453093],
       [ -0.50297301],
       [-17.9355237 ],
       [ -0.22281276],
       [-17.51372309],
       [-17.50287479]])
<<<<<<<<<<< STEP 10 >>>>>>>>>>>> + array([[-0.50026835],
       [-0.50009774],
       [-0.0199782 ],
       [-0.50001988],
       [-0.50012491],
       [-0.50001493],
       [-0.50012821],
       [-0.50011153],
       [-0.50027049],
       [-0.50014642],
       [-0.51074837],
       [-0.50002554],
       [-0.5000394 ],
       [-0.50011714],
       [-0.49998265],
       [-0.50006848],
       [-0.00294613],
       [-0.50002165],
       [-0.50025751],
       [-0.01290772],
       [-0.49996491],
       [-0.50008744],
       [-0.50010809],
       [ 0.0073298 ],
       [-0.50001568],
       [-0.49997575],
       [-0.50027879],
       [-0.50011698],
       [-0.50010051],
       [-0.50013358],
       [-0.02024209],
       [ 0.00171514],
       [-0.49999332],
       [-0.50002758],
       [-0.0022823 ],
       [-0.00908643],
       [-0.50001121],
       [ 0.00267153],
       [-0.50027461],
       [-0.5002611 ]])
array([[-18.01732404],
       [-16.59847981],
       [ -1.97755881],
       [-19.62051063],
       [-18.94219026],
       [-18.49850639],
       [-18.96400391],
       [-18.83174248],
       [-18.01145374],
       [-18.84854722],
       [ -9.68696991],
       [-18.41627406],
       [-18.30628974],
       [-18.94337639],
       [-18.1038307 ],
       [-16.23393908],
       [  0.40719874],
       [-18.43619908],
       [-18.02875151],
       [ -1.68681711],
       [-18.33316283],
       [-18.89636076],
       [-18.75254928],
       [ -0.44166701],
       [-16.4639743 ],
       [-18.25376425],
       [-17.07983728],
       [-19.00124283],
       [-18.82532913],
       [-18.83534392],
       [ -2.17880881],
       [ -0.42777267],
       [-18.26298698],
       [-18.3287692 ],
       [ -0.29681323],
       [ -0.51205944],
       [-18.43553491],
       [ -0.22014123],
       [-18.0139977 ],
       [-18.00313589]])
<<<<<<<<<<< STEP 11 >>>>>>>>>>>> + array([[-0.50020689],
       [-0.50008243],
       [-0.01936414],
       [-0.50001549],
       [-0.50009579],
       [-0.5000114 ],
       [-0.50009883],
       [-0.5000857 ],
       [-0.50020875],
       [-0.50011278],
       [-0.50898938],
       [-0.5000201 ],
       [-0.50003066],
       [-0.5000899 ],
       [-0.49998621],
       [-0.50006072],
       [-0.00203547],
       [-0.50001644],
       [-0.50019872],
       [-0.0121912 ],
       [-0.49997273],
       [-0.50006695],
       [-0.50008268],
       [ 0.00739461],
       [-0.50001771],
       [-0.49998096],
       [-0.50021411],
       [-0.50008975],
       [-0.50007697],
       [-0.50010291],
       [-0.0196853 ],
       [ 0.0017341 ],
       [-0.49999493],
       [-0.50002163],
       [-0.00232513],
       [-0.00920179],
       [-0.50000853],
       [ 0.00272989],
       [-0.50021232],
       [-0.50020133]])
array([[-18.51753092],
       [-17.09856224],
       [ -1.99692295],
       [-20.12052613],
       [-19.44228606],
       [-18.99851779],
       [-19.46410274],
       [-19.33182818],
       [-18.51166249],
       [-19.34866001],
       [-10.1959593 ],
       [-18.91629416],
       [-18.8063204 ],
       [-19.44346629],
       [-18.60381691],
       [-16.7339998 ],
       [  0.40516326],
       [-18.93621552],
       [-18.52895023],
       [ -1.69900831],
       [-18.83313557],
       [-19.39642771],
       [-19.25263196],
       [ -0.4342724 ],
       [-16.96399202],
       [-18.75374521],
       [-17.5800514 ],
       [-19.50133258],
       [-19.3254061 ],
       [-19.33544683],
       [ -2.1984941 ],
       [ -0.42603858],
       [-18.76298191],
       [-18.82879083],
       [ -0.29913836],
       [ -0.52126123],
       [-18.93554344],
       [ -0.21741134],
       [-18.51421002],
       [-18.50333722]])
<<<<<<<<<<< STEP 12 >>>>>>>>>>>> + array([[-0.50015994],
       [-0.50006823],
       [-0.01892992],
       [-0.50001208],
       [-0.50007379],
       [-0.50000875],
       [-0.50007645],
       [-0.50006615],
       [-0.50016155],
       [-0.50008718],
       [-0.50737676],
       [-0.50001579],
       [-0.50002387],
       [-0.5000693 ],
       [-0.49998909],
       [-0.500052  ],
       [-0.00132503],
       [-0.50001256],
       [-0.5001538 ],
       [-0.01166375],
       [-0.49997879],
       [-0.50005152],
       [-0.50006357],
       [ 0.00743983],
       [-0.5000171 ],
       [-0.49998508],
       [-0.50016514],
       [-0.50006916],
       [-0.50005924],
       [-0.50007956],
       [-0.01931622],
       [ 0.00174607],
       [-0.49999615],
       [-0.50001696],
       [-0.00236235],
       [-0.00930696],
       [-0.50000654],
       [ 0.00277345],
       [-0.50016461],
       [-0.50015569]])
array([[-19.01769086],
       [-17.59863047],
       [ -2.01585286],
       [-20.62053821],
       [-19.94235985],
       [-19.49852653],
       [-19.96417919],
       [-19.83189433],
       [-19.01182404],
       [-19.84874719],
       [-10.70333606],
       [-19.41630994],
       [-19.30634428],
       [-19.94353559],
       [-19.103806  ],
       [-17.2340518 ],
       [  0.40383823],
       [-19.43622808],
       [-19.02910403],
       [ -1.71067206],
       [-19.33311436],
       [-19.89647924],
       [-19.75269554],
       [ -0.42683257],
       [-17.46400912],
       [-19.25373029],
       [-18.08021654],
       [-20.00140173],
       [-19.82546533],
       [-19.83552639],
       [ -2.21781032],
       [ -0.4242925 ],
       [-19.26297806],
       [-19.32880779],
       [ -0.30150071],
       [ -0.53056819],
       [-19.43554998],
       [ -0.21463788],
       [-19.01437463],
       [-19.00349291]])
<<<<<<<<<<< STEP 13 >>>>>>>>>>>> + array([[-0.50012391],
       [-0.50005576],
       [-0.01863941],
       [-0.50000942],
       [-0.50005705],
       [-0.50000674],
       [-0.50005929],
       [-0.50005123],
       [-0.5001253 ],
       [-0.50006758],
       [-0.50597562],
       [-0.50001238],
       [-0.50001861],
       [-0.50005361],
       [-0.4999914 ],
       [-0.50004352],
       [-0.00077125],
       [-0.50000963],
       [-0.50011932],
       [-0.01128666],
       [-0.49998349],
       [-0.50003981],
       [-0.50004909],
       [ 0.0074699 ],
       [-0.50001529],
       [-0.49998831],
       [-0.50012781],
       [-0.50005349],
       [-0.50004577],
       [-0.50006169],
       [-0.01909741],
       [ 0.00175268],
       [-0.49999707],
       [-0.50001329],
       [-0.00239519],
       [-0.00940436],
       [-0.50000503],
       [ 0.00280542],
       [-0.50012791],
       [-0.50012069]])
array([[-19.51781477],
       [-18.09868623],
       [ -2.03449227],
       [-21.12054763],
       [-20.4424169 ],
       [-19.99853327],
       [-20.46423848],
       [-20.33194556],
       [-19.51194934],
       [-20.34881477],
       [-11.20931168],
       [-19.91632232],
       [-19.80636288],
       [-20.4435892 ],
       [-19.6037974 ],
       [-17.73409532],
       [  0.40306698],
       [-19.93623771],
       [-19.52922335],
       [ -1.72195872],
       [-19.83309785],
       [-20.39651905],
       [-20.25274463],
       [ -0.41936267],
       [-17.96402441],
       [-19.7537186 ],
       [-18.58034435],
       [-20.50145522],
       [-20.32551111],
       [-20.33558808],
       [ -2.23690773],
       [ -0.42253983],
       [-19.76297512],
       [-19.82882108],
       [ -0.3038959 ],
       [ -0.53997255],
       [-19.93555501],
       [ -0.21183246],
       [-19.51450254],
       [-19.5036136 ]])
<<<<<<<<<<< STEP 14 >>>>>>>>>>>> + array([[ -5.00096176e-01],
       [ -5.00045139e-01],
       [ -1.84635580e-02],
       [ -5.00007349e-01],
       [ -5.00044231e-01],
       [ -5.00005207e-01],
       [ -5.00046081e-01],
       [ -5.00039799e-01],
       [ -5.00097353e-01],
       [ -5.00052512e-01],
       [ -5.04797023e-01],
       [ -5.00009695e-01],
       [ -5.00014508e-01],
       [ -5.00041598e-01],
       [ -4.99993232e-01],
       [ -5.00035859e-01],
       [ -3.39565534e-04],
       [ -5.00007409e-01],
       [ -5.00092744e-01],
       [ -1.10288312e-02],
       [ -4.99987130e-01],
       [ -5.00030865e-01],
       [ -5.00038041e-01],
       [  7.48833068e-03],
       [ -5.00013080e-01],
       [ -4.99990847e-01],
       [ -5.00099203e-01],
       [ -5.00041488e-01],
       [ -5.00035489e-01],
       [ -5.00047951e-01],
       [ -1.89990132e-02],
       [  1.75515582e-03],
       [ -4.99997765e-01],
       [ -5.00010404e-01],
       [ -2.42466062e-03],
       [ -9.49595752e-03],
       [ -5.00003888e-01],
       [  2.82836851e-03],
       [ -5.00099571e-01],
       [ -5.00093731e-01]])
array([[-20.01791095],
       [-18.59873137],
       [ -2.05295583],
       [-21.62055498],
       [-20.94246113],
       [-20.49853848],
       [-20.96428456],
       [-20.83198536],
       [-20.01204669],
       [-20.84886728],
       [-11.7141087 ],
       [-20.41633202],
       [-20.30637739],
       [-20.9436308 ],
       [-20.10379063],
       [-18.23413118],
       [  0.40272741],
       [-20.43624511],
       [-20.02931609],
       [ -1.73298755],
       [-20.33308498],
       [-20.89654991],
       [-20.75278267],
       [ -0.41187434],
       [-18.46403749],
       [-20.25370945],
       [-19.08044355],
       [-21.00149671],
       [-20.8255466 ],
       [-20.83563603],
       [ -2.25590675],
       [ -0.42078467],
       [-20.26297289],
       [-20.32883148],
       [ -0.30632056],
       [ -0.54946851],
       [-20.4355589 ],
       [ -0.20900409],
       [-20.01460211],
       [-20.00370733]])
<<<<<<<<<<< STEP 15 >>>>>>>>>>>> + array([[ -5.00074754e-01],
       [ -5.00036298e-01],
       [ -1.83793510e-02],
       [ -5.00005735e-01],
       [ -5.00034374e-01],
       [ -5.00004035e-01],
       [ -5.00035879e-01],
       [ -5.00030988e-01],
       [ -5.00075749e-01],
       [ -5.00040876e-01],
       [ -5.03826096e-01],
       [ -5.00007585e-01],
       [ -5.00011318e-01],
       [ -5.00032353e-01],
       [ -4.99994687e-01],
       [ -5.00029222e-01],
       [ -2.81426928e-06],
       [ -5.00005718e-01],
       [ -5.00072198e-01],
       [ -1.08655714e-02],
       [ -4.99989964e-01],
       [ -5.00023993e-01],
       [ -5.00029559e-01],
       [  7.49786439e-03],
       [ -5.00010873e-01],
       [ -4.99992837e-01],
       [ -5.00077171e-01],
       [ -5.00032257e-01],
       [ -5.00027587e-01],
       [ -5.00037340e-01],
       [ -1.89974570e-02],
       [  1.75447526e-03],
       [ -4.99998295e-01],
       [ -5.00008146e-01],
       [ -2.45156854e-03],
       [ -9.58334193e-03],
       [ -5.00003014e-01],
       [  2.84430925e-03],
       [ -5.00077622e-01],
       [ -5.00072906e-01]])
array([[-20.5179857 ],
       [-19.09876766],
       [ -2.07133518],
       [-22.12056071],
       [-21.4424955 ],
       [-20.99854251],
       [-21.46432044],
       [-21.33201635],
       [-20.51212244],
       [-21.34890816],
       [-12.2179348 ],
       [-20.9163396 ],
       [-20.80638871],
       [-21.44366315],
       [-20.60378531],
       [-18.7341604 ],
       [  0.4027246 ],
       [-20.93625083],
       [-20.52938829],
       [ -1.74385312],
       [-20.83307494],
       [-21.39657391],
       [-21.25281223],
       [ -0.40437648],
       [-18.96404837],
       [-20.75370228],
       [-19.58052073],
       [-21.50152897],
       [-21.32557418],
       [-21.33567337],
       [ -2.2749042 ],
       [ -0.41903019],
       [-20.76297118],
       [-20.82883963],
       [ -0.30877213],
       [ -0.55905185],
       [-20.93556191],
       [ -0.20615978],
       [-20.51467973],
       [-20.50378023]])
<<<<<<<<<<< STEP 16 >>>>>>>>>>>> + array([[ -5.00058170e-01],
       [ -5.00029045e-01],
       [ -1.83686744e-02],
       [ -5.00004475e-01],
       [ -5.00026764e-01],
       [ -5.00003133e-01],
       [ -5.00027974e-01],
       [ -5.00024172e-01],
       [ -5.00059006e-01],
       [ -5.00031866e-01],
       [ -5.03037436e-01],
       [ -5.00005930e-01],
       [ -5.00008833e-01],
       [ -5.00025209e-01],
       [ -4.99995835e-01],
       [ -5.00023624e-01],
       [  2.60187726e-04],
       [ -5.00004423e-01],
       [ -5.00056272e-01],
       [ -1.07774573e-02],
       [ -4.99992170e-01],
       [ -5.00018691e-01],
       [ -5.00023019e-01],
       [  7.50063332e-03],
       [ -5.00008865e-01],
       [ -4.99994396e-01],
       [ -5.00060140e-01],
       [ -5.00025127e-01],
       [ -5.00021491e-01],
       [ -5.00029121e-01],
       [ -1.90743141e-02],
       [  1.75139097e-03],
       [ -4.99998699e-01],
       [ -5.00006376e-01],
       [ -2.47654716e-03],
       [ -9.66778088e-03],
       [ -5.00002342e-01],
       [  2.85483080e-03],
       [ -5.00060581e-01],
       [ -5.00056778e-01]])
array([[-21.01804387],
       [-19.59879671],
       [ -2.08970385],
       [-22.62056519],
       [-21.94252227],
       [-21.49854564],
       [-21.96434841],
       [-21.83204052],
       [-21.01218144],
       [-21.84894003],
       [-12.72097223],
       [-21.41634553],
       [-21.30639754],
       [-21.94368836],
       [-21.10378115],
       [-19.23418403],
       [  0.40298479],
       [-21.43625526],
       [-21.02944456],
       [ -1.75463058],
       [-21.33306711],
       [-21.8965926 ],
       [-21.75283525],
       [ -0.39687584],
       [-19.46405723],
       [-21.25369668],
       [-20.08058087],
       [-22.00155409],
       [-21.82559567],
       [-21.83570249],
       [ -2.29397852],
       [ -0.4172788 ],
       [-21.26296988],
       [-21.328846  ],
       [ -0.31124867],
       [ -0.56871963],
       [-21.43556426],
       [ -0.20330495],
       [-21.01474031],
       [-21.00383701]])
<<<<<<<<<<< STEP 17 >>>>>>>>>>>> + array([[ -5.00045307e-01],
       [ -5.00023157e-01],
       [ -1.84173561e-02],
       [ -5.00003493e-01],
       [ -5.00020870e-01],
       [ -5.00002438e-01],
       [ -5.00021835e-01],
       [ -5.00018883e-01],
       [ -5.00046006e-01],
       [ -5.00024871e-01],
       [ -5.02403079e-01],
       [ -5.00004633e-01],
       [ -5.00006895e-01],
       [ -5.00019673e-01],
       [ -4.99996739e-01],
       [ -5.00018988e-01],
       [  4.65929362e-04],
       [ -5.00003428e-01],
       [ -5.00043902e-01],
       [ -1.07492774e-02],
       [ -4.99993888e-01],
       [ -5.00014586e-01],
       [ -5.00017958e-01],
       [  7.49829774e-03],
       [ -5.00007130e-01],
       [ -4.99995617e-01],
       [ -5.00046935e-01],
       [ -5.00019602e-01],
       [ -5.00016769e-01],
       [ -5.00022738e-01],
       [ -1.92152478e-02],
       [  1.74649094e-03],
       [ -4.99999008e-01],
       [ -5.00004990e-01],
       [ -2.50009773e-03],
       [ -9.75028300e-03],
       [ -5.00001824e-01],
       [  2.86117135e-03],
       [ -5.00047324e-01],
       [ -5.00044260e-01]])
array([[-21.51808918],
       [-20.09881987],
       [ -2.10812121],
       [-23.12056868],
       [-22.44254314],
       [-21.99854808],
       [-22.46437025],
       [-22.3320594 ],
       [-21.51222745],
       [-22.3489649 ],
       [-13.22337531],
       [-21.91635017],
       [-21.80640443],
       [-22.44370803],
       [-21.60377789],
       [-19.73420301],
       [  0.40345072],
       [-21.93625868],
       [-21.52948846],
       [ -1.76537986],
       [-21.833061  ],
       [-22.39660718],
       [-22.25285321],
       [ -0.38937755],
       [-19.96406436],
       [-21.7536923 ],
       [-20.5806278 ],
       [-22.5015737 ],
       [-22.32561244],
       [-22.33572523],
       [ -2.31319376],
       [ -0.41553231],
       [-21.76296889],
       [-21.82885099],
       [ -0.31374877],
       [ -0.57846992],
       [-21.93556608],
       [ -0.20044378],
       [-21.51478764],
       [-21.50388127]])
<<<<<<<<<<< STEP 18 >>>>>>>>>>>> + array([[-0.50003531],
       [-0.50001841],
       [-0.01851435],
       [-0.50000273],
       [-0.50001629],
       [-0.5000019 ],
       [-0.50001706],
       [-0.50001477],
       [-0.5000359 ],
       [-0.50001943],
       [-0.50189639],
       [-0.50000362],
       [-0.50000538],
       [-0.50001537],
       [-0.49999745],
       [-0.5000152 ],
       [ 0.00062723],
       [-0.50000266],
       [-0.50003428],
       [-0.01076916],
       [-0.49999523],
       [-0.5000114 ],
       [-0.50001403],
       [ 0.00749215],
       [-0.50000568],
       [-0.49999657],
       [-0.50003667],
       [-0.50001531],
       [-0.5000131 ],
       [-0.50001777],
       [-0.01940916],
       [ 0.00174023],
       [-0.49999924],
       [-0.5000039 ],
       [-0.00252262],
       [-0.00983165],
       [-0.50000142],
       [ 0.0028643 ],
       [-0.500037  ],
       [-0.50003453]])
array([[-22.01812449],
       [-20.59883828],
       [ -2.12663556],
       [-23.62057141],
       [-22.94255943],
       [-22.49854998],
       [-22.96438731],
       [-22.83207417],
       [-22.01226335],
       [-22.84898433],
       [-13.72527171],
       [-22.41635379],
       [-22.30640982],
       [-22.9437234 ],
       [-22.10377534],
       [-20.23421821],
       [  0.40407794],
       [-22.43626134],
       [-22.02952274],
       [ -1.77614902],
       [-22.33305622],
       [-22.89661858],
       [-22.75286724],
       [ -0.3818854 ],
       [-20.46407004],
       [-22.25368887],
       [-21.08066447],
       [-23.00158901],
       [-22.82562555],
       [-22.835743  ],
       [ -2.33260293],
       [ -0.41379208],
       [-22.26296813],
       [-22.3288549 ],
       [ -0.31627139],
       [ -0.58830157],
       [-22.4355675 ],
       [ -0.19757948],
       [-22.01482463],
       [-22.0039158 ]])
<<<<<<<<<<< STEP 19 >>>>>>>>>>>> + array([[-0.50002754],
       [-0.50001461],
       [-0.01865108],
       [-0.50000213],
       [-0.50001273],
       [-0.50000148],
       [-0.50001334],
       [-0.50001156],
       [-0.50002803],
       [-0.50001519],
       [-0.50149373],
       [-0.50000283],
       [-0.50000421],
       [-0.50001202],
       [-0.49999801],
       [-0.50001212],
       [ 0.00075403],
       [-0.50000207],
       [-0.50002678],
       [-0.01082787],
       [-0.49999627],
       [-0.50000892],
       [-0.50001097],
       [ 0.00748319],
       [-0.50000449],
       [-0.49999732],
       [-0.50002868],
       [-0.50001197],
       [-0.50001025],
       [-0.5000139 ],
       [-0.01964752],
       [ 0.00173298],
       [-0.49999942],
       [-0.50000306],
       [-0.00254441],
       [-0.00991253],
       [-0.50000111],
       [ 0.00286496],
       [-0.50002894],
       [-0.50002696]])
array([[-22.51815204],
       [-21.09885289],
       [ -2.14528664],
       [-24.12057354],
       [-23.44257216],
       [-22.99855146],
       [-23.46440064],
       [-23.33208574],
       [-22.51229137],
       [-23.34899952],
       [-14.22676543],
       [-22.91635661],
       [-22.80641402],
       [-23.44373543],
       [-22.60377334],
       [-20.73423033],
       [  0.40483197],
       [-22.93626341],
       [-22.52954952],
       [ -1.78697688],
       [-22.8330525 ],
       [-23.3966275 ],
       [-23.25287821],
       [ -0.37440221],
       [-20.96407453],
       [-22.75368619],
       [-21.58069315],
       [-23.50160098],
       [-23.3256358 ],
       [-23.3357569 ],
       [ -2.35225045],
       [ -0.4120591 ],
       [-22.76296756],
       [-22.82885795],
       [ -0.3188158 ],
       [ -0.5982141 ],
       [-22.93556861],
       [ -0.19471452],
       [-22.51485357],
       [-22.50394276]])
<<<<<<<<<<< STEP 20 >>>>>>>>>>>> + array([[-0.50002149],
       [-0.50001158],
       [-0.0188209 ],
       [-0.50000166],
       [-0.50000996],
       [-0.50000116],
       [-0.50001043],
       [-0.50000906],
       [-0.50002189],
       [-0.50001188],
       [-0.50117492],
       [-0.50000221],
       [-0.50000329],
       [-0.50000941],
       [-0.49999844],
       [-0.50000965],
       [ 0.00085408],
       [-0.50000161],
       [-0.50002093],
       [-0.01091823],
       [-0.49999709],
       [-0.50000698],
       [-0.50000859],
       [ 0.0074722 ],
       [-0.50000353],
       [-0.4999979 ],
       [-0.50002245],
       [-0.50000937],
       [-0.50000802],
       [-0.50001088],
       [-0.0199238 ],
       [ 0.00172501],
       [-0.49999956],
       [-0.50000239],
       [-0.00256573],
       [-0.00999344],
       [-0.50000087],
       [ 0.00286375],
       [-0.50002265],
       [-0.50002105]])
array([[-23.01817353],
       [-21.59886447],
       [ -2.16410753],
       [-24.6205752 ],
       [-23.94258212],
       [-23.49855262],
       [-23.96441107],
       [-23.83209479],
       [-23.01231326],
       [-23.8490114 ],
       [-14.72794035],
       [-23.41635882],
       [-23.30641731],
       [-23.94374483],
       [-23.10377178],
       [-21.23423998],
       [  0.40568605],
       [-23.43626502],
       [-23.02957045],
       [ -1.79789511],
       [-23.33304958],
       [-23.89663448],
       [-23.7528868 ],
       [ -0.36693001],
       [-21.46407806],
       [-23.25368409],
       [-22.0807156 ],
       [-24.00161034],
       [-23.82564382],
       [-23.83576778],
       [ -2.37217425],
       [ -0.41033409],
       [-23.26296712],
       [-23.32886034],
       [ -0.32138153],
       [ -0.60820754],
       [-23.43556948],
       [ -0.19185078],
       [-23.01487621],
       [-23.00396381]])
<<<<<<<<<<< STEP 21 >>>>>>>>>>>> + array([[-0.50001678],
       [-0.50000916],
       [-0.01901872],
       [-0.5000013 ],
       [-0.50000779],
       [-0.5000009 ],
       [-0.50000817],
       [-0.5000071 ],
       [-0.50001711],
       [-0.5000093 ],
       [-0.50092319],
       [-0.50000172],
       [-0.50000257],
       [-0.50000737],
       [-0.49999878],
       [-0.50000766],
       [ 0.00093338],
       [-0.50000125],
       [-0.50001637],
       [-0.0110347 ],
       [-0.49999772],
       [-0.50000547],
       [-0.50000673],
       [ 0.00745979],
       [-0.50000276],
       [-0.49999836],
       [-0.50001758],
       [-0.50000733],
       [-0.50000629],
       [-0.50000852],
       [-0.02023306],
       [ 0.00171654],
       [-0.49999966],
       [-0.50000187],
       [-0.00258677],
       [-0.01007479],
       [-0.50000068],
       [ 0.00286111],
       [-0.50001773],
       [-0.50001645]])
array([[-23.51819031],
       [-22.09887363],
       [ -2.18312625],
       [-25.1205765 ],
       [-24.44258992],
       [-23.99855352],
       [-24.46441924],
       [-24.33210189],
       [-23.51233037],
       [-24.34902071],
       [-15.22886354],
       [-23.91636054],
       [-23.80641988],
       [-24.4437522 ],
       [-23.60377057],
       [-21.73424764],
       [  0.40661943],
       [-23.93626627],
       [-23.52958682],
       [ -1.80892981],
       [-23.83304731],
       [-24.39663995],
       [-24.25289353],
       [ -0.35947022],
       [-21.96408082],
       [-23.75368245],
       [-22.58073318],
       [-24.50161768],
       [-24.32565011],
       [-24.3357763 ],
       [ -2.3924073 ],
       [ -0.40861755],
       [-23.76296678],
       [-23.82886221],
       [ -0.32396829],
       [ -0.61828233],
       [-23.93557016],
       [ -0.18898966],
       [-23.51489394],
       [-23.50398026]])
<<<<<<<<<<< STEP 22 >>>>>>>>>>>> + array([[-0.5000131 ],
       [-0.50000725],
       [-0.01924062],
       [-0.50000101],
       [-0.5000061 ],
       [-0.50000071],
       [-0.50000639],
       [-0.50000557],
       [-0.50001337],
       [-0.50000728],
       [-0.50072484],
       [-0.50000134],
       [-0.50000201],
       [-0.50000577],
       [-0.49999905],
       [-0.50000608],
       [ 0.00099661],
       [-0.50000098],
       [-0.5000128 ],
       [-0.011173  ],
       [-0.49999822],
       [-0.50000429],
       [-0.50000528],
       [ 0.00744643],
       [-0.50000215],
       [-0.49999872],
       [-0.50001377],
       [-0.50000574],
       [-0.50000493],
       [-0.50000667],
       [-0.02057162],
       [ 0.00170775],
       [-0.49999974],
       [-0.50000146],
       [-0.00260768],
       [-0.01015694],
       [-0.50000053],
       [ 0.00285742],
       [-0.50001388],
       [-0.50001286]])
array([[-24.01820341],
       [-22.59888088],
       [ -2.20236688],
       [-25.62057751],
       [-24.94259602],
       [-24.49855423],
       [-24.96442563],
       [-24.83210746],
       [-24.01234374],
       [-24.84902799],
       [-15.72958838],
       [-24.41636188],
       [-24.30642188],
       [-24.94375798],
       [-24.10376962],
       [-22.23425372],
       [  0.40761604],
       [-24.43626725],
       [-24.02959963],
       [ -1.82010281],
       [-24.33304553],
       [-24.89664423],
       [-24.75289881],
       [ -0.3520238 ],
       [-22.46408297],
       [-24.25368117],
       [-23.08074695],
       [-25.00162342],
       [-24.82565504],
       [-24.83578298],
       [ -2.41297893],
       [ -0.40690981],
       [-24.26296652],
       [-24.32886368],
       [ -0.32657597],
       [ -0.62843927],
       [-24.4355707 ],
       [ -0.18613224],
       [-24.01490783],
       [-24.00399312]])
<<<<<<<<<<< STEP 23 >>>>>>>>>>>> + array([[-0.50001023],
       [-0.50000573],
       [-0.01948367],
       [-0.50000079],
       [-0.50000478],
       [-0.50000055],
       [-0.50000501],
       [-0.50000437],
       [-0.50001045],
       [-0.50000571],
       [-0.50056879],
       [-0.50000105],
       [-0.50000157],
       [-0.50000453],
       [-0.49999926],
       [-0.50000482],
       [ 0.00104739],
       [-0.50000076],
       [-0.50001002],
       [-0.01132986],
       [-0.49999861],
       [-0.50000336],
       [-0.50000414],
       [ 0.00743249],
       [-0.50000167],
       [-0.499999  ],
       [-0.5000108 ],
       [-0.5000045 ],
       [-0.50000387],
       [-0.50000523],
       [-0.02093681],
       [ 0.00169877],
       [-0.49999981],
       [-0.50000115],
       [-0.00262859],
       [-0.01024016],
       [-0.50000042],
       [ 0.00285294],
       [-0.50001088],
       [-0.50001005]])
array([[-24.51821364],
       [-23.09888661],
       [ -2.22185055],
       [-26.1205783 ],
       [-25.4426008 ],
       [-24.99855478],
       [-25.46443064],
       [-25.33211184],
       [-24.51235419],
       [-25.3490337 ],
       [-16.23015717],
       [-24.91636293],
       [-24.80642345],
       [-25.44376251],
       [-24.60376888],
       [-22.73425854],
       [  0.40866343],
       [-24.93626801],
       [-24.52960965],
       [ -1.83143266],
       [-24.83304414],
       [-25.3966476 ],
       [-25.25290295],
       [ -0.34459131],
       [-22.96408464],
       [-24.75368017],
       [-23.58075774],
       [-25.50162792],
       [-25.3256589 ],
       [-25.33578821],
       [ -2.43391573],
       [ -0.40521103],
       [-24.76296633],
       [-24.82886482],
       [ -0.32920457],
       [ -0.63867943],
       [-24.93557111],
       [ -0.1832793 ],
       [-24.5149187 ],
       [-24.50400318]])
<<<<<<<<<<< STEP 24 >>>>>>>>>>>> + array([[-0.500008  ],
       [-0.50000453],
       [-0.01974567],
       [-0.50000062],
       [-0.50000375],
       [-0.50000043],
       [-0.50000392],
       [-0.50000343],
       [-0.50000818],
       [-0.50000447],
       [-0.50044615],
       [-0.50000082],
       [-0.50000123],
       [-0.50000355],
       [-0.49999942],
       [-0.50000382],
       [ 0.00108856],
       [-0.50000059],
       [-0.50000784],
       [-0.01150278],
       [-0.49999891],
       [-0.50000264],
       [-0.50000325],
       [ 0.00741826],
       [-0.5000013 ],
       [-0.49999922],
       [-0.50000847],
       [-0.50000353],
       [-0.50000303],
       [-0.5000041 ],
       [-0.02132672],
       [ 0.00168973],
       [-0.49999985],
       [-0.5000009 ],
       [-0.00264961],
       [-0.0103247 ],
       [-0.50000033],
       [ 0.0028479 ],
       [-0.50000852],
       [-0.50000786]])
array([[-25.01822164],
       [-23.59889113],
       [ -2.24159622],
       [-26.62057892],
       [-25.94260455],
       [-25.49855521],
       [-25.96443456],
       [-25.83211527],
       [-25.01236237],
       [-25.84903817],
       [-16.73060332],
       [-25.41636375],
       [-25.30642468],
       [-25.94376606],
       [-25.1037683 ],
       [-23.23426236],
       [  0.40975199],
       [-25.4362686 ],
       [-25.02961749],
       [ -1.84293544],
       [-25.33304305],
       [-25.89665023],
       [-25.75290619],
       [ -0.33717305],
       [-23.46408594],
       [-25.25367939],
       [-24.08076621],
       [-26.00163145],
       [-25.82566193],
       [-25.83579231],
       [ -2.45524246],
       [ -0.40352131],
       [-25.26296618],
       [-25.32886572],
       [ -0.33185418],
       [ -0.64900414],
       [-25.43557144],
       [ -0.18043141],
       [-25.01492723],
       [-25.00401104]])
<<<<<<<<<<< STEP 25 >>>>>>>>>>>> + array([[-0.50000625],
       [-0.50000358],
       [-0.020025  ],
       [-0.50000048],
       [-0.50000294],
       [-0.50000034],
       [-0.50000307],
       [-0.50000269],
       [-0.5000064 ],
       [-0.5000035 ],
       [-0.50034986],
       [-0.50000064],
       [-0.50000096],
       [-0.50000279],
       [-0.49999955],
       [-0.50000302],
       [ 0.00112231],
       [-0.50000046],
       [-0.50000614],
       [-0.01168989],
       [-0.49999915],
       [-0.50000207],
       [-0.50000255],
       [ 0.00740397],
       [-0.50000101],
       [-0.49999939],
       [-0.50000664],
       [-0.50000277],
       [-0.50000238],
       [-0.50000322],
       [-0.02174012],
       [ 0.00168069],
       [-0.49999989],
       [-0.5000007 ],
       [-0.00267081],
       [-0.01041077],
       [-0.50000026],
       [ 0.00284246],
       [-0.50000668],
       [-0.50000615]])
array([[-25.51822789],
       [-24.09889471],
       [ -2.26162122],
       [-27.12057941],
       [-26.44260748],
       [-25.99855555],
       [-26.46443764],
       [-26.33211796],
       [-25.51236876],
       [-26.34904167],
       [-17.23095318],
       [-25.91636439],
       [-25.80642564],
       [-26.44376884],
       [-25.60376785],
       [-23.73426538],
       [  0.4108743 ],
       [-25.93626906],
       [-25.52962363],
       [ -1.85462533],
       [-25.8330422 ],
       [-26.39665231],
       [-26.25290874],
       [ -0.32976908],
       [-23.96408695],
       [-25.75367878],
       [-24.58077285],
       [-26.50163422],
       [-26.32566431],
       [-26.33579553],
       [ -2.47698257],
       [ -0.40184062],
       [-25.76296607],
       [-25.82886642],
       [ -0.33452499],
       [ -0.65941491],
       [-25.9355717 ],
       [ -0.17758895],
       [-25.51493391],
       [-25.50401719]])
<<<<<<<<<<< STEP 26 >>>>>>>>>>>> + array([[-0.50000489],
       [-0.50000282],
       [-0.02032055],
       [-0.50000038],
       [-0.5000023 ],
       [-0.50000026],
       [-0.50000241],
       [-0.50000212],
       [-0.500005  ],
       [-0.50000275],
       [-0.5002743 ],
       [-0.5000005 ],
       [-0.50000075],
       [-0.50000219],
       [-0.49999965],
       [-0.50000239],
       [ 0.00115036],
       [-0.50000036],
       [-0.50000481],
       [-0.01188982],
       [-0.49999933],
       [-0.50000163],
       [-0.500002  ],
       [ 0.00738981],
       [-0.50000078],
       [-0.49999952],
       [-0.50000521],
       [-0.50000217],
       [-0.50000187],
       [-0.50000252],
       [-0.02217626],
       [ 0.00167175],
       [-0.49999991],
       [-0.50000055],
       [-0.00269227],
       [-0.01049855],
       [-0.5000002 ],
       [ 0.00283676],
       [-0.50000524],
       [-0.50000481]])
array([[-26.01823277],
       [-24.59889753],
       [ -2.28194177],
       [-27.62057979],
       [-26.94260978],
       [-26.49855581],
       [-26.96444005],
       [-26.83212008],
       [-26.01237377],
       [-26.84904442],
       [-17.73122748],
       [-26.41636488],
       [-26.30642639],
       [-26.94377103],
       [-26.1037675 ],
       [-24.23426777],
       [  0.41202466],
       [-26.43626942],
       [-26.02962843],
       [ -1.86651515],
       [-26.33304153],
       [-26.89665393],
       [-26.75291074],
       [ -0.32237927],
       [-24.46408773],
       [-26.2536783 ],
       [-25.08077806],
       [-27.00163639],
       [-26.82566618],
       [-26.83579805],
       [ -2.49915884],
       [ -0.40016887],
       [-26.26296599],
       [-26.32886697],
       [ -0.33721726],
       [ -0.66991346],
       [-26.4355719 ],
       [ -0.17475218],
       [-26.01493914],
       [-26.004022  ]])
<<<<<<<<<<< STEP 27 >>>>>>>>>>>> + array([[-0.50000382],
       [-0.50000223],
       [-0.02063156],
       [-0.5000003 ],
       [-0.50000181],
       [-0.50000021],
       [-0.50000189],
       [-0.50000166],
       [-0.50000392],
       [-0.50000215],
       [-0.50021503],
       [-0.50000039],
       [-0.50000059],
       [-0.50000172],
       [-0.49999973],
       [-0.50000189],
       [ 0.00117404],
       [-0.50000028],
       [-0.50000376],
       [-0.01210154],
       [-0.49999948],
       [-0.50000128],
       [-0.50000157],
       [ 0.00737591],
       [-0.5000006 ],
       [-0.49999963],
       [-0.50000409],
       [-0.5000017 ],
       [-0.50000147],
       [-0.50000198],
       [-0.02263485],
       [ 0.00166295],
       [-0.49999994],
       [-0.50000043],
       [-0.00271404],
       [-0.0105882 ],
       [-0.50000016],
       [ 0.00283091],
       [-0.5000041 ],
       [-0.50000377]])
array([[-26.51823659],
       [-25.09889976],
       [ -2.30257332],
       [-28.12058008],
       [-27.44261159],
       [-26.99855602],
       [-27.46444194],
       [-27.33212174],
       [-26.51237768],
       [-27.34904657],
       [-18.23144251],
       [-26.91636527],
       [-26.80642697],
       [-27.44377274],
       [-26.60376722],
       [-24.73426966],
       [  0.4131987 ],
       [-26.9362697 ],
       [-26.5296322 ],
       [ -1.87861669],
       [-26.83304101],
       [-27.39665521],
       [-27.25291232],
       [ -0.31500336],
       [-24.96408833],
       [-26.75367792],
       [-25.58078215],
       [-27.5016381 ],
       [-27.32566765],
       [-27.33580003],
       [ -2.52179368],
       [ -0.39850592],
       [-26.76296592],
       [-26.8288674 ],
       [ -0.3399313 ],
       [ -0.68050167],
       [-26.93557206],
       [ -0.17192127],
       [-26.51494325],
       [-26.50402577]])
<<<<<<<<<<< STEP 28 >>>>>>>>>>>> + array([[-0.50000299],
       [-0.50000176],
       [-0.02095759],
       [-0.50000023],
       [-0.50000142],
       [-0.50000016],
       [-0.50000148],
       [-0.50000131],
       [-0.50000307],
       [-0.50000169],
       [-0.50016856],
       [-0.5000003 ],
       [-0.50000046],
       [-0.50000135],
       [-0.49999979],
       [-0.50000149],
       [ 0.0011944 ],
       [-0.50000022],
       [-0.50000295],
       [-0.01232438],
       [-0.49999959],
       [-0.500001  ],
       [-0.50000124],
       [ 0.00736239],
       [-0.50000046],
       [-0.49999971],
       [-0.50000321],
       [-0.50000134],
       [-0.50000115],
       [-0.50000155],
       [-0.02311592],
       [ 0.00165435],
       [-0.49999995],
       [-0.50000034],
       [-0.00273618],
       [-0.01067988],
       [-0.50000012],
       [ 0.00282499],
       [-0.50000322],
       [-0.50000295]])
array([[-27.01823958],
       [-25.59890152],
       [ -2.32353092],
       [-28.62058031],
       [-27.94261301],
       [-27.49855618],
       [-27.96444342],
       [-27.83212305],
       [-27.01238075],
       [-27.84904826],
       [-18.73161107],
       [-27.41636558],
       [-27.30642743],
       [-27.94377409],
       [-27.10376701],
       [-25.23427115],
       [  0.41439309],
       [-27.43626992],
       [-27.02963515],
       [ -1.89094108],
       [-27.3330406 ],
       [-27.89665621],
       [-27.75291355],
       [ -0.30764098],
       [-25.46408879],
       [-27.25367763],
       [-26.08078536],
       [-28.00163943],
       [-27.8256688 ],
       [-27.83580158],
       [ -2.5449096 ],
       [ -0.39685156],
       [-27.26296587],
       [-27.32886774],
       [ -0.34266748],
       [ -0.69118154],
       [-27.43557218],
       [ -0.16909628],
       [-27.01494647],
       [-27.00402872]])
<<<<<<<<<<< STEP 29 >>>>>>>>>>>> + array([[-0.50000234],
       [-0.50000139],
       [-0.02129847],
       [-0.50000018],
       [-0.50000111],
       [-0.50000013],
       [-0.50000116],
       [-0.50000103],
       [-0.5000024 ],
       [-0.50000133],
       [-0.50013213],
       [-0.50000024],
       [-0.50000036],
       [-0.50000106],
       [-0.49999983],
       [-0.50000118],
       [ 0.00121224],
       [-0.50000017],
       [-0.50000231],
       [-0.01255789],
       [-0.49999968],
       [-0.50000079],
       [-0.50000097],
       [ 0.00734934],
       [-0.50000036],
       [-0.49999977],
       [-0.50000252],
       [-0.50000105],
       [-0.50000091],
       [-0.50000122],
       [-0.02361983],
       [ 0.00164599],
       [-0.49999996],
       [-0.50000026],
       [-0.00275873],
       [-0.01077371],
       [-0.5000001 ],
       [ 0.00281907],
       [-0.50000252],
       [-0.50000231]])
array([[-27.51824191],
       [-26.09890292],
       [ -2.34482939],
       [-29.12058049],
       [-28.44261412],
       [-27.99855631],
       [-28.46444458],
       [-28.33212407],
       [-27.51238315],
       [-28.34904959],
       [-19.2317432 ],
       [-27.91636581],
       [-27.80642779],
       [-28.44377515],
       [-27.60376684],
       [-25.73427233],
       [  0.41560534],
       [-27.9362701 ],
       [-27.52963746],
       [ -1.90349897],
       [-27.83304029],
       [-28.396657  ],
       [-28.25291452],
       [ -0.30029164],
       [-25.96408915],
       [-27.7536774 ],
       [-26.58078788],
       [-28.50164048],
       [-28.32566971],
       [-28.3358028 ],
       [ -2.56852943],
       [ -0.39520557],
       [-27.76296584],
       [-27.828868  ],
       [ -0.34542621],
       [ -0.70195525],
       [-27.93557228],
       [ -0.16627722],
       [-27.51494899],
       [-27.50403103]])
