<<<<<<<<<<< STEP 0 >>>>>>>>>>>> + array([[-0.9562629 ],
       [-0.95621477],
       [-0.04091385],
       [-0.95835508],
       [-1.03061248],
       [-0.9612172 ],
       [-1.0310161 ],
       [-1.03386603],
       [-0.97006078],
       [-0.98158284],
       [-0.03055564],
       [ 0.04366419],
       [-0.86237244],
       [-1.00746288],
       [-1.03864285],
       [-0.88060002],
       [-0.97289833],
       [-1.02802854],
       [-0.96127581],
       [-0.03309303],
       [ 0.0018414 ],
       [-0.95214223],
       [-0.01362155],
       [ 0.03503239],
       [-0.95032134],
       [-0.96471571],
       [-0.01887151],
       [-0.04434517],
       [-0.98302991],
       [-0.95972343],
       [-1.02210526],
       [-0.08162611],
       [-0.96415973],
       [-1.14943513],
       [-0.98330022],
       [-0.58624756],
       [-1.03217818],
       [-1.02460512],
       [-0.97829034],
       [-1.03794832]])
array([[-0.9562629 ],
       [-0.95621477],
       [-0.04091385],
       [-0.95835508],
       [-1.03061248],
       [-0.9612172 ],
       [-1.0310161 ],
       [-1.03386603],
       [-0.97006078],
       [-0.98158284],
       [-0.03055564],
       [ 0.04366419],
       [-0.86237244],
       [-1.00746288],
       [-1.03864285],
       [-0.88060002],
       [-0.97289833],
       [-1.02802854],
       [-0.96127581],
       [-0.03309303],
       [ 0.0018414 ],
       [-0.95214223],
       [-0.01362155],
       [ 0.03503239],
       [-0.95032134],
       [-0.96471571],
       [-0.01887151],
       [-0.04434517],
       [-0.98302991],
       [-0.95972343],
       [-1.02210526],
       [-0.08162611],
       [-0.96415973],
       [-1.14943513],
       [-0.98330022],
       [-0.58624756],
       [-1.03217818],
       [-1.02460512],
       [-0.97829034],
       [-1.03794832]])
<<<<<<<<<<< STEP 1 >>>>>>>>>>>> + array([[-0.8433651 ],
       [-0.96341547],
       [-0.09577935],
       [-0.97801918],
       [-0.89395721],
       [-0.84464454],
       [-1.00886987],
       [-1.00843618],
       [-0.97846632],
       [-0.95506077],
       [-0.08158006],
       [-0.05444645],
       [-0.8948792 ],
       [-0.98411366],
       [-1.00942301],
       [-0.90937033],
       [-0.98641105],
       [-1.00695657],
       [-0.8486747 ],
       [-0.09359112],
       [-0.01113635],
       [-0.83629204],
       [-0.0716666 ],
       [-0.05336092],
       [-0.96287874],
       [-0.94001215],
       [-0.08146778],
       [-0.09857073],
       [-0.87304182],
       [-0.9664237 ],
       [-0.99771446],
       [-0.07478103],
       [-0.97730597],
       [-1.15291966],
       [-0.99120301],
       [-0.56237421],
       [-1.001656  ],
       [-1.00325052],
       [-0.85596303],
       [-0.89891668]])
array([[-1.799628  ],
       [-1.91963024],
       [-0.1366932 ],
       [-1.93637426],
       [-1.9245697 ],
       [-1.80586174],
       [-2.03988597],
       [-2.04230221],
       [-1.94852709],
       [-1.93664361],
       [-0.1121357 ],
       [-0.01078226],
       [-1.75725165],
       [-1.99157654],
       [-2.04806586],
       [-1.78997035],
       [-1.95930938],
       [-2.03498511],
       [-1.80995051],
       [-0.12668416],
       [-0.00929494],
       [-1.78843427],
       [-0.08528816],
       [-0.01832852],
       [-1.91320008],
       [-1.90472786],
       [-0.10033929],
       [-0.14291589],
       [-1.85607172],
       [-1.92614713],
       [-2.01981971],
       [-0.15640714],
       [-1.9414657 ],
       [-2.30235478],
       [-1.97450323],
       [-1.14862176],
       [-2.03383418],
       [-2.02785564],
       [-1.83425337],
       [-1.936865  ]])
<<<<<<<<<<< STEP 2 >>>>>>>>>>>> + array([[-0.74653294],
       [-0.9478476 ],
       [-0.10797219],
       [-0.97630913],
       [-0.77096038],
       [-0.74106808],
       [-0.97746311],
       [-0.98438529],
       [-0.96880526],
       [-0.93956585],
       [-0.0922501 ],
       [-0.08178892],
       [-0.91591828],
       [-0.96272694],
       [-0.97027096],
       [-0.92657503],
       [-0.98519615],
       [-0.98504876],
       [-0.74492545],
       [-0.10704925],
       [-0.01443539],
       [-0.73216764],
       [-0.08702092],
       [-0.07595802],
       [-0.95386704],
       [-0.93041702],
       [-0.09562573],
       [-0.11011504],
       [-0.76825016],
       [-0.95954268],
       [-0.97147045],
       [-0.07832055],
       [-0.97789869],
       [-1.12672426],
       [-0.9752038 ],
       [-0.54915662],
       [-0.96343034],
       [-0.97947103],
       [-0.74785723],
       [-0.77728023]])
array([[-2.54616094],
       [-2.86747784],
       [-0.24466539],
       [-2.91268339],
       [-2.69553008],
       [-2.54692982],
       [-3.01734908],
       [-3.0266875 ],
       [-2.91733235],
       [-2.87620947],
       [-0.20438579],
       [-0.09257118],
       [-2.67316993],
       [-2.95430348],
       [-3.01833682],
       [-2.71654539],
       [-2.94450553],
       [-3.02003388],
       [-2.55487596],
       [-0.23373341],
       [-0.02373033],
       [-2.52060191],
       [-0.17230908],
       [-0.09428654],
       [-2.86706711],
       [-2.83514488],
       [-0.19596502],
       [-0.25303093],
       [-2.62432188],
       [-2.88568981],
       [-2.99129016],
       [-0.23472769],
       [-2.9193644 ],
       [-3.42907905],
       [-2.94970702],
       [-1.69777839],
       [-2.99726453],
       [-3.00732667],
       [-2.5821106 ],
       [-2.71414523]])
<<<<<<<<<<< STEP 3 >>>>>>>>>>>> + array([[-0.67136766],
       [-0.89440425],
       [-0.10405135],
       [-0.94387525],
       [-0.69422087],
       [-0.66120647],
       [-0.93226842],
       [-0.94952007],
       [-0.92961718],
       [-0.92270001],
       [-0.0846842 ],
       [-0.07839565],
       [-0.91152108],
       [-0.92662972],
       [-0.91331932],
       [-0.91987716],
       [-0.95431075],
       [-0.95762591],
       [-0.66316532],
       [-0.10023785],
       [-0.00358594],
       [-0.65055009],
       [-0.08261303],
       [-0.06781578],
       [-0.90494467],
       [-0.9209956 ],
       [-0.09020935],
       [-0.103095  ],
       [-0.68627434],
       [-0.92139919],
       [-0.93327354],
       [-0.09877696],
       [-0.95452619],
       [-1.06777478],
       [-0.92893661],
       [-0.55353129],
       [-0.90690272],
       [-0.94735657],
       [-0.66530144],
       [-0.70321025]])
array([[-3.2175286 ],
       [-3.7618821 ],
       [-0.34871674],
       [-3.85655864],
       [-3.38975095],
       [-3.20813629],
       [-3.9496175 ],
       [-3.97620757],
       [-3.84694953],
       [-3.79890947],
       [-0.28907   ],
       [-0.17096683],
       [-3.584691  ],
       [-3.8809332 ],
       [-3.93165614],
       [-3.63642255],
       [-3.89881628],
       [-3.97765979],
       [-3.21804128],
       [-0.33397126],
       [-0.02731627],
       [-3.17115201],
       [-0.25492211],
       [-0.16210233],
       [-3.77201178],
       [-3.75614048],
       [-0.28617436],
       [-0.35612593],
       [-3.31059623],
       [-3.807089  ],
       [-3.92456371],
       [-0.33350465],
       [-3.87389058],
       [-4.49685383],
       [-3.87864364],
       [-2.25130967],
       [-3.90416725],
       [-3.95468324],
       [-3.24741204],
       [-3.41735548]])
<<<<<<<<<<< STEP 4 >>>>>>>>>>>> + array([[-0.6119571 ],
       [-0.8014319 ],
       [-0.096366  ],
       [-0.87380238],
       [-0.65178599],
       [-0.59995766],
       [-0.85922312],
       [-0.88497631],
       [-0.85411266],
       [-0.88178748],
       [-0.0729802 ],
       [-0.06743219],
       [-0.87067806],
       [-0.85907358],
       [-0.82745347],
       [-0.87774944],
       [-0.88588289],
       [-0.90597309],
       [-0.59967249],
       [-0.08838421],
       [ 0.02001064],
       [-0.58836374],
       [-0.07351235],
       [-0.05196226],
       [-0.81464512],
       [-0.88609662],
       [-0.08000274],
       [-0.09089279],
       [-0.62210475],
       [-0.84515869],
       [-0.86584954],
       [-0.13715886],
       [-0.89814183],
       [-0.97728892],
       [-0.84849721],
       [-0.57068432],
       [-0.82035944],
       [-0.88805763],
       [-0.60216561],
       [-0.66234747]])
array([[-3.8294857 ],
       [-4.563314  ],
       [-0.44508274],
       [-4.73036102],
       [-4.04153694],
       [-3.80809395],
       [-4.80884062],
       [-4.86118388],
       [-4.7010622 ],
       [-4.68069695],
       [-0.3620502 ],
       [-0.23839902],
       [-4.45536906],
       [-4.74000678],
       [-4.75910961],
       [-4.51417198],
       [-4.78469917],
       [-4.88363288],
       [-3.81771377],
       [-0.42235547],
       [-0.00730562],
       [-3.75951575],
       [-0.32843447],
       [-0.21406459],
       [-4.5866569 ],
       [-4.6422371 ],
       [-0.3661771 ],
       [-0.44701872],
       [-3.93270098],
       [-4.65224769],
       [-4.79041325],
       [-0.47066351],
       [-4.77203241],
       [-5.47414275],
       [-4.72714085],
       [-2.821994  ],
       [-4.7245267 ],
       [-4.84274088],
       [-3.84957765],
       [-4.07970295]])
<<<<<<<<<<< STEP 5 >>>>>>>>>>>> + array([[-0.56853414],
       [-0.69721209],
       [-0.08729321],
       [-0.77535049],
       [-0.62473413],
       [-0.55747518],
       [-0.76363983],
       [-0.79040507],
       [-0.75468782],
       [-0.8072915 ],
       [-0.06245566],
       [-0.05692961],
       [-0.79479769],
       [-0.76645055],
       [-0.72964326],
       [-0.79955531],
       [-0.78828446],
       [-0.81943088],
       [-0.55523965],
       [-0.07668483],
       [ 0.04003934],
       [-0.54686209],
       [-0.06422826],
       [-0.03843296],
       [-0.71174986],
       [-0.81306454],
       [-0.0690936 ],
       [-0.0779305 ],
       [-0.57456248],
       [-0.74619078],
       [-0.77188838],
       [-0.17781899],
       [-0.80781366],
       [-0.8613335 ],
       [-0.74887055],
       [-0.58335141],
       [-0.7211556 ],
       [-0.79797827],
       [-0.55831012],
       [-0.63449682]])
array([[-4.39801984],
       [-5.26052609],
       [-0.53237595],
       [-5.50571151],
       [-4.66627107],
       [-4.36556914],
       [-5.57248045],
       [-5.65158896],
       [-5.45575002],
       [-5.48798845],
       [-0.42450586],
       [-0.29532862],
       [-5.25016675],
       [-5.50645733],
       [-5.48875286],
       [-5.31372729],
       [-5.57298363],
       [-5.70306376],
       [-4.37295342],
       [-0.4990403 ],
       [ 0.03273372],
       [-4.30637784],
       [-0.39266273],
       [-0.25249755],
       [-5.29840676],
       [-5.45530164],
       [-0.43527071],
       [-0.52494922],
       [-4.50726346],
       [-5.39843847],
       [-5.56230163],
       [-0.6484825 ],
       [-5.57984607],
       [-6.33547625],
       [-5.4760114 ],
       [-3.40534541],
       [-5.44568229],
       [-5.64071915],
       [-4.40788777],
       [-4.71419977]])
<<<<<<<<<<< STEP 6 >>>>>>>>>>>> + array([[-0.54065039],
       [-0.61729011],
       [-0.07709134],
       [-0.67984584],
       [-0.60186362],
       [-0.53211358],
       [-0.67535632],
       [-0.69562253],
       [-0.6642127 ],
       [-0.71933886],
       [-0.05402798],
       [-0.04764326],
       [-0.7065458 ],
       [-0.67918985],
       [-0.65022859],
       [-0.70795855],
       [-0.69130761],
       [-0.72115945],
       [-0.52881873],
       [-0.06619326],
       [ 0.04320841],
       [-0.52383524],
       [-0.05547205],
       [-0.02906858],
       [-0.63080202],
       [-0.7227307 ],
       [-0.05873387],
       [-0.06583164],
       [-0.54318649],
       [-0.65729599],
       [-0.6824319 ],
       [-0.20421663],
       [-0.70839078],
       [-0.74450231],
       [-0.66039523],
       [-0.58268326],
       [-0.64168466],
       [-0.70403961],
       [-0.53203152],
       [-0.60917986]])
array([[-4.93867022],
       [-5.87781621],
       [-0.60946729],
       [-6.18555735],
       [-5.26813469],
       [-4.89768272],
       [-6.24783676],
       [-6.34721148],
       [-6.11996272],
       [-6.20732731],
       [-0.47853384],
       [-0.34297189],
       [-5.95671255],
       [-6.18564718],
       [-6.13898145],
       [-6.02168584],
       [-6.26429124],
       [-6.42422321],
       [-4.90177215],
       [-0.56523356],
       [ 0.07594212],
       [-4.83021308],
       [-0.44813478],
       [-0.28156614],
       [-5.92920879],
       [-6.17803234],
       [-0.49400458],
       [-0.59078086],
       [-5.05044996],
       [-6.05573445],
       [-6.24473353],
       [-0.85269913],
       [-6.28823685],
       [-7.07997856],
       [-6.13640663],
       [-3.98802867],
       [-6.08736695],
       [-6.34475876],
       [-4.93991929],
       [-5.32337963]])
<<<<<<<<<<< STEP 7 >>>>>>>>>>>> + array([[-0.52380999],
       [-0.5680601 ],
       [-0.06678456],
       [-0.60983099],
       [-0.58163238],
       [-0.5177998 ],
       [-0.6123817 ],
       [-0.62483607],
       [-0.60104948],
       [-0.64589913],
       [-0.04735973],
       [-0.03900656],
       [-0.6333657 ],
       [-0.61582896],
       [-0.59736357],
       [-0.6322161 ],
       [-0.61848619],
       [-0.64236195],
       [-0.51432053],
       [-0.05704211],
       [ 0.03330693],
       [-0.51194689],
       [-0.04767853],
       [-0.02238557],
       [-0.57881141],
       [-0.64656888],
       [-0.04980822],
       [-0.05549614],
       [-0.52394952],
       [-0.59534627],
       [-0.61804645],
       [-0.2158558 ],
       [-0.62971384],
       [-0.65392543],
       [-0.59825967],
       [-0.57377985],
       [-0.59034836],
       [-0.63169713],
       [-0.51717862],
       [-0.58647815]])
array([[-5.46248021],
       [-6.44587631],
       [-0.67625185],
       [-6.79538833],
       [-5.84976707],
       [-5.41548252],
       [-6.86021846],
       [-6.97204756],
       [-6.7210122 ],
       [-6.85322643],
       [-0.52589357],
       [-0.38197844],
       [-6.59007825],
       [-6.80147614],
       [-6.73634502],
       [-6.65390194],
       [-6.88277743],
       [-7.06658516],
       [-5.41609268],
       [-0.62227567],
       [ 0.10924905],
       [-5.34215997],
       [-0.49581331],
       [-0.30395171],
       [-6.5080202 ],
       [-6.82460122],
       [-0.5438128 ],
       [-0.646277  ],
       [-5.57439947],
       [-6.65108072],
       [-6.86277999],
       [-1.06855492],
       [-6.91795069],
       [-7.73390398],
       [-6.7346663 ],
       [-4.56180852],
       [-6.67771532],
       [-6.97645589],
       [-5.4570979 ],
       [-5.90985778]])
<<<<<<<<<<< STEP 8 >>>>>>>>>>>> + array([[-0.51352798],
       [-0.53962351],
       [-0.05746259],
       [-0.56529811],
       [-0.56486928],
       [-0.50941311],
       [-0.57224498],
       [-0.57904057],
       [-0.56171963],
       [-0.59548983],
       [-0.04221248],
       [-0.03126841],
       [-0.58361705],
       [-0.57493478],
       [-0.56436402],
       [-0.5810988 ],
       [-0.57139602],
       [-0.5899848 ],
       [-0.50620011],
       [-0.04939912],
       [ 0.01882526],
       [-0.50541485],
       [-0.04119003],
       [-0.01730759],
       [-0.54758353],
       [-0.5944677 ],
       [-0.04257214],
       [-0.04715151],
       [-0.51233011],
       [-0.55679517],
       [-0.57688667],
       [-0.22012152],
       [-0.5780239 ],
       [-0.59453159],
       [-0.55918427],
       [-0.56284378],
       [-0.55914923],
       [-0.58402491],
       [-0.5085302 ],
       [-0.56791548]])
array([[-5.97600819],
       [-6.98549981],
       [-0.73371444],
       [-7.36068644],
       [-6.41463635],
       [-5.92489563],
       [-7.43246344],
       [-7.55108813],
       [-7.28273183],
       [-7.44871626],
       [-0.56810605],
       [-0.41324685],
       [-7.1736953 ],
       [-7.37641092],
       [-7.30070904],
       [-7.23500074],
       [-7.45417345],
       [-7.65656996],
       [-5.92229279],
       [-0.67167478],
       [ 0.12807431],
       [-5.84757482],
       [-0.53700335],
       [-0.32125929],
       [-7.05560373],
       [-7.41906893],
       [-0.58638494],
       [-0.69342851],
       [-6.08672958],
       [-7.20787589],
       [-7.43966665],
       [-1.28867644],
       [-7.49597459],
       [-8.32843558],
       [-7.29385058],
       [-5.1246523 ],
       [-7.23686455],
       [-7.5604808 ],
       [-5.9656281 ],
       [-6.47777326]])
<<<<<<<<<<< STEP 9 >>>>>>>>>>>> + array([[-0.50711671],
       [-0.5232226 ],
       [-0.04962896],
       [-0.5383934 ],
       [-0.5515054 ],
       [-0.5042884 ],
       [-0.54734051],
       [-0.55071331],
       [-0.53794536],
       [-0.56331324],
       [-0.0383936 ],
       [-0.02473105],
       [-0.55241285],
       [-0.5493987 ],
       [-0.54381021],
       [-0.54930509],
       [-0.54259696],
       [-0.55737741],
       [-0.50149388],
       [-0.0432839 ],
       [ 0.0042971 ],
       [-0.50153843],
       [-0.03605308],
       [-0.01338405],
       [-0.52902646],
       [-0.56144643],
       [-0.03688777],
       [-0.04062692],
       [-0.5053197 ],
       [-0.53361948],
       [-0.5512326 ],
       [-0.22273633],
       [-0.54640872],
       [-0.55806358],
       [-0.53552155],
       [-0.55253388],
       [-0.5400418 ],
       [-0.55419361],
       [-0.50331978],
       [-0.55338821]])
array([[-6.48312489],
       [-7.50872242],
       [-0.7833434 ],
       [-7.89907985],
       [-6.96614176],
       [-6.42918403],
       [-7.97980395],
       [-8.10180144],
       [-7.82067719],
       [-8.0120295 ],
       [-0.60649966],
       [-0.4379779 ],
       [-7.72610815],
       [-7.92580962],
       [-7.84451925],
       [-7.78430583],
       [-7.9967704 ],
       [-8.21394738],
       [-6.42378668],
       [-0.71495868],
       [ 0.13237141],
       [-6.34911325],
       [-0.57305643],
       [-0.33464335],
       [-7.58463019],
       [-7.98051536],
       [-0.62327271],
       [-0.73405542],
       [-6.59204928],
       [-7.74149538],
       [-7.99089925],
       [-1.51141277],
       [-8.04238331],
       [-8.88649916],
       [-7.82937212],
       [-5.67718618],
       [-7.77690635],
       [-8.11467441],
       [-6.46894788],
       [-7.03116147]])
