<<<<<<<<<<< STEP 0 >>>>>>>>>>>> + array([[-0.95861622],
       [-1.02621019],
       [-0.01606274],
       [-0.30321659],
       [-0.96159929],
       [-1.0422515 ],
       [-0.96308239],
       [-0.97064215],
       [-1.03487688],
       [-0.14138321],
       [-0.94520868],
       [ 0.01994548],
       [-1.03669098],
       [-0.12406953],
       [-0.96072396],
       [-0.95321033],
       [-0.44246463],
       [-0.872675  ],
       [-1.02710801],
       [-0.97230136],
       [-1.01757535],
       [-0.14484254],
       [-1.03501134],
       [-0.9719829 ],
       [-0.57627817],
       [-0.31781882],
       [-0.97169478],
       [-0.86810116],
       [-1.01889304],
       [-0.00407264],
       [-1.04560046],
       [-0.95711132],
       [-0.97728483],
       [-1.02284564],
       [-0.96198437],
       [-0.96717261],
       [-0.28755944],
       [-1.03087608],
       [-1.03133904],
       [-0.96993041]])
array([[-0.95861622],
       [-1.02621019],
       [-0.01606274],
       [-0.30321659],
       [-0.96159929],
       [-1.0422515 ],
       [-0.96308239],
       [-0.97064215],
       [-1.03487688],
       [-0.14138321],
       [-0.94520868],
       [ 0.01994548],
       [-1.03669098],
       [-0.12406953],
       [-0.96072396],
       [-0.95321033],
       [-0.44246463],
       [-0.872675  ],
       [-1.02710801],
       [-0.97230136],
       [-1.01757535],
       [-0.14484254],
       [-1.03501134],
       [-0.9719829 ],
       [-0.57627817],
       [-0.31781882],
       [-0.97169478],
       [-0.86810116],
       [-1.01889304],
       [-0.00407264],
       [-1.04560046],
       [-0.95711132],
       [-0.97728483],
       [-1.02284564],
       [-0.96198437],
       [-0.96717261],
       [-0.28755944],
       [-1.03087608],
       [-1.03133904],
       [-0.96993041]])
<<<<<<<<<<< STEP 1 >>>>>>>>>>>> + array([[-0.9616819 ],
       [-0.91492414],
       [-0.09557848],
       [-0.42154813],
       [-0.96114536],
       [-1.04029501],
       [-0.95865009],
       [-0.85067505],
       [-1.02796997],
       [-0.17144259],
       [-0.94904434],
       [-0.05625021],
       [-1.02379818],
       [-0.20557919],
       [-0.95732993],
       [-0.9521156 ],
       [-0.56617821],
       [-0.77566773],
       [-1.02073514],
       [-0.96589919],
       [-0.90242308],
       [-0.23829707],
       [-1.01936725],
       [-0.84981212],
       [-0.59383701],
       [-0.39984764],
       [-0.87392871],
       [-0.83377829],
       [-1.00858843],
       [-0.00435707],
       [-1.03346819],
       [-0.96423286],
       [-0.92468037],
       [-1.01384832],
       [-0.96160749],
       [-0.87114242],
       [-0.40471398],
       [-1.01916057],
       [-1.02344294],
       [-0.96447786]])
array([[-1.92029811],
       [-1.94113433],
       [-0.11164123],
       [-0.72476472],
       [-1.92274465],
       [-2.08254651],
       [-1.92173248],
       [-1.8213172 ],
       [-2.06284684],
       [-0.3128258 ],
       [-1.89425302],
       [-0.03630473],
       [-2.06048916],
       [-0.32964872],
       [-1.91805389],
       [-1.90532593],
       [-1.00864284],
       [-1.64834273],
       [-2.04784316],
       [-1.93820056],
       [-1.91999843],
       [-0.3831396 ],
       [-2.05437858],
       [-1.82179502],
       [-1.17011518],
       [-0.71766646],
       [-1.84562348],
       [-1.70187945],
       [-2.02748147],
       [-0.00842971],
       [-2.07906864],
       [-1.92134418],
       [-1.9019652 ],
       [-2.03669396],
       [-1.92359186],
       [-1.83831502],
       [-0.69227343],
       [-2.05003665],
       [-2.05478198],
       [-1.93440828]])
<<<<<<<<<<< STEP 2 >>>>>>>>>>>> + array([[ -9.53398969e-01],
       [ -8.17357565e-01],
       [ -1.22398287e-01],
       [ -5.41897828e-01],
       [ -9.55785093e-01],
       [ -1.02362917e+00],
       [ -9.45649697e-01],
       [ -7.39844969e-01],
       [ -1.00881908e+00],
       [ -2.28331622e-01],
       [ -9.43258309e-01],
       [ -7.75199673e-02],
       [ -1.00579590e+00],
       [ -2.59445929e-01],
       [ -9.48265307e-01],
       [ -9.52660738e-01],
       [ -6.97348344e-01],
       [ -7.15066170e-01],
       [ -1.00148693e+00],
       [ -9.46257437e-01],
       [ -8.03026844e-01],
       [ -3.08364859e-01],
       [ -1.00528407e+00],
       [ -7.36776320e-01],
       [ -6.19167575e-01],
       [ -4.95239511e-01],
       [ -7.83201954e-01],
       [ -8.12028760e-01],
       [ -9.90267102e-01],
       [ -8.95674880e-04],
       [ -1.01172389e+00],
       [ -9.55875687e-01],
       [ -8.89844385e-01],
       [ -9.94934731e-01],
       [ -9.48281651e-01],
       [ -7.84312853e-01],
       [ -5.25677738e-01],
       [ -1.00156165e+00],
       [ -1.00341276e+00],
       [ -9.50127965e-01]])
array([[-2.87369708],
       [-2.7584919 ],
       [-0.23403951],
       [-1.26666255],
       [-2.87852974],
       [-3.10617568],
       [-2.86738218],
       [-2.56116217],
       [-3.07166592],
       [-0.54115742],
       [-2.83751133],
       [-0.1138247 ],
       [-3.06628506],
       [-0.58909465],
       [-2.8663192 ],
       [-2.85798667],
       [-1.70599119],
       [-2.3634089 ],
       [-3.04933009],
       [-2.884458  ],
       [-2.72302528],
       [-0.69150446],
       [-3.05966265],
       [-2.55857134],
       [-1.78928275],
       [-1.21290597],
       [-2.62882544],
       [-2.51390821],
       [-3.01774857],
       [-0.00932538],
       [-3.09079253],
       [-2.87721987],
       [-2.79180958],
       [-3.03162869],
       [-2.87187351],
       [-2.62262788],
       [-1.21795117],
       [-3.0515983 ],
       [-3.05819473],
       [-2.88453624]])
<<<<<<<<<<< STEP 3 >>>>>>>>>>>> + array([[-0.92524038],
       [-0.75647885],
       [-0.12624706],
       [-0.6753186 ],
       [-0.92871944],
       [-0.99232743],
       [-0.90948189],
       [-0.65511653],
       [-0.97327444],
       [-0.33188278],
       [-0.91464366],
       [-0.07410954],
       [-0.97248136],
       [-0.31118124],
       [-0.9182065 ],
       [-0.93668668],
       [-0.83681991],
       [-0.68003713],
       [-0.96144927],
       [-0.90395762],
       [-0.74107147],
       [-0.38361361],
       [-0.97773176],
       [-0.65217743],
       [-0.65081582],
       [-0.6189744 ],
       [-0.72054448],
       [-0.80579472],
       [-0.95018431],
       [ 0.00754898],
       [-0.97291853],
       [-0.93011022],
       [-0.87720189],
       [-0.95732306],
       [-0.91402861],
       [-0.72344352],
       [-0.66409837],
       [-0.96533129],
       [-0.96654965],
       [-0.91397656]])
array([[ -3.79893746e+00],
       [ -3.51497075e+00],
       [ -3.60286570e-01],
       [ -1.94198114e+00],
       [ -3.80724918e+00],
       [ -4.09850311e+00],
       [ -3.77686407e+00],
       [ -3.21627870e+00],
       [ -4.04494036e+00],
       [ -8.73040196e-01],
       [ -3.75215499e+00],
       [ -1.87934243e-01],
       [ -4.03876641e+00],
       [ -9.00275892e-01],
       [ -3.78452570e+00],
       [ -3.79467335e+00],
       [ -2.54281110e+00],
       [ -3.04344602e+00],
       [ -4.01077936e+00],
       [ -3.78841562e+00],
       [ -3.46409675e+00],
       [ -1.07511807e+00],
       [ -4.03739442e+00],
       [ -3.21074877e+00],
       [ -2.44009858e+00],
       [ -1.83188037e+00],
       [ -3.34936992e+00],
       [ -3.31970293e+00],
       [ -3.96793288e+00],
       [ -1.77640011e-03],
       [ -4.06371106e+00],
       [ -3.80733009e+00],
       [ -3.66901147e+00],
       [ -3.98895175e+00],
       [ -3.78590211e+00],
       [ -3.34607139e+00],
       [ -1.88204954e+00],
       [ -4.01692959e+00],
       [ -4.02474439e+00],
       [ -3.79851280e+00]])
<<<<<<<<<<< STEP 4 >>>>>>>>>>>> + array([[-0.86512517],
       [-0.72339211],
       [-0.12485924],
       [-0.81453368],
       [-0.86475829],
       [-0.93593543],
       [-0.83965413],
       [-0.58994515],
       [-0.9100993 ],
       [-0.5078887 ],
       [-0.85069543],
       [-0.06355253],
       [-0.9128869 ],
       [-0.38013385],
       [-0.8538533 ],
       [-0.88721306],
       [-0.95761521],
       [-0.66393702],
       [-0.89366349],
       [-0.82732308],
       [-0.70946281],
       [-0.48874942],
       [-0.92307528],
       [-0.59226773],
       [-0.68596494],
       [-0.7706196 ],
       [-0.68642648],
       [-0.81090765],
       [-0.87923284],
       [ 0.01941003],
       [-0.90680017],
       [-0.87476217],
       [-0.87722339],
       [-0.89176704],
       [-0.84725409],
       [-0.68682359],
       [-0.816573  ],
       [-0.90066242],
       [-0.90291068],
       [-0.84391766]])
array([[-4.66406263],
       [-4.23836286],
       [-0.48514581],
       [-2.75651483],
       [-4.67200748],
       [-5.03443854],
       [-4.6165182 ],
       [-3.80622385],
       [-4.95503966],
       [-1.3809289 ],
       [-4.60285043],
       [-0.25148677],
       [-4.95165332],
       [-1.28040974],
       [-4.63837899],
       [-4.68188642],
       [-3.50042631],
       [-3.70738304],
       [-4.90444285],
       [-4.61573869],
       [-4.17355956],
       [-1.56386749],
       [-4.9604697 ],
       [-3.8030165 ],
       [-3.12606352],
       [-2.60249997],
       [-4.0357964 ],
       [-4.13061058],
       [-4.84716572],
       [ 0.01763363],
       [-4.97051123],
       [-4.68209225],
       [-4.54623486],
       [-4.88071879],
       [-4.63315621],
       [-4.03289499],
       [-2.69862254],
       [-4.91759201],
       [-4.92765506],
       [-4.64243046]])
<<<<<<<<<<< STEP 5 >>>>>>>>>>>> + array([[-0.77575581],
       [-0.70744509],
       [-0.12463966],
       [-0.92220836],
       [-0.7671654 ],
       [-0.85187367],
       [-0.74908658],
       [-0.53747951],
       [-0.82258281],
       [-0.75279397],
       [-0.75792171],
       [-0.05147906],
       [-0.83127208],
       [-0.47054245],
       [-0.76104814],
       [-0.79987482],
       [-1.01144468],
       [-0.66642738],
       [-0.81178474],
       [-0.72740753],
       [-0.69879545],
       [-0.63272378],
       [-0.83994425],
       [-0.55277518],
       [-0.72059416],
       [-0.91735156],
       [-0.67550888],
       [-0.80883987],
       [-0.79103695],
       [ 0.02536407],
       [-0.82038987],
       [-0.78497869],
       [-0.87033039],
       [-0.80839133],
       [-0.75467134],
       [-0.66866951],
       [-0.94241755],
       [-0.81647536],
       [-0.81883255],
       [-0.74920784]])
array([[-5.43981844],
       [-4.94580794],
       [-0.60978547],
       [-3.67872319],
       [-5.43917287],
       [-5.88631221],
       [-5.36560478],
       [-4.34370336],
       [-5.77762247],
       [-2.13372287],
       [-5.36077214],
       [-0.30296583],
       [-5.7829254 ],
       [-1.75095219],
       [-5.39942714],
       [-5.48176124],
       [-4.51187099],
       [-4.37381042],
       [-5.71622759],
       [-5.34314623],
       [-4.87235501],
       [-2.19659127],
       [-5.80041395],
       [-4.35579168],
       [-3.84665768],
       [-3.51985153],
       [-4.71130528],
       [-4.93945045],
       [-5.63820267],
       [ 0.04299769],
       [-5.7909011 ],
       [-5.46707094],
       [-5.41656525],
       [-5.68911013],
       [-5.38782755],
       [-4.70156449],
       [-3.64104009],
       [-5.73406737],
       [-5.74648762],
       [-5.39163831]])
<<<<<<<<<<< STEP 6 >>>>>>>>>>>> + array([[-0.68433582],
       [-0.70549453],
       [-0.12569318],
       [-0.96263909],
       [-0.66799227],
       [-0.76807714],
       [-0.66869656],
       [-0.4902231 ],
       [-0.74186769],
       [-0.98594956],
       [-0.66753129],
       [-0.03978361],
       [-0.75576252],
       [-0.57552156],
       [-0.6714719 ],
       [-0.70265945],
       [-0.96814874],
       [-0.67707229],
       [-0.74672042],
       [-0.63839282],
       [-0.70362662],
       [-0.80338709],
       [-0.75521021],
       [-0.52866203],
       [-0.7571825 ],
       [-1.00141221],
       [-0.67111691],
       [-0.77386361],
       [-0.7208532 ],
       [ 0.0160133 ],
       [-0.74457477],
       [-0.6843    ],
       [-0.83972514],
       [-0.73833326],
       [-0.66536357],
       [-0.65558425],
       [-0.99364166],
       [-0.74311473],
       [-0.74568607],
       [-0.66079238]])
array([[-6.12415425],
       [-5.65130248],
       [-0.73547866],
       [-4.64136228],
       [-6.10716514],
       [-6.65438935],
       [-6.03430134],
       [-4.83392646],
       [-6.51949016],
       [-3.11967243],
       [-6.02830343],
       [-0.34274944],
       [-6.53868792],
       [-2.32647374],
       [-6.07089903],
       [-6.18442069],
       [-5.48001973],
       [-5.05088271],
       [-6.462948  ],
       [-5.98153905],
       [-5.57598163],
       [-2.99997835],
       [-6.55562415],
       [-4.88445371],
       [-4.60384018],
       [-4.52126375],
       [-5.38242218],
       [-5.71331406],
       [-6.35905587],
       [ 0.05901099],
       [-6.53547587],
       [-6.15137094],
       [-6.25629039],
       [-6.42744339],
       [-6.05319112],
       [-5.35714875],
       [-4.63468175],
       [-6.47718211],
       [-6.49217368],
       [-6.05243069]])
<<<<<<<<<<< STEP 7 >>>>>>>>>>>> + array([[-0.6146628 ],
       [-0.71216221],
       [-0.12728109],
       [-0.94181092],
       [-0.59425482],
       [-0.71097571],
       [-0.61342848],
       [-0.44811812],
       [-0.69039304],
       [-1.09186695],
       [-0.6016208 ],
       [-0.02998933],
       [-0.70595149],
       [-0.7056196 ],
       [-0.60660047],
       [-0.62754368],
       [-0.85457072],
       [-0.66862236],
       [-0.70961367],
       [-0.58137176],
       [-0.7158672 ],
       [-0.97614493],
       [-0.69610215],
       [-0.52380476],
       [-0.79095182],
       [-0.99183659],
       [-0.65528071],
       [-0.70498114],
       [-0.68544091],
       [-0.00595234],
       [-0.69715247],
       [-0.60370071],
       [-0.78708886],
       [-0.69616315],
       [-0.60003219],
       [-0.63418995],
       [-0.97165568],
       [-0.69749055],
       [-0.70068705],
       [-0.59715379]])
array([[-6.73881706],
       [-6.36346469],
       [-0.86275974],
       [-5.5831732 ],
       [-6.70141996],
       [-7.36536506],
       [-6.64772981],
       [-5.28204458],
       [-7.2098832 ],
       [-4.21153939],
       [-6.62992423],
       [-0.37273877],
       [-7.24463941],
       [-3.03209335],
       [-6.67749951],
       [-6.81196438],
       [-6.33459045],
       [-5.71950506],
       [-7.17256168],
       [-6.5629108 ],
       [-6.29184883],
       [-3.97612328],
       [-7.2517263 ],
       [-5.40825846],
       [-5.394792  ],
       [-5.51310033],
       [-6.03770289],
       [-6.4182952 ],
       [-7.04449679],
       [ 0.05305865],
       [-7.23262834],
       [-6.75507165],
       [-7.04337925],
       [-7.12360653],
       [-6.65322331],
       [-5.9913387 ],
       [-5.60633743],
       [-7.17467266],
       [-7.19286073],
       [-6.64958448]])
<<<<<<<<<<< STEP 8 >>>>>>>>>>>> + array([[-0.57053501],
       [-0.71074077],
       [-0.13226486],
       [-0.88426624],
       [-0.55054525],
       [-0.67554539],
       [-0.57796401],
       [-0.43346288],
       [-0.66168625],
       [-1.05359344],
       [-0.5599458 ],
       [-0.02130818],
       [-0.67477509],
       [-0.88189032],
       [-0.56468826],
       [-0.58016212],
       [-0.7319988 ],
       [-0.63005799],
       [-0.68495372],
       [-0.55225169],
       [-0.71799652],
       [-1.09038641],
       [-0.66005998],
       [-0.55221783],
       [-0.79817171],
       [-0.911588  ],
       [-0.62947926],
       [-0.63363733],
       [-0.66919306],
       [-0.02544239],
       [-0.66763735],
       [-0.55211472],
       [-0.72991802],
       [-0.67043019],
       [-0.55982281],
       [-0.60622622],
       [-0.90827253],
       [-0.66993016],
       [-0.67184063],
       [-0.55774811]])
array([[-7.30935207],
       [-7.07420545],
       [-0.9950246 ],
       [-6.46743944],
       [-7.25196522],
       [-8.04091045],
       [-7.22569383],
       [-5.71550746],
       [-7.87156945],
       [-5.26513282],
       [-7.18987003],
       [-0.39404695],
       [-7.91941449],
       [-3.91398367],
       [-7.24218777],
       [-7.3921265 ],
       [-7.06658925],
       [-6.34956305],
       [-7.8575154 ],
       [-7.11516249],
       [-7.00984535],
       [-5.0665097 ],
       [-7.91178628],
       [-5.96047629],
       [-6.1929637 ],
       [-6.42468834],
       [-6.66718215],
       [-7.05193253],
       [-7.71368984],
       [ 0.02761626],
       [-7.9002657 ],
       [-7.30718637],
       [-7.77329727],
       [-7.79403673],
       [-7.21304612],
       [-6.59756492],
       [-6.51460996],
       [-7.84460282],
       [-7.86470136],
       [-7.20733259]])
<<<<<<<<<<< STEP 9 >>>>>>>>>>>> + array([[-0.54461142],
       [-0.69365654],
       [-0.14256574],
       [-0.8142536 ],
       [-0.52890263],
       [-0.64832478],
       [-0.55573766],
       [-0.46444579],
       [-0.64138621],
       [-0.95459809],
       [-0.53418798],
       [-0.01225007],
       [-0.6495783 ],
       [-1.04833885],
       [-0.53749595],
       [-0.55221545],
       [-0.63853294],
       [-0.58384084],
       [-0.66115476],
       [-0.53652302],
       [-0.70247559],
       [-1.05759677],
       [-0.63393497],
       [-0.58315572],
       [-0.77324179],
       [-0.8177591 ],
       [-0.60182926],
       [-0.58046791],
       [-0.65264141],
       [-0.03404494],
       [-0.64265387],
       [-0.52265175],
       [-0.68016609],
       [-0.64838943],
       [-0.53624345],
       [-0.57928387],
       [-0.83191336],
       [-0.64667607],
       [-0.64591403],
       [-0.53528933]])
array([[ -7.85396348e+00],
       [ -7.76786200e+00],
       [ -1.13759034e+00],
       [ -7.28169304e+00],
       [ -7.78086784e+00],
       [ -8.68923523e+00],
       [ -7.78143149e+00],
       [ -6.17995325e+00],
       [ -8.51295566e+00],
       [ -6.21973091e+00],
       [ -7.72405801e+00],
       [ -4.06297021e-01],
       [ -8.56899279e+00],
       [ -4.96232252e+00],
       [ -7.77968372e+00],
       [ -7.94434195e+00],
       [ -7.70512219e+00],
       [ -6.93340389e+00],
       [ -8.51867015e+00],
       [ -7.65168551e+00],
       [ -7.71232095e+00],
       [ -6.12410647e+00],
       [ -8.54572125e+00],
       [ -6.54363201e+00],
       [ -6.96620549e+00],
       [ -7.24244744e+00],
       [ -7.26901142e+00],
       [ -7.63240044e+00],
       [ -8.36633126e+00],
       [ -6.42867895e-03],
       [ -8.54291957e+00],
       [ -7.82983812e+00],
       [ -8.45346335e+00],
       [ -8.44242616e+00],
       [ -7.74928958e+00],
       [ -7.17684878e+00],
       [ -7.34652332e+00],
       [ -8.49127889e+00],
       [ -8.51061540e+00],
       [ -7.74262192e+00]])
