<<<<<<<<<<< STEP 0 >>>>>>>>>>>> + array([[-0.50065924],
       [ 0.00195904],
       [-0.50228546],
       [-0.50499613],
       [-0.19221416],
       [-0.5021927 ],
       [-0.50006523],
       [ 0.00494736],
       [-0.11658403],
       [-0.11275121],
       [-0.50010587],
       [-0.49798784],
       [-0.50515333],
       [-0.5030127 ],
       [-0.50046313],
       [-0.50218507],
       [-0.50478237],
       [-0.50006697],
       [-0.50571011],
       [-0.50223675],
       [-0.50543733],
       [-0.09483922],
       [-0.08127993],
       [-0.50204697],
       [-0.50031075],
       [-0.50445118],
       [-0.50273157],
       [-0.49742392],
       [-0.50271181],
       [-0.50005207],
       [-0.50519523],
       [-0.04211837],
       [-0.50231552],
       [-0.50039946],
       [-0.50090383],
       [-0.00770137],
       [-0.50241504],
       [-0.49860638],
       [-0.50256737],
       [-0.55648888]])
array([[-13.39759716],
       [ -0.22130791],
       [-13.71146537],
       [-12.98279842],
       [ -3.17698636],
       [-14.15840944],
       [-13.35825745],
       [ -0.39956843],
       [ -2.01076657],
       [ -1.82276798],
       [-13.69209594],
       [-11.49550476],
       [-12.92613234],
       [-12.13608864],
       [-13.55553536],
       [-13.88053877],
       [-12.83848468],
       [-13.44756164],
       [-11.92115286],
       [-13.82105835],
       [-12.95142452],
       [ -2.80264827],
       [ -1.53332295],
       [-14.05261146],
       [-13.495094  ],
       [-12.98794057],
       [-14.06148462],
       [-11.5850401 ],
       [-13.85574784],
       [-13.34942843],
       [-11.66012217],
       [ -1.08258488],
       [-13.93375878],
       [-13.78373608],
       [-13.70446808],
       [  0.94073754],
       [-13.96315091],
       [-11.69912993],
       [-12.10706442],
       [ -4.55473002]])
<<<<<<<<<<< STEP 1 >>>>>>>>>>>> + array([[-0.50053886],
       [ 0.00179963],
       [-0.5018961 ],
       [-0.50411518],
       [-0.23497416],
       [-0.50178836],
       [-0.4999998 ],
       [ 0.00528736],
       [-0.13346035],
       [-0.13136981],
       [-0.50006241],
       [-0.4982377 ],
       [-0.50426364],
       [-0.50244505],
       [-0.50034144],
       [-0.50177232],
       [-0.50393711],
       [-0.49997452],
       [-0.50479039],
       [-0.50183737],
       [-0.5045077 ],
       [-0.10215717],
       [-0.09166804],
       [-0.50169862],
       [-0.50022047],
       [-0.50366938],
       [-0.50226268],
       [-0.49771057],
       [-0.5022679 ],
       [-0.50001249],
       [-0.50492539],
       [-0.04231505],
       [-0.50191145],
       [-0.50026953],
       [-0.50072251],
       [-0.00918993],
       [-0.501991  ],
       [-0.4987499 ],
       [-0.5020694 ],
       [-0.62110032]])
array([[-13.89813602],
       [ -0.21950828],
       [-14.21336147],
       [-13.4869136 ],
       [ -3.41196052],
       [-14.6601978 ],
       [-13.85825724],
       [ -0.39428108],
       [ -2.14422692],
       [ -1.95413779],
       [-14.19215835],
       [-11.99374247],
       [-13.43039598],
       [-12.6385337 ],
       [-14.0558768 ],
       [-14.38231109],
       [-13.34242179],
       [-13.94753616],
       [-12.42594325],
       [-14.32289572],
       [-13.45593222],
       [ -2.90480544],
       [ -1.62499099],
       [-14.55431008],
       [-13.99531447],
       [-13.49160995],
       [-14.56374731],
       [-12.08275067],
       [-14.35801574],
       [-13.84944092],
       [-12.16504756],
       [ -1.12489993],
       [-14.43567023],
       [-14.28400561],
       [-14.2051906 ],
       [  0.93154762],
       [-14.4651419 ],
       [-12.19787982],
       [-12.60913381],
       [ -5.17583034]])
<<<<<<<<<<< STEP 2 >>>>>>>>>>>> + array([[-0.50044012],
       [ 0.00168122],
       [-0.50157732],
       [-0.50338847],
       [-0.28415064],
       [-0.50147188],
       [-0.49997782],
       [ 0.00551822],
       [-0.15564935],
       [-0.15586778],
       [-0.50003046],
       [-0.49850239],
       [-0.50352491],
       [-0.50199525],
       [-0.50025702],
       [-0.5014574 ],
       [-0.50323942],
       [-0.49994247],
       [-0.50401027],
       [-0.5015242 ],
       [-0.50373893],
       [-0.11100107],
       [-0.10482499],
       [-0.50140651],
       [-0.5001615 ],
       [-0.50302176],
       [-0.50187414],
       [-0.49800458],
       [-0.50189188],
       [-0.49999392],
       [-0.50420389],
       [-0.04276941],
       [-0.50158317],
       [-0.50019219],
       [-0.50057939],
       [-0.0112023 ],
       [-0.50164558],
       [-0.49892975],
       [-0.50166746],
       [-0.64698363]])
array([[-14.39857613],
       [ -0.21782706],
       [-14.71493879],
       [-13.99030207],
       [ -3.69611116],
       [-15.16166968],
       [-14.35823506],
       [ -0.38876286],
       [ -2.29987626],
       [ -2.11000556],
       [-14.69218881],
       [-12.49224486],
       [-13.93392089],
       [-13.14052895],
       [-14.55613382],
       [-14.88376848],
       [-13.84566121],
       [-14.44747863],
       [-12.92995352],
       [-14.82441992],
       [-13.95967114],
       [ -3.01580651],
       [ -1.72981599],
       [-15.05571659],
       [-14.49547597],
       [-13.99463171],
       [-15.06562144],
       [-12.58075525],
       [-14.85990762],
       [-14.34943484],
       [-12.66925144],
       [ -1.16766934],
       [-14.93725341],
       [-14.7841978 ],
       [-14.70576999],
       [  0.92034531],
       [-14.96678749],
       [-12.69680957],
       [-13.11080127],
       [ -5.82281397]])
<<<<<<<<<<< STEP 3 >>>>>>>>>>>> + array([[-0.50035108],
       [ 0.00170751],
       [-0.50130091],
       [-0.50277003],
       [-0.33762404],
       [-0.50121046],
       [-0.4999817 ],
       [ 0.00562201],
       [-0.18430931],
       [-0.18761596],
       [-0.50000181],
       [-0.49880826],
       [-0.50289302],
       [-0.50163575],
       [-0.50019548],
       [-0.50120471],
       [-0.50264346],
       [-0.49994975],
       [-0.50331776],
       [-0.5012636 ],
       [-0.50308157],
       [-0.12148044],
       [-0.12091124],
       [-0.50114623],
       [-0.50012266],
       [-0.50246619],
       [-0.50153238],
       [-0.49832944],
       [-0.50155506],
       [-0.49998646],
       [-0.50318185],
       [-0.04358305],
       [-0.50130286],
       [-0.50014812],
       [-0.50045568],
       [-0.01359446],
       [-0.50134907],
       [-0.49916117],
       [-0.5013439 ],
       [-0.63683506]])
array([[-14.89892721],
       [ -0.21611955],
       [-15.2162397 ],
       [-14.49307211],
       [ -4.0337352 ],
       [-15.66288014],
       [-14.85821676],
       [ -0.38314084],
       [ -2.48418557],
       [ -2.29762152],
       [-15.19219062],
       [-12.99105312],
       [-14.4368139 ],
       [-13.6421647 ],
       [-15.0563293 ],
       [-15.38497319],
       [-14.34830467],
       [-14.94742838],
       [-13.43327128],
       [-15.32568352],
       [-14.46275271],
       [ -3.13728695],
       [ -1.85072723],
       [-15.55686282],
       [-14.99559862],
       [-14.49709789],
       [-15.56715383],
       [-13.07908469],
       [-15.36146267],
       [-14.8494213 ],
       [-13.17243329],
       [ -1.21125239],
       [-15.43855627],
       [-15.28434592],
       [-15.20622567],
       [  0.90675085],
       [-15.46813656],
       [-13.19597074],
       [-13.61214517],
       [ -6.45964903]])
<<<<<<<<<<< STEP 4 >>>>>>>>>>>> + array([[-0.50027214],
       [ 0.00190493],
       [-0.50106018],
       [-0.50224487],
       [-0.39642071],
       [-0.50098966],
       [-0.49999276],
       [ 0.00560175],
       [-0.2210157 ],
       [-0.22842958],
       [-0.49997829],
       [-0.49913395],
       [-0.50235619],
       [-0.50134506],
       [-0.50014883],
       [-0.50099276],
       [-0.50213603],
       [-0.49997023],
       [-0.50270866],
       [-0.50103951],
       [-0.50251978],
       [-0.13410971],
       [-0.14014934],
       [-0.50091789],
       [-0.50009714],
       [-0.50199222],
       [-0.50123201],
       [-0.49866103],
       [-0.50125733],
       [-0.49998388],
       [-0.50218466],
       [-0.04467943],
       [-0.50106307],
       [-0.50012131],
       [-0.5003472 ],
       [-0.01572956],
       [-0.50109391],
       [-0.49941599],
       [-0.50108687],
       [-0.6111821 ]])
array([[-15.39919935],
       [ -0.21421462],
       [-15.71729988],
       [-14.99531697],
       [ -4.43015591],
       [-16.1638698 ],
       [-15.35820952],
       [ -0.37753909],
       [ -2.70520128],
       [ -2.5260511 ],
       [-15.69216891],
       [-13.49018706],
       [-14.9391701 ],
       [-14.14350976],
       [-15.55647813],
       [-15.88596595],
       [-14.8504407 ],
       [-15.44739861],
       [-13.93597994],
       [-15.82672303],
       [-14.9652725 ],
       [ -3.27139666],
       [ -1.99087657],
       [-16.05778071],
       [-15.49569576],
       [-14.99909011],
       [-16.06838583],
       [-13.57774572],
       [-15.86272001],
       [-15.34940518],
       [-13.67461795],
       [ -1.25593181],
       [-15.93961934],
       [-15.78446723],
       [-15.70657287],
       [  0.8910213 ],
       [-15.96923047],
       [-13.69538673],
       [-14.11323204],
       [ -7.07083113]])
<<<<<<<<<<< STEP 5 >>>>>>>>>>>> + array([[-0.50020604],
       [ 0.00224285],
       [-0.50085661],
       [-0.50180887],
       [-0.45962392],
       [-0.50080517],
       [-0.50000086],
       [ 0.00547556],
       [-0.26727277],
       [-0.28023816],
       [-0.49996184],
       [-0.49944683],
       [-0.50191174],
       [-0.50110852],
       [-0.50011284],
       [-0.50081319],
       [-0.50171489],
       [-0.4999881 ],
       [-0.50219251],
       [-0.50084801],
       [-0.5020503 ],
       [-0.14971733],
       [-0.16244832],
       [-0.50072658],
       [-0.50008052],
       [-0.50159899],
       [-0.50097678],
       [-0.49896564],
       [-0.50100538],
       [-0.49998314],
       [-0.50140717],
       [-0.04592122],
       [-0.5008635 ],
       [-0.50010242],
       [-0.50025488],
       [-0.01695182],
       [-0.50088035],
       [-0.49966001],
       [-0.50088483],
       [-0.58520184]])
array([[-15.89940539],
       [ -0.21197178],
       [-16.21815649],
       [-15.49712584],
       [ -4.88977983],
       [-16.66467497],
       [-15.85821038],
       [ -0.37206353],
       [ -2.97247405],
       [ -2.80628926],
       [-16.19213074],
       [-13.98963389],
       [-15.44108184],
       [-14.64461828],
       [-16.05659097],
       [-16.38677913],
       [-15.35215559],
       [-15.9473867 ],
       [-14.43817244],
       [-16.32757104],
       [-15.4673228 ],
       [ -3.42111398],
       [ -2.15332489],
       [-16.55850729],
       [-15.99577629],
       [-15.5006891 ],
       [-16.56936261],
       [-14.07671136],
       [-16.36372539],
       [-15.84938832],
       [-14.17602513],
       [ -1.30185303],
       [-16.44048284],
       [-16.28456965],
       [-16.20682776],
       [  0.87406947],
       [-16.47011082],
       [-14.19504674],
       [-14.61411687],
       [ -7.65603297]])
<<<<<<<<<<< STEP 6 >>>>>>>>>>>> + array([[-0.50015328],
       [ 0.00267697],
       [-0.5006906 ],
       [-0.50145606],
       [-0.51924543],
       [-0.50065503],
       [-0.50000426],
       [ 0.00526212],
       [-0.32315911],
       [-0.34392745],
       [-0.49995162],
       [-0.49972626],
       [-0.50155315],
       [-0.50091633],
       [-0.50008508],
       [-0.50066399],
       [-0.50137517],
       [-0.49999936],
       [-0.50177161],
       [-0.50068898],
       [-0.50166815],
       [-0.16933525],
       [-0.18660642],
       [-0.50057274],
       [-0.50006978],
       [-0.50128222],
       [-0.50076781],
       [-0.49922294],
       [-0.50080081],
       [-0.49998314],
       [-0.50086714],
       [-0.04722624],
       [-0.50070263],
       [-0.50008783],
       [-0.50017903],
       [-0.01691116],
       [-0.50070741],
       [-0.49987294],
       [-0.50072611],
       [-0.56406344]])
array([[-16.39955866],
       [ -0.2092948 ],
       [-16.71884709],
       [-15.9985819 ],
       [ -5.40902526],
       [-17.16533   ],
       [-16.35821464],
       [ -0.36680141],
       [ -3.29563316],
       [ -3.15021671],
       [-16.69208236],
       [-14.48936015],
       [-15.94263499],
       [-15.14553461],
       [-16.55667606],
       [-16.88744312],
       [-15.85353076],
       [-16.44738606],
       [-14.93994405],
       [-16.82826002],
       [-15.96899095],
       [ -3.59044923],
       [ -2.33993132],
       [-17.05908004],
       [-16.49584607],
       [-16.00197132],
       [-17.07013042],
       [-14.5759343 ],
       [-16.8645262 ],
       [-16.34937146],
       [-14.67689227],
       [ -1.34907927],
       [-16.94118547],
       [-16.78465748],
       [-16.70700679],
       [  0.85715832],
       [-16.97081823],
       [-14.69491969],
       [-15.11484299],
       [ -8.22009641]])
<<<<<<<<<<< STEP 7 >>>>>>>>>>>> + array([[-0.50011313],
       [ 0.00314882],
       [-0.50056101],
       [-0.50117882],
       [-0.56332979],
       [-0.50053753],
       [-0.50000461],
       [ 0.00498231],
       [-0.38630869],
       [-0.41807474],
       [-0.4999459 ],
       [-0.49996045],
       [-0.5012716 ],
       [-0.50076125],
       [-0.50006403],
       [-0.50054487],
       [-0.50110992],
       [-0.50000509],
       [-0.50144258],
       [-0.50056274],
       [-0.50136641],
       [-0.19423628],
       [-0.21010412],
       [-0.50045407],
       [-0.50006277],
       [-0.50103527],
       [-0.50060381],
       [-0.49942284],
       [-0.5006418 ],
       [-0.49998371],
       [-0.5005119 ],
       [-0.04856985],
       [-0.50057773],
       [-0.50007651],
       [-0.50011933],
       [-0.01566252],
       [-0.50057271],
       [-0.50004319],
       [-0.50060032],
       [-0.54829669]])
array([[-16.89967179],
       [ -0.20614599],
       [-17.2194081 ],
       [-16.49976071],
       [ -5.97235505],
       [-17.66586753],
       [-16.85821925],
       [ -0.3618191 ],
       [ -3.68194186],
       [ -3.56829145],
       [-17.19202826],
       [-14.98932059],
       [-16.44390658],
       [-15.64629586],
       [-17.05674008],
       [-17.387988  ],
       [-16.35464068],
       [-16.94739115],
       [-15.44138663],
       [-17.32882276],
       [-16.47035735],
       [ -3.78468551],
       [ -2.55003544],
       [-17.55953411],
       [-16.99590884],
       [-16.50300659],
       [-17.57073424],
       [-15.07535714],
       [-17.365168  ],
       [-16.84935518],
       [-15.17740417],
       [ -1.39764912],
       [-17.4417632 ],
       [-17.28473399],
       [-17.20712612],
       [  0.8414958 ],
       [-17.47139093],
       [-15.19496287],
       [-15.6154433 ],
       [ -8.7683931 ]])
<<<<<<<<<<< STEP 8 >>>>>>>>>>>> + array([[-0.50008429],
       [ 0.00358733],
       [-0.5004647 ],
       [-0.50096766],
       [-0.58580965],
       [-0.50044971],
       [-0.50000379],
       [ 0.00466091],
       [-0.45225393],
       [-0.4981914 ],
       [-0.49994328],
       [-0.50014281],
       [-0.50105654],
       [-0.50063714],
       [-0.50004856],
       [-0.50045419],
       [-0.50090999],
       [-0.50000724],
       [-0.50119681],
       [-0.50046763],
       [-0.50113572],
       [-0.2259932 ],
       [-0.22990693],
       [-0.50036667],
       [-0.5000579 ],
       [-0.50084941],
       [-0.50048123],
       [-0.49956411],
       [-0.50052403],
       [-0.49998487],
       [-0.50028453],
       [-0.04993668],
       [-0.50048456],
       [-0.50006809],
       [-0.50007493],
       [-0.0136405 ],
       [-0.50047228],
       [-0.50016435],
       [-0.50049921],
       [-0.53711902]])
array([[-17.39975608],
       [ -0.20255866],
       [-17.7198728 ],
       [-17.00072838],
       [ -6.55816469],
       [-18.16631723],
       [-17.35822304],
       [ -0.35715819],
       [ -4.13419579],
       [ -4.06648285],
       [-17.69197155],
       [-15.48946341],
       [-16.94496312],
       [-16.14693299],
       [-17.55678864],
       [-17.88844219],
       [-16.85555067],
       [-17.44739839],
       [-15.94258344],
       [-17.8292904 ],
       [-16.97149307],
       [ -4.01067871],
       [ -2.77994237],
       [-18.05990078],
       [-17.49596674],
       [-17.003856  ],
       [-18.07121546],
       [-15.57492124],
       [-17.86569203],
       [-17.34934004],
       [-15.67768869],
       [ -1.4475858 ],
       [-17.94224776],
       [-17.78480208],
       [-17.70720105],
       [  0.82785531],
       [-17.97186321],
       [-15.69512722],
       [-16.11594251],
       [ -9.30551212]])
<<<<<<<<<<< STEP 9 >>>>>>>>>>>> + array([[-0.50006457],
       [ 0.00393783],
       [-0.50039467],
       [-0.50080867],
       [-0.59045795],
       [-0.50038526],
       [-0.50000278],
       [ 0.00431746],
       [-0.51493792],
       [-0.57508415],
       [-0.49994302],
       [-0.50027066],
       [-0.50089342],
       [-0.50053789],
       [-0.50003754],
       [-0.50038654],
       [-0.50076137],
       [-0.50000731],
       [-0.5010166 ],
       [-0.50039762],
       [-0.50096132],
       [-0.26624769],
       [-0.24311868],
       [-0.50030394],
       [-0.50005381],
       [-0.50071139],
       [-0.50039238],
       [-0.49965795],
       [-0.50043894],
       [-0.49998646],
       [-0.50014217],
       [-0.05130029],
       [-0.50041571],
       [-0.50006187],
       [-0.50004384],
       [-0.01140847],
       [-0.50039885],
       [-0.50023652],
       [-0.50041693],
       [-0.52938615]])
array([[-17.89982065],
       [ -0.19862082],
       [-18.22026747],
       [-17.50153704],
       [ -7.14862264],
       [-18.66670249],
       [-17.85822582],
       [ -0.35284072],
       [ -4.64913371],
       [ -4.641567  ],
       [-18.19191457],
       [-15.98973407],
       [-17.44585655],
       [-16.64747089],
       [-18.05682618],
       [-18.38882874],
       [-17.35631204],
       [-17.9474057 ],
       [-16.44360004],
       [-18.32968802],
       [-17.4724544 ],
       [ -4.2769264 ],
       [ -3.02306105],
       [-18.56020471],
       [-17.99602055],
       [-17.5045674 ],
       [-18.57160784],
       [-16.0745792 ],
       [-18.36613096],
       [-17.8493265 ],
       [-16.17783086],
       [ -1.49888609],
       [-18.44266347],
       [-18.28486395],
       [-18.20724489],
       [  0.81644684],
       [-18.47226207],
       [-16.19536374],
       [-16.61635945],
       [ -9.83489827]])
<<<<<<<<<<< STEP 10 >>>>>>>>>>>> + array([[-0.500051  ],
       [ 0.00419253],
       [-0.50033987],
       [-0.50068309],
       [-0.58453361],
       [-0.50033419],
       [-0.50000165],
       [ 0.00395751],
       [-0.56608801],
       [-0.63311943],
       [-0.49994514],
       [-0.50033962],
       [-0.50076306],
       [-0.50045688],
       [-0.50002966],
       [-0.50033255],
       [-0.50064485],
       [-0.5000063 ],
       [-0.50087486],
       [-0.5003422 ],
       [-0.50082251],
       [-0.31571573],
       [-0.24701416],
       [-0.50025659],
       [-0.50004921],
       [-0.5006031 ],
       [-0.50032573],
       [-0.49972681],
       [-0.50037373],
       [-0.49998812],
       [-0.50005684],
       [-0.05267016],
       [-0.50036032],
       [-0.50005647],
       [-0.50002339],
       [-0.0093825 ],
       [-0.5003416 ],
       [-0.50026458],
       [-0.5003494 ],
       [-0.52385578]])
array([[-18.39987165],
       [ -0.19442829],
       [-18.72060734],
       [-18.00222014],
       [ -7.73315625],
       [-19.16703668],
       [-18.35822747],
       [ -0.34888321],
       [ -5.21522172],
       [ -5.27468643],
       [-18.69185971],
       [-16.49007368],
       [-17.94661961],
       [-17.14792776],
       [-18.55685583],
       [-18.88916129],
       [-17.8569569 ],
       [-18.447412  ],
       [-16.9444749 ],
       [-18.83003022],
       [-17.9732769 ],
       [ -4.59264213],
       [ -3.27007521],
       [-19.0604613 ],
       [-18.49606976],
       [-18.00517049],
       [-19.07193357],
       [-16.57430601],
       [-18.86650469],
       [-18.34931463],
       [-16.6778877 ],
       [ -1.55155625],
       [-18.94302379],
       [-18.78492042],
       [-18.70726828],
       [  0.80706434],
       [-18.97260366],
       [-16.69562832],
       [-17.11670884],
       [-10.35875405]])
<<<<<<<<<<< STEP 11 >>>>>>>>>>>> + array([[-0.50004062],
       [ 0.00439516],
       [-0.50028846],
       [-0.50057165],
       [-0.57308209],
       [-0.50028563],
       [-0.50000013],
       [ 0.00358166],
       [-0.59620818],
       [-0.6566896 ],
       [-0.49995015],
       [-0.50034409],
       [-0.50064546],
       [-0.500387  ],
       [-0.50002369],
       [-0.50028187],
       [-0.50054053],
       [-0.50000486],
       [-0.50074264],
       [-0.5002898 ],
       [-0.5006972 ],
       [-0.37226442],
       [-0.24010861],
       [-0.50021505],
       [-0.5000429 ],
       [-0.5005058 ],
       [-0.50026918],
       [-0.49979408],
       [-0.50031494],
       [-0.4999895 ],
       [-0.50001132],
       [-0.05415206],
       [-0.5003069 ],
       [-0.50005025],
       [-0.50001106],
       [-0.00776961],
       [-0.50028905],
       [-0.50025452],
       [-0.50029305],
       [-0.51942105]])
array([[-18.89991227],
       [ -0.19003314],
       [-19.2208958 ],
       [-18.50279179],
       [ -8.30623835],
       [-19.66732231],
       [-18.8582276 ],
       [ -0.34530156],
       [ -5.8114299 ],
       [ -5.93137603],
       [-19.19180986],
       [-16.99041777],
       [-18.44726507],
       [-17.64831477],
       [-19.05687953],
       [-19.38944316],
       [-18.35749743],
       [-18.94741685],
       [-17.44521754],
       [-19.33032002],
       [-18.4739741 ],
       [ -4.96490655],
       [ -3.51018382],
       [-19.56067635],
       [-18.99611266],
       [-18.5056763 ],
       [-19.57220275],
       [-17.07410009],
       [-19.36681963],
       [-18.84930413],
       [-17.17789902],
       [ -1.60570831],
       [-19.44333069],
       [-19.28497067],
       [-19.20727933],
       [  0.79929473],
       [-19.47289272],
       [-17.19588284],
       [-17.61700189],
       [-10.8781751 ]])
<<<<<<<<<<< STEP 12 >>>>>>>>>>>> + array([[-0.50003154],
       [ 0.00459954],
       [-0.50023448],
       [-0.50046379],
       [-0.55912556],
       [-0.50023413],
       [-0.49999824],
       [ 0.00322082],
       [-0.60131956],
       [-0.645761  ],
       [-0.49995783],
       [-0.50029418],
       [-0.50052884],
       [-0.50032204],
       [-0.50001883],
       [-0.50022922],
       [-0.50043771],
       [-0.50000339],
       [-0.5006051 ],
       [-0.50023468],
       [-0.50057229],
       [-0.42928504],
       [-0.22415261],
       [-0.50017395],
       [-0.50003467],
       [-0.50040952],
       [-0.50021561],
       [-0.49986788],
       [-0.50025531],
       [-0.49999053],
       [-0.49999254],
       [-0.05591122],
       [-0.50024989],
       [-0.50004258],
       [-0.50000448],
       [-0.00661822],
       [-0.50023523],
       [-0.50021497],
       [-0.50024358],
       [-0.51542876]])
array([[-19.39994381],
       [ -0.1854336 ],
       [-19.72113029],
       [-19.00325558],
       [ -8.86536391],
       [-20.16755644],
       [-19.35822583],
       [ -0.34208074],
       [ -6.41274946],
       [ -6.57713703],
       [-19.69176769],
       [-17.49071195],
       [-18.94779391],
       [-18.1486368 ],
       [-19.55689835],
       [-19.88967238],
       [-18.85793514],
       [-19.44742024],
       [-17.94582264],
       [-19.8305547 ],
       [-18.97454639],
       [ -5.39419159],
       [ -3.73433643],
       [-20.06085031],
       [-19.49614732],
       [-19.00608581],
       [-20.07241836],
       [-17.57396797],
       [-19.86707494],
       [-19.34929466],
       [-17.67789156],
       [ -1.66161953],
       [-19.94358058],
       [-19.78501324],
       [-19.70728382],
       [  0.7926765 ],
       [-19.97312795],
       [-17.69609781],
       [-18.11724547],
       [-11.39360385]])
<<<<<<<<<<< STEP 13 >>>>>>>>>>>> + array([[-0.50002342],
       [ 0.00481462],
       [-0.50018129],
       [-0.50036256],
       [-0.5453325 ],
       [-0.50018296],
       [-0.49999643],
       [ 0.00296561],
       [-0.58874191],
       [-0.61723136],
       [-0.49996659],
       [-0.50022087],
       [-0.50041526],
       [-0.50025871],
       [-0.50001475],
       [-0.50017766],
       [-0.50034004],
       [-0.5000022 ],
       [-0.50046982],
       [-0.50018035],
       [-0.50044998],
       [-0.47698101],
       [-0.20410043],
       [-0.50013457],
       [-0.5000258 ],
       [-0.50031787],
       [-0.50016567],
       [-0.49993701],
       [-0.50019739],
       [-0.49999155],
       [-0.49998826],
       [-0.05804595],
       [-0.50019315],
       [-0.50003442],
       [-0.5000013 ],
       [-0.00585588],
       [-0.50018275],
       [-0.50016165],
       [-0.50019676],
       [-0.51182323]])
array([[-19.89996723],
       [ -0.18061898],
       [-20.22131158],
       [-19.50361815],
       [ -9.41069641],
       [-20.66773941],
       [-19.85822227],
       [ -0.33911513],
       [ -7.00149138],
       [ -7.19436839],
       [-20.19173427],
       [-17.99093282],
       [-19.44820918],
       [-18.64889551],
       [-20.0569131 ],
       [-20.38985004],
       [-19.35827518],
       [-19.94742245],
       [-18.44629247],
       [-20.33073505],
       [-19.47499637],
       [ -5.8711726 ],
       [ -3.93843685],
       [-20.56098488],
       [-19.99617313],
       [-19.50640368],
       [-20.57258403],
       [-18.07390498],
       [-20.36727233],
       [-19.84928621],
       [-18.17787982],
       [ -1.71966549],
       [-20.44377373],
       [-20.28504767],
       [-20.20728511],
       [  0.78682062],
       [-20.47331069],
       [-18.19625946],
       [-18.61744222],
       [-11.90542708]])
<<<<<<<<<<< STEP 14 >>>>>>>>>>>> + array([[-0.50001668],
       [ 0.00501376],
       [-0.50013519],
       [-0.50027581],
       [-0.53362046],
       [-0.50013818],
       [-0.49999518],
       [ 0.00292254],
       [-0.5701543 ],
       [-0.58739196],
       [-0.49997473],
       [-0.50015251],
       [-0.50031327],
       [-0.50019781],
       [-0.5000114 ],
       [-0.50013295],
       [-0.50025611],
       [-0.50000145],
       [-0.50035191],
       [-0.50013325],
       [-0.50033967],
       [-0.50760689],
       [-0.18502095],
       [-0.50010067],
       [-0.50001794],
       [-0.5002391 ],
       [-0.50012306],
       [-0.49998856],
       [-0.50014722],
       [-0.49999281],
       [-0.49998943],
       [-0.06055933],
       [-0.50014354],
       [-0.50002712],
       [-0.49999967],
       [-0.00535467],
       [-0.50013715],
       [-0.50011114],
       [-0.50015129],
       [-0.50880113]])
array([[-20.39998392],
       [ -0.17560521],
       [-20.72144677],
       [-20.00389395],
       [ -9.94431687],
       [-21.16787759],
       [-20.35821745],
       [ -0.33619259],
       [ -7.57164568],
       [ -7.78176035],
       [-20.691709  ],
       [-18.49108533],
       [-19.94852244],
       [-19.14909332],
       [-20.5569245 ],
       [-20.88998299],
       [-19.8585313 ],
       [-20.4474239 ],
       [-18.94664438],
       [-20.8308683 ],
       [-19.97533604],
       [ -6.37877949],
       [ -4.1234578 ],
       [-21.06108556],
       [-20.49619106],
       [-20.00664278],
       [-21.0727071 ],
       [-18.57389353],
       [-20.86741955],
       [-20.34927902],
       [-18.67786925],
       [ -1.78022482],
       [-20.94391727],
       [-20.78507479],
       [-20.70728478],
       [  0.78146595],
       [-20.97344784],
       [-18.69637061],
       [-19.11759351],
       [-12.4142282 ]])
<<<<<<<<<<< STEP 15 >>>>>>>>>>>> + array([[-0.50001154],
       [ 0.00517537],
       [-0.50009901],
       [-0.50020692],
       [-0.52456907],
       [-0.50010258],
       [-0.4999946 ],
       [ 0.00312151],
       [-0.55279166],
       [-0.5631098 ],
       [-0.49998141],
       [-0.50010042],
       [-0.50022892],
       [-0.50014334],
       [-0.50000873],
       [-0.5000977 ],
       [-0.50018973],
       [-0.50000109],
       [-0.50025848],
       [-0.50009631],
       [-0.50024819],
       [-0.5208138 ],
       [-0.16965053],
       [-0.500074  ],
       [-0.50001185],
       [-0.50017684],
       [-0.50008955],
       [-0.5000199 ],
       [-0.50010765],
       [-0.49999423],
       [-0.49999172],
       [-0.06343624],
       [-0.50010435],
       [-0.50002122],
       [-0.49999872],
       [-0.00500866],
       [-0.50010101],
       [-0.50007184],
       [-0.50010975],
       [-0.50644579]])
array([[-20.89999546],
       [ -0.17042984],
       [-21.22154578],
       [-20.50410088],
       [-10.46888594],
       [-21.66798017],
       [-20.85821204],
       [ -0.33307107],
       [ -8.12443733],
       [ -8.34487015],
       [-21.19169041],
       [-18.99118575],
       [-20.44875137],
       [-19.64923666],
       [-21.05693323],
       [-21.39008069],
       [-20.35872103],
       [-20.94742499],
       [-19.44690285],
       [-21.33096461],
       [-20.47558423],
       [ -6.89959329],
       [ -4.29310833],
       [-21.56115955],
       [-20.99620292],
       [-20.50681962],
       [-21.57279665],
       [-19.07391343],
       [-21.36752721],
       [-20.84927325],
       [-19.17786096],
       [ -1.84366105],
       [-21.44402162],
       [-21.28509601],
       [-21.2072835 ],
       [  0.77645729],
       [-21.47354885],
       [-19.19644244],
       [-19.61770326],
       [-12.920674  ]])
<<<<<<<<<<< STEP 16 >>>>>>>>>>>> + array([[-0.50000784],
       [ 0.00529488],
       [-0.50007212],
       [-0.50015465],
       [-0.51790274],
       [-0.50007574],
       [-0.49999458],
       [ 0.00349013],
       [-0.53898774],
       [-0.54520237],
       [-0.4999865 ],
       [-0.50006448],
       [-0.50016386],
       [-0.50009926],
       [-0.50000666],
       [-0.50007138],
       [-0.50013975],
       [-0.50000094],
       [-0.50018848],
       [-0.50006902],
       [-0.50017749],
       [-0.52257744],
       [-0.15876703],
       [-0.50005408],
       [-0.50000756],
       [-0.50013004],
       [-0.50006457],
       [-0.50003528],
       [-0.50007813],
       [-0.49999558],
       [-0.49999375],
       [-0.06668502],
       [-0.50007519],
       [-0.50001662],
       [-0.49999819],
       [-0.00475773],
       [-0.50007389],
       [-0.50004449],
       [-0.50007566],
       [-0.50469354]])
array([[-21.4000033 ],
       [ -0.16513497],
       [-21.7216179 ],
       [-21.00425553],
       [-10.98678867],
       [-22.16805591],
       [-21.35820663],
       [ -0.32958094],
       [ -8.66342508],
       [ -8.89007251],
       [-21.69167691],
       [-19.49125023],
       [-20.94891523],
       [-20.14933592],
       [-21.55693989],
       [-21.89015206],
       [-20.85886078],
       [-21.44742593],
       [-19.94709134],
       [-21.83103363],
       [-20.97576172],
       [ -7.42217073],
       [ -4.45187537],
       [-22.06121363],
       [-21.49621047],
       [-21.00694966],
       [-22.07286122],
       [-19.57394871],
       [-21.86760534],
       [-21.34926883],
       [-19.67785471],
       [ -1.91034607],
       [-21.94409681],
       [-21.78511263],
       [-21.70728169],
       [  0.77169955],
       [-21.97362274],
       [-19.69648693],
       [-20.11777892],
       [-13.42536754]])
<<<<<<<<<<< STEP 17 >>>>>>>>>>>> + array([[-0.50000528],
       [ 0.00537743],
       [-0.50005264],
       [-0.50011584],
       [-0.51309203],
       [-0.500056  ],
       [-0.49999496],
       [ 0.0039201 ],
       [-0.52872183],
       [-0.53249269],
       [-0.49999024],
       [-0.5000409 ],
       [-0.50011623],
       [-0.50006667],
       [-0.50000508],
       [-0.50005223],
       [-0.50010303],
       [-0.50000086],
       [-0.50013751],
       [-0.50004947],
       [-0.50012569],
       [-0.51940623],
       [-0.15234524],
       [-0.50003958],
       [-0.5000047 ],
       [-0.50009571],
       [-0.50004654],
       [-0.50004027],
       [-0.50005673],
       [-0.4999967 ],
       [-0.4999953 ],
       [-0.07033358],
       [-0.50005418],
       [-0.50001303],
       [-0.49999801],
       [-0.00457276],
       [-0.50005409],
       [-0.50002667],
       [-0.50005035],
       [-0.50342154]])
array([[-21.90000858],
       [ -0.15975754],
       [-22.22167054],
       [-21.50437137],
       [-11.4998807 ],
       [-22.66811191],
       [-21.85820158],
       [ -0.32566084],
       [ -9.1921469 ],
       [ -9.4225652 ],
       [-22.19166714],
       [-19.99129113],
       [-21.44903146],
       [-20.64940259],
       [-22.05694497],
       [-22.39020429],
       [-21.35896381],
       [-21.94742679],
       [-20.44722885],
       [-22.3310831 ],
       [-21.47588741],
       [ -7.94157697],
       [ -4.60422061],
       [-22.56125321],
       [-21.99621518],
       [-21.50704537],
       [-22.57290776],
       [-20.07398898],
       [-22.36766207],
       [-21.84926553],
       [-20.17785001],
       [ -1.98067966],
       [-22.44415098],
       [-22.28512566],
       [-22.2072797 ],
       [  0.76712679],
       [-22.47367684],
       [-20.19651361],
       [-20.61782927],
       [-13.92878908]])
<<<<<<<<<<< STEP 18 >>>>>>>>>>>> + array([[-0.50000355],
       [ 0.00543046],
       [-0.50003863],
       [-0.50008725],
       [-0.50963689],
       [-0.50004159],
       [-0.49999554],
       [ 0.00433145],
       [-0.52126894],
       [-0.52356382],
       [-0.49999291],
       [-0.50002583],
       [-0.50008245],
       [-0.50004409],
       [-0.50000389],
       [-0.50003842],
       [-0.50007629],
       [-0.50000079],
       [-0.5001008 ],
       [-0.50003565],
       [-0.50008897],
       [-0.5151519 ],
       [-0.15014056],
       [-0.50002911],
       [-0.50000288],
       [-0.50007076],
       [-0.50003371],
       [-0.50003934],
       [-0.50004139],
       [-0.49999756],
       [-0.49999644],
       [-0.07442189],
       [-0.50003923],
       [-0.50001021],
       [-0.49999806],
       [-0.00443858],
       [-0.50003979],
       [-0.50001554],
       [-0.50003286],
       [-0.50250676]])
array([[-22.40001214],
       [ -0.15432708],
       [-22.72170917],
       [-22.00445862],
       [-12.00951759],
       [-23.1681535 ],
       [-22.35819712],
       [ -0.32132939],
       [ -9.71341585],
       [ -9.94612902],
       [-22.69166006],
       [-20.49131696],
       [-21.9491139 ],
       [-21.14944668],
       [-22.55694886],
       [-22.89024271],
       [-21.85904009],
       [-22.44742758],
       [-20.94732964],
       [-22.83111875],
       [-21.97597638],
       [ -8.45672886],
       [ -4.75436116],
       [-23.06128232],
       [-22.49621805],
       [-22.00711614],
       [-23.07294147],
       [-20.57402832],
       [-22.86770346],
       [-22.3492631 ],
       [-20.67784644],
       [ -2.05510155],
       [-22.94419022],
       [-22.78513587],
       [-22.70727776],
       [  0.76268821],
       [-22.97371663],
       [-20.69652915],
       [-21.11786213],
       [-14.43129584]])
<<<<<<<<<<< STEP 19 >>>>>>>>>>>> + array([[-0.50000239],
       [ 0.00546048],
       [-0.50002853],
       [-0.50006614],
       [-0.5071455 ],
       [-0.50003105],
       [-0.49999619],
       [ 0.00468577],
       [-0.51587121],
       [-0.51726434],
       [-0.49999483],
       [-0.50001631],
       [-0.50005882],
       [-0.500029  ],
       [-0.50000299],
       [-0.50002846],
       [-0.50005681],
       [-0.50000072],
       [-0.50007436],
       [-0.50002588],
       [-0.5000633 ],
       [-0.51134738],
       [-0.15189237],
       [-0.50002155],
       [-0.50000174],
       [-0.50005263],
       [-0.5000246 ],
       [-0.5000355 ],
       [-0.50003039],
       [-0.4999982 ],
       [-0.49999728],
       [-0.07900124],
       [-0.50002862],
       [-0.50000798],
       [-0.49999825],
       [-0.00434536],
       [-0.50002946],
       [-0.50000878],
       [-0.50002128],
       [-0.50184851]])
array([[-22.90001453],
       [ -0.1488666 ],
       [-23.2217377 ],
       [-22.50452475],
       [-12.51666309],
       [-23.66818454],
       [-22.85819331],
       [ -0.31664362],
       [-10.22928706],
       [-10.46339336],
       [-23.19165489],
       [-20.99133328],
       [-22.44917272],
       [-21.64947568],
       [-23.05695186],
       [-23.39027117],
       [-22.3590969 ],
       [-22.9474283 ],
       [-21.447404  ],
       [-23.33114464],
       [-22.47603968],
       [ -8.96807624],
       [ -4.90625353],
       [-23.56130387],
       [-22.9962198 ],
       [-22.50716876],
       [-23.57296607],
       [-21.07406382],
       [-23.36773385],
       [-22.8492613 ],
       [-21.17784372],
       [ -2.13410279],
       [-23.44421884],
       [-23.28514385],
       [-23.20727601],
       [  0.75834286],
       [-23.47374608],
       [-21.19653793],
       [-21.61788341],
       [-14.93314434]])
<<<<<<<<<<< STEP 20 >>>>>>>>>>>> + array([[-0.50000161],
       [ 0.00547249],
       [-0.5000212 ],
       [-0.50005045],
       [-0.50533357],
       [-0.50002329],
       [-0.49999683],
       [ 0.0049731 ],
       [-0.51192924],
       [-0.51276829],
       [-0.4999962 ],
       [-0.50001034],
       [-0.50004232],
       [-0.50001912],
       [-0.50000231],
       [-0.50002121],
       [-0.50004253],
       [-0.50000063],
       [-0.5000552 ],
       [-0.50001894],
       [-0.5000454 ],
       [-0.5083609 ],
       [-0.15741565],
       [-0.50001605],
       [-0.50000105],
       [-0.50003936],
       [-0.5000181 ],
       [-0.50003053],
       [-0.50002246],
       [-0.49999866],
       [-0.4999979 ],
       [-0.08413657],
       [-0.50002104],
       [-0.50000623],
       [-0.49999851],
       [-0.00428568],
       [-0.50002194],
       [-0.50000477],
       [-0.5000138 ],
       [-0.50137171]])
array([[-23.40001614],
       [ -0.14339411],
       [-23.7217589 ],
       [-23.00457521],
       [-13.02199666],
       [-24.16820784],
       [-23.35819014],
       [ -0.31167052],
       [-10.7412163 ],
       [-10.97616165],
       [-23.69165108],
       [-21.49134361],
       [-22.94921504],
       [-22.1494948 ],
       [-23.55695417],
       [-23.89029238],
       [-22.85913943],
       [-23.44742893],
       [-21.9474592 ],
       [-23.83116358],
       [-22.97608508],
       [ -9.47643715],
       [ -5.06366919],
       [-24.06131992],
       [-23.49622085],
       [-23.00720812],
       [-24.07298416],
       [-21.57409435],
       [-23.86775631],
       [-23.34925995],
       [-21.67784162],
       [ -2.21823936],
       [-23.94423989],
       [-23.78515007],
       [-23.70727452],
       [  0.75405718],
       [-23.97376803],
       [-21.6965427 ],
       [-22.11789721],
       [-15.43451606]])
<<<<<<<<<<< STEP 21 >>>>>>>>>>>> + array([[-0.50000109],
       [ 0.0054701 ],
       [-0.50001583],
       [-0.5000387 ],
       [-0.50400165],
       [-0.50001754],
       [-0.49999741],
       [ 0.00519776],
       [-0.50901335],
       [-0.50951192],
       [-0.49999718],
       [-0.50000658],
       [-0.50003071],
       [-0.50001268],
       [-0.5000018 ],
       [-0.5000159 ],
       [-0.50003198],
       [-0.50000055],
       [-0.50004119],
       [-0.50001396],
       [-0.50003282],
       [-0.50613438],
       [-0.16664569],
       [-0.500012  ],
       [-0.50000063],
       [-0.50002957],
       [-0.50001341],
       [-0.50002543],
       [-0.50001669],
       [-0.49999899],
       [-0.49999837],
       [-0.08990936],
       [-0.50001557],
       [-0.50000484],
       [-0.49999878],
       [-0.00425359],
       [-0.50001643],
       [-0.50000244],
       [-0.50000901],
       [-0.50102296]])
array([[-23.90001723],
       [ -0.13792401],
       [-24.22177473],
       [-23.5046139 ],
       [-13.5259983 ],
       [-24.66822538],
       [-23.85818755],
       [ -0.30647276],
       [-11.25022965],
       [-11.48567357],
       [-24.19164827],
       [-21.9913502 ],
       [-23.44924575],
       [-22.64950748],
       [-24.05695596],
       [-24.39030828],
       [-23.35917141],
       [-23.94742948],
       [-22.44750039],
       [-24.33117754],
       [-23.4761179 ],
       [ -9.98257152],
       [ -5.23031488],
       [-24.56133192],
       [-23.99622148],
       [-23.5072377 ],
       [-24.57299757],
       [-22.07411978],
       [-24.36777299],
       [-23.84925895],
       [-22.17783999],
       [ -2.30814871],
       [-24.44425546],
       [-24.28515492],
       [-24.2072733 ],
       [  0.74980359],
       [-24.47378446],
       [-22.19654514],
       [-22.61790623],
       [-15.93553901]])
<<<<<<<<<<< STEP 22 >>>>>>>>>>>> + array([[-0.50000073],
       [ 0.00545579],
       [-0.50001185],
       [-0.5000298 ],
       [-0.50301153],
       [-0.50001323],
       [-0.49999792],
       [ 0.00536966],
       [-0.50682655],
       [-0.50711695],
       [-0.49999791],
       [-0.50000421],
       [-0.50002245],
       [-0.50000847],
       [-0.5000014 ],
       [-0.50001195],
       [-0.50002411],
       [-0.50000048],
       [-0.50003083],
       [-0.50001033],
       [-0.50002389],
       [-0.50450505],
       [-0.17964623],
       [-0.500009  ],
       [-0.50000038],
       [-0.50002228],
       [-0.50000999],
       [-0.50002068],
       [-0.50001243],
       [-0.49999924],
       [-0.49999872],
       [-0.09642129],
       [-0.50001158],
       [-0.50000375],
       [-0.49999903],
       [-0.00424433],
       [-0.50001234],
       [-0.50000112],
       [-0.50000595],
       [-0.500765  ]])
array([[-24.40001796],
       [ -0.13246822],
       [-24.72178657],
       [-24.0046437 ],
       [-14.02900983],
       [-25.16823861],
       [-24.35818548],
       [ -0.3011031 ],
       [-11.7570562 ],
       [-11.99279052],
       [-24.69164617],
       [-22.49135441],
       [-23.9492682 ],
       [-23.14951595],
       [-24.55695736],
       [-24.89032024],
       [-23.85919553],
       [-24.44742996],
       [-22.94753121],
       [-24.83118787],
       [-23.97614179],
       [-10.48707657],
       [ -5.40996111],
       [-25.06134092],
       [-24.49622186],
       [-24.00725998],
       [-25.07300756],
       [-22.57414046],
       [-24.86778543],
       [-24.34925819],
       [-22.67783871],
       [ -2.40457   ],
       [-24.94426704],
       [-24.78515867],
       [-24.70727233],
       [  0.74555926],
       [-24.9737968 ],
       [-22.69654626],
       [-23.11791218],
       [-16.43630401]])
<<<<<<<<<<< STEP 23 >>>>>>>>>>>> + array([[-0.50000048],
       [ 0.00543117],
       [-0.50000886],
       [-0.500023  ],
       [-0.50226754],
       [-0.50000997],
       [-0.49999836],
       [ 0.00550008],
       [-0.50516537],
       [-0.5053298 ],
       [-0.49999844],
       [-0.50000271],
       [-0.50001649],
       [-0.5000057 ],
       [-0.50000109],
       [-0.50000899],
       [-0.50001819],
       [-0.50000041],
       [-0.50002308],
       [-0.50000766],
       [-0.50001746],
       [-0.5033163 ],
       [-0.1965835 ],
       [-0.50000675],
       [-0.50000023],
       [-0.5000168 ],
       [-0.50000746],
       [-0.50001649],
       [-0.50000927],
       [-0.49999942],
       [-0.499999  ],
       [-0.1037992 ],
       [-0.50000862],
       [-0.50000289],
       [-0.49999926],
       [-0.00425411],
       [-0.50000927],
       [-0.50000039],
       [-0.50000399],
       [-0.50057207]])
array([[-24.90001845],
       [ -0.12703705],
       [-25.22179544],
       [-24.5046667 ],
       [-14.53127737],
       [-25.66824857],
       [-24.85818383],
       [ -0.29560303],
       [-12.26222156],
       [-12.49812032],
       [-25.19164461],
       [-22.99135712],
       [-24.44928469],
       [-23.64952165],
       [-25.05695845],
       [-25.39032923],
       [-24.35921371],
       [-24.94743038],
       [-23.44755429],
       [-25.33119553],
       [-24.47615925],
       [-10.99039287],
       [ -5.60654462],
       [-25.56134767],
       [-24.99622209],
       [-24.50727678],
       [-25.57301503],
       [-23.07415695],
       [-25.36779469],
       [-24.8492576 ],
       [-23.17783771],
       [ -2.5083692 ],
       [-25.44427566],
       [-25.28516155],
       [-25.20727159],
       [  0.74130516],
       [-25.47380607],
       [-23.19654665],
       [-23.61791617],
       [-16.93687609]])
<<<<<<<<<<< STEP 24 >>>>>>>>>>>> + array([[-0.50000031],
       [ 0.00539712],
       [-0.50000661],
       [-0.50001776],
       [-0.50170313],
       [-0.50000748],
       [-0.49999872],
       [ 0.00559988],
       [-0.50388982],
       [-0.50397926],
       [-0.49999884],
       [-0.50000174],
       [-0.50001214],
       [-0.50000386],
       [-0.50000085],
       [-0.50000675],
       [-0.50001369],
       [-0.50000036],
       [-0.50001722],
       [-0.50000567],
       [-0.50001276],
       [-0.50244509],
       [-0.21765912],
       [-0.50000504],
       [-0.50000014],
       [-0.50001264],
       [-0.50000557],
       [-0.50001291],
       [-0.50000688],
       [-0.49999955],
       [-0.49999921],
       [-0.11220233],
       [-0.50000641],
       [-0.5000022 ],
       [-0.49999945],
       [-0.00428006],
       [-0.50000695],
       [-0.50000002],
       [-0.50000272],
       [-0.5004263 ]])
array([[-25.40001875],
       [ -0.12163993],
       [-25.72180204],
       [-25.00468447],
       [-15.0329805 ],
       [-26.16825605],
       [-25.35818255],
       [ -0.29000315],
       [-12.76611138],
       [-13.00209958],
       [-25.69164345],
       [-23.49135886],
       [-24.94929683],
       [-24.14952551],
       [-25.5569593 ],
       [-25.89033599],
       [-24.8592274 ],
       [-25.44743073],
       [-23.94757151],
       [-25.83120121],
       [-24.97617201],
       [-11.49283796],
       [ -5.82420374],
       [-26.06135272],
       [-25.49622224],
       [-25.00728941],
       [-26.0730206 ],
       [-23.57416986],
       [-25.86780157],
       [-25.34925716],
       [-23.67783692],
       [ -2.62057153],
       [-25.94428207],
       [-25.78516376],
       [-25.70727103],
       [  0.73702509],
       [-25.97381302],
       [-23.69654667],
       [-24.1179189 ],
       [-17.43730239]])
<<<<<<<<<<< STEP 25 >>>>>>>>>>>> + array([[-0.50000019],
       [ 0.00535403],
       [-0.50000488],
       [-0.5000137 ],
       [-0.50127173],
       [-0.50000557],
       [-0.49999901],
       [ 0.0056788 ],
       [-0.50290274],
       [-0.50294865],
       [-0.49999914],
       [-0.50000112],
       [-0.50000891],
       [-0.50000261],
       [-0.50000066],
       [-0.50000504],
       [-0.50001024],
       [-0.50000031],
       [-0.50001276],
       [-0.50000417],
       [-0.50000929],
       [-0.50180183],
       [-0.24298532],
       [-0.50000374],
       [-0.50000009],
       [-0.50000946],
       [-0.50000415],
       [-0.50000992],
       [-0.50000507],
       [-0.49999966],
       [-0.49999938],
       [-0.12183295],
       [-0.50000474],
       [-0.50000166],
       [-0.49999961],
       [-0.00432023],
       [-0.50000518],
       [-0.49999984],
       [-0.50000189],
       [-0.50031526]])
array([[-25.90001894],
       [ -0.11628589],
       [-26.22180693],
       [-25.50469817],
       [-15.53425223],
       [-26.66826162],
       [-25.85818156],
       [ -0.28432435],
       [-13.26901412],
       [-13.50504823],
       [-26.19164259],
       [-23.99135998],
       [-25.44930574],
       [-24.64952812],
       [-26.05695996],
       [-26.39034103],
       [-25.35923764],
       [-25.94743104],
       [-24.44758427],
       [-26.33120538],
       [-25.47618131],
       [-11.99463978],
       [ -6.06718905],
       [-26.56135645],
       [-25.99622233],
       [-25.50729887],
       [-26.57302475],
       [-24.07417978],
       [-26.36780664],
       [-25.84925682],
       [-24.17783629],
       [ -2.74240447],
       [-26.44428681],
       [-26.28516542],
       [-26.20727064],
       [  0.73270486],
       [-26.4738182 ],
       [-24.19654651],
       [-24.61792079],
       [-17.93761764]])
<<<<<<<<<<< STEP 26 >>>>>>>>>>>> + array([[-0.5000001 ],
       [ 0.00530195],
       [-0.50000357],
       [-0.50001054],
       [-0.50094053],
       [-0.50000409],
       [-0.49999925],
       [ 0.00574515],
       [-0.50213614],
       [-0.50215769],
       [-0.49999936],
       [-0.50000071],
       [-0.5000065 ],
       [-0.50000176],
       [-0.50000052],
       [-0.50000373],
       [-0.5000076 ],
       [-0.50000027],
       [-0.50000935],
       [-0.50000303],
       [-0.5000067 ],
       [-0.50132338],
       [-0.27238742],
       [-0.50000274],
       [-0.50000006],
       [-0.50000702],
       [-0.50000306],
       [-0.50000747],
       [-0.50000369],
       [-0.49999974],
       [-0.49999951],
       [-0.13295133],
       [-0.50000346],
       [-0.50000124],
       [-0.49999974],
       [-0.00437364],
       [-0.50000382],
       [-0.49999977],
       [-0.50000134],
       [-0.50023026]])
array([[-26.40001904],
       [ -0.11098394],
       [-26.72181049],
       [-26.00470871],
       [-16.03519276],
       [-27.16826571],
       [-26.35818082],
       [ -0.2785792 ],
       [-13.77115026],
       [-14.00720592],
       [-26.69164195],
       [-24.49136069],
       [-25.94931224],
       [-25.14952988],
       [-26.55696048],
       [-26.89034476],
       [-25.85924524],
       [-26.44743131],
       [-24.94759362],
       [-26.83120841],
       [-25.97618801],
       [-12.49596316],
       [ -6.33957648],
       [-27.06135919],
       [-26.49622239],
       [-26.00730588],
       [-27.07302781],
       [-24.57418725],
       [-26.86781033],
       [-26.34925655],
       [-24.6778358 ],
       [ -2.87535581],
       [-26.94429027],
       [-26.78516666],
       [-26.70727038],
       [  0.72833123],
       [-26.97382202],
       [-24.69654628],
       [-25.11792213],
       [-18.43784791]])
<<<<<<<<<<< STEP 27 >>>>>>>>>>>> + array([[-0.50000003],
       [ 0.00524089],
       [-0.50000256],
       [-0.50000807],
       [-0.50068629],
       [-0.50000296],
       [-0.49999944],
       [ 0.00580533],
       [-0.5015421 ],
       [-0.50155076],
       [-0.49999954],
       [-0.50000044],
       [-0.50000468],
       [-0.50000117],
       [-0.5000004 ],
       [-0.50000272],
       [-0.50000557],
       [-0.50000023],
       [-0.50000673],
       [-0.50000217],
       [-0.50000476],
       [-0.50096585],
       [-0.30515104],
       [-0.50000197],
       [-0.50000004],
       [-0.50000514],
       [-0.50000223],
       [-0.50000549],
       [-0.50000263],
       [-0.4999998 ],
       [-0.49999961],
       [-0.14589487],
       [-0.50000249],
       [-0.50000091],
       [-0.49999984],
       [-0.00444059],
       [-0.50000277],
       [-0.49999976],
       [-0.50000097],
       [-0.50016524]])
array([[-26.90001907],
       [ -0.10574306],
       [-27.22181305],
       [-26.50471678],
       [-16.53587905],
       [-27.66826867],
       [-26.85818026],
       [ -0.27277387],
       [-14.27269236],
       [-14.50875668],
       [-27.19164149],
       [-24.99136112],
       [-26.44931692],
       [-25.64953105],
       [-27.05696088],
       [-27.39034748],
       [-26.35925082],
       [-26.94743154],
       [-25.44760035],
       [-27.33121058],
       [-26.47619277],
       [-12.99692901],
       [ -6.64472752],
       [-27.56136116],
       [-26.99622243],
       [-26.50731103],
       [-27.57303004],
       [-25.07419274],
       [-27.36781296],
       [-26.84925635],
       [-25.17783542],
       [ -3.02125068],
       [-27.44429276],
       [-27.28516757],
       [-27.20727023],
       [  0.72389064],
       [-27.47382479],
       [-25.19654605],
       [-25.6179231 ],
       [-18.93801315]])
<<<<<<<<<<< STEP 28 >>>>>>>>>>>> + array([[-0.49999999],
       [ 0.00517123],
       [-0.50000179],
       [-0.50000615],
       [-0.50049242],
       [-0.50000209],
       [-0.4999996 ],
       [ 0.00586335],
       [-0.50108636],
       [-0.50108875],
       [-0.49999967],
       [-0.50000026],
       [-0.50000333],
       [-0.50000076],
       [-0.50000031],
       [-0.50000195],
       [-0.50000403],
       [-0.5000002 ],
       [-0.50000475],
       [-0.50000152],
       [-0.50000331],
       [-0.50069871],
       [-0.3398115 ],
       [-0.50000139],
       [-0.50000003],
       [-0.50000371],
       [-0.5000016 ],
       [-0.50000393],
       [-0.50000183],
       [-0.49999984],
       [-0.4999997 ],
       [-0.16109713],
       [-0.50000176],
       [-0.50000065],
       [-0.49999992],
       [-0.00452284],
       [-0.50000198],
       [-0.49999978],
       [-0.50000071],
       [-0.50011589]])
array([[-27.40001906],
       [ -0.10057183],
       [-27.72181484],
       [-27.00472293],
       [-17.03637147],
       [-28.16827076],
       [-27.35817986],
       [ -0.26691052],
       [-14.77377873],
       [-15.00984543],
       [-27.69164116],
       [-25.49136138],
       [-26.94932025],
       [-26.14953182],
       [-27.55696119],
       [-27.89034943],
       [-26.85925484],
       [-27.44743175],
       [-25.9476051 ],
       [-27.8312121 ],
       [-26.97619609],
       [-13.49762773],
       [ -6.98453902],
       [-28.06136255],
       [-27.49622246],
       [-27.00731474],
       [-28.07303165],
       [-25.57419667],
       [-27.86781479],
       [-27.34925619],
       [-25.67783511],
       [ -3.18234781],
       [-27.94429452],
       [-27.78516822],
       [-27.70727015],
       [  0.7193678 ],
       [-27.97382677],
       [-25.69654582],
       [-26.11792381],
       [-19.43812904]])
<<<<<<<<<<< STEP 29 >>>>>>>>>>>> + array([[-0.49999996],
       [ 0.00509409],
       [-0.50000122],
       [-0.50000467],
       [-0.50034666],
       [-0.50000144],
       [-0.49999971],
       [ 0.0059203 ],
       [-0.50074344],
       [-0.50074315],
       [-0.49999977],
       [-0.50000014],
       [-0.50000232],
       [-0.50000048],
       [-0.50000024],
       [-0.50000137],
       [-0.50000286],
       [-0.50000018],
       [-0.50000327],
       [-0.50000103],
       [-0.50000225],
       [-0.50050042],
       [-0.37417976],
       [-0.50000095],
       [-0.50000002],
       [-0.50000264],
       [-0.50000113],
       [-0.50000274],
       [-0.50000124],
       [-0.49999988],
       [-0.49999976],
       [-0.17909545],
       [-0.50000121],
       [-0.50000045],
       [-0.49999998],
       [-0.00462368],
       [-0.50000138],
       [-0.49999981],
       [-0.50000054],
       [-0.50007906]])
array([[-27.90001902],
       [ -0.09547774],
       [-28.22181605],
       [-27.5047276 ],
       [-17.53671813],
       [-28.6682722 ],
       [-27.85817957],
       [ -0.26099022],
       [-15.27452216],
       [-15.51058858],
       [-28.19164093],
       [-25.99136152],
       [-27.44932256],
       [-26.6495323 ],
       [-28.05696142],
       [-28.3903508 ],
       [-27.3592577 ],
       [-27.94743193],
       [-26.44760837],
       [-28.33121313],
       [-27.47619834],
       [-13.99812815],
       [ -7.35871877],
       [-28.5613635 ],
       [-27.99622248],
       [-27.50731738],
       [-28.57303278],
       [-26.07419941],
       [-28.36781602],
       [-27.84925607],
       [-26.17783487],
       [ -3.36144326],
       [-28.44429574],
       [-28.28516867],
       [-28.20727013],
       [  0.71474412],
       [-28.47382815],
       [-26.19654563],
       [-26.61792435],
       [-19.9382081 ]])
