<<<<<<<<<<< STEP 0 >>>>>>>>>>>> + array([[ 0.04430953],
       [-0.94137916],
       [-0.07037101],
       [-0.88093929],
       [-0.92717263],
       [-0.02611037],
       [-0.95889835],
       [-0.99619857],
       [-0.58823544],
       [-0.98444414],
       [-0.96326002],
       [-0.86923466],
       [-0.9610091 ],
       [-1.0663935 ],
       [ 0.03386107],
       [-0.94689269],
       [-1.01257414],
       [ 0.04363305],
       [-0.95513138],
       [-0.97344604],
       [-1.00086449],
       [-1.01832045],
       [-0.10252858],
       [-1.03415791],
       [-0.93916114],
       [-1.03258367],
       [-0.06246379],
       [-0.95439568],
       [-1.02928851],
       [-1.03595125],
       [-1.14576782],
       [-1.00454131],
       [ 0.07176135],
       [-0.93257645],
       [-1.01889065],
       [-0.92232153],
       [-0.93324763],
       [-1.0532833 ],
       [-0.04345144],
       [-0.06979082]])
array([[ 0.04430953],
       [-0.94137916],
       [-0.07037101],
       [-0.88093929],
       [-0.92717263],
       [-0.02611037],
       [-0.95889835],
       [-0.99619857],
       [-0.58823544],
       [-0.98444414],
       [-0.96326002],
       [-0.86923466],
       [-0.9610091 ],
       [-1.0663935 ],
       [ 0.03386107],
       [-0.94689269],
       [-1.01257414],
       [ 0.04363305],
       [-0.95513138],
       [-0.97344604],
       [-1.00086449],
       [-1.01832045],
       [-0.10252858],
       [-1.03415791],
       [-0.93916114],
       [-1.03258367],
       [-0.06246379],
       [-0.95439568],
       [-1.02928851],
       [-1.03595125],
       [-1.14576782],
       [-1.00454131],
       [ 0.07176135],
       [-0.93257645],
       [-1.01889065],
       [-0.92232153],
       [-0.93324763],
       [-1.0532833 ],
       [-0.04345144],
       [-0.06979082]])
<<<<<<<<<<< STEP 1 >>>>>>>>>>>> + array([[-0.02768648],
       [-0.78772396],
       [-0.15189042],
       [-0.91272435],
       [-0.77767716],
       [ 0.00239383],
       [-0.9426891 ],
       [-0.95523202],
       [-0.63010482],
       [-1.00770793],
       [-0.92460904],
       [-0.87530234],
       [-0.96176299],
       [-0.9499699 ],
       [-0.03846192],
       [-0.92336684],
       [-0.99707704],
       [-0.0220765 ],
       [-0.92656724],
       [-0.95805534],
       [-0.98379966],
       [-1.01999699],
       [-0.14239467],
       [-0.92148248],
       [-0.93498335],
       [-0.92027574],
       [-0.12486785],
       [-0.79556134],
       [-0.91961052],
       [-1.01437016],
       [-1.12420063],
       [-0.97590668],
       [-0.02393754],
       [-0.91101061],
       [-1.01039268],
       [-0.87300292],
       [-0.77683716],
       [-1.03886951],
       [-0.12516247],
       [-0.14616487]])
array([[ 0.01662305],
       [-1.72910312],
       [-0.22226143],
       [-1.79366365],
       [-1.7048498 ],
       [-0.02371653],
       [-1.90158745],
       [-1.95143059],
       [-1.21834026],
       [-1.99215207],
       [-1.88786906],
       [-1.74453699],
       [-1.92277209],
       [-2.0163634 ],
       [-0.00460085],
       [-1.87025953],
       [-2.00965117],
       [ 0.02155655],
       [-1.88169861],
       [-1.93150139],
       [-1.98466415],
       [-2.03831744],
       [-0.24492324],
       [-1.95564039],
       [-1.87414449],
       [-1.95285941],
       [-0.18733164],
       [-1.74995702],
       [-1.94889903],
       [-2.05032141],
       [-2.26996845],
       [-1.98044799],
       [ 0.04782382],
       [-1.84358706],
       [-2.02928333],
       [-1.79532445],
       [-1.71008479],
       [-2.09215281],
       [-0.16861391],
       [-0.21595569]])
<<<<<<<<<<< STEP 2 >>>>>>>>>>>> + array([[-0.04522891],
       [-0.66232105],
       [-0.17552879],
       [-0.93467547],
       [-0.65482681],
       [ 0.04321049],
       [-0.91183854],
       [-0.89097964],
       [-0.67429835],
       [-1.01663547],
       [-0.86644655],
       [-0.86512901],
       [-0.95414673],
       [-0.85417441],
       [-0.04903731],
       [-0.88129883],
       [-0.95226113],
       [-0.02919149],
       [-0.86874928],
       [-0.92949972],
       [-0.93911426],
       [-0.99836954],
       [-0.20312405],
       [-0.83635199],
       [-0.92131216],
       [-0.82868661],
       [-0.15260627],
       [-0.67435769],
       [-0.83133784],
       [-0.96273815],
       [-1.08552633],
       [-0.931528  ],
       [-0.04913389],
       [-0.86786538],
       [-0.98342365],
       [-0.80085383],
       [-0.65008566],
       [-1.01516865],
       [-0.15326126],
       [-0.16372992]])
array([[ -2.86058578e-02],
       [ -2.39142418e+00],
       [ -3.97790226e-01],
       [ -2.72833911e+00],
       [ -2.35967661e+00],
       [  1.94939596e-02],
       [ -2.81342598e+00],
       [ -2.84241023e+00],
       [ -1.89263862e+00],
       [ -3.00878754e+00],
       [ -2.75431561e+00],
       [ -2.60966600e+00],
       [ -2.87691882e+00],
       [ -2.87053781e+00],
       [ -5.36381637e-02],
       [ -2.75155836e+00],
       [ -2.96191230e+00],
       [ -7.63493896e-03],
       [ -2.75044789e+00],
       [ -2.86100110e+00],
       [ -2.92377841e+00],
       [ -3.03668698e+00],
       [ -4.48047290e-01],
       [ -2.79199238e+00],
       [ -2.79545665e+00],
       [ -2.78154603e+00],
       [ -3.39937912e-01],
       [ -2.42431471e+00],
       [ -2.78023687e+00],
       [ -3.01305956e+00],
       [ -3.35549478e+00],
       [ -2.91197599e+00],
       [ -1.31007658e-03],
       [ -2.71145244e+00],
       [ -3.01270698e+00],
       [ -2.59617828e+00],
       [ -2.36017046e+00],
       [ -3.10732146e+00],
       [ -3.21875167e-01],
       [ -3.79685605e-01]])
<<<<<<<<<<< STEP 3 >>>>>>>>>>>> + array([[-0.04740144],
       [-0.57511786],
       [-0.17431642],
       [-0.92607224],
       [-0.57174299],
       [ 0.07988522],
       [-0.85590156],
       [-0.81152927],
       [-0.70064947],
       [-0.98688376],
       [-0.79517342],
       [-0.83213229],
       [-0.91421035],
       [-0.78578955],
       [-0.03937392],
       [-0.81323213],
       [-0.87911714],
       [-0.01842369],
       [-0.78315172],
       [-0.871603  ],
       [-0.85931004],
       [-0.93695614],
       [-0.28086663],
       [-0.77744955],
       [-0.89046513],
       [-0.76433152],
       [-0.17331546],
       [-0.59229915],
       [-0.77068138],
       [-0.88455366],
       [-1.01858563],
       [-0.8644339 ],
       [-0.05054223],
       [-0.79939925],
       [-0.92272881],
       [-0.72047497],
       [-0.56149277],
       [-0.96418393],
       [-0.16384806],
       [-0.156678  ]])
array([[-0.0760073 ],
       [-2.96654204],
       [-0.57210664],
       [-3.65441136],
       [-2.9314196 ],
       [ 0.09937918],
       [-3.66932754],
       [-3.6539395 ],
       [-2.59328809],
       [-3.9956713 ],
       [-3.54948903],
       [-3.4417983 ],
       [-3.79112917],
       [-3.65632736],
       [-0.09301208],
       [-3.56479049],
       [-3.84102945],
       [-0.02605863],
       [-3.53359961],
       [-3.7326041 ],
       [-3.78308846],
       [-3.97364312],
       [-0.72891392],
       [-3.56944193],
       [-3.68592178],
       [-3.54587755],
       [-0.51325337],
       [-3.01661386],
       [-3.55091824],
       [-3.89761322],
       [-4.37408041],
       [-3.77640989],
       [-0.0518523 ],
       [-3.51085168],
       [-3.93543579],
       [-3.31665324],
       [-2.92166322],
       [-4.0715054 ],
       [-0.48572322],
       [-0.53636361]])
<<<<<<<<<<< STEP 4 >>>>>>>>>>>> + array([[-0.0468466 ],
       [-0.52135854],
       [-0.16444797],
       [-0.86126972],
       [-0.52284695],
       [ 0.08951335],
       [-0.77358258],
       [-0.73653823],
       [-0.69897674],
       [-0.90376119],
       [-0.71938351],
       [-0.76683107],
       [-0.835658  ],
       [-0.72919993],
       [-0.02954244],
       [-0.73222348],
       [-0.79252218],
       [-0.00808833],
       [-0.69242155],
       [-0.78174808],
       [-0.76735635],
       [-0.83906876],
       [-0.35635504],
       [-0.72758505],
       [-0.82265363],
       [-0.7129086 ],
       [-0.19391073],
       [-0.54060566],
       [-0.72174439],
       [-0.7959103 ],
       [-0.90755649],
       [-0.78513494],
       [-0.04610512],
       [-0.72165759],
       [-0.83168929],
       [-0.65116533],
       [-0.50694259],
       [-0.87586558],
       [-0.16746127],
       [-0.14087003]])
array([[-0.1228539 ],
       [-3.48790058],
       [-0.73655461],
       [-4.51568107],
       [-3.45426656],
       [ 0.18889253],
       [-4.44291012],
       [-4.39047773],
       [-3.29226483],
       [-4.89943249],
       [-4.26887253],
       [-4.20862936],
       [-4.62678716],
       [-4.38552729],
       [-0.12255452],
       [-4.29701397],
       [-4.63355163],
       [-0.03414695],
       [-4.22602116],
       [-4.51435218],
       [-4.55044481],
       [-4.81271187],
       [-1.08526896],
       [-4.29702698],
       [-4.50857541],
       [-4.25878615],
       [-0.7071641 ],
       [-3.55721953],
       [-4.27266264],
       [-4.69352351],
       [-5.2816369 ],
       [-4.56154482],
       [-0.09795742],
       [-4.23250928],
       [-4.76712508],
       [-3.96781858],
       [-3.42860582],
       [-4.94737098],
       [-0.65318449],
       [-0.67723364]])
<<<<<<<<<<< STEP 5 >>>>>>>>>>>> + array([[-0.04420506],
       [-0.49224587],
       [-0.15676156],
       [-0.75506982],
       [-0.4975673 ],
       [ 0.06891989],
       [-0.68802612],
       [-0.67461197],
       [-0.67798523],
       [-0.79063203],
       [-0.65137417],
       [-0.68428246],
       [-0.74259589],
       [-0.68050328],
       [-0.0225974 ],
       [-0.65808279],
       [-0.71359537],
       [-0.0021694 ],
       [-0.62256375],
       [-0.68799644],
       [-0.69223229],
       [-0.73903588],
       [-0.41022532],
       [-0.68241162],
       [-0.72820578],
       [-0.66988441],
       [-0.20937066],
       [-0.50951328],
       [-0.67836109],
       [-0.71470252],
       [-0.77510783],
       [-0.71158145],
       [-0.03960111],
       [-0.65087841],
       [-0.73909748],
       [-0.5974686 ],
       [-0.478029  ],
       [-0.77024983],
       [-0.1669805 ],
       [-0.12639979]])
array([[-0.16705896],
       [-3.98014645],
       [-0.89331618],
       [-5.27075089],
       [-3.95183385],
       [ 0.25781243],
       [-5.13093624],
       [-5.0650897 ],
       [-3.97025007],
       [-5.69006452],
       [-4.9202467 ],
       [-4.89291182],
       [-5.36938305],
       [-5.06603057],
       [-0.14515191],
       [-4.95509675],
       [-5.347147  ],
       [-0.03631635],
       [-4.84858491],
       [-5.20234862],
       [-5.24267709],
       [-5.55174776],
       [-1.49549429],
       [-4.9794386 ],
       [-5.23678119],
       [-4.92867055],
       [-0.91653477],
       [-4.06673281],
       [-4.95102373],
       [-5.40822603],
       [-6.05674473],
       [-5.27312627],
       [-0.13755854],
       [-4.88338768],
       [-5.50622256],
       [-4.56528718],
       [-3.90663481],
       [-5.71762081],
       [-0.82016499],
       [-0.80363342]])
<<<<<<<<<<< STEP 6 >>>>>>>>>>>> + array([[ -4.01474587e-02],
       [ -4.78367190e-01],
       [ -1.55018439e-01],
       [ -6.58448579e-01],
       [ -4.85959617e-01],
       [  3.55017567e-02],
       [ -6.21689012e-01],
       [ -6.27371424e-01],
       [ -6.50860157e-01],
       [ -6.92976263e-01],
       [ -6.00215791e-01],
       [ -6.13987224e-01],
       [ -6.65614323e-01],
       [ -6.40997860e-01],
       [ -1.69747441e-02],
       [ -6.02570485e-01],
       [ -6.53525173e-01],
       [ -3.66642537e-04],
       [ -5.77862791e-01],
       [ -6.16706247e-01],
       [ -6.40307369e-01],
       [ -6.63095783e-01],
       [ -4.43068834e-01],
       [ -6.44205724e-01],
       [ -6.45228321e-01],
       [ -6.35111364e-01],
       [ -2.18174471e-01],
       [ -4.91490205e-01],
       [ -6.41600077e-01],
       [ -6.51880806e-01],
       [ -6.67001978e-01],
       [ -6.54623807e-01],
       [ -3.26539542e-02],
       [ -5.96717683e-01],
       [ -6.67443986e-01],
       [ -5.58445900e-01],
       [ -4.64708530e-01],
       [ -6.82419070e-01],
       [ -1.64260108e-01],
       [ -1.17374766e-01]])
array([[-0.20720642],
       [-4.45851364],
       [-1.04833461],
       [-5.92919947],
       [-4.43779347],
       [ 0.29331418],
       [-5.75262525],
       [-5.69246112],
       [-4.62111022],
       [-6.38304078],
       [-5.52046249],
       [-5.50689905],
       [-6.03499738],
       [-5.70702843],
       [-0.16212666],
       [-5.55766724],
       [-6.00067217],
       [-0.036683  ],
       [-5.4264477 ],
       [-5.81905487],
       [-5.88298446],
       [-6.21484354],
       [-1.93856312],
       [-5.62364432],
       [-5.88200951],
       [-5.56378192],
       [-1.13470924],
       [-4.55822301],
       [-5.5926238 ],
       [-6.06010684],
       [-6.7237467 ],
       [-5.92775008],
       [-0.17021249],
       [-5.48010537],
       [-6.17366654],
       [-5.12373308],
       [-4.37134334],
       [-6.40003988],
       [-0.9844251 ],
       [-0.92100819]])
<<<<<<<<<<< STEP 7 >>>>>>>>>>>> + array([[-0.03587065],
       [-0.47368852],
       [-0.15736922],
       [-0.59330297],
       [-0.48235913],
       [ 0.0043064 ],
       [-0.57760599],
       [-0.5935342 ],
       [-0.6242432 ],
       [-0.62664483],
       [-0.56576314],
       [-0.56650872],
       [-0.61255126],
       [-0.61005111],
       [-0.01210983],
       [-0.56582566],
       [-0.61143434],
       [-0.00093521],
       [-0.55058647],
       [-0.5706756 ],
       [-0.60483417],
       [-0.61230752],
       [-0.46751069],
       [-0.61345174],
       [-0.58879476],
       [-0.60726737],
       [-0.22363072],
       [-0.48263127],
       [-0.61176758],
       [-0.60807313],
       [-0.59683792],
       [-0.61378298],
       [-0.02631735],
       [-0.56057111],
       [-0.61816853],
       [-0.5329702 ],
       [-0.46039466],
       [-0.6224455 ],
       [-0.16101647],
       [-0.11236106]])
array([[-0.24307707],
       [-4.93220216],
       [-1.20570383],
       [-6.52250244],
       [-4.9201526 ],
       [ 0.29762058],
       [-6.33023124],
       [-6.28599532],
       [-5.24535343],
       [-7.00968562],
       [-6.08622563],
       [-6.07340777],
       [-6.64754864],
       [-6.31707955],
       [-0.17423649],
       [-6.1234929 ],
       [-6.61210651],
       [-0.0376182 ],
       [-5.97703417],
       [-6.38973047],
       [-6.48781863],
       [-6.82715106],
       [-2.40607381],
       [-6.23709607],
       [-6.47080427],
       [-6.17104929],
       [-1.35833996],
       [-5.04085428],
       [-6.20439138],
       [-6.66817996],
       [-7.32058463],
       [-6.54153306],
       [-0.19652984],
       [-6.04067648],
       [-6.79183508],
       [-5.65670328],
       [-4.83173801],
       [-7.02248538],
       [-1.14544157],
       [-1.03336925]])
<<<<<<<<<<< STEP 8 >>>>>>>>>>>> + array([[-0.03184278],
       [-0.47467892],
       [-0.16158445],
       [-0.5540193 ],
       [-0.48360137],
       [-0.0186799 ],
       [-0.54969311],
       [-0.56951624],
       [-0.60030931],
       [-0.58467313],
       [-0.54333065],
       [-0.53746142],
       [-0.57774889],
       [-0.58582433],
       [-0.00803449],
       [-0.5426001 ],
       [-0.58210297],
       [-0.00258242],
       [-0.53370558],
       [-0.54266913],
       [-0.57949659],
       [-0.57898561],
       [-0.493267  ],
       [-0.58894096],
       [-0.55379566],
       [-0.58481356],
       [-0.22793312],
       [-0.4801546 ],
       [-0.58780919],
       [-0.57827307],
       [-0.55512711],
       [-0.58451269],
       [-0.02097458],
       [-0.53807267],
       [-0.58476032],
       [-0.51757585],
       [-0.46155387],
       [-0.58358609],
       [-0.15807536],
       [-0.10929029]])
array([[-0.27491985],
       [-5.40688107],
       [-1.36728828],
       [-7.07652174],
       [-5.40375397],
       [ 0.27894068],
       [-6.87992435],
       [-6.85551156],
       [-5.84566274],
       [-7.59435875],
       [-6.62955628],
       [-6.61086919],
       [-7.22529753],
       [-6.90290388],
       [-0.18227098],
       [-6.666093  ],
       [-7.19420948],
       [-0.04020062],
       [-6.51073975],
       [-6.93239961],
       [-7.06731522],
       [-7.40613667],
       [-2.89934081],
       [-6.82603703],
       [-7.02459993],
       [-6.75586285],
       [-1.58627308],
       [-5.52100888],
       [-6.79220058],
       [-7.24645304],
       [-7.87571174],
       [-7.12604575],
       [-0.21750441],
       [-6.57874915],
       [-7.3765954 ],
       [-6.17427913],
       [-5.29329188],
       [-7.60607147],
       [-1.30351693],
       [-1.14265954]])
<<<<<<<<<<< STEP 9 >>>>>>>>>>>> + array([[-0.02806434],
       [-0.47889322],
       [-0.16625972],
       [-0.53114925],
       [-0.48741502],
       [-0.03240364],
       [-0.53201354],
       [-0.55208452],
       [-0.57966742],
       [-0.55802634],
       [-0.52864249],
       [-0.52038821],
       [-0.55471173],
       [-0.56672103],
       [-0.00478647],
       [-0.52797362],
       [-0.56114023],
       [-0.00473761],
       [-0.52295327],
       [-0.52588269],
       [-0.56062335],
       [-0.55661463],
       [-0.52266102],
       [-0.56938054],
       [-0.53255479],
       [-0.56664184],
       [-0.2315111 ],
       [-0.48165987],
       [-0.56858538],
       [-0.55765761],
       [-0.53100813],
       [-0.56302519],
       [-0.01664292],
       [-0.52441937],
       [-0.56153463],
       [-0.50866544],
       [-0.46594296],
       [-0.55813669],
       [-0.15547147],
       [-0.10696227]])
array([[-0.30298419],
       [-5.88577429],
       [-1.533548  ],
       [-7.60767099],
       [-5.89116899],
       [ 0.24653704],
       [-7.41193789],
       [-7.40759608],
       [-6.42533016],
       [-8.15238509],
       [-7.15819876],
       [-7.13125739],
       [-7.78000926],
       [-7.46962491],
       [-0.18705745],
       [-7.19406662],
       [-7.75534972],
       [-0.04493823],
       [-7.03369302],
       [-7.45828229],
       [-7.62793856],
       [-7.96275129],
       [-3.42200183],
       [-7.39541757],
       [-7.55715473],
       [-7.32250469],
       [-1.81778418],
       [-6.00266874],
       [-7.36078596],
       [-7.80411065],
       [-8.40671987],
       [-7.68907094],
       [-0.23414734],
       [-7.10316852],
       [-7.93813003],
       [-6.68294457],
       [-5.75923484],
       [-8.16420815],
       [-1.4589884 ],
       [-1.24962181]])
