<<<<<<<<<<< STEP 0 >>>>>>>>>>>> + array([[-1.01860901],
       [-0.96289647],
       [-1.03308249],
       [-0.96089507],
       [-1.04058758],
       [-0.94871112],
       [-1.02995377],
       [ 0.02252668],
       [-0.94616757],
       [-0.96334959],
       [-0.05351681],
       [-0.96038197],
       [-0.92812976],
       [-0.08684963],
       [-0.97089455],
       [-0.84502142],
       [-0.03918457],
       [-1.02234531],
       [-1.16552001],
       [-0.93990535],
       [-0.03981245],
       [-1.03336729],
       [ 0.03127514],
       [-0.97090916],
       [-0.95637542],
       [-0.94746355],
       [-1.03846717],
       [-0.95172085],
       [-0.0545284 ],
       [-0.86626541],
       [-0.9448045 ],
       [-0.04468364],
       [-0.94078162],
       [-0.59808111],
       [-1.02656861],
       [-0.9946046 ],
       [-0.93999113],
       [-1.03337455],
       [-0.05391205],
       [-0.05910608]])
array([[-1.01860901],
       [-0.96289647],
       [-1.03308249],
       [-0.96089507],
       [-1.04058758],
       [-0.94871112],
       [-1.02995377],
       [ 0.02252668],
       [-0.94616757],
       [-0.96334959],
       [-0.05351681],
       [-0.96038197],
       [-0.92812976],
       [-0.08684963],
       [-0.97089455],
       [-0.84502142],
       [-0.03918457],
       [-1.02234531],
       [-1.16552001],
       [-0.93990535],
       [-0.03981245],
       [-1.03336729],
       [ 0.03127514],
       [-0.97090916],
       [-0.95637542],
       [-0.94746355],
       [-1.03846717],
       [-0.95172085],
       [-0.0545284 ],
       [-0.86626541],
       [-0.9448045 ],
       [-0.04468364],
       [-0.94078162],
       [-0.59808111],
       [-1.02656861],
       [-0.9946046 ],
       [-0.93999113],
       [-1.03337455],
       [-0.05391205],
       [-0.05910608]])
<<<<<<<<<<< STEP 1 >>>>>>>>>>>> + array([[-0.88527315],
       [-0.941411  ],
       [-0.99618652],
       [-0.97084803],
       [-1.00336392],
       [-0.82912598],
       [-0.88507916],
       [-0.06388113],
       [-0.93953349],
       [-0.84066395],
       [-0.12793089],
       [-0.96819026],
       [-0.80268546],
       [-0.09500566],
       [-0.84790805],
       [-0.87778565],
       [-0.09681934],
       [-0.98598786],
       [-1.13327711],
       [-0.94622496],
       [-0.09156445],
       [-1.00570425],
       [-0.06628945],
       [-0.95395964],
       [-0.96785158],
       [-0.82045418],
       [-1.01019146],
       [-0.96722932],
       [-0.11345735],
       [-0.88596066],
       [-0.93640832],
       [-0.03950162],
       [-0.92321753],
       [-0.58382537],
       [-0.98414886],
       [-0.96529243],
       [-0.80602287],
       [-1.01289244],
       [-0.10941342],
       [-0.10552803]])
array([[-1.90388216],
       [-1.90430747],
       [-2.02926901],
       [-1.93174311],
       [-2.04395151],
       [-1.7778371 ],
       [-1.91503293],
       [-0.04135445],
       [-1.88570106],
       [-1.80401354],
       [-0.1814477 ],
       [-1.92857223],
       [-1.73081521],
       [-0.18185529],
       [-1.8188026 ],
       [-1.72280707],
       [-0.13600391],
       [-2.00833318],
       [-2.29879712],
       [-1.88613031],
       [-0.1313769 ],
       [-2.03907154],
       [-0.03501431],
       [-1.9248688 ],
       [-1.924227  ],
       [-1.76791773],
       [-2.04865863],
       [-1.91895017],
       [-0.16798575],
       [-1.75222606],
       [-1.88121282],
       [-0.08418526],
       [-1.86399915],
       [-1.18190648],
       [-2.01071747],
       [-1.95989703],
       [-1.74601401],
       [-2.04626699],
       [-0.16332548],
       [-0.1646341 ]])
<<<<<<<<<<< STEP 2 >>>>>>>>>>>> + array([[-0.78385631],
       [-0.92309353],
       [-0.94265715],
       [-0.95613395],
       [-0.95695033],
       [-0.72340373],
       [-0.77589133],
       [-0.08633113],
       [-0.89867938],
       [-0.73354236],
       [-0.1601607 ],
       [-0.94422309],
       [-0.69511653],
       [-0.11714201],
       [-0.74038225],
       [-0.88410819],
       [-0.11675015],
       [-0.95126485],
       [-1.06261459],
       [-0.91642166],
       [-0.09936489],
       [-0.9726159 ],
       [-0.08835585],
       [-0.89845651],
       [-0.95566998],
       [-0.70886546],
       [-0.97937812],
       [-0.94992364],
       [-0.12541898],
       [-0.87704429],
       [-0.89882983],
       [-0.02314185],
       [-0.8996862 ],
       [-0.58761958],
       [-0.93367179],
       [-0.91047278],
       [-0.69491304],
       [-0.98454169],
       [-0.11362602],
       [-0.11152958]])
array([[-2.68773847],
       [-2.827401  ],
       [-2.97192617],
       [-2.88787706],
       [-3.00090184],
       [-2.50124083],
       [-2.69092426],
       [-0.12768558],
       [-2.78438044],
       [-2.5375559 ],
       [-0.3416084 ],
       [-2.87279532],
       [-2.42593174],
       [-0.29899729],
       [-2.55918485],
       [-2.60691526],
       [-0.25275406],
       [-2.95959802],
       [-3.36141171],
       [-2.80255197],
       [-0.2307418 ],
       [-3.01168744],
       [-0.12337016],
       [-2.82332531],
       [-2.87989698],
       [-2.47678319],
       [-3.02803675],
       [-2.86887382],
       [-0.29340473],
       [-2.62927035],
       [-2.78004265],
       [-0.10732711],
       [-2.76368535],
       [-1.76952606],
       [-2.94438927],
       [-2.87036981],
       [-2.44092705],
       [-3.03080869],
       [-0.2769515 ],
       [-0.27616368]])
<<<<<<<<<<< STEP 3 >>>>>>>>>>>> + array([[-0.72509927],
       [-0.88783674],
       [-0.86804277],
       [-0.90258869],
       [-0.8861817 ],
       [-0.63996123],
       [-0.71390541],
       [-0.08515474],
       [-0.82384731],
       [-0.64964358],
       [-0.17819188],
       [-0.88466499],
       [-0.61165311],
       [-0.15810838],
       [-0.65664828],
       [-0.85313646],
       [-0.12552954],
       [-0.89950095],
       [-0.96002913],
       [-0.84610098],
       [-0.09128533],
       [-0.92121349],
       [-0.08208278],
       [-0.80122123],
       [-0.90417755],
       [-0.62267419],
       [-0.9218047 ],
       [-0.8912489 ],
       [-0.1178684 ],
       [-0.82657203],
       [-0.82568231],
       [ 0.00760544],
       [-0.85415857],
       [-0.60621872],
       [-0.86211332],
       [-0.82355586],
       [-0.60934371],
       [-0.93036164],
       [-0.1003662 ],
       [-0.10424139]])
array([[-3.41283774],
       [-3.71523773],
       [-3.83996894],
       [-3.79046575],
       [-3.88708353],
       [-3.14120206],
       [-3.40482966],
       [-0.21284032],
       [-3.60822775],
       [-3.18719948],
       [-0.51980028],
       [-3.75746031],
       [-3.03758485],
       [-0.45710568],
       [-3.21583312],
       [-3.46005172],
       [-0.3782836 ],
       [-3.85909898],
       [-4.32144084],
       [-3.64865295],
       [-0.32202713],
       [-3.93290093],
       [-0.20545294],
       [-3.62454655],
       [-3.78407453],
       [-3.09945737],
       [-3.94984145],
       [-3.76012272],
       [-0.41127313],
       [-3.45584238],
       [-3.60572497],
       [-0.09972167],
       [-3.61784392],
       [-2.37574477],
       [-3.80650258],
       [-3.69392567],
       [-3.05027075],
       [-3.96117032],
       [-0.37731769],
       [-0.38040507]])
<<<<<<<<<<< STEP 4 >>>>>>>>>>>> + array([[-0.68502255],
       [-0.82162839],
       [-0.77880564],
       [-0.80959221],
       [-0.79206477],
       [-0.57973763],
       [-0.67484024],
       [-0.0773368 ],
       [-0.7323052 ],
       [-0.58942071],
       [-0.18853068],
       [-0.79560761],
       [-0.55466497],
       [-0.20661497],
       [-0.59765805],
       [-0.78757943],
       [-0.13033649],
       [-0.8186406 ],
       [-0.84194953],
       [-0.7510769 ],
       [-0.08103534],
       [-0.83598467],
       [-0.06929271],
       [-0.69533369],
       [-0.81408334],
       [-0.56350113],
       [-0.82753057],
       [-0.7950692 ],
       [-0.10460256],
       [-0.74809558],
       [-0.73626915],
       [ 0.0366801 ],
       [-0.78252037],
       [-0.61990743],
       [-0.77291585],
       [-0.72700128],
       [-0.55085115],
       [-0.83823681],
       [-0.08471509],
       [-0.09463122]])
array([[-4.09786029],
       [-4.53686612],
       [-4.61877457],
       [-4.60005796],
       [-4.6791483 ],
       [-3.72093969],
       [-4.07966991],
       [-0.29017713],
       [-4.34053295],
       [-3.77662019],
       [-0.70833096],
       [-4.55306792],
       [-3.59224981],
       [-0.66372065],
       [-3.81349118],
       [-4.24763115],
       [-0.50862009],
       [-4.67773958],
       [-5.16339037],
       [-4.39972985],
       [-0.40306247],
       [-4.76888561],
       [-0.27474565],
       [-4.31988024],
       [-4.59815787],
       [-3.6629585 ],
       [-4.77737202],
       [-4.55519192],
       [-0.51587569],
       [-4.20393796],
       [-4.34199412],
       [-0.06304158],
       [-4.40036429],
       [-2.99565221],
       [-4.57941843],
       [-4.42092695],
       [-3.6011219 ],
       [-4.79940714],
       [-0.46203278],
       [-0.47503629]])
<<<<<<<<<<< STEP 5 >>>>>>>>>>>> + array([[-0.6492427 ],
       [-0.73762434],
       [-0.69571388],
       [-0.70824891],
       [-0.7009889 ],
       [-0.54178748],
       [-0.6423122 ],
       [-0.0665216 ],
       [-0.65057027],
       [-0.55184893],
       [-0.18892448],
       [-0.70064488],
       [-0.52294449],
       [-0.24311595],
       [-0.56204132],
       [-0.70632633],
       [-0.129455  ],
       [-0.72627179],
       [-0.73161752],
       [-0.66286554],
       [-0.0722657 ],
       [-0.73712316],
       [-0.05681088],
       [-0.61758724],
       [-0.71328477],
       [-0.52977603],
       [-0.72581417],
       [-0.69450288],
       [-0.09195645],
       [-0.66937418],
       [-0.65674385],
       [ 0.0437265 ],
       [-0.7048166 ],
       [-0.61647033],
       [-0.68889796],
       [-0.65298136],
       [-0.51866246],
       [-0.73552046],
       [-0.07279611],
       [-0.08476034]])
array([[-4.74710299],
       [-5.27449045],
       [-5.31448846],
       [-5.30830687],
       [-5.3801372 ],
       [-4.26272717],
       [-4.72198211],
       [-0.35669872],
       [-4.99110322],
       [-4.32846911],
       [-0.89725544],
       [-5.2537128 ],
       [-4.1151943 ],
       [-0.90683661],
       [-4.37553249],
       [-4.95395747],
       [-0.63807508],
       [-5.40401137],
       [-5.89500789],
       [-5.06259539],
       [-0.47532817],
       [-5.50600877],
       [-0.33155653],
       [-4.93746748],
       [-5.31144263],
       [-4.19273453],
       [-5.50318619],
       [-5.24969479],
       [-0.60783214],
       [-4.87331215],
       [-4.99873797],
       [-0.01931507],
       [-5.10518089],
       [-3.61212254],
       [-5.26831639],
       [-5.07390831],
       [-4.11978436],
       [-5.5349276 ],
       [-0.53482889],
       [-0.55979663]])
<<<<<<<<<<< STEP 6 >>>>>>>>>>>> + array([[-0.6177118 ],
       [-0.66242855],
       [-0.63256425],
       [-0.6309677 ],
       [-0.6330626 ],
       [-0.52001353],
       [-0.61372935],
       [-0.05487487],
       [-0.59319773],
       [-0.53009936],
       [-0.18150806],
       [-0.62487959],
       [-0.50754108],
       [-0.26239596],
       [-0.54176105],
       [-0.63427176],
       [-0.12422115],
       [-0.64991762],
       [-0.64687061],
       [-0.59947549],
       [-0.06525194],
       [-0.65684282],
       [-0.04604473],
       [-0.57187204],
       [-0.63346304],
       [-0.51266505],
       [-0.64742182],
       [-0.61885308],
       [-0.08208942],
       [-0.60859172],
       [-0.59867027],
       [ 0.03030129],
       [-0.6415433 ],
       [-0.60219973],
       [-0.62714747],
       [-0.60649189],
       [-0.50368636],
       [-0.65569052],
       [-0.0661007 ],
       [-0.07569206]])
array([[-5.36481479],
       [-5.93691901],
       [-5.94705271],
       [-5.93927457],
       [-6.0131998 ],
       [-4.7827407 ],
       [-5.33571146],
       [-0.4115736 ],
       [-5.58430095],
       [-4.85856848],
       [-1.0787635 ],
       [-5.87859239],
       [-4.62273538],
       [-1.16923256],
       [-4.91729354],
       [-5.58822924],
       [-0.76229623],
       [-6.05392898],
       [-6.5418785 ],
       [-5.66207088],
       [-0.54058011],
       [-6.16285158],
       [-0.37760126],
       [-5.50933952],
       [-5.94490567],
       [-4.70539957],
       [-6.15060801],
       [-5.86854787],
       [-0.68992156],
       [-5.48190387],
       [-5.59740824],
       [ 0.01098621],
       [-5.74672419],
       [-4.21432227],
       [-5.89546386],
       [-5.6804002 ],
       [-4.62347072],
       [-6.19061812],
       [-0.60092959],
       [-0.6354887 ]])
<<<<<<<<<<< STEP 7 >>>>>>>>>>>> + array([[-0.59217209],
       [-0.60824404],
       [-0.58970848],
       [-0.58144871],
       [-0.58843719],
       [-0.5077921 ],
       [-0.59008202],
       [-0.04420204],
       [-0.55767096],
       [-0.51741336],
       [-0.17116311],
       [-0.57438827],
       [-0.50009961],
       [-0.27153476],
       [-0.52942284],
       [-0.58296744],
       [-0.11790741],
       [-0.59764592],
       [-0.5903177 ],
       [-0.5593599 ],
       [-0.05985314],
       [-0.60273808],
       [-0.03708853],
       [-0.5462134 ],
       [-0.58093994],
       [-0.50393069],
       [-0.59598032],
       [-0.57054565],
       [-0.07491664],
       [-0.56788808],
       [-0.56061926],
       [ 0.00882999],
       [-0.59733504],
       [-0.58564161],
       [-0.58697972],
       [-0.57777843],
       [-0.49705166],
       [-0.60332638],
       [-0.06336906],
       [-0.06827933]])
array([[-5.95698688],
       [-6.54516305],
       [-6.53676119],
       [-6.52072329],
       [-6.60163699],
       [-5.2905328 ],
       [-5.92579348],
       [-0.45577564],
       [-6.14197191],
       [-5.37598183],
       [-1.24992661],
       [-6.45298067],
       [-5.12283499],
       [-1.44076732],
       [-5.44671639],
       [-6.17119667],
       [-0.88020363],
       [-6.6515749 ],
       [-7.1321962 ],
       [-6.22143079],
       [-0.60043325],
       [-6.76558966],
       [-0.41468979],
       [-6.05555292],
       [-6.52584561],
       [-5.20933026],
       [-6.74658833],
       [-6.43909352],
       [-0.7648382 ],
       [-6.04979195],
       [-6.1580275 ],
       [ 0.0198162 ],
       [-6.34405923],
       [-4.79996388],
       [-6.48244358],
       [-6.25817863],
       [-5.12052238],
       [-6.7939445 ],
       [-0.66429865],
       [-0.70376802]])
<<<<<<<<<<< STEP 8 >>>>>>>>>>>> + array([[-0.57225404],
       [-0.57271278],
       [-0.56176757],
       [-0.5512378 ],
       [-0.56007635],
       [-0.50096262],
       [-0.57123606],
       [-0.03516369],
       [-0.5363341 ],
       [-0.50986165],
       [-0.1612025 ],
       [-0.54330236],
       [-0.49638782],
       [-0.27819758],
       [-0.52127855],
       [-0.55024879],
       [-0.11247665],
       [-0.56428866],
       [-0.55513106],
       [-0.53510822],
       [-0.05585898],
       [-0.56836558],
       [-0.02979147],
       [-0.53123347],
       [-0.54866956],
       [-0.49931742],
       [-0.56367355],
       [-0.54136548],
       [-0.0698678 ],
       [-0.54226462],
       [-0.53691874],
       [-0.01277968],
       [-0.56805448],
       [-0.5704545 ],
       [-0.56131099],
       [-0.55891148],
       [-0.4941829 ],
       [-0.57029375],
       [-0.06300682],
       [-0.06261779]])
array([[ -6.52924092e+00],
       [ -7.11787583e+00],
       [ -7.09852876e+00],
       [ -7.07196109e+00],
       [ -7.16171334e+00],
       [ -5.79149542e+00],
       [ -6.49702955e+00],
       [ -4.90939325e-01],
       [ -6.67830601e+00],
       [ -5.88584348e+00],
       [ -1.41112911e+00],
       [ -6.99628303e+00],
       [ -5.61922282e+00],
       [ -1.71896490e+00],
       [ -5.96799494e+00],
       [ -6.72144546e+00],
       [ -9.92680288e-01],
       [ -7.21586357e+00],
       [ -7.68732726e+00],
       [ -6.75653900e+00],
       [ -6.56292231e-01],
       [ -7.33395525e+00],
       [ -4.44481259e-01],
       [ -6.58678639e+00],
       [ -7.07451517e+00],
       [ -5.70864768e+00],
       [ -7.31026189e+00],
       [ -6.98045900e+00],
       [ -8.34706002e-01],
       [ -6.59205657e+00],
       [ -6.69494624e+00],
       [  7.03652654e-03],
       [ -6.91211371e+00],
       [ -5.37041839e+00],
       [ -7.04375457e+00],
       [ -6.81709012e+00],
       [ -5.61470527e+00],
       [ -7.36423824e+00],
       [ -7.27305470e-01],
       [ -7.66385813e-01]])
<<<<<<<<<<< STEP 9 >>>>>>>>>>>> + array([[-0.55681685],
       [-0.54992253],
       [-0.54353257],
       [-0.53281616],
       [-0.5419    ],
       [-0.49728727],
       [-0.55637555],
       [-0.02778418],
       [-0.52340967],
       [-0.50537893],
       [-0.15314282],
       [-0.52472921],
       [-0.49462466],
       [-0.28710223],
       [-0.51567357],
       [-0.53026843],
       [-0.10862098],
       [-0.54324286],
       [-0.53376635],
       [-0.52063938],
       [-0.05303732],
       [-0.54659752],
       [-0.02393272],
       [-0.5219711 ],
       [-0.52922263],
       [-0.49694035],
       [-0.54330425],
       [-0.52400116],
       [-0.06646877],
       [-0.52646548],
       [-0.5224377 ],
       [-0.03172549],
       [-0.54870158],
       [-0.55748541],
       [-0.54448545],
       [-0.54565375],
       [-0.49316089],
       [-0.54918986],
       [-0.06403039],
       [-0.05849118]])
array([[-7.08605777],
       [-7.66779836],
       [-7.64206134],
       [-7.60477725],
       [-7.70361334],
       [-6.28878268],
       [-7.0534051 ],
       [-0.5187235 ],
       [-7.20171569],
       [-6.39122242],
       [-1.56427192],
       [-7.52101224],
       [-6.11384748],
       [-2.00606713],
       [-6.48366851],
       [-7.25171389],
       [-1.10130127],
       [-7.75910643],
       [-8.22109361],
       [-7.27717838],
       [-0.70932955],
       [-7.88055277],
       [-0.46841398],
       [-7.10875749],
       [-7.60373779],
       [-6.20558803],
       [-7.85356614],
       [-7.50446016],
       [-0.90117478],
       [-7.11852206],
       [-7.21738394],
       [-0.02468896],
       [-7.46081529],
       [-5.9279038 ],
       [-7.58824002],
       [-7.36274386],
       [-6.10786616],
       [-7.91342811],
       [-0.79133586],
       [-0.82487699]])
