<<<<<<<<<<< STEP 0 >>>>>>>>>>>> + array([[-0.57285601],
       [-0.8633871 ],
       [-0.51443771],
       [-0.56606394],
       [-0.94809368],
       [-0.62292203],
       [-1.11426113],
       [-1.09189855],
       [-0.93049283],
       [ 0.00194872],
       [-0.32562751],
       [-0.02070888],
       [-0.98598635],
       [-0.93571604],
       [-0.76666405],
       [-0.96704737],
       [-1.0125824 ],
       [-0.88841244],
       [-0.25927558],
       [-1.05052869],
       [-0.96143748],
       [-0.05554381],
       [-1.0091358 ],
       [-0.92531117],
       [-0.1475403 ],
       [-0.97208186],
       [-0.96205042],
       [-1.04848492],
       [-0.82303766],
       [-0.83041925],
       [-0.87014456]])
array([[-0.57285601],
       [-0.8633871 ],
       [-0.51443771],
       [-0.56606394],
       [-0.94809368],
       [-0.62292203],
       [-1.11426113],
       [-1.09189855],
       [-0.93049283],
       [ 0.00194872],
       [-0.32562751],
       [-0.02070888],
       [-0.98598635],
       [-0.93571604],
       [-0.76666405],
       [-0.96704737],
       [-1.0125824 ],
       [-0.88841244],
       [-0.25927558],
       [-1.05052869],
       [-0.96143748],
       [-0.05554381],
       [-1.0091358 ],
       [-0.92531117],
       [-0.1475403 ],
       [-0.97208186],
       [-0.96205042],
       [-1.04848492],
       [-0.82303766],
       [-0.83041925],
       [-0.87014456]])
<<<<<<<<<<< STEP 1 >>>>>>>>>>>> + array([[-0.63001128],
       [-0.75722198],
       [-0.56268324],
       [-0.62852938],
       [-0.89139227],
       [-0.84245837],
       [-1.049557  ],
       [-1.03719031],
       [-0.86393434],
       [-0.09327465],
       [-0.45795904],
       [-0.0407799 ],
       [-0.90591552],
       [-0.86593667],
       [-0.71564251],
       [-0.92140779],
       [-0.9589373 ],
       [-0.85075884],
       [-0.33191617],
       [-0.95671832],
       [-0.90452133],
       [-0.06129618],
       [-0.95017809],
       [-0.87341648],
       [-0.21524685],
       [-0.92161807],
       [-0.93984277],
       [-1.00569076],
       [-0.7512365 ],
       [-0.78778183],
       [-0.77627101]])
array([[-1.20286729],
       [-1.62060908],
       [-1.07712096],
       [-1.19459332],
       [-1.83948595],
       [-1.4653804 ],
       [-2.16381813],
       [-2.12908886],
       [-1.79442717],
       [-0.09132593],
       [-0.78358655],
       [-0.06148878],
       [-1.89190187],
       [-1.80165271],
       [-1.48230657],
       [-1.88845516],
       [-1.9715197 ],
       [-1.73917128],
       [-0.59119175],
       [-2.00724701],
       [-1.86595882],
       [-0.11683998],
       [-1.9593139 ],
       [-1.79872765],
       [-0.36278715],
       [-1.89369994],
       [-1.90189318],
       [-2.05417567],
       [-1.57427416],
       [-1.61820107],
       [-1.64641557]])
<<<<<<<<<<< STEP 2 >>>>>>>>>>>> + array([[-0.65726153],
       [-0.6827715 ],
       [-0.57410466],
       [-0.66014377],
       [-0.82373995],
       [-0.94209569],
       [-0.94972881],
       [-0.94793387],
       [-0.79939834],
       [-0.17249108],
       [-0.57625163],
       [-0.05400406],
       [-0.83571515],
       [-0.80543007],
       [-0.66909982],
       [-0.84788417],
       [-0.87267434],
       [-0.79687518],
       [-0.4068237 ],
       [-0.85434455],
       [-0.84770402],
       [-0.04633403],
       [-0.88317564],
       [-0.82159351],
       [-0.27853629],
       [-0.85348777],
       [-0.87286744],
       [-0.9243512 ],
       [-0.70124802],
       [-0.73690244],
       [-0.68604732]])
array([[-1.86012882],
       [-2.30338058],
       [-1.65122562],
       [-1.85473709],
       [-2.6632259 ],
       [-2.40747609],
       [-3.11354693],
       [-3.07702274],
       [-2.59382551],
       [-0.26381701],
       [-1.35983818],
       [-0.11549284],
       [-2.72761702],
       [-2.60708278],
       [-2.15140639],
       [-2.73633933],
       [-2.84419404],
       [-2.53604647],
       [-0.99801545],
       [-2.86159156],
       [-2.71366283],
       [-0.16317401],
       [-2.84248954],
       [-2.62032116],
       [-0.64132344],
       [-2.74718771],
       [-2.77476063],
       [-2.97852688],
       [-2.27552219],
       [-2.35510351],
       [-2.33246289]])
<<<<<<<<<<< STEP 3 >>>>>>>>>>>> + array([[-0.63743645],
       [-0.63159292],
       [-0.52815969],
       [-0.6448958 ],
       [-0.75140836],
       [-0.89488046],
       [-0.83934005],
       [-0.84509909],
       [-0.73454665],
       [-0.19676938],
       [-0.6689919 ],
       [-0.06246843],
       [-0.77196933],
       [-0.75191966],
       [-0.62787464],
       [-0.76226909],
       [-0.77779522],
       [-0.73290924],
       [-0.47393347],
       [-0.76061978],
       [-0.78592082],
       [-0.02422953],
       [-0.80858289],
       [-0.76659852],
       [-0.32114051],
       [-0.76761859],
       [-0.78249829],
       [-0.82469722],
       [-0.65814833],
       [-0.68020039],
       [-0.61945532]])
array([[-2.49756527],
       [-2.9349735 ],
       [-2.1793853 ],
       [-2.49963289],
       [-3.41463426],
       [-3.30235656],
       [-3.95288698],
       [-3.92212182],
       [-3.32837216],
       [-0.46058638],
       [-2.02883009],
       [-0.17796127],
       [-3.49958635],
       [-3.35900244],
       [-2.77928103],
       [-3.49860841],
       [-3.62198926],
       [-3.2689557 ],
       [-1.47194892],
       [-3.62221135],
       [-3.49958366],
       [-0.18740354],
       [-3.65107243],
       [-3.38691968],
       [-0.96246395],
       [-3.5148063 ],
       [-3.55725892],
       [-3.80322409],
       [-2.93367051],
       [-3.03530391],
       [-2.95191821]])
<<<<<<<<<<< STEP 4 >>>>>>>>>>>> + array([[-0.57937778],
       [-0.59490621],
       [-0.43039523],
       [-0.59094222],
       [-0.68418384],
       [-0.79175608],
       [-0.73992505],
       [-0.74765921],
       [-0.67268316],
       [-0.16635975],
       [-0.70175381],
       [-0.06594736],
       [-0.70763066],
       [-0.69525752],
       [-0.59387773],
       [-0.68509961],
       [-0.69525831],
       [-0.67135923],
       [-0.52041682],
       [-0.68333115],
       [-0.71643097],
       [-0.00307029],
       [-0.72931633],
       [-0.70378061],
       [-0.34363135],
       [-0.68724868],
       [-0.69806132],
       [-0.73063507],
       [-0.61780875],
       [-0.62807042],
       [-0.57505952]])
array([[-3.07694305],
       [-3.52987971],
       [-2.60978053],
       [-3.09057511],
       [-4.09881811],
       [-4.09411264],
       [-4.69281203],
       [-4.66978103],
       [-4.00105532],
       [-0.62694613],
       [-2.73058389],
       [-0.24390863],
       [-4.20721701],
       [-4.05425996],
       [-3.37315876],
       [-4.18370803],
       [-4.31724757],
       [-3.94031494],
       [-1.99236574],
       [-4.30554249],
       [-4.21601463],
       [-0.19047382],
       [-4.38038875],
       [-4.09070029],
       [-1.3060953 ],
       [-4.20205497],
       [-4.25532024],
       [-4.53385917],
       [-3.55147927],
       [-3.66337433],
       [-3.52697773]])
<<<<<<<<<<< STEP 5 >>>>>>>>>>>> + array([[-0.51314075],
       [-0.5680431 ],
       [-0.30689165],
       [-0.52815217],
       [-0.62960709],
       [-0.69902312],
       [-0.66222131],
       [-0.66835701],
       [-0.6209335 ],
       [-0.11101879],
       [-0.67543148],
       [-0.05986697],
       [-0.64669341],
       [-0.63886379],
       [-0.5672016 ],
       [-0.62596724],
       [-0.63243135],
       [-0.61955287],
       [-0.54263172],
       [-0.62537766],
       [-0.65015682],
       [ 0.00967528],
       [-0.65754445],
       [-0.64243921],
       [-0.36108696],
       [-0.62615344],
       [-0.63337884],
       [-0.65589156],
       [-0.58390623],
       [-0.58842937],
       [-0.54598639]])
array([[-3.5900838 ],
       [-4.09792281],
       [-2.91667218],
       [-3.61872728],
       [-4.7284252 ],
       [-4.79313576],
       [-5.35503334],
       [-5.33813804],
       [-4.62198881],
       [-0.73796493],
       [-3.40601538],
       [-0.3037756 ],
       [-4.85391042],
       [-4.69312375],
       [-3.94036036],
       [-4.80967526],
       [-4.94967891],
       [-4.5598678 ],
       [-2.53499746],
       [-4.93092016],
       [-4.86617145],
       [-0.18079855],
       [-5.03793321],
       [-4.73313949],
       [-1.66718226],
       [-4.82820841],
       [-4.88869908],
       [-5.18975073],
       [-4.1353855 ],
       [-4.2518037 ],
       [-4.07296412]])
<<<<<<<<<<< STEP 6 >>>>>>>>>>>> + array([[-0.46458207],
       [-0.54866599],
       [-0.17991935],
       [-0.48208959],
       [-0.58920783],
       [-0.63169903],
       [-0.60694518],
       [-0.61081622],
       [-0.58189913],
       [-0.05121796],
       [-0.62833341],
       [-0.04472078],
       [-0.59789454],
       [-0.59266209],
       [-0.54709659],
       [-0.58411298],
       [-0.58795316],
       [-0.58028411],
       [-0.5463379 ],
       [-0.58444653],
       [-0.59816238],
       [ 0.0130695 ],
       [-0.60272396],
       [-0.59359534],
       [-0.38287862],
       [-0.5837947 ],
       [-0.58823733],
       [-0.60249265],
       [-0.55773881],
       [-0.56074922],
       [-0.52743269]])
array([[-4.05466587],
       [-4.6465888 ],
       [-3.09659153],
       [-4.10081687],
       [-5.31763303],
       [-5.42483479],
       [-5.96197853],
       [-5.94895426],
       [-5.20388794],
       [-0.78918289],
       [-4.03434879],
       [-0.34849638],
       [-5.45180496],
       [-5.28578584],
       [-4.48745695],
       [-5.39378824],
       [-5.53763207],
       [-5.14015191],
       [-3.08133536],
       [-5.51536669],
       [-5.46433382],
       [-0.16772905],
       [-5.64065717],
       [-5.32673483],
       [-2.05006088],
       [-5.41200311],
       [-5.47693641],
       [-5.79224338],
       [-4.69312431],
       [-4.81255292],
       [-4.60039681]])
<<<<<<<<<<< STEP 7 >>>>>>>>>>>> + array([[-0.44321914],
       [-0.53505329],
       [-0.05725678],
       [-0.46139562],
       [-0.56083371],
       [-0.58656715],
       [-0.56993612],
       [-0.57212107],
       [-0.55448874],
       [ 0.00455237],
       [-0.58718173],
       [-0.02578955],
       [-0.56369158],
       [-0.56004316],
       [-0.53253965],
       [-0.55578975],
       [-0.55792897],
       [-0.55290938],
       [-0.54078123],
       [-0.55661387],
       [-0.56248262],
       [ 0.01100982],
       [-0.56550045],
       [-0.55980247],
       [-0.40944988],
       [-0.55551456],
       [-0.55810519],
       [-0.56671471],
       [-0.53870682],
       [-0.54178572],
       [-0.51606158]])
array([[-4.49788501],
       [-5.18164209],
       [-3.15384832],
       [-4.56221249],
       [-5.87846674],
       [-6.01140195],
       [-6.53191465],
       [-6.52107533],
       [-5.75837669],
       [-0.78463052],
       [-4.62153052],
       [-0.37428593],
       [-6.01549654],
       [-5.845829  ],
       [-5.0199966 ],
       [-5.94957799],
       [-6.09556104],
       [-5.69306129],
       [-3.62211659],
       [-6.07198056],
       [-6.02681645],
       [-0.15671922],
       [-6.20615761],
       [-5.8865373 ],
       [-2.45951076],
       [-5.96751768],
       [-6.0350416 ],
       [-6.35895809],
       [-5.23183114],
       [-5.35433864],
       [-5.11645839]])
<<<<<<<<<<< STEP 8 >>>>>>>>>>>> + array([[-0.44618924],
       [-0.52559253],
       [ 0.05989431],
       [-0.46243927],
       [-0.54140556],
       [-0.55720262],
       [-0.54589055],
       [-0.54705574],
       [-0.53605535],
       [ 0.05250537],
       [-0.55807818],
       [-0.00770526],
       [-0.54129853],
       [-0.53868488],
       [-0.52232386],
       [-0.53710046],
       [-0.53821758],
       [-0.53475368],
       [-0.53264604],
       [-0.53808776],
       [-0.53958908],
       [ 0.00716967],
       [-0.5416748 ],
       [-0.53800988],
       [-0.4372472 ],
       [-0.53692361],
       [-0.53838936],
       [-0.54348424],
       [-0.52552235],
       [-0.52881593],
       [-0.50931344]])
array([[-4.94407425],
       [-5.70723462],
       [-3.09395401],
       [-5.02465176],
       [-6.4198723 ],
       [-6.56860456],
       [-7.0778052 ],
       [-7.06813107],
       [-6.29443204],
       [-0.73212516],
       [-5.1796087 ],
       [-0.38199119],
       [-6.55679507],
       [-6.38451388],
       [-5.54232045],
       [-6.48667846],
       [-6.63377862],
       [-6.22781496],
       [-4.15476264],
       [-6.61006832],
       [-6.56640553],
       [-0.14954955],
       [-6.74783242],
       [-6.42454718],
       [-2.89675796],
       [-6.50444129],
       [-6.57343096],
       [-6.90244234],
       [-5.75735349],
       [-5.88315456],
       [-5.62577183]])
<<<<<<<<<<< STEP 9 >>>>>>>>>>>> + array([[-0.46396683],
       [-0.51897701],
       [ 0.16562096],
       [-0.47598113],
       [-0.52826136],
       [-0.53824939],
       [-0.53043977],
       [-0.53104855],
       [-0.52393486],
       [ 0.09062543],
       [-0.53901554],
       [ 0.00723232],
       [-0.52703997],
       [-0.52513749],
       [-0.51529643],
       [-0.5249015 ],
       [-0.52543515],
       [-0.52298885],
       [-0.52504059],
       [-0.52586218],
       [-0.52532454],
       [ 0.00353284],
       [-0.52680157],
       [-0.52438015],
       [-0.46197027],
       [-0.52476617],
       [-0.52558318],
       [-0.52858922],
       [-0.51669579],
       [-0.51995121],
       [-0.50539354]])
array([[-5.40804108],
       [-6.22621164],
       [-2.92833305],
       [-5.50063289],
       [-6.94813366],
       [-7.10685396],
       [-7.60824497],
       [-7.59917962],
       [-6.8183669 ],
       [-0.64149972],
       [-5.71862424],
       [-0.37475888],
       [-7.08383504],
       [-6.90965137],
       [-6.05761688],
       [-7.01157995],
       [-7.15921376],
       [-6.75080381],
       [-4.67980323],
       [-7.1359305 ],
       [-7.09173007],
       [-0.14601671],
       [-7.27463399],
       [-6.94892733],
       [-3.35872823],
       [-7.02920746],
       [-7.09901415],
       [-7.43103156],
       [-6.27404928],
       [-6.40310577],
       [-6.13116536]])
