<<<<<<<<<<< STEP 0 >>>>>>>>>>>> + array([[-0.50094187],
       [-0.00828268],
       [ 0.00591664],
       [-0.50080194],
       [-0.00574588],
       [-0.50021552],
       [-0.50287676],
       [-0.50087929],
       [-0.50083973],
       [-0.50018483],
       [-0.50080393],
       [-0.50096242],
       [-0.50044333],
       [-0.50080198],
       [-0.50094156],
       [-0.02784534],
       [-0.50023038],
       [-0.02687994],
       [-0.50033937],
       [-0.50262771],
       [-0.50029836],
       [-0.03037356],
       [-0.50270147],
       [-0.50025461],
       [-0.50081994],
       [-0.50276419],
       [-0.50083573],
       [-0.50060076],
       [-0.50038228],
       [-0.01348687],
       [-0.5002668 ],
       [-0.0070288 ],
       [-0.50083771],
       [-0.50089311],
       [-0.04809029],
       [-0.50084237],
       [-0.50044356],
       [-0.50022298],
       [ 0.00309073],
       [-0.50023789]])
array([[-14.16463576],
       [ -0.73239564],
       [  0.5417749 ],
       [-12.16306402],
       [ -0.59656828],
       [-13.94537721],
       [-12.65348166],
       [-14.1239036 ],
       [-14.16603399],
       [-13.9653303 ],
       [-14.11909095],
       [-12.14003104],
       [-12.06468182],
       [-12.0738005 ],
       [-14.25903901],
       [ -1.09792206],
       [-14.00223513],
       [ -1.05945178],
       [-13.93553521],
       [-11.29431757],
       [-14.04891746],
       [ -1.22906776],
       [-12.63698471],
       [-14.02904737],
       [-14.19212718],
       [-12.68089455],
       [-14.12470843],
       [-12.12801653],
       [-14.0820012 ],
       [ -0.91703664],
       [-13.96126283],
       [ -0.50763205],
       [-14.2027361 ],
       [-14.22417346],
       [ -1.25259454],
       [-14.20119457],
       [-14.38940409],
       [-14.02269103],
       [ -0.31721626],
       [-13.98574569]])
<<<<<<<<<<< STEP 1 >>>>>>>>>>>> + array([[-0.50070771],
       [-0.00817532],
       [ 0.00505006],
       [-0.50060795],
       [-0.00537974],
       [-0.5001211 ],
       [-0.50227089],
       [-0.5006555 ],
       [-0.50062342],
       [-0.50009336],
       [-0.5005941 ],
       [-0.50073744],
       [-0.5003106 ],
       [-0.50060546],
       [-0.50069891],
       [-0.02813748],
       [-0.50013244],
       [-0.02698705],
       [-0.50022184],
       [-0.50210312],
       [-0.5001832 ],
       [-0.03060683],
       [-0.50212979],
       [-0.50014717],
       [-0.50060097],
       [-0.50218315],
       [-0.50062229],
       [-0.50043668],
       [-0.50024671],
       [-0.01326648],
       [-0.5001611 ],
       [-0.00682385],
       [-0.50062237],
       [-0.50066353],
       [-0.04786065],
       [-0.50062239],
       [-0.5002923 ],
       [-0.50011765],
       [ 0.00323118],
       [-0.50013683]])
array([[-14.66534348],
       [ -0.74057096],
       [  0.54682496],
       [-12.66367197],
       [ -0.60194802],
       [-14.44549831],
       [-13.15575255],
       [-14.6245591 ],
       [-14.66665741],
       [-14.46542366],
       [-14.61968505],
       [-12.64076848],
       [-12.56499242],
       [-12.57440596],
       [-14.75973793],
       [ -1.12605954],
       [-14.50236757],
       [ -1.08643884],
       [-14.43575705],
       [-11.79642069],
       [-14.54910066],
       [ -1.25967458],
       [-13.1391145 ],
       [-14.52919454],
       [-14.69272815],
       [-13.1830777 ],
       [-14.62533072],
       [-12.62845322],
       [-14.58224791],
       [ -0.93030312],
       [-14.46142393],
       [ -0.5144559 ],
       [-14.70335847],
       [-14.72483699],
       [ -1.30045519],
       [-14.70181696],
       [-14.88969639],
       [-14.52280868],
       [ -0.31398508],
       [-14.48588251]])
<<<<<<<<<<< STEP 2 >>>>>>>>>>>> + array([[-0.50053933],
       [-0.00814212],
       [ 0.00429974],
       [-0.50046013],
       [-0.00509396],
       [-0.50006606],
       [-0.50179392],
       [-0.50049576],
       [-0.50047024],
       [-0.50004146],
       [-0.50044592],
       [-0.50056452],
       [-0.50021328],
       [-0.50045616],
       [-0.50052647],
       [-0.02856909],
       [-0.50007514],
       [-0.02725235],
       [-0.50014787],
       [-0.50168508],
       [-0.50011329],
       [-0.03102225],
       [-0.5016806 ],
       [-0.50008364],
       [-0.50044866],
       [-0.5017256 ],
       [-0.5004706 ],
       [-0.50031474],
       [-0.50016128],
       [-0.01316788],
       [-0.50009705],
       [-0.00666768],
       [-0.50046999],
       [-0.50050074],
       [-0.0478964 ],
       [-0.50046742],
       [-0.50019454],
       [-0.50005801],
       [ 0.00333457],
       [-0.5000773 ]])
array([[-15.16588281],
       [ -0.74871308],
       [  0.5511247 ],
       [-13.1641321 ],
       [ -0.60704198],
       [-14.94556437],
       [-13.65754647],
       [-15.12505486],
       [-15.16712765],
       [-14.96546512],
       [-15.12013097],
       [-13.141333  ],
       [-13.0652057 ],
       [-13.07486212],
       [-15.2602644 ],
       [ -1.15462864],
       [-15.0024427 ],
       [ -1.11369119],
       [-14.93590492],
       [-12.29810577],
       [-15.04921395],
       [ -1.29069683],
       [-13.6407951 ],
       [-15.02927818],
       [-15.19317681],
       [-13.6848033 ],
       [-15.12580132],
       [-13.12876795],
       [-15.08240919],
       [ -0.94347099],
       [-14.96152098],
       [ -0.52112358],
       [-15.20382846],
       [-15.22533773],
       [ -1.34835159],
       [-15.20228438],
       [-15.38989093],
       [-15.0228667 ],
       [ -0.31065051],
       [-14.98595982]])
<<<<<<<<<<< STEP 3 >>>>>>>>>>>> + array([[-0.50041594],
       [-0.00816917],
       [ 0.00363707],
       [-0.50034765],
       [-0.00487093],
       [-0.5000344 ],
       [-0.50141803],
       [-0.5003796 ],
       [-0.50035958],
       [-0.50001287],
       [-0.50033925],
       [-0.50043178],
       [-0.50014261],
       [-0.50034293],
       [-0.50040162],
       [-0.02912263],
       [-0.50004192],
       [-0.02765273],
       [-0.50010075],
       [-0.5013513 ],
       [-0.50007075],
       [-0.03159612],
       [-0.50132718],
       [-0.50004637],
       [-0.50034042],
       [-0.50136485],
       [-0.50036064],
       [-0.50022454],
       [-0.50010695],
       [-0.01316818],
       [-0.50005826],
       [-0.00654952],
       [-0.50035993],
       [-0.50038301],
       [-0.0481551 ],
       [-0.50035603],
       [-0.50013072],
       [-0.50002508],
       [ 0.00340912],
       [-0.50004256]])
array([[-15.66629874],
       [ -0.75688225],
       [  0.55476176],
       [-13.66447975],
       [ -0.61191291],
       [-15.44559878],
       [-14.1589645 ],
       [-15.62543446],
       [-15.66748723],
       [-15.46547799],
       [-15.62047022],
       [-13.64176479],
       [-13.56534831],
       [-13.57520505],
       [-15.76066602],
       [ -1.18375127],
       [-15.50248462],
       [ -1.14134392],
       [-15.43600567],
       [-12.79945707],
       [-15.54928471],
       [ -1.32229295],
       [-14.14212228],
       [-15.52932454],
       [-15.69351723],
       [-14.18616816],
       [-15.62616196],
       [-13.6289925 ],
       [-15.58251614],
       [ -0.95663917],
       [-15.46157925],
       [ -0.5276731 ],
       [-15.70418839],
       [-15.72572073],
       [ -1.3965067 ],
       [-15.70264041],
       [-15.89002165],
       [-15.52289178],
       [ -0.30724139],
       [-15.48600238]])
<<<<<<<<<<< STEP 4 >>>>>>>>>>>> + array([[-0.50032393],
       [-0.00824572],
       [ 0.00303987],
       [-0.50026219],
       [-0.00469685],
       [-0.50001652],
       [-0.50112153],
       [-0.50029366],
       [-0.50027813],
       [-0.49999788],
       [-0.50026106],
       [-0.50033   ],
       [-0.50009186],
       [-0.50025719],
       [-0.50030964],
       [-0.0297853 ],
       [-0.5000229 ],
       [-0.02817081],
       [-0.50007027],
       [-0.5010844 ],
       [-0.50004478],
       [-0.03231103],
       [-0.5010488 ],
       [-0.50002475],
       [-0.50026189],
       [-0.50108016],
       [-0.50027944],
       [-0.50015819],
       [-0.50007204],
       [-0.01324961],
       [-0.5000348 ],
       [-0.00646096],
       [-0.50027889],
       [-0.50029627],
       [-0.04860375],
       [-0.50027445],
       [-0.50008863],
       [-0.50000757],
       [ 0.00346123],
       [-0.50002252]])
array([[-16.16662267],
       [ -0.76512797],
       [  0.55780163],
       [-14.16474194],
       [ -0.61660976],
       [-15.9456153 ],
       [-14.66008603],
       [-16.12572811],
       [-16.16776535],
       [-15.96547588],
       [-16.12073129],
       [-14.14209479],
       [-14.06544017],
       [-14.07546224],
       [-16.26097566],
       [ -1.21353657],
       [-16.00250752],
       [ -1.16951473],
       [-15.93607594],
       [-13.30054147],
       [-16.04932949],
       [ -1.35460398],
       [-14.64317108],
       [-16.02934929],
       [-16.19377912],
       [-14.68724832],
       [-16.12644141],
       [-14.12915069],
       [-16.08258818],
       [ -0.96988878],
       [-15.96161405],
       [ -0.53413406],
       [-16.20446728],
       [-16.226017  ],
       [ -1.44511044],
       [-16.20291486],
       [-16.39011028],
       [-16.02289934],
       [ -0.30378017],
       [-15.9860249 ]])
<<<<<<<<<<< STEP 5 >>>>>>>>>>>> + array([[-0.50025428],
       [-0.00836353],
       [ 0.00249088],
       [-0.50019737],
       [-0.00456092],
       [-0.5000067 ],
       [-0.50088748],
       [-0.50022909],
       [-0.50021716],
       [-0.49999069],
       [-0.5002028 ],
       [-0.50025204],
       [-0.50005589],
       [-0.50019238],
       [-0.50024082],
       [-0.03054819],
       [-0.50001218],
       [-0.02879384],
       [-0.5000502 ],
       [-0.50087072],
       [-0.50002884],
       [-0.0331548 ],
       [-0.50082933],
       [-0.5000124 ],
       [-0.50020379],
       [-0.5008553 ],
       [-0.5002185 ],
       [-0.50010968],
       [-0.50004931],
       [-0.01339847],
       [-0.50002063],
       [-0.00639541],
       [-0.50021818],
       [-0.5002313 ],
       [-0.0492171 ],
       [-0.50021366],
       [-0.50006059],
       [-0.49999882],
       [ 0.00349585],
       [-0.50001117]])
array([[-16.66687696],
       [ -0.7734915 ],
       [  0.56029251],
       [-14.6649393 ],
       [ -0.62117068],
       [-16.44562199],
       [-15.16097351],
       [-16.6259572 ],
       [-16.66798251],
       [-16.46546657],
       [-16.62093409],
       [-14.64234683],
       [-14.56549606],
       [-14.57565462],
       [-16.76121648],
       [ -1.24408476],
       [-16.50251971],
       [ -1.19830857],
       [-16.43612614],
       [-13.80141218],
       [-16.54935833],
       [ -1.38775878],
       [-15.14400042],
       [-16.52936169],
       [-16.69398291],
       [-15.18810362],
       [-16.6266599 ],
       [-14.62926036],
       [-16.58263749],
       [ -0.98328725],
       [-16.46163468],
       [ -0.54052946],
       [-16.70468545],
       [-16.7262483 ],
       [ -1.49432755],
       [-16.70312852],
       [-16.89017087],
       [-16.52289816],
       [ -0.30028431],
       [-16.48603607]])
<<<<<<<<<<< STEP 6 >>>>>>>>>>>> + array([[-0.50020087],
       [-0.00851632],
       [ 0.0019766 ],
       [-0.50014827],
       [-0.00445469],
       [-0.50000152],
       [-0.5007026 ],
       [-0.50017994],
       [-0.50017084],
       [-0.49998787],
       [-0.50015876],
       [-0.50019238],
       [-0.50003078],
       [-0.50014349],
       [-0.50018863],
       [-0.03140564],
       [-0.50000627],
       [-0.0295129 ],
       [-0.50003671],
       [-0.50069949],
       [-0.50001898],
       [-0.03411959],
       [-0.50065617],
       [-0.5000055 ],
       [-0.50016006],
       [-0.50067758],
       [-0.50017209],
       [-0.50007446],
       [-0.50003432],
       [-0.01360426],
       [-0.5000121 ],
       [-0.00634769],
       [-0.500172  ],
       [-0.50018193],
       [-0.04997638],
       [-0.50016768],
       [-0.50004171],
       [-0.49999493],
       [ 0.00351685],
       [-0.50000488]])
array([[-17.16707783],
       [ -0.78200782],
       [  0.5622691 ],
       [-15.16508757],
       [ -0.62562537],
       [-16.94562351],
       [-15.66167611],
       [-17.12613714],
       [-17.16815335],
       [-16.96545443],
       [-17.12109285],
       [-15.14253921],
       [-15.06552684],
       [-15.07579811],
       [-17.26140511],
       [ -1.2754904 ],
       [-17.00252598],
       [ -1.22782146],
       [-16.93616286],
       [-14.30211167],
       [-17.04937732],
       [ -1.42187837],
       [-15.64465659],
       [-17.02936719],
       [-17.19414297],
       [-15.6887812 ],
       [-17.12683199],
       [-15.12933483],
       [-17.08267182],
       [ -0.99689151],
       [-16.96164678],
       [ -0.54687715],
       [-17.20485745],
       [-17.22643023],
       [ -1.54430392],
       [-17.2032962 ],
       [-17.39021257],
       [-17.02289309],
       [ -0.29676746],
       [-16.98604095]])
<<<<<<<<<<< STEP 7 >>>>>>>>>>>> + array([[-0.50015947],
       [-0.00869939],
       [ 0.00148642],
       [-0.50011114],
       [-0.00437155],
       [-0.49999898],
       [-0.50055649],
       [-0.5001421 ],
       [-0.50013522],
       [-0.4999874 ],
       [-0.50012506],
       [-0.50014676],
       [-0.50001361],
       [-0.50010668],
       [-0.50014859],
       [-0.03235466],
       [-0.5000031 ],
       [-0.03032217],
       [-0.50002743],
       [-0.50056217],
       [-0.50001282],
       [-0.03520119],
       [-0.50051944],
       [-0.50000178],
       [-0.50012664],
       [-0.50053703],
       [-0.50013632],
       [-0.50004911],
       [-0.50002428],
       [-0.01385907],
       [-0.50000698],
       [-0.00631377],
       [-0.50013642],
       [-0.50014394],
       [-0.05086809],
       [-0.50013243],
       [-0.50002887],
       [-0.49999366],
       [ 0.00352721],
       [-0.50000153]])
array([[-17.6672373 ],
       [ -0.79070721],
       [  0.56375553],
       [-15.66519871],
       [ -0.62999692],
       [-17.44562249],
       [-16.1622326 ],
       [-17.62627924],
       [-17.66828857],
       [-17.46544183],
       [-17.6212179 ],
       [-15.64268597],
       [-15.56554045],
       [-15.57590479],
       [-17.76155371],
       [ -1.30784506],
       [-17.50252908],
       [ -1.25814363],
       [-17.43619029],
       [-14.80267384],
       [-17.54939014],
       [ -1.45707956],
       [-16.14517603],
       [-17.52936896],
       [-17.69426961],
       [-16.18931823],
       [-17.62696832],
       [-15.62938394],
       [-17.5826961 ],
       [ -1.01075058],
       [-17.46165376],
       [ -0.55319092],
       [-17.70499388],
       [-17.72657417],
       [ -1.59517201],
       [-17.70342863],
       [-17.89024144],
       [-17.52288675],
       [ -0.29324025],
       [-17.48604248]])
<<<<<<<<<<< STEP 8 >>>>>>>>>>>> + array([[-0.5001271 ],
       [-0.00890928],
       [ 0.00101197],
       [-0.50008312],
       [-0.00430634],
       [-0.49999789],
       [-0.50044095],
       [-0.5001127 ],
       [-0.50010753],
       [-0.49998812],
       [-0.500099  ],
       [-0.50011191],
       [-0.50000218],
       [-0.50007903],
       [-0.50011759],
       [-0.03339462],
       [-0.50000147],
       [-0.03121848],
       [-0.5000209 ],
       [-0.50045199],
       [-0.50000891],
       [-0.03639859],
       [-0.50041142],
       [-0.49999987],
       [-0.50010079],
       [-0.50042582],
       [-0.50010848],
       [-0.50003105],
       [-0.50001745],
       [-0.01415702],
       [-0.50000392],
       [-0.00629046],
       [-0.50010873],
       [-0.50011442],
       [-0.05188323],
       [-0.50010513],
       [-0.50002006],
       [-0.4999937 ],
       [ 0.00352926],
       [-0.49999986]])
array([[-18.16736441],
       [ -0.79961648],
       [  0.5647675 ],
       [-16.16528183],
       [ -0.63430327],
       [-17.94562038],
       [-16.66267356],
       [-18.12639194],
       [-18.1683961 ],
       [-17.96542995],
       [-18.1213169 ],
       [-16.14279788],
       [-16.06554263],
       [-16.07598382],
       [-18.2616713 ],
       [ -1.34123968],
       [-18.00253055],
       [ -1.28936212],
       [-17.93621119],
       [-15.30312582],
       [-18.04939905],
       [ -1.49347815],
       [-16.64558746],
       [-18.02936884],
       [-18.1943704 ],
       [-16.68974405],
       [-18.1270768 ],
       [-16.12941499],
       [-18.08271354],
       [ -1.02490761],
       [-17.96165768],
       [ -0.55948139],
       [-18.2051026 ],
       [-18.22668859],
       [ -1.64705524],
       [-18.20353376],
       [-18.39026151],
       [-18.02288045],
       [ -0.28971099],
       [-17.98604234]])
<<<<<<<<<<< STEP 9 >>>>>>>>>>>> + array([[-0.50010161],
       [-0.00914353],
       [ 0.00054654],
       [-0.500062  ],
       [-0.00425501],
       [-0.49999759],
       [-0.50034955],
       [-0.50008969],
       [-0.50008583],
       [-0.49998938],
       [-0.50007868],
       [-0.50008531],
       [-0.49999486],
       [-0.50005831],
       [-0.50009339],
       [-0.03452693],
       [-0.50000069],
       [-0.0322009 ],
       [-0.50001618],
       [-0.50036353],
       [-0.50000639],
       [-0.03771359],
       [-0.50032603],
       [-0.499999  ],
       [-0.50008057],
       [-0.50033778],
       [-0.50008663],
       [-0.50001834],
       [-0.50001272],
       [-0.01449387],
       [-0.50000211],
       [-0.00627527],
       [-0.50008697],
       [-0.50009129],
       [-0.05301658],
       [-0.50008379],
       [-0.50001398],
       [-0.49999434],
       [ 0.0035248 ],
       [-0.49999911]])
array([[-18.66746602],
       [ -0.80876002],
       [  0.56531404],
       [-16.66534383],
       [ -0.63855828],
       [-18.44561797],
       [-17.16302311],
       [-18.62648163],
       [-18.66848193],
       [-18.46541933],
       [-18.62139558],
       [-16.64288319],
       [-16.56553749],
       [-16.57604213],
       [-18.76176469],
       [ -1.37576661],
       [-18.50253124],
       [ -1.32156302],
       [-18.43622737],
       [-15.80348935],
       [-18.54940544],
       [ -1.53119174],
       [-17.14591349],
       [-18.52936784],
       [-18.69445097],
       [-17.19008183],
       [-18.62716343],
       [-16.62943333],
       [-18.58272627],
       [ -1.03940148],
       [-18.46165979],
       [ -0.56575665],
       [-18.70518958],
       [-18.72677987],
       [ -1.70007182],
       [-18.70361755],
       [-18.89027548],
       [-18.52287479],
       [ -0.28618619],
       [-18.48604145]])
<<<<<<<<<<< STEP 10 >>>>>>>>>>>> + array([[ -5.00081429e-01],
       [ -9.40049054e-03],
       [  8.47571076e-05],
       [ -5.00046124e-01],
       [ -4.21441481e-03],
       [ -4.99997680e-01],
       [ -5.00277212e-01],
       [ -5.00071571e-01],
       [ -5.00068715e-01],
       [ -4.99990795e-01],
       [ -5.00062726e-01],
       [ -5.00065012e-01],
       [ -4.99990439e-01],
       [ -5.00042825e-01],
       [ -5.00074387e-01],
       [ -3.57548973e-02],
       [ -5.00000351e-01],
       [ -3.32704753e-02],
       [ -5.00012698e-01],
       [ -5.00292486e-01],
       [ -5.00004720e-01],
       [ -3.91505944e-02],
       [ -5.00258494e-01],
       [ -4.99998681e-01],
       [ -5.00064632e-01],
       [ -5.00268058e-01],
       [ -5.00069379e-01],
       [ -5.00009547e-01],
       [ -5.00009395e-01],
       [ -1.48667125e-02],
       [ -5.00001050e-01],
       [ -6.26621495e-03],
       [ -5.00069777e-01],
       [ -5.00073041e-01],
       [ -5.42662528e-02],
       [ -5.00066990e-01],
       [ -5.00009738e-01],
       [ -4.99995200e-01],
       [  3.51522913e-03],
       [ -4.99998856e-01]])
array([[-19.16754745],
       [ -0.81816051],
       [  0.5653988 ],
       [-17.16538995],
       [ -0.64277269],
       [-18.94561565],
       [-17.66330032],
       [-19.1265532 ],
       [-19.16855064],
       [-18.96541012],
       [-19.12145831],
       [-17.1429482 ],
       [-17.06552793],
       [-17.07608495],
       [-19.26183908],
       [ -1.41152151],
       [-19.00253159],
       [ -1.35483349],
       [-18.93624007],
       [-16.30378184],
       [-19.04941016],
       [ -1.57034234],
       [-17.64617198],
       [-19.02936652],
       [-19.1945156 ],
       [-17.69034989],
       [-19.12723281],
       [-17.12944288],
       [-19.08273566],
       [ -1.05426819],
       [-18.96166084],
       [ -0.57202287],
       [-19.20525935],
       [-19.22685291],
       [ -1.75433807],
       [-19.20368454],
       [-19.39028522],
       [-19.02286999],
       [ -0.28267096],
       [-18.9860403 ]])
<<<<<<<<<<< STEP 11 >>>>>>>>>>>> + array([[ -5.00065377e-01],
       [ -9.67915680e-03],
       [ -3.77779518e-04],
       [ -5.00034211e-01],
       [ -4.18207722e-03],
       [ -4.99997940e-01],
       [ -5.00219938e-01],
       [ -5.00057235e-01],
       [ -5.00055138e-01],
       [ -4.99992189e-01],
       [ -5.00050134e-01],
       [ -5.00049543e-01],
       [ -4.99988037e-01],
       [ -5.00031287e-01],
       [ -5.00059386e-01],
       [ -3.70835899e-02],
       [ -5.00000237e-01],
       [ -3.44300321e-02],
       [ -5.00010071e-01],
       [ -5.00235408e-01],
       [ -5.00003584e-01],
       [ -4.07165056e-02],
       [ -5.00205051e-01],
       [ -4.99998655e-01],
       [ -5.00051986e-01],
       [ -5.00212816e-01],
       [ -5.00055683e-01],
       [ -5.00003586e-01],
       [ -5.00007020e-01],
       [ -1.52737069e-02],
       [ -5.00000441e-01],
       [ -6.26174885e-03],
       [ -5.00056107e-01],
       [ -5.00058574e-01],
       [ -5.56333314e-02],
       [ -5.00053693e-01],
       [ -5.00006773e-01],
       [ -4.99996071e-01],
       [  3.50163114e-03],
       [ -4.99998858e-01]])
array([[-19.66761282],
       [ -0.82783966],
       [  0.56502102],
       [-17.66542416],
       [ -0.64695477],
       [-19.44561359],
       [-18.16352026],
       [-19.62661044],
       [-19.66860578],
       [-19.46540231],
       [-19.62150844],
       [-17.64299774],
       [-17.56551596],
       [-17.57611624],
       [-19.76189846],
       [ -1.4486051 ],
       [-19.50253183],
       [ -1.38926353],
       [-19.43625014],
       [-16.80401725],
       [-19.54941375],
       [ -1.61105884],
       [-18.14637703],
       [-19.52936517],
       [-19.69456759],
       [-18.19056271],
       [-19.62728849],
       [-17.62944646],
       [-19.58274268],
       [ -1.0695419 ],
       [-19.46166128],
       [ -0.57828462],
       [-19.70531546],
       [-19.72691149],
       [ -1.8099714 ],
       [-19.70373823],
       [-19.890292  ],
       [-19.52286606],
       [ -0.27916933],
       [-19.48603916]])
<<<<<<<<<<< STEP 12 >>>>>>>>>>>> + array([[-0.50005257],
       [-0.00997908],
       [-0.0008447 ],
       [-0.50002529],
       [-0.00415607],
       [-0.49999826],
       [-0.50017457],
       [-0.50004585],
       [-0.50004432],
       [-0.49999346],
       [-0.50004015],
       [-0.50003776],
       [-0.49998701],
       [-0.50002272],
       [-0.5000475 ],
       [-0.03851985],
       [-0.50000022],
       [-0.03568409],
       [-0.50000805],
       [-0.50018954],
       [-0.50000279],
       [-0.04242073],
       [-0.50016274],
       [-0.49999877],
       [-0.5000419 ],
       [-0.50016903],
       [-0.50004477],
       [-0.49999966],
       [-0.5000053 ],
       [-0.01571392],
       [-0.5000001 ],
       [-0.00626063],
       [-0.5000452 ],
       [-0.50004706],
       [-0.05712168],
       [-0.50004312],
       [-0.50000469],
       [-0.49999686],
       [ 0.00348485],
       [-0.49999898]])
array([[-20.16766539],
       [ -0.83781874],
       [  0.56417632],
       [-18.16544946],
       [ -0.65111085],
       [-19.94561185],
       [-18.66369483],
       [-20.12665629],
       [-20.16865011],
       [-19.96539577],
       [-20.12154859],
       [-18.1430355 ],
       [-18.06550297],
       [-18.07613896],
       [-20.26194596],
       [ -1.48712495],
       [-20.00253205],
       [ -1.42494762],
       [-19.9362582 ],
       [-17.30420678],
       [-20.04941653],
       [ -1.65347958],
       [-18.64653977],
       [-20.02936394],
       [-20.19460949],
       [-18.69073174],
       [-20.12733326],
       [-18.12944613],
       [-20.08274798],
       [ -1.08525582],
       [-19.96166138],
       [ -0.58454524],
       [-20.20536066],
       [-20.22695855],
       [ -1.86709309],
       [-20.20378135],
       [-20.39029669],
       [-20.02286293],
       [ -0.27568448],
       [-19.98603814]])
<<<<<<<<<<< STEP 13 >>>>>>>>>>>> + array([[-0.50004232],
       [-0.01030027],
       [-0.00131904],
       [-0.50001863],
       [-0.0041349 ],
       [-0.49999857],
       [-0.50013863],
       [-0.50003678],
       [-0.50003568],
       [-0.49999459],
       [-0.50003221],
       [-0.50002879],
       [-0.49998689],
       [-0.50001638],
       [-0.50003805],
       [-0.04007231],
       [-0.50000025],
       [-0.03703883],
       [-0.50000648],
       [-0.50015266],
       [-0.50000221],
       [-0.0442753 ],
       [-0.50012923],
       [-0.49999893],
       [-0.50003383],
       [-0.50013431],
       [-0.50003604],
       [-0.49999719],
       [-0.50000403],
       [-0.01618717],
       [-0.49999992],
       [-0.00626186],
       [-0.50003646],
       [-0.50003786],
       [-0.05873789],
       [-0.50003469],
       [-0.50000323],
       [-0.49999754],
       [ 0.00346553],
       [-0.49999914]])
array([[-20.66770771],
       [ -0.84811901],
       [  0.56285728],
       [-18.66546809],
       [ -0.65524574],
       [-20.44561042],
       [-19.16383346],
       [-20.62669307],
       [-20.66868579],
       [-20.46539036],
       [-20.6215808 ],
       [-18.64306429],
       [-18.56548987],
       [-18.57615534],
       [-20.76198401],
       [ -1.52719726],
       [-20.5025323 ],
       [ -1.46198645],
       [-20.43626468],
       [-17.80435944],
       [-20.54941874],
       [ -1.69775488],
       [-19.146669  ],
       [-20.52936287],
       [-20.69464331],
       [-19.19086605],
       [-20.6273693 ],
       [-18.62944332],
       [-20.58275201],
       [ -1.10144298],
       [-20.4616613 ],
       [ -0.5908071 ],
       [-20.70539711],
       [-20.72699641],
       [ -1.92583097],
       [-20.70381604],
       [-20.89029991],
       [-20.52286047],
       [ -0.27221895],
       [-20.48603727]])
<<<<<<<<<<< STEP 14 >>>>>>>>>>>> + array([[-0.5000341 ],
       [-0.01064315],
       [-0.00180343],
       [-0.50001368],
       [-0.00411738],
       [-0.49999885],
       [-0.50011013],
       [-0.50002954],
       [-0.50002876],
       [-0.49999555],
       [-0.50002588],
       [-0.50002197],
       [-0.49998736],
       [-0.50001171],
       [-0.50003052],
       [-0.04175156],
       [-0.50000028],
       [-0.03850211],
       [-0.50000524],
       [-0.500123  ],
       [-0.50000178],
       [-0.04629506],
       [-0.50010267],
       [-0.49999911],
       [-0.50002734],
       [-0.50010678],
       [-0.50002905],
       [-0.49999574],
       [-0.50000309],
       [-0.01669392],
       [-0.49999983],
       [-0.00626463],
       [-0.50002944],
       [-0.5000305 ],
       [-0.06049127],
       [-0.50002794],
       [-0.50000219],
       [-0.4999981 ],
       [ 0.00344419],
       [-0.4999993 ]])
array([[-21.16774182],
       [ -0.85876216],
       [  0.56105385],
       [-19.16548177],
       [ -0.65936312],
       [-20.94560927],
       [-19.66394359],
       [-21.12672261],
       [-21.16871456],
       [-20.96538591],
       [-21.12160668],
       [-19.14308626],
       [-19.06547722],
       [-19.07616705],
       [-21.26201453],
       [ -1.56894882],
       [-21.00253258],
       [ -1.50048857],
       [-20.93626992],
       [-18.30448244],
       [-21.04942052],
       [ -1.74404994],
       [-19.64677167],
       [-21.02936199],
       [-21.19467065],
       [-19.69097283],
       [-21.12739836],
       [-19.12943906],
       [-21.0827551 ],
       [ -1.11813691],
       [-20.96166113],
       [ -0.59707173],
       [-21.20542656],
       [-21.2270269 ],
       [ -1.98632225],
       [-21.20384398],
       [-21.39030211],
       [-21.02285857],
       [ -0.26877476],
       [-20.98603657]])
<<<<<<<<<<< STEP 15 >>>>>>>>>>>> + array([[-0.50002751],
       [-0.0110085 ],
       [-0.00230013],
       [-0.50001   ],
       [-0.0041026 ],
       [-0.49999909],
       [-0.50008754],
       [-0.50002375],
       [-0.50002321],
       [-0.49999636],
       [-0.50002081],
       [-0.50001678],
       [-0.49998817],
       [-0.50000828],
       [-0.50002451],
       [-0.04357024],
       [-0.50000031],
       [-0.04008357],
       [-0.50000425],
       [-0.50009915],
       [-0.50000145],
       [-0.04849801],
       [-0.50008162],
       [-0.49999928],
       [-0.50002212],
       [-0.50008492],
       [-0.50002344],
       [-0.49999499],
       [-0.50000238],
       [-0.01723525],
       [-0.4999998 ],
       [-0.0062683 ],
       [-0.5000238 ],
       [-0.50002459],
       [-0.06239408],
       [-0.50002253],
       [-0.50000147],
       [-0.49999855],
       [ 0.00342121],
       [-0.49999945]])
array([[-21.66776932],
       [ -0.86977066],
       [  0.55875372],
       [-19.66549176],
       [ -0.66346573],
       [-21.44560836],
       [-20.16403113],
       [-21.62674636],
       [-21.66873777],
       [-21.46538226],
       [-21.62162749],
       [-19.64310304],
       [-19.56546539],
       [-19.57617533],
       [-21.76203904],
       [ -1.61251906],
       [-21.50253289],
       [ -1.54057213],
       [-21.43627417],
       [-18.80458159],
       [-21.54942197],
       [ -1.79254796],
       [-20.14685329],
       [-21.52936127],
       [-21.69469278],
       [-20.19105775],
       [-21.6274218 ],
       [-19.62943405],
       [-21.58275748],
       [ -1.13537216],
       [-21.46166093],
       [ -0.60334003],
       [-21.70545036],
       [-21.72705149],
       [ -2.04871633],
       [-21.7038665 ],
       [-21.89030358],
       [-21.52285712],
       [ -0.26535355],
       [-21.48603602]])
<<<<<<<<<<< STEP 16 >>>>>>>>>>>> + array([[-0.5000222 ],
       [-0.01139745],
       [-0.00281115],
       [-0.50000727],
       [-0.00408986],
       [-0.49999929],
       [-0.50006962],
       [-0.50001911],
       [-0.50001874],
       [-0.49999703],
       [-0.50001676],
       [-0.50001284],
       [-0.49998916],
       [-0.50000579],
       [-0.5000197 ],
       [-0.04554343],
       [-0.50000032],
       [-0.04179479],
       [-0.50000346],
       [-0.50007995],
       [-0.50000119],
       [-0.05090579],
       [-0.50006492],
       [-0.49999943],
       [-0.50001791],
       [-0.50006758],
       [-0.50001893],
       [-0.49999472],
       [-0.50000185],
       [-0.01781276],
       [-0.49999979],
       [-0.0062723 ],
       [-0.50001926],
       [-0.50001984],
       [-0.06446179],
       [-0.50001818],
       [-0.50000096],
       [-0.49999891],
       [ 0.0033969 ],
       [-0.49999957]])
array([[-22.16779153],
       [ -0.88116811],
       [  0.55594257],
       [-20.16549904],
       [ -0.66755559],
       [-21.94560765],
       [-20.66410075],
       [-22.12676548],
       [-22.16875651],
       [-21.96537929],
       [-22.12164425],
       [-20.14311587],
       [-20.06545455],
       [-20.07618112],
       [-22.26205874],
       [ -1.65806248],
       [-22.00253321],
       [ -1.58236692],
       [-21.93627763],
       [-19.30466154],
       [-22.04942316],
       [ -1.84345375],
       [-20.64691821],
       [-22.02936069],
       [-22.19471069],
       [-20.69112533],
       [-22.12744073],
       [-20.12942877],
       [-22.08275933],
       [ -1.15318491],
       [-21.96166072],
       [ -0.60961234],
       [-22.20546961],
       [-22.22707133],
       [ -2.11317812],
       [-22.20388469],
       [-22.39030454],
       [-22.02285603],
       [ -0.26195665],
       [-21.98603559]])
<<<<<<<<<<< STEP 17 >>>>>>>>>>>> + array([[-0.50001793],
       [-0.01181147],
       [-0.00333833],
       [-0.50000527],
       [-0.00407862],
       [-0.49999945],
       [-0.50005539],
       [-0.50001539],
       [-0.50001515],
       [-0.49999759],
       [-0.50001351],
       [-0.50000984],
       [-0.49999024],
       [-0.50000398],
       [-0.50001585],
       [-0.04768888],
       [-0.50000032],
       [-0.04364954],
       [-0.50000282],
       [-0.5000645 ],
       [-0.50000098],
       [-0.05354427],
       [-0.50005167],
       [-0.49999955],
       [-0.50001452],
       [-0.5000538 ],
       [-0.5000153 ],
       [-0.49999476],
       [-0.50000144],
       [-0.01842857],
       [-0.4999998 ],
       [-0.00627618],
       [-0.50001559],
       [-0.50001603],
       [-0.0667135 ],
       [-0.50001469],
       [-0.50000061],
       [-0.49999918],
       [ 0.0033715 ],
       [-0.49999968]])
array([[-22.66780946],
       [ -0.89297958],
       [  0.55260424],
       [-20.6655043 ],
       [ -0.67163421],
       [-22.44560711],
       [-21.16415614],
       [-22.62678087],
       [-22.66877166],
       [-22.46537688],
       [-22.62165775],
       [-20.64312571],
       [-20.56544479],
       [-20.5761851 ],
       [-22.76207458],
       [ -1.70575137],
       [-22.50253353],
       [ -1.62601646],
       [-22.43628045],
       [-19.80472604],
       [-22.54942415],
       [ -1.89699802],
       [-21.14696989],
       [-22.52936024],
       [-22.69472521],
       [-21.19117913],
       [-22.62745603],
       [-20.62942353],
       [-22.58276076],
       [ -1.17161348],
       [-22.46166053],
       [ -0.61588851],
       [-22.7054852 ],
       [-22.72708736],
       [ -2.17989162],
       [-22.70389938],
       [-22.89030515],
       [-22.52285521],
       [ -0.25858515],
       [-22.48603527]])
<<<<<<<<<<< STEP 18 >>>>>>>>>>>> + array([[-0.50001449],
       [-0.01225236],
       [-0.00388332],
       [-0.5000038 ],
       [-0.00406845],
       [-0.49999958],
       [-0.5000441 ],
       [-0.5000124 ],
       [-0.50001225],
       [-0.49999804],
       [-0.5000109 ],
       [-0.50000757],
       [-0.49999131],
       [-0.50000268],
       [-0.50001276],
       [-0.0500276 ],
       [-0.50000031],
       [-0.04566409],
       [-0.5000023 ],
       [-0.50005206],
       [-0.50000081],
       [-0.05644439],
       [-0.50004115],
       [-0.49999965],
       [-0.50001177],
       [-0.50004286],
       [-0.50001237],
       [-0.49999499],
       [-0.50000112],
       [-0.01908535],
       [-0.49999982],
       [-0.00627951],
       [-0.50001263],
       [-0.50001295],
       [-0.06917261],
       [-0.50001188],
       [-0.50000037],
       [-0.49999939],
       [ 0.0033452 ],
       [-0.49999976]])
array([[-23.16782395],
       [ -0.90523193],
       [  0.54872093],
       [-21.1655081 ],
       [ -0.67570266],
       [-22.94560669],
       [-21.66420023],
       [-23.12679327],
       [-23.16878391],
       [-22.96537492],
       [-23.12166865],
       [-21.14313328],
       [-21.0654361 ],
       [-21.07618779],
       [-23.26208734],
       [ -1.75577896],
       [-23.00253384],
       [ -1.67168055],
       [-22.93628276],
       [-20.3047781 ],
       [-23.04942496],
       [ -1.9534424 ],
       [-21.64701104],
       [-23.02935989],
       [-23.19473698],
       [-21.69122199],
       [-23.1274684 ],
       [-21.12941852],
       [-23.08276188],
       [ -1.19069883],
       [-22.96166035],
       [ -0.62216802],
       [-23.20549784],
       [-23.22710031],
       [ -2.24906423],
       [-23.20391125],
       [-23.39030552],
       [-23.0228546 ],
       [ -0.25523995],
       [-22.98603503]])
<<<<<<<<<<< STEP 19 >>>>>>>>>>>> + array([[-0.50001172],
       [-0.01272228],
       [-0.00444764],
       [-0.50000272],
       [-0.00405906],
       [-0.49999968],
       [-0.50003513],
       [-0.50001   ],
       [-0.50000992],
       [-0.49999842],
       [-0.5000088 ],
       [-0.50000584],
       [-0.49999234],
       [-0.50000176],
       [-0.50001028],
       [-0.05258434],
       [-0.5000003 ],
       [-0.04785764],
       [-0.50000188],
       [-0.50004205],
       [-0.50000068],
       [-0.05964321],
       [-0.5000328 ],
       [-0.49999973],
       [-0.50000955],
       [-0.50003416],
       [-0.50001001],
       [-0.49999534],
       [-0.50000088],
       [-0.0197863 ],
       [-0.49999984],
       [-0.00628192],
       [-0.50001024],
       [-0.50001047],
       [-0.07186761],
       [-0.50000961],
       [-0.50000021],
       [-0.49999955],
       [ 0.00331815],
       [-0.49999983]])
array([[-23.66783567],
       [ -0.91795421],
       [  0.54427329],
       [-21.66551082],
       [ -0.67976172],
       [-23.44560637],
       [-22.16423536],
       [-23.62680328],
       [-23.66879383],
       [-23.46537333],
       [-23.62167744],
       [-21.64313911],
       [-21.56542844],
       [-21.57618955],
       [-23.76209762],
       [ -1.8083633 ],
       [-23.50253414],
       [ -1.71953819],
       [-23.43628464],
       [-20.80482015],
       [-23.54942564],
       [ -2.01308561],
       [-22.14704383],
       [-23.52935962],
       [-23.69474653],
       [-22.19125615],
       [-23.62747841],
       [-21.62941387],
       [-23.58276276],
       [ -1.21048513],
       [-23.46166019],
       [ -0.62844994],
       [-23.70550808],
       [-23.72711079],
       [ -2.32093183],
       [-23.70392086],
       [-23.89030573],
       [-23.52285416],
       [ -0.2519218 ],
       [-23.48603486]])
<<<<<<<<<<< STEP 20 >>>>>>>>>>>> + array([[-0.50000948],
       [-0.0132238 ],
       [-0.00503268],
       [-0.50000194],
       [-0.00405025],
       [-0.49999976],
       [-0.500028  ],
       [-0.50000807],
       [-0.50000804],
       [-0.49999872],
       [-0.50000711],
       [-0.50000453],
       [-0.49999331],
       [-0.50000111],
       [-0.50000829],
       [-0.05538845],
       [-0.50000028],
       [-0.05025283],
       [-0.50000154],
       [-0.50003398],
       [-0.50000056],
       [-0.06318533],
       [-0.50002616],
       [-0.4999998 ],
       [-0.50000775],
       [-0.50002725],
       [-0.50000811],
       [-0.49999575],
       [-0.50000069],
       [-0.0205352 ],
       [-0.49999986],
       [-0.00628306],
       [-0.50000831],
       [-0.50000848],
       [-0.07483318],
       [-0.50000778],
       [-0.5000001 ],
       [-0.49999968],
       [ 0.00329047],
       [-0.49999988]])
array([[-24.16784515],
       [ -0.93117802],
       [  0.53924061],
       [-22.16551276],
       [ -0.68381197],
       [-23.94560613],
       [-22.66426337],
       [-24.12681135],
       [-24.16880187],
       [-23.96537205],
       [-24.12168455],
       [-22.14314364],
       [-22.06542175],
       [-22.07619066],
       [-24.26210591],
       [ -1.86375175],
       [-24.00253442],
       [ -1.76979102],
       [-23.93628617],
       [-21.30485412],
       [-24.0494262 ],
       [ -2.07627094],
       [-22.64706999],
       [-24.02935942],
       [-24.19475428],
       [-22.6912834 ],
       [-24.12748652],
       [-22.12940962],
       [-24.08276345],
       [ -1.23102033],
       [-23.96166005],
       [ -0.634733  ],
       [-24.20551638],
       [-24.22711926],
       [ -2.39576501],
       [-24.20392864],
       [-24.39030583],
       [-24.02285383],
       [ -0.24863132],
       [-23.98603474]])
<<<<<<<<<<< STEP 21 >>>>>>>>>>>> + array([[-0.50000768],
       [-0.01375991],
       [-0.00563969],
       [-0.50000138],
       [-0.00404188],
       [-0.49999982],
       [-0.50002234],
       [-0.50000652],
       [-0.50000651],
       [-0.49999897],
       [-0.50000575],
       [-0.50000353],
       [-0.49999419],
       [-0.50000066],
       [-0.50000669],
       [-0.05847482],
       [-0.50000026],
       [-0.05287646],
       [-0.50000126],
       [-0.50002747],
       [-0.50000047],
       [-0.06712463],
       [-0.50002088],
       [-0.49999985],
       [-0.5000063 ],
       [-0.50002174],
       [-0.50000657],
       [-0.49999618],
       [-0.50000054],
       [-0.02133651],
       [-0.49999988],
       [-0.00628259],
       [-0.50000674],
       [-0.50000687],
       [-0.07811163],
       [-0.50000631],
       [-0.50000003],
       [-0.49999977],
       [ 0.00326227],
       [-0.49999992]])
array([[-24.66785283],
       [ -0.94493793],
       [  0.53360092],
       [-22.66551414],
       [ -0.68785385],
       [-24.44560596],
       [-23.1642857 ],
       [-24.62681787],
       [-24.66880838],
       [-24.46537102],
       [-24.6216903 ],
       [-22.64314717],
       [-22.56541594],
       [-22.57619132],
       [-24.7621126 ],
       [ -1.92222657],
       [-24.50253467],
       [ -1.82266748],
       [-24.43628743],
       [-21.80488159],
       [-24.54942667],
       [ -2.14339558],
       [-23.14709086],
       [-24.52935927],
       [-24.69476058],
       [-23.19130514],
       [-24.62749309],
       [-22.6294058 ],
       [-24.58276399],
       [ -1.25235685],
       [-24.46165992],
       [ -0.64101558],
       [-24.70552313],
       [-24.72712613],
       [ -2.47387665],
       [-24.70393495],
       [-24.89030586],
       [-24.5228536 ],
       [ -0.24536905],
       [-24.48603466]])
<<<<<<<<<<< STEP 22 >>>>>>>>>>>> + array([[-0.50000622],
       [-0.01433411],
       [-0.00626973],
       [-0.50000097],
       [-0.00403389],
       [-0.49999987],
       [-0.50001783],
       [-0.50000527],
       [-0.50000528],
       [-0.49999917],
       [-0.50000466],
       [-0.50000278],
       [-0.49999498],
       [-0.50000036],
       [-0.5000054 ],
       [-0.0618851 ],
       [-0.50000023],
       [-0.05576037],
       [-0.50000103],
       [-0.50002223],
       [-0.50000039],
       [-0.07152669],
       [-0.50001667],
       [-0.49999989],
       [-0.50000512],
       [-0.50001737],
       [-0.50000533],
       [-0.4999966 ],
       [-0.50000043],
       [-0.02219539],
       [-0.4999999 ],
       [-0.00628015],
       [-0.50000548],
       [-0.50000556],
       [-0.08175481],
       [-0.50000511],
       [-0.49999998],
       [-0.49999983],
       [ 0.00323365],
       [-0.49999995]])
array([[-25.16785905],
       [ -0.95927204],
       [  0.52733119],
       [-23.16551511],
       [ -0.69188774],
       [-24.94560583],
       [-23.66430353],
       [-25.12682314],
       [-25.16881367],
       [-24.96537018],
       [-25.12169496],
       [-23.14314995],
       [-23.06541092],
       [-23.07619167],
       [-25.262118  ],
       [ -1.98411167],
       [-25.0025349 ],
       [ -1.87842785],
       [-24.93628846],
       [-22.30490382],
       [-25.04942706],
       [ -2.21492227],
       [-23.64710754],
       [-25.02935916],
       [-25.19476569],
       [-23.69132251],
       [-25.12749842],
       [-23.1294024 ],
       [-25.08276441],
       [ -1.27455224],
       [-24.96165982],
       [ -0.64729574],
       [-25.20552861],
       [-25.22713169],
       [ -2.55563145],
       [-25.20394006],
       [-25.39030584],
       [-25.02285343],
       [ -0.2421354 ],
       [-24.9860346 ]])
<<<<<<<<<<< STEP 23 >>>>>>>>>>>> + array([[-0.50000504],
       [-0.01495047],
       [-0.00692361],
       [-0.50000069],
       [-0.00402632],
       [-0.4999999 ],
       [-0.50001424],
       [-0.50000426],
       [-0.50000429],
       [-0.49999933],
       [-0.50000377],
       [-0.5000022 ],
       [-0.49999568],
       [-0.50000015],
       [-0.50000437],
       [-0.06566938],
       [-0.50000021],
       [-0.05894254],
       [-0.50000084],
       [-0.500018  ],
       [-0.50000033],
       [-0.07647184],
       [-0.50001333],
       [-0.49999992],
       [-0.50000416],
       [-0.50001388],
       [-0.50000433],
       [-0.49999701],
       [-0.50000034],
       [-0.02311787],
       [-0.49999991],
       [-0.00627538],
       [-0.50000445],
       [-0.50000451],
       [-0.08582652],
       [-0.50000415],
       [-0.49999996],
       [-0.49999988],
       [ 0.00320469],
       [-0.49999997]])
array([[-25.6678641 ],
       [ -0.97422251],
       [  0.52040757],
       [-23.6655158 ],
       [ -0.69591406],
       [-25.44560573],
       [-24.16431777],
       [-25.62682741],
       [-25.66881796],
       [-25.46536951],
       [-25.62169873],
       [-23.64315215],
       [-23.5654066 ],
       [-23.57619183],
       [-25.76212237],
       [ -2.04978105],
       [-25.50253511],
       [ -1.93737039],
       [-25.4362893 ],
       [-22.80492182],
       [-25.54942739],
       [ -2.29139411],
       [-24.14712087],
       [-25.52935908],
       [-25.69476986],
       [-24.19133639],
       [-25.62750275],
       [-23.62939941],
       [-25.58276475],
       [ -1.29767011],
       [-25.46165973],
       [ -0.65357111],
       [-25.70553306],
       [-25.72713621],
       [ -2.64145797],
       [-25.70394422],
       [-25.8903058 ],
       [-25.52285332],
       [ -0.23893072],
       [-25.48603457]])
<<<<<<<<<<< STEP 24 >>>>>>>>>>>> + array([[-0.50000409],
       [-0.01561378],
       [-0.00760181],
       [-0.50000049],
       [-0.00401927],
       [-0.49999993],
       [-0.50001139],
       [-0.50000345],
       [-0.50000349],
       [-0.49999946],
       [-0.50000306],
       [-0.50000176],
       [-0.4999963 ],
       [-0.50000002],
       [-0.50000354],
       [-0.06988821],
       [-0.50000019],
       [-0.0624686 ],
       [-0.50000069],
       [-0.50001458],
       [-0.50000027],
       [-0.08205927],
       [-0.50001067],
       [-0.49999994],
       [-0.50000339],
       [-0.5000111 ],
       [-0.50000351],
       [-0.49999738],
       [-0.50000027],
       [-0.02411094],
       [-0.49999992],
       [-0.00626786],
       [-0.50000362],
       [-0.50000366],
       [-0.09040588],
       [-0.50000337],
       [-0.49999995],
       [-0.49999992],
       [ 0.00317549],
       [-0.49999998]])
array([[-26.16786819],
       [ -0.98983629],
       [  0.51280576],
       [-24.16551629],
       [ -0.69993333],
       [-25.94560566],
       [-24.66432916],
       [-26.12683086],
       [-26.16882144],
       [-25.96536897],
       [-26.1217018 ],
       [-24.14315392],
       [-24.0654029 ],
       [-24.07619185],
       [-26.26212591],
       [ -2.11966926],
       [-26.0025353 ],
       [ -1.99983899],
       [-25.93628999],
       [-23.3049364 ],
       [-26.04942766],
       [ -2.37345338],
       [-24.64713153],
       [-26.02935902],
       [-26.19477324],
       [-24.69134749],
       [-26.12750626],
       [-24.12939679],
       [-26.08276502],
       [ -1.32178104],
       [-25.96165965],
       [ -0.65983897],
       [-26.20553669],
       [-26.22713987],
       [ -2.73186385],
       [-26.20394759],
       [-26.39030575],
       [-26.02285324],
       [ -0.23575523],
       [-25.98603455]])
<<<<<<<<<<< STEP 25 >>>>>>>>>>>> + array([[-0.50000332],
       [-0.01632963],
       [-0.00830432],
       [-0.50000035],
       [-0.00401294],
       [-0.49999995],
       [-0.50000911],
       [-0.5000028 ],
       [-0.50000284],
       [-0.49999957],
       [-0.50000249],
       [-0.50000143],
       [-0.49999684],
       [-0.49999995],
       [-0.50000286],
       [-0.07461536],
       [-0.50000016],
       [-0.06639365],
       [-0.50000056],
       [-0.50001183],
       [-0.50000023],
       [-0.08841254],
       [-0.50000854],
       [-0.49999996],
       [-0.50000276],
       [-0.50000889],
       [-0.50000286],
       [-0.49999772],
       [-0.50000021],
       [-0.02518278],
       [-0.49999994],
       [-0.00625714],
       [-0.50000295],
       [-0.50000298],
       [-0.09559158],
       [-0.50000274],
       [-0.49999994],
       [-0.49999995],
       [ 0.00314616],
       [-0.49999999]])
array([[-26.66787152],
       [ -1.00616592],
       [  0.50450144],
       [-24.66551664],
       [ -0.70394626],
       [-26.44560561],
       [-25.16433827],
       [-26.62683366],
       [-26.66882428],
       [-26.46536854],
       [-26.62170428],
       [-24.64315535],
       [-24.56539973],
       [-24.5761918 ],
       [-26.76212877],
       [ -2.19428463],
       [-26.50253546],
       [ -2.06623265],
       [-26.43629055],
       [-23.80494823],
       [-26.54942788],
       [ -2.46186592],
       [-25.14714008],
       [-26.52935899],
       [-26.694776  ],
       [-25.19135638],
       [-26.62750912],
       [-24.62939451],
       [-26.58276523],
       [ -1.34696382],
       [-26.46165959],
       [ -0.66609611],
       [-26.70553964],
       [-26.72714284],
       [ -2.82745543],
       [-26.70395033],
       [-26.89030569],
       [-26.52285318],
       [ -0.23260907],
       [-26.48603455]])
<<<<<<<<<<< STEP 26 >>>>>>>>>>>> + array([[-0.5000027 ],
       [-0.01710464],
       [-0.00903039],
       [-0.50000025],
       [-0.00400764],
       [-0.49999997],
       [-0.5000073 ],
       [-0.50000227],
       [-0.50000231],
       [-0.49999965],
       [-0.50000202],
       [-0.50000118],
       [-0.4999973 ],
       [-0.4999999 ],
       [-0.50000232],
       [-0.07994134],
       [-0.50000014],
       [-0.07078478],
       [-0.50000046],
       [-0.5000096 ],
       [-0.50000019],
       [-0.09568695],
       [-0.50000685],
       [-0.49999998],
       [-0.50000225],
       [-0.50000712],
       [-0.50000233],
       [-0.49999802],
       [-0.50000017],
       [-0.02634298],
       [-0.49999994],
       [-0.0062427 ],
       [-0.50000241],
       [-0.50000242],
       [-0.10150774],
       [-0.50000223],
       [-0.49999994],
       [-0.49999997],
       [ 0.00311683],
       [-0.5       ]])
array([[-27.16787422],
       [ -1.02327056],
       [  0.49547105],
       [-25.16551689],
       [ -0.70795391],
       [-26.94560558],
       [-25.66434557],
       [-27.12683593],
       [-27.16882659],
       [-26.96536819],
       [-27.12170631],
       [-25.14315652],
       [-25.06539704],
       [-25.0761917 ],
       [-27.26213109],
       [ -2.27422597],
       [-27.00253561],
       [ -2.13701742],
       [-26.93629101],
       [-24.30495783],
       [-27.04942807],
       [ -2.55755287],
       [-25.64714693],
       [-27.02935896],
       [-27.19477825],
       [-25.69136351],
       [-27.12751144],
       [-25.12939253],
       [-27.08276539],
       [ -1.3733068 ],
       [-26.96165953],
       [ -0.67233881],
       [-27.20554205],
       [-27.22714526],
       [ -2.92896317],
       [-27.20395257],
       [-27.39030563],
       [-27.02285315],
       [ -0.22949224],
       [-26.98603455]])
<<<<<<<<<<< STEP 27 >>>>>>>>>>>> + array([[-0.5000022 ],
       [-0.01794664],
       [-0.00977828],
       [-0.50000019],
       [-0.00400385],
       [-0.49999998],
       [-0.50000585],
       [-0.50000184],
       [-0.50000188],
       [-0.49999972],
       [-0.50000165],
       [-0.50000098],
       [-0.49999771],
       [-0.49999988],
       [-0.50000188],
       [-0.08597815],
       [-0.50000013],
       [-0.07572423],
       [-0.50000038],
       [-0.50000781],
       [-0.50000016],
       [-0.10407948],
       [-0.5000055 ],
       [-0.49999999],
       [-0.50000183],
       [-0.50000572],
       [-0.50000189],
       [-0.4999983 ],
       [-0.50000013],
       [-0.0276028 ],
       [-0.49999995],
       [-0.00622392],
       [-0.50000196],
       [-0.50000197],
       [-0.10831151],
       [-0.50000182],
       [-0.49999995],
       [-0.49999998],
       [ 0.00308764],
       [-0.50000001]])
array([[-27.66787642],
       [ -1.0412172 ],
       [  0.48569277],
       [-25.66551708],
       [ -0.71195776],
       [-27.44560556],
       [-26.16435143],
       [-27.62683777],
       [-27.66882848],
       [-27.46536791],
       [-27.62170795],
       [-25.64315751],
       [-25.56539474],
       [-25.57619158],
       [-27.76213298],
       [ -2.36020412],
       [-27.50253574],
       [ -2.21274165],
       [-27.43629139],
       [-24.80496564],
       [-27.54942823],
       [ -2.66163235],
       [-26.14715243],
       [-27.52935895],
       [-27.69478008],
       [-26.19136922],
       [-27.62751334],
       [-25.62939083],
       [-27.58276553],
       [ -1.4009096 ],
       [-27.46165949],
       [ -0.67856273],
       [-27.70554401],
       [-27.72714723],
       [ -3.03727468],
       [-27.70395439],
       [-27.89030558],
       [-27.52285313],
       [ -0.2264046 ],
       [-27.48603456]])
<<<<<<<<<<< STEP 28 >>>>>>>>>>>> + array([[-0.50000179],
       [-0.018865  ],
       [-0.01054473],
       [-0.50000015],
       [-0.0040022 ],
       [-0.49999999],
       [-0.5000047 ],
       [-0.5000015 ],
       [-0.50000154],
       [-0.49999978],
       [-0.50000135],
       [-0.50000083],
       [-0.49999805],
       [-0.49999988],
       [-0.50000153],
       [-0.09286552],
       [-0.50000011],
       [-0.08131376],
       [-0.50000031],
       [-0.50000635],
       [-0.50000013],
       [-0.11384247],
       [-0.50000442],
       [-0.49999999],
       [-0.5000015 ],
       [-0.50000459],
       [-0.50000155],
       [-0.49999853],
       [-0.50000011],
       [-0.02897559],
       [-0.49999996],
       [-0.00620007],
       [-0.5000016 ],
       [-0.50000161],
       [-0.11620345],
       [-0.50000149],
       [-0.49999995],
       [-0.49999999],
       [ 0.00305881],
       [-0.50000001]])
array([[-28.16787821],
       [ -1.0600822 ],
       [  0.47514804],
       [-26.16551723],
       [ -0.71595995],
       [-27.94560555],
       [-26.66435613],
       [-28.12683927],
       [-28.16883001],
       [-27.96536769],
       [-28.1217093 ],
       [-26.14315834],
       [-26.06539279],
       [-26.07619146],
       [-28.26213451],
       [ -2.45306964],
       [-28.00253585],
       [ -2.29405541],
       [-27.9362917 ],
       [-25.30497199],
       [-28.04942835],
       [ -2.77547482],
       [-26.64715685],
       [-28.02935894],
       [-28.19478157],
       [-26.69137381],
       [-28.12751488],
       [-26.12938936],
       [-28.08276563],
       [ -1.42988519],
       [-27.96165945],
       [ -0.6847628 ],
       [-28.20554561],
       [-28.22714884],
       [ -3.15347813],
       [-28.20395588],
       [-28.39030553],
       [-28.02285312],
       [ -0.22334579],
       [-27.98603457]])
<<<<<<<<<<< STEP 29 >>>>>>>>>>>> + array([[-0.50000146],
       [-0.01987095],
       [-0.01132437],
       [-0.50000012],
       [-0.00400359],
       [-0.49999999],
       [-0.50000378],
       [-0.50000122],
       [-0.50000126],
       [-0.49999982],
       [-0.5000011 ],
       [-0.50000072],
       [-0.49999835],
       [-0.49999989],
       [-0.50000125],
       [-0.10077932],
       [-0.5000001 ],
       [-0.08768029],
       [-0.50000025],
       [-0.50000518],
       [-0.50000011],
       [-0.125302  ],
       [-0.50000356],
       [-0.5       ],
       [-0.50000122],
       [-0.50000369],
       [-0.50000126],
       [-0.49999874],
       [-0.50000008],
       [-0.03047723],
       [-0.49999997],
       [-0.00617024],
       [-0.50000131],
       [-0.50000131],
       [-0.125441  ],
       [-0.50000122],
       [-0.49999996],
       [-0.49999999],
       [ 0.0030306 ],
       [-0.50000001]])
array([[-28.66787967],
       [ -1.07995315],
       [  0.46382367],
       [-26.66551736],
       [ -0.71996354],
       [-28.44560554],
       [-27.16435991],
       [-28.62684049],
       [-28.66883127],
       [-28.46536751],
       [-28.6217104 ],
       [-26.64315906],
       [-26.56539114],
       [-26.57619135],
       [-28.76213576],
       [ -2.55384896],
       [-28.50253594],
       [ -2.3817357 ],
       [-28.43629195],
       [-25.80497717],
       [-28.54942846],
       [ -2.90077682],
       [-27.14716041],
       [-28.52935895],
       [-28.6947828 ],
       [-27.19137751],
       [-28.62751614],
       [-26.6293881 ],
       [-28.58276572],
       [ -1.46036242],
       [-28.46165941],
       [ -0.69093304],
       [-28.70554693],
       [-28.72715015],
       [ -3.27891913],
       [-28.7039571 ],
       [-28.89030549],
       [-28.52285311],
       [ -0.22031519],
       [-28.48603459]])
